run 1 / 5
Best validation overall accuracy 0.9698660714285714
Confusion matrix :
[[1806    0    0    0    0    0    2    0    0    0    0    0    0    0
     0    0]
 [   0 3352    0    0    0    0    1    0    0    0    0    0    0    1
     0    0]
 [   0    0 1757    0    2    0    0    7    4    2    5    2    0    0
     0    0]
 [   0    0    0 1244   11    0    0    0    0    0    0    0    0    0
     0    0]
 [   0    0    5   15 2384    3    0    2    0    0    0    0    0    0
     1    0]
 [   0    0    0    0    1 3549    0    5    2    3    0    0    0    3
     0    0]
 [   1    0    0    1    1    0 3206    2    0    3    0    1    0    2
     4    0]
 [   0    0    4    0    0   15    8 9470    2  102    1    9    7    2
   523    1]
 [   0    0    3    0    0    5    0    7 5557    0    8    2    1    0
     0    0]
 [   0    1    4    1    2    0    0   15    3 2865   31   13   10    5
     0    0]
 [   0    0    4    0    1    0    0    0    0   12  934   10    0    0
     0    0]
 [   0    0    0    0    0    0    0    0    0    1    1 1732    0    0
     0    0]
 [   0    0    0    0    0    0    0    0    0    0    0    0  807   18
     0    0]
 [   0    0    0    0    0    0    0    0    0   27    1    7   17  910
     1    0]
 [   0    0    9    0    2    2    0  529    5   10    0    1    0    0
  5983    0]
 [   0    1    3   13    5    0    0    0    0    7    0    0    0    3
     2 1592]]---
Accuracy : 96.78%
---
class acc :
	Brocoli_green_weeds_1: 99.89
	Brocoli_green_weeds_2: 99.94
	Fallow: 98.76
	Fallow_rough_plow: 99.12
	Fallow_smooth: 98.92
	Stubble: 99.61
	Celery: 99.53
	Grapes_untrained: 93.36
	Soil_vinyard_develop: 99.53
	Corn_senesced_green_weeds: 97.12
	Lettuce_romaine_4wk: 97.19
	Lettuce_romaine_5wk: 99.88
	Lettuce_romaine_6wk: 97.82
	Lettuce_romaine_7wk: 94.50
	Vinyard_untrained: 91.47
	Vinyard_vertical_trellis: 97.91
---
AA: 97.78%
Kappa: 96.42
run 2 / 5
Best validation overall accuracy 0.9680059523809523
Confusion matrix :
[[1804    4    0    0    0    0    0    0    0    0    0    0    0    0
     0    0]
 [   0 3352    0    0    0    0    0    0    0    0    0    0    1    1
     0    0]
 [   0    0 1738    1    9    0    0    0    0   29    2    0    0    0
     0    0]
 [   0    0    0 1251    4    0    0    0    0    0    0    0    0    0
     0    0]
 [   0    0    4   28 2372    1    0    2    1    0    0    0    0    0
     2    0]
 [   0    0    0    0    1 3560    0    0    0    2    0    0    0    0
     0    0]
 [   0    0    0    0    1    0 3203    2    1    1    0    0    0    0
     4    9]
 [   0    1    0    0    0    7    1 9543   10   58    4    7   11    1
   501    0]
 [   0    0    0    0    1    0    0    6 5565    0    9    0    0    0
     2    0]
 [   0    6   46    2    3    1    0   24   13 2753   61   30    2    7
     2    0]
 [   0    0   17    0    3    0    0    2    0   32  892   15    0    0
     0    0]
 [   0    0    1    0    0    0    0    0    0    1    0 1732    0    0
     0    0]
 [   0    0    0    0    0    0    0    0    0    0    0    0  808   17
     0    0]
 [   0    0    0    0    0    0    0    0    0   28    0    0   15  920
     0    0]
 [   0    1   12    0    3    0    1  677    0    8    0    0    0    0
  5839    0]
 [   0    0    0    4    2    0    1    2    0    3    0    0    0    0
     8 1606]]---
Accuracy : 96.35%
---
class acc :
	Brocoli_green_weeds_1: 99.78
	Brocoli_green_weeds_2: 99.94
	Fallow: 97.70
	Fallow_rough_plow: 99.68
	Fallow_smooth: 98.42
	Stubble: 99.92
	Celery: 99.44
	Grapes_untrained: 94.08
	Soil_vinyard_develop: 99.68
	Corn_senesced_green_weeds: 93.32
	Lettuce_romaine_4wk: 92.82
	Lettuce_romaine_5wk: 99.88
	Lettuce_romaine_6wk: 97.94
	Lettuce_romaine_7wk: 95.53
	Vinyard_untrained: 89.27
	Vinyard_vertical_trellis: 98.77
---
AA: 97.26%
Kappa: 95.93
run 3 / 5
Best validation overall accuracy 0.9691220238095238
Confusion matrix :
[[1808    0    0    0    0    0    0    0    0    0    0    0    0    0
     0    0]
 [   3 3344    0    0    0    0    0    0    0    0    0    0    0    7
     0    0]
 [   0    0 1772    2    2    0    0    0    0    0    3    0    0    0
     0    0]
 [   0    0    0 1235   20    0    0    0    0    0    0    0    0    0
     0    0]
 [   0    0    5   15 2377    1    0    1    1    7    3    0    0    0
     0    0]
 [   0    2    0    0    1 3555    0    3    0    1    0    0    0    1
     0    0]
 [   0    0    0    5    1    0 3204    8    0    0    0    0    1    1
     1    0]
 [   0    0    0    0    1    0    1 9449   11   69   16    0    1    3
   593    0]
 [   0    0    1    0    0    0    0    2 5549    8   22    0    1    0
     0    0]
 [   0    1   73    2    1    0    0   55   13 2724   52   19    4    3
     3    0]
 [   0    0   41    0    3    0    0    0    0    5  897   15    0    0
     0    0]
 [   0    0    9    0    0    0    0    0    0    0    0 1725    0    0
     0    0]
 [   0    0    0    0    0    0    0    0    0    0    0    0  807   18
     0    0]
 [   0    0    0    0    0    0    0    6    0   10    0    0   33  913
     1    0]
 [   0    0    2    0    1    2    1  417    0    4    8    7    0    0
  6097    2]
 [   0    0    0    4    0    0    1   11    0    4    0    1    0    0
     0 1605]]---
Accuracy : 96.60%
---
class acc :
	Brocoli_green_weeds_1: 100.00
	Brocoli_green_weeds_2: 99.70
	Fallow: 99.61
	Fallow_rough_plow: 98.41
	Fallow_smooth: 98.63
	Stubble: 99.78
	Celery: 99.47
	Grapes_untrained: 93.15
	Soil_vinyard_develop: 99.39
	Corn_senesced_green_weeds: 92.34
	Lettuce_romaine_4wk: 93.34
	Lettuce_romaine_5wk: 99.48
	Lettuce_romaine_6wk: 97.82
	Lettuce_romaine_7wk: 94.81
	Vinyard_untrained: 93.21
	Vinyard_vertical_trellis: 98.71
---
AA: 97.36%
Kappa: 96.22
run 4 / 5
Best validation overall accuracy 0.9661458333333334
Confusion matrix :
[[1804    4    0    0    0    0    0    0    0    0    0    0    0    0
     0    0]
 [   3 3338    0    4    0    0    0    0    0    1    0    0    0    6
     0    2]
 [   0    0 1754    2    1    0    0    0   21    1    0    0    0    0
     0    0]
 [   1   14    1 1231    6    0    0    0    0    0    0    0    0    2
     0    0]
 [   0    2    3    7 2392    0    0    1    4    1    0    0    0    0
     0    0]
 [   0    0    0    0    1 3541    0    0   11    3    2    0    0    5
     0    0]
 [   0    0    1    0    0    0 3199    4    0    0    0    0    3    0
     0   14]
 [   0    0    0    0    0    7    0 9104   38  177   21    0    5    5
   787    0]
 [   0    0    0    0    0    0    0    0 5564    0   18    0    1    0
     0    0]
 [   1    0   38    1    0    2    0    9   29 2778   64    4   11    6
     3    4]
 [   0    0   29    0    3    0    0    0    5   15  901    8    0    0
     0    0]
 [   0    0    1    0    0    0    0    0    0   13    0 1720    0    0
     0    0]
 [   0    0    0    0    0    0    0    0    0    0    0    0  800   25
     0    0]
 [   0    0    0    0    0    0    0    0    4   10    0    0   30  918
     0    1]
 [   1    0    0    1    0    0    1  422    0   41   11    7    1    5
  6051    0]
 [   0    0    2   19    0    0    0    0    0    1    0    5    1    3
     0 1595]]---
Accuracy : 95.84%
---
class acc :
	Brocoli_green_weeds_1: 99.78
	Brocoli_green_weeds_2: 99.52
	Fallow: 98.59
	Fallow_rough_plow: 98.09
	Fallow_smooth: 99.25
	Stubble: 99.38
	Celery: 99.32
	Grapes_untrained: 89.75
	Soil_vinyard_develop: 99.66
	Corn_senesced_green_weeds: 94.17
	Lettuce_romaine_4wk: 93.76
	Lettuce_romaine_5wk: 99.19
	Lettuce_romaine_6wk: 96.97
	Lettuce_romaine_7wk: 95.33
	Vinyard_untrained: 92.51
	Vinyard_vertical_trellis: 98.09
---
AA: 97.09%
Kappa: 95.37
run 5 / 5
Best validation overall accuracy 0.9680059523809523
Confusion matrix :
[[1808    0    0    0    0    0    0    0    0    0    0    0    0    0
     0    0]
 [   0 3343    0    0    0    3    0    0    0    1    0    0    0    7
     0    0]
 [   0    0 1764    0    5    0    0    0    0    9    1    0    0    0
     0    0]
 [   0    0    0 1249    6    0    0    0    0    0    0    0    0    0
     0    0]
 [   0    0    5   29 2370    3    0    1    0    1    1    0    0    0
     0    0]
 [   0    0    1    0    0 3560    0    0    0    2    0    0    0    0
     0    0]
 [   0    0    1    0    0    0 3204    0    0    5    0    0    2    1
     0    8]
 [   0    0    0    0    0    8   10 9293   10  108   15    2   32    8
   658    0]
 [   0    0    0    0    0    8    0    6 5558    9    1    0    1    0
     0    0]
 [   0    0    4    1    0    1    1    3    5 2821   58   18   23    9
     2    4]
 [   0    0   20    0    0    0    0    0    0   32  901    8    0    0
     0    0]
 [   0    0    0    0    0    0    0    0    0    2    2 1724    6    0
     0    0]
 [   0    0    0    0    0    0    0    0    0    0    0    0  797   28
     0    0]
 [   0    0    0    0    0    0    0    2    0   27    0    0   21  913
     0    0]
 [   0    0    1    0    0    7    0  301    6   24    0    3    1    0
  6184   14]
 [   0    0    0    2    0    0    6    0    0    8    0    7    0    5
     0 1598]]---
Accuracy : 96.65%
---
class acc :
	Brocoli_green_weeds_1: 100.00
	Brocoli_green_weeds_2: 99.67
	Fallow: 99.16
	Fallow_rough_plow: 99.52
	Fallow_smooth: 98.34
	Stubble: 99.92
	Celery: 99.47
	Grapes_untrained: 91.61
	Soil_vinyard_develop: 99.55
	Corn_senesced_green_weeds: 95.63
	Lettuce_romaine_4wk: 93.76
	Lettuce_romaine_5wk: 99.42
	Lettuce_romaine_6wk: 96.61
	Lettuce_romaine_7wk: 94.81
	Vinyard_untrained: 94.54
	Vinyard_vertical_trellis: 98.28
---
AA: 97.52%
Kappa: 96.28
Agregated results :
Confusion matrix :
[[1.8060e+03 1.6000e+00 0.0000e+00 0.0000e+00 0.0000e+00 0.0000e+00
  4.0000e-01 0.0000e+00 0.0000e+00 0.0000e+00 0.0000e+00 0.0000e+00
  0.0000e+00 0.0000e+00 0.0000e+00 0.0000e+00]
 [1.2000e+00 3.3458e+03 0.0000e+00 8.0000e-01 0.0000e+00 6.0000e-01
  2.0000e-01 0.0000e+00 0.0000e+00 4.0000e-01 0.0000e+00 0.0000e+00
  2.0000e-01 4.4000e+00 0.0000e+00 4.0000e-01]
 [0.0000e+00 0.0000e+00 1.7570e+03 1.0000e+00 3.8000e+00 0.0000e+00
  0.0000e+00 1.4000e+00 5.0000e+00 8.2000e+00 2.2000e+00 4.0000e-01
  0.0000e+00 0.0000e+00 0.0000e+00 0.0000e+00]
 [2.0000e-01 2.8000e+00 2.0000e-01 1.2420e+03 9.4000e+00 0.0000e+00
  0.0000e+00 0.0000e+00 0.0000e+00 0.0000e+00 0.0000e+00 0.0000e+00
  0.0000e+00 4.0000e-01 0.0000e+00 0.0000e+00]
 [0.0000e+00 4.0000e-01 4.4000e+00 1.8800e+01 2.3790e+03 1.6000e+00
  0.0000e+00 1.4000e+00 1.2000e+00 1.8000e+00 8.0000e-01 0.0000e+00
  0.0000e+00 0.0000e+00 6.0000e-01 0.0000e+00]
 [0.0000e+00 4.0000e-01 2.0000e-01 0.0000e+00 8.0000e-01 3.5530e+03
  0.0000e+00 1.6000e+00 2.6000e+00 2.2000e+00 4.0000e-01 0.0000e+00
  0.0000e+00 1.8000e+00 0.0000e+00 0.0000e+00]
 [2.0000e-01 0.0000e+00 4.0000e-01 1.2000e+00 6.0000e-01 0.0000e+00
  3.2032e+03 3.2000e+00 2.0000e-01 1.8000e+00 0.0000e+00 2.0000e-01
  1.2000e+00 8.0000e-01 1.8000e+00 6.2000e+00]
 [0.0000e+00 2.0000e-01 8.0000e-01 0.0000e+00 2.0000e-01 7.4000e+00
  4.0000e+00 9.3718e+03 1.4200e+01 1.0280e+02 1.1400e+01 3.6000e+00
  1.1200e+01 3.8000e+00 6.1240e+02 2.0000e-01]
 [0.0000e+00 0.0000e+00 8.0000e-01 0.0000e+00 2.0000e-01 2.6000e+00
  0.0000e+00 4.2000e+00 5.5586e+03 3.4000e+00 1.1600e+01 4.0000e-01
  8.0000e-01 0.0000e+00 4.0000e-01 0.0000e+00]
 [2.0000e-01 1.6000e+00 3.3000e+01 1.4000e+00 1.2000e+00 8.0000e-01
  2.0000e-01 2.1200e+01 1.2600e+01 2.7882e+03 5.3200e+01 1.6800e+01
  1.0000e+01 6.0000e+00 2.0000e+00 1.6000e+00]
 [0.0000e+00 0.0000e+00 2.2200e+01 0.0000e+00 2.0000e+00 0.0000e+00
  0.0000e+00 4.0000e-01 1.0000e+00 1.9200e+01 9.0500e+02 1.1200e+01
  0.0000e+00 0.0000e+00 0.0000e+00 0.0000e+00]
 [0.0000e+00 0.0000e+00 2.2000e+00 0.0000e+00 0.0000e+00 0.0000e+00
  0.0000e+00 0.0000e+00 0.0000e+00 3.4000e+00 6.0000e-01 1.7266e+03
  1.2000e+00 0.0000e+00 0.0000e+00 0.0000e+00]
 [0.0000e+00 0.0000e+00 0.0000e+00 0.0000e+00 0.0000e+00 0.0000e+00
  0.0000e+00 0.0000e+00 0.0000e+00 0.0000e+00 0.0000e+00 0.0000e+00
  8.0380e+02 2.1200e+01 0.0000e+00 0.0000e+00]
 [0.0000e+00 0.0000e+00 0.0000e+00 0.0000e+00 0.0000e+00 0.0000e+00
  0.0000e+00 1.6000e+00 8.0000e-01 2.0400e+01 2.0000e-01 1.4000e+00
  2.3200e+01 9.1480e+02 4.0000e-01 2.0000e-01]
 [2.0000e-01 2.0000e-01 4.8000e+00 2.0000e-01 1.2000e+00 2.2000e+00
  6.0000e-01 4.6920e+02 2.2000e+00 1.7400e+01 3.8000e+00 3.6000e+00
  4.0000e-01 1.0000e+00 6.0308e+03 3.2000e+00]
 [0.0000e+00 2.0000e-01 1.0000e+00 8.4000e+00 1.4000e+00 0.0000e+00
  1.6000e+00 2.6000e+00 0.0000e+00 4.6000e+00 0.0000e+00 2.6000e+00
  2.0000e-01 2.2000e+00 2.0000e+00 1.5992e+03]]---
Accuracy: 96.44 +- 0.33
---
class acc :
	Brocoli_green_weeds_1: 99.89 +- 0.10
	Brocoli_green_weeds_2: 99.76 +- 0.16
	Fallow: 98.76 +- 0.64
	Fallow_rough_plow: 98.96 +- 0.62
	Fallow_smooth: 98.71 +- 0.34
	Stubble: 99.72 +- 0.20
	Celery: 99.45 +- 0.07
	Grapes_untrained: 92.39 +- 1.55
	Soil_vinyard_develop: 99.56 +- 0.10
	Corn_senesced_green_weeds: 94.52 +- 1.69
	Lettuce_romaine_4wk: 94.17 +- 1.55
	Lettuce_romaine_5wk: 99.57 +- 0.27
	Lettuce_romaine_6wk: 97.43 +- 0.54
	Lettuce_romaine_7wk: 94.99 +- 0.38
	Vinyard_untrained: 92.20 +- 1.77
	Vinyard_vertical_trellis: 98.35 +- 0.34
---
AA: 97.40 +- 0.24
Kappa: 96.04 +- 0.37
