run 1 / 5
Best validation overall accuracy 0.9776785714285714
Confusion matrix :
[[1607    0    0    0    0    0    0    0    0    0    0    0    0    0
     0    0]
 [   0 2978    0    0    0    0    0    0    0    0    0    0    0    3
     0    0]
 [   0    0 1575    1    4    0    0    0    0    1    0    0    0    0
     0    0]
 [   0    0    0 1111    4    0    0    0    0    0    0    0    0    0
     0    0]
 [   0    0    3   10 2125    0    0    2    0    1    1    0    0    0
     0    0]
 [   0    3    0    0    1 3160    0    1    2    0    0    0    0    0
     0    0]
 [   0    0    1    0    0    0 2848    1    0    0    0    0    1    4
     1    7]
 [   1    0    0    0    0    8    4 8630    2   40   16    0    3    1
   309    3]
 [   0    0    0    0    0    1    0    0 4953    0    4    0    2    3
     0    0]
 [   0    0    3    1    0    0    0    7    0 2569   32    0    4    4
     2    0]
 [   0    0    3    0    0    0    0    0    0   18  833    0    0    0
     0    0]
 [   0    0    0    0    0    0    0    0    0    0    0 1542    0    0
     0    0]
 [   0    0    0    0    0    0    0    0    0    0    0    0  706   27
     0    0]
 [   0    0    0    0    0    0    0    5    0   19    2    0   19  811
     0    0]
 [   0    0    0    0    2    0    0  333    1   13    0   10    0    0
  5456    0]
 [   0    0    0    0    3    0    1    0    0    6    0    2    0    0
     3 1431]]---
Accuracy : 97.76%
---
class acc :
	Brocoli_green_weeds_1: 100.00
	Brocoli_green_weeds_2: 99.90
	Fallow: 99.62
	Fallow_rough_plow: 99.64
	Fallow_smooth: 99.21
	Stubble: 99.78
	Celery: 99.48
	Grapes_untrained: 95.71
	Soil_vinyard_develop: 99.80
	Corn_senesced_green_weeds: 97.98
	Lettuce_romaine_4wk: 97.54
	Lettuce_romaine_5wk: 100.00
	Lettuce_romaine_6wk: 96.32
	Lettuce_romaine_7wk: 94.74
	Vinyard_untrained: 93.83
	Vinyard_vertical_trellis: 98.96
---
AA: 98.28%
Kappa: 97.51
run 2 / 5
Best validation overall accuracy 0.9813988095238095
Confusion matrix :
[[1607    0    0    0    0    0    0    0    0    0    0    0    0    0
     0    0]
 [   0 2978    0    0    0    0    0    0    0    0    0    0    0    0
     0    3]
 [   0    0 1576    1    4    0    0    0    0    0    0    0    0    0
     0    0]
 [   0    0    0 1112    3    0    0    0    0    0    0    0    0    0
     0    0]
 [   0    0    1   16 2119    1    0    1    0    2    2    0    0    0
     0    0]
 [   0    1    0    0    1 3162    0    1    0    0    0    0    0    0
     2    0]
 [   0    0    0    2    1    0 2850    1    0    2    0    1    0    3
     0    3]
 [   0    0    0    0    0    4    1 8507    0   30    5    0    3   10
   457    0]
 [   0    0    0    0    0    0    0    4 4958    0    1    0    0    0
     0    0]
 [   0    0    3    2    3    0    0    5    9 2543   38   10    1    3
     1    4]
 [   0    0   14    0    1    0    0    0    0   12  822    5    0    0
     0    0]
 [   0    0    0    0    0    0    0    0    0    0    0 1542    0    0
     0    0]
 [   0    0    0    0    0    0    0    0    0    0    0    0  727    6
     0    0]
 [   0    0    0    0    0    0    0    0    0   40    0    2    8  806
     0    0]
 [   0    0    0    3   10    0    0  225    0    8    1    0    0    0
  5568    0]
 [   0    0    0    3    1    0    0    0    0   10    0    0    0    0
     0 1432]]---
Accuracy : 97.70%
---
class acc :
	Brocoli_green_weeds_1: 100.00
	Brocoli_green_weeds_2: 99.90
	Fallow: 99.68
	Fallow_rough_plow: 99.73
	Fallow_smooth: 98.93
	Stubble: 99.84
	Celery: 99.55
	Grapes_untrained: 94.34
	Soil_vinyard_develop: 99.90
	Corn_senesced_green_weeds: 96.99
	Lettuce_romaine_4wk: 96.25
	Lettuce_romaine_5wk: 100.00
	Lettuce_romaine_6wk: 99.18
	Lettuce_romaine_7wk: 94.16
	Vinyard_untrained: 95.75
	Vinyard_vertical_trellis: 99.03
---
AA: 98.33%
Kappa: 97.44
run 3 / 5
Best validation overall accuracy 0.9793526785714286
Confusion matrix :
[[1600    7    0    0    0    0    0    0    0    0    0    0    0    0
     0    0]
 [   0 2973    0    0    0    0    1    0    0    0    0    0    1    6
     0    0]
 [   0    0 1578    0    3    0    0    0    0    0    0    0    0    0
     0    0]
 [   0    0    0 1098   17    0    0    0    0    0    0    0    0    0
     0    0]
 [   0    0    9    7 2120    0    0    1    2    0    2    0    0    0
     1    0]
 [   0    0    0    0    1 3152    0    9    3    0    0    0    0    2
     0    0]
 [   0    0    1    0    1    0 2851    2    0    2    0    0    2    3
     1    0]
 [   0    0    0    0    0   10    0 8665   10   25    0    1    8   26
   272    0]
 [   0    0    0    0    0    0    0    6 4909    1   42    0    0    5
     0    0]
 [   0    0   18    0    2    0    2   20   25 2488   33    6    3   24
     0    1]
 [   0    0    9    0    0    0    0    0    0   36  806    3    0    0
     0    0]
 [   0    0    0    0    0    0    0    0    0    0    0 1542    0    0
     0    0]
 [   0    0    0    0    0    0    0    0    0    0    0    0  717   16
     0    0]
 [   0    0    0    0    0    0    0    0    2    7    0    0   18  828
     0    1]
 [   0    0   14    0    0    2    0  288    2    0    0    2    0    1
  5506    0]
 [   0    0    6    0    2    0    0    2    0    0    0    5    0    0
     1 1430]]---
Accuracy : 97.60%
---
class acc :
	Brocoli_green_weeds_1: 99.56
	Brocoli_green_weeds_2: 99.73
	Fallow: 99.81
	Fallow_rough_plow: 98.48
	Fallow_smooth: 98.97
	Stubble: 99.53
	Celery: 99.58
	Grapes_untrained: 96.10
	Soil_vinyard_develop: 98.91
	Corn_senesced_green_weeds: 94.89
	Lettuce_romaine_4wk: 94.38
	Lettuce_romaine_5wk: 100.00
	Lettuce_romaine_6wk: 97.82
	Lettuce_romaine_7wk: 96.73
	Vinyard_untrained: 94.69
	Vinyard_vertical_trellis: 98.89
---
AA: 98.00%
Kappa: 97.32
run 4 / 5
Best validation overall accuracy 0.9787946428571429
Confusion matrix :
[[1607    0    0    0    0    0    0    0    0    0    0    0    0    0
     0    0]
 [   0 2979    0    0    0    0    0    0    0    0    0    0    0    0
     0    2]
 [   0    0 1566    0    1    0    0    0    6    5    1    0    0    0
     0    2]
 [   0    0    0 1107    8    0    0    0    0    0    0    0    0    0
     0    0]
 [   0    0    6    0 2128    2    0    2    0    3    0    0    0    0
     1    0]
 [   0    1    0    0    1 3157    0    1    3    0    2    0    0    2
     0    0]
 [   0    0    1    0    0    0 2854    2    0    0    0    0    0    1
     0    5]
 [   0    0    0    0    0    6    2 8540    2   99    3    0   14    6
   345    0]
 [   0    0    0    0    0    4    0    2 4948    1    8    0    0    0
     0    0]
 [   0    0   18    2    3    0    2   12    1 2519   38   13    6    2
     2    4]
 [   0    0    3    0    3    0    0    0    1    1  841    5    0    0
     0    0]
 [   0    0    0    0    0    0    0    0    0    0    0 1542    0    0
     0    0]
 [   0    0    0    0    0    0    0    0    0    0    0    0  705   28
     0    0]
 [   0    0    0    0    0    0    0    1    0    9    1    0   23  822
     0    0]
 [   0    0    0    0    0    0    0  248    0   26    0    0    1    0
  5527   13]
 [   0    3    0    1    2    0    0    0    0    8    0    0    0    0
     0 1432]]---
Accuracy : 97.62%
---
class acc :
	Brocoli_green_weeds_1: 100.00
	Brocoli_green_weeds_2: 99.93
	Fallow: 99.05
	Fallow_rough_plow: 99.28
	Fallow_smooth: 99.35
	Stubble: 99.68
	Celery: 99.69
	Grapes_untrained: 94.71
	Soil_vinyard_develop: 99.70
	Corn_senesced_green_weeds: 96.07
	Lettuce_romaine_4wk: 98.48
	Lettuce_romaine_5wk: 100.00
	Lettuce_romaine_6wk: 96.18
	Lettuce_romaine_7wk: 96.03
	Vinyard_untrained: 95.05
	Vinyard_vertical_trellis: 99.03
---
AA: 98.26%
Kappa: 97.35
run 5 / 5
Best validation overall accuracy 0.9761904761904762
Confusion matrix :
[[1607    0    0    0    0    0    0    0    0    0    0    0    0    0
     0    0]
 [   1 2977    0    0    0    0    0    0    0    0    0    0    0    3
     0    0]
 [   0    0 1579    0    0    0    0    0    1    1    0    0    0    0
     0    0]
 [   0    0    0 1112    1    0    0    1    0    0    0    0    0    0
     0    1]
 [   0    0    6    7 2122    0    0    2    0    1    3    0    0    0
     1    0]
 [   0    1    1    0    0 3165    0    0    0    0    0    0    0    0
     0    0]
 [   0    2    1    0    0    0 2852    2    0    1    0    0    0    2
     1    2]
 [   0    0    0    0    1    8    0 8488    8   53   35    0    4    7
   412    1]
 [   0    0    2    0    0    3    0    3 4950    3    1    1    0    0
     0    0]
 [   0    0    5    1    0    0    0   23    0 2522   47   13    2    4
     4    1]
 [   0    0    2    0    0    0    0    0    0    6  843    1    0    0
     2    0]
 [   0    0    0    0    0    0    0    3    0    0    0 1539    0    0
     0    0]
 [   0    0    0    0    0    0    0    0    0    0    0    0  714   19
     0    0]
 [   0    0    0    0    0    0    0    9    0   11    0    0   34  801
     0    1]
 [   0    0   10    0    0    0    0  300    1    6    0    1    0    0
  5494    3]
 [   0    2    0    0    3    0    0    0    0    4    0    3    0    0
     1 1433]]---
Accuracy : 97.45%
---
class acc :
	Brocoli_green_weeds_1: 100.00
	Brocoli_green_weeds_2: 99.87
	Fallow: 99.87
	Fallow_rough_plow: 99.73
	Fallow_smooth: 99.07
	Stubble: 99.94
	Celery: 99.62
	Grapes_untrained: 94.13
	Soil_vinyard_develop: 99.74
	Corn_senesced_green_weeds: 96.19
	Lettuce_romaine_4wk: 98.71
	Lettuce_romaine_5wk: 99.81
	Lettuce_romaine_6wk: 97.41
	Lettuce_romaine_7wk: 93.57
	Vinyard_untrained: 94.48
	Vinyard_vertical_trellis: 99.10
---
AA: 98.20%
Kappa: 97.16
Agregated results :
Confusion matrix :
[[1.6056e+03 1.4000e+00 0.0000e+00 0.0000e+00 0.0000e+00 0.0000e+00
  0.0000e+00 0.0000e+00 0.0000e+00 0.0000e+00 0.0000e+00 0.0000e+00
  0.0000e+00 0.0000e+00 0.0000e+00 0.0000e+00]
 [2.0000e-01 2.9770e+03 0.0000e+00 0.0000e+00 0.0000e+00 0.0000e+00
  2.0000e-01 0.0000e+00 0.0000e+00 0.0000e+00 0.0000e+00 0.0000e+00
  2.0000e-01 2.4000e+00 0.0000e+00 1.0000e+00]
 [0.0000e+00 0.0000e+00 1.5748e+03 4.0000e-01 2.4000e+00 0.0000e+00
  0.0000e+00 0.0000e+00 1.4000e+00 1.4000e+00 2.0000e-01 0.0000e+00
  0.0000e+00 0.0000e+00 0.0000e+00 4.0000e-01]
 [0.0000e+00 0.0000e+00 0.0000e+00 1.1080e+03 6.6000e+00 0.0000e+00
  0.0000e+00 2.0000e-01 0.0000e+00 0.0000e+00 0.0000e+00 0.0000e+00
  0.0000e+00 0.0000e+00 0.0000e+00 2.0000e-01]
 [0.0000e+00 0.0000e+00 5.0000e+00 8.0000e+00 2.1228e+03 6.0000e-01
  0.0000e+00 1.6000e+00 4.0000e-01 1.4000e+00 1.6000e+00 0.0000e+00
  0.0000e+00 0.0000e+00 6.0000e-01 0.0000e+00]
 [0.0000e+00 1.2000e+00 2.0000e-01 0.0000e+00 8.0000e-01 3.1592e+03
  0.0000e+00 2.4000e+00 1.6000e+00 0.0000e+00 4.0000e-01 0.0000e+00
  0.0000e+00 8.0000e-01 4.0000e-01 0.0000e+00]
 [0.0000e+00 4.0000e-01 8.0000e-01 4.0000e-01 4.0000e-01 0.0000e+00
  2.8510e+03 1.6000e+00 0.0000e+00 1.0000e+00 0.0000e+00 2.0000e-01
  6.0000e-01 2.6000e+00 6.0000e-01 3.4000e+00]
 [2.0000e-01 0.0000e+00 0.0000e+00 0.0000e+00 2.0000e-01 7.2000e+00
  1.4000e+00 8.5660e+03 4.4000e+00 4.9400e+01 1.1800e+01 2.0000e-01
  6.4000e+00 1.0000e+01 3.5900e+02 8.0000e-01]
 [0.0000e+00 0.0000e+00 4.0000e-01 0.0000e+00 0.0000e+00 1.6000e+00
  0.0000e+00 3.0000e+00 4.9436e+03 1.0000e+00 1.1200e+01 2.0000e-01
  4.0000e-01 1.6000e+00 0.0000e+00 0.0000e+00]
 [0.0000e+00 0.0000e+00 9.4000e+00 1.2000e+00 1.6000e+00 0.0000e+00
  8.0000e-01 1.3400e+01 7.0000e+00 2.5282e+03 3.7600e+01 8.4000e+00
  3.2000e+00 7.4000e+00 1.8000e+00 2.0000e+00]
 [0.0000e+00 0.0000e+00 6.2000e+00 0.0000e+00 8.0000e-01 0.0000e+00
  0.0000e+00 0.0000e+00 2.0000e-01 1.4600e+01 8.2900e+02 2.8000e+00
  0.0000e+00 0.0000e+00 4.0000e-01 0.0000e+00]
 [0.0000e+00 0.0000e+00 0.0000e+00 0.0000e+00 0.0000e+00 0.0000e+00
  0.0000e+00 6.0000e-01 0.0000e+00 0.0000e+00 0.0000e+00 1.5414e+03
  0.0000e+00 0.0000e+00 0.0000e+00 0.0000e+00]
 [0.0000e+00 0.0000e+00 0.0000e+00 0.0000e+00 0.0000e+00 0.0000e+00
  0.0000e+00 0.0000e+00 0.0000e+00 0.0000e+00 0.0000e+00 0.0000e+00
  7.1380e+02 1.9200e+01 0.0000e+00 0.0000e+00]
 [0.0000e+00 0.0000e+00 0.0000e+00 0.0000e+00 0.0000e+00 0.0000e+00
  0.0000e+00 3.0000e+00 4.0000e-01 1.7200e+01 6.0000e-01 4.0000e-01
  2.0400e+01 8.1360e+02 0.0000e+00 4.0000e-01]
 [0.0000e+00 0.0000e+00 4.8000e+00 6.0000e-01 2.4000e+00 4.0000e-01
  0.0000e+00 2.7880e+02 8.0000e-01 1.0600e+01 2.0000e-01 2.6000e+00
  2.0000e-01 2.0000e-01 5.5102e+03 3.2000e+00]
 [0.0000e+00 1.0000e+00 1.2000e+00 8.0000e-01 2.2000e+00 0.0000e+00
  2.0000e-01 4.0000e-01 0.0000e+00 5.6000e+00 0.0000e+00 2.0000e+00
  0.0000e+00 0.0000e+00 1.0000e+00 1.4316e+03]]---
Accuracy: 97.63 +- 0.11
---
class acc :
	Brocoli_green_weeds_1: 99.91 +- 0.17
	Brocoli_green_weeds_2: 99.87 +- 0.07
	Fallow: 99.61 +- 0.29
	Fallow_rough_plow: 99.37 +- 0.48
	Fallow_smooth: 99.10 +- 0.15
	Stubble: 99.75 +- 0.14
	Celery: 99.58 +- 0.07
	Grapes_untrained: 95.00 +- 0.77
	Soil_vinyard_develop: 99.61 +- 0.36
	Corn_senesced_green_weeds: 96.42 +- 1.03
	Lettuce_romaine_4wk: 97.07 +- 1.60
	Lettuce_romaine_5wk: 99.96 +- 0.08
	Lettuce_romaine_6wk: 97.38 +- 1.10
	Lettuce_romaine_7wk: 95.05 +- 1.17
	Vinyard_untrained: 94.76 +- 0.64
	Vinyard_vertical_trellis: 99.00 +- 0.07
---
AA: 98.22 +- 0.11
Kappa: 97.36 +- 0.12
