run 1 / 5
Best validation overall accuracy 0.95703125
Confusion matrix :
[[1175    2    0   24    0    0    0    0    0    0    0    0    0    0
     0]
 [  41 1149    0    0    0    0   11    0    3    0    0    0    0    0
     0]
 [   0    0  669    0    0    0    0    0    0    0    0    0    0    0
     0]
 [   0    0    0 1182    0    0    9    0    3    0    0    0    0    0
     0]
 [   0    0    0    0 1192    0    0    0    0    0    0    0    0    0
     0]
 [   0    0    0    0    0  273   39    0    0    0    0    0    0    0
     0]
 [   0    0    0    0    0    0 1201    0    5    0    6    1    0    0
     4]
 [   0    0    0    0    5    0   22 1096    4   17    2   39    0    0
     9]
 [   1    0    0    6   19    0   12    1 1081   45   30    7    0    0
     0]
 [   0    0    0    0    0    0    0    0    9 1113   39    2   15    0
     0]
 [   0    0    0    0   22    0    0    0   35   12 1098   19    0    0
     0]
 [   0    0    0    0   15    0   16    5    3   43    2 1084   16    0
     0]
 [   0    0    0    0    0    0    1    0    0    0    0    0  449    0
     0]
 [   0    0    0    0    0    0    0    0    0    0    0    0    0  411
     0]
 [   0    0    0    0    0    0    0    0    0    0    0    0    0    0
   634]]---
Accuracy : 95.70%
---
class acc :
	Healthy grass: 97.84
	Stressed grass: 95.43
	Synthetic grass: 100.00
	Trees: 98.99
	Soil: 100.00
	Water: 87.50
	Residential: 98.69
	Commercial: 91.79
	Road: 89.93
	Highway: 94.48
	Railway: 92.58
	Parking Lot 1: 91.55
	Parking Lot 2: 99.78
	Tennis Court: 100.00
	Running Track: 100.00
---
AA: 95.90%
Kappa: 95.35
run 2 / 5
Best validation overall accuracy 0.9765625
Confusion matrix :
[[1188    1    0   11    0    0    0    0    1    0    0    0    0    0
     0]
 [ 147 1054    0    3    0    0    0    0    0    0    0    0    0    0
     0]
 [   0    0  659    0    0    0    0    0    0    0    0    0    0    0
    10]
 [   9    3    0 1161    0    0    3    0   18    0    0    0    0    0
     0]
 [   0    0    0    0 1192    0    0    0    0    0    0    0    0    0
     0]
 [   8    0    0    0    0  290   14    0    0    0    0    0    0    0
     0]
 [   0    0    0    0    0    0 1208    0    9    0    0    0    0    0
     0]
 [   0    0    0    0    5    3   29 1079    9   13    0   44    5    0
     7]
 [   0    0    0    0    0    0   63    0 1067   29    8   35    0    0
     0]
 [   0    0    0    0    0    0    0    0   13 1164    1    0    0    0
     0]
 [   0    0    0    0    0    0    2    0    0    1 1173   10    0    0
     0]
 [   0    0    0    0    1    0    2    0   18   22    0 1126   15    0
     0]
 [   0    0    0    1    0    0    4    0    0   19    0    3  423    0
     0]
 [   0    0    0    0    0    0    0    0    0    0    0    0    0  411
     0]
 [   0    0    0    0    0    0    0    0    0    0    0    0    0    0
   634]]---
Accuracy : 95.85%
---
class acc :
	Healthy grass: 98.92
	Stressed grass: 87.54
	Synthetic grass: 98.51
	Trees: 97.24
	Soil: 100.00
	Water: 92.95
	Residential: 99.26
	Commercial: 90.37
	Road: 88.77
	Highway: 98.81
	Railway: 98.90
	Parking Lot 1: 95.10
	Parking Lot 2: 94.00
	Tennis Court: 100.00
	Running Track: 100.00
---
AA: 96.02%
Kappa: 95.51
run 3 / 5
Best validation overall accuracy 0.96875
Confusion matrix :
[[1151   32    0    7    0    0   11    0    0    0    0    0    0    0
     0]
 [  17 1154    0    0    0    0    7    0   26    0    0    0    0    0
     0]
 [   0    0  668    0    0    0    0    0    0    0    0    0    0    0
     1]
 [   0    0    0 1178    0    0    8    0    8    0    0    0    0    0
     0]
 [   0    0    0    0 1191    0    0    1    0    0    0    0    0    0
     0]
 [   0    0    0    4    0  229   77    0    0    0    0    0    2    0
     0]
 [   0    2    0    0    0    0 1129    0    6    2   67    0    0    7
     4]
 [   0    0    0    0   66   18    2 1032   17   11    0   19    1    0
    28]
 [   0    0    0    0    0    0   48    4 1089   22   31    8    0    0
     0]
 [   0    0    0    0    0    0    0    0    0 1120   20   38    0    0
     0]
 [   0    0    0    0    0    0    0    0   27   11 1148    0    0    0
     0]
 [   0    0    0    0    0    0   47    8    8   26   62 1015   18    0
     0]
 [   0    0    0    0    0    0    1    0    0   20    0    0  429    0
     0]
 [   0    0    0    0    0    0    0    0    0    0    0    0    0  411
     0]
 [   0    0    4    0    0    0    0    0    0    0    0    0    0    0
   630]]---
Accuracy : 94.08%
---
class acc :
	Healthy grass: 95.84
	Stressed grass: 95.85
	Synthetic grass: 99.85
	Trees: 98.66
	Soil: 99.92
	Water: 73.40
	Residential: 92.77
	Commercial: 86.43
	Road: 90.60
	Highway: 95.08
	Railway: 96.80
	Parking Lot 1: 85.73
	Parking Lot 2: 95.33
	Tennis Court: 100.00
	Running Track: 99.37
---
AA: 93.71%
Kappa: 93.60
run 4 / 5
Best validation overall accuracy 0.9453125
Confusion matrix :
[[1176    7    0   18    0    0    0    0    0    0    0    0    0    0
     0]
 [  20 1184    0    0    0    0    0    0    0    0    0    0    0    0
     0]
 [   0    0  669    0    0    0    0    0    0    0    0    0    0    0
     0]
 [   5    0    0 1167    0    0   10    0   10    0    2    0    0    0
     0]
 [   0    0    0    0 1191    0    0    0    0    0    1    0    0    0
     0]
 [  25    0    0    3    0  241   39    0    4    0    0    0    0    0
     0]
 [   2    0    0    0    0    0 1173    0   26    0   16    0    0    0
     0]
 [   0    0    0    0   14   18   31 1058   32    0   14   19    0    0
     8]
 [   0   21    0    0    0    0    3    1 1064   25   48   37    3    0
     0]
 [   0    0    0    0    0    0    0    0    0 1136    7   16   19    0
     0]
 [   0    0    0    0    0    0    2    0    0    0 1184    0    0    0
     0]
 [   0    0    0    0    4    0   13   11   37   25   33 1048   13    0
     0]
 [   0    0    0    0    0    0    0    0    0    0    0    0  450    0
     0]
 [   0    0    0    0    0    0    0    0    0    0    0    0    0  411
     0]
 [   0    0    2    0    0    0    0    0    0    0    0    0    0    0
   632]]---
Accuracy : 95.54%
---
class acc :
	Healthy grass: 97.92
	Stressed grass: 98.34
	Synthetic grass: 100.00
	Trees: 97.74
	Soil: 99.92
	Water: 77.24
	Residential: 96.38
	Commercial: 88.61
	Road: 88.52
	Highway: 96.43
	Railway: 99.83
	Parking Lot 1: 88.51
	Parking Lot 2: 100.00
	Tennis Court: 100.00
	Running Track: 99.68
---
AA: 95.28%
Kappa: 95.17
run 5 / 5
Best validation overall accuracy 0.9609375
Confusion matrix :
[[1095   65    0   36    0    0    5    0    0    0    0    0    0    0
     0]
 [  21 1182    0    0    0    0    1    0    0    0    0    0    0    0
     0]
 [   0    0  665    0    0    0    0    0    0    0    0    0    0    0
     4]
 [  42    0    0 1139    0    0    4    0    8    0    1    0    0    0
     0]
 [   0    0    0    0 1192    0    0    0    0    0    0    0    0    0
     0]
 [   5    0    0    6    0  265   34    0    2    0    0    0    0    0
     0]
 [   0    8    0    2    4    0 1090   55    0    0   44    0    0   13
     1]
 [   0    0    2    0    9    0    4 1106    2   11    0   30    1    0
    29]
 [   0   19    0    0    2    0    3    0 1142   17   11    8    0    0
     0]
 [   0    0    0    0    0    0    0    0   50 1083   38    7    0    0
     0]
 [   0    0    0    0    0    0    0    0   31    0 1147    0    8    0
     0]
 [   0    0    2    0   12    0   29   16   30   35   61  986   13    0
     0]
 [   0    0    0    0    0    0    0    0    0    0    0    2  448    0
     0]
 [   0    0    0    0    0    0    0    0    0    0    0    0    0  411
     0]
 [   0    0    0    0    0    0    0    0    0    0    0    0    0    0
   634]]---
Accuracy : 94.16%
---
class acc :
	Healthy grass: 91.17
	Stressed grass: 98.17
	Synthetic grass: 99.40
	Trees: 95.39
	Soil: 100.00
	Water: 84.94
	Residential: 89.56
	Commercial: 92.63
	Road: 95.01
	Highway: 91.94
	Railway: 96.71
	Parking Lot 1: 83.28
	Parking Lot 2: 99.56
	Tennis Court: 100.00
	Running Track: 100.00
---
AA: 94.52%
Kappa: 93.68
Agregated results :
Confusion matrix :
[[1.1570e+03 2.1400e+01 0.0000e+00 1.9200e+01 0.0000e+00 0.0000e+00
  3.2000e+00 0.0000e+00 2.0000e-01 0.0000e+00 0.0000e+00 0.0000e+00
  0.0000e+00 0.0000e+00 0.0000e+00]
 [4.9200e+01 1.1446e+03 0.0000e+00 6.0000e-01 0.0000e+00 0.0000e+00
  3.8000e+00 0.0000e+00 5.8000e+00 0.0000e+00 0.0000e+00 0.0000e+00
  0.0000e+00 0.0000e+00 0.0000e+00]
 [0.0000e+00 0.0000e+00 6.6600e+02 0.0000e+00 0.0000e+00 0.0000e+00
  0.0000e+00 0.0000e+00 0.0000e+00 0.0000e+00 0.0000e+00 0.0000e+00
  0.0000e+00 0.0000e+00 3.0000e+00]
 [1.1200e+01 6.0000e-01 0.0000e+00 1.1654e+03 0.0000e+00 0.0000e+00
  6.8000e+00 0.0000e+00 9.4000e+00 0.0000e+00 6.0000e-01 0.0000e+00
  0.0000e+00 0.0000e+00 0.0000e+00]
 [0.0000e+00 0.0000e+00 0.0000e+00 0.0000e+00 1.1916e+03 0.0000e+00
  0.0000e+00 2.0000e-01 0.0000e+00 0.0000e+00 2.0000e-01 0.0000e+00
  0.0000e+00 0.0000e+00 0.0000e+00]
 [7.6000e+00 0.0000e+00 0.0000e+00 2.6000e+00 0.0000e+00 2.5960e+02
  4.0600e+01 0.0000e+00 1.2000e+00 0.0000e+00 0.0000e+00 0.0000e+00
  4.0000e-01 0.0000e+00 0.0000e+00]
 [4.0000e-01 2.0000e+00 0.0000e+00 4.0000e-01 8.0000e-01 0.0000e+00
  1.1602e+03 1.1000e+01 9.2000e+00 4.0000e-01 2.6600e+01 2.0000e-01
  0.0000e+00 4.0000e+00 1.8000e+00]
 [0.0000e+00 0.0000e+00 4.0000e-01 0.0000e+00 1.9800e+01 7.8000e+00
  1.7600e+01 1.0742e+03 1.2800e+01 1.0400e+01 3.2000e+00 3.0200e+01
  1.4000e+00 0.0000e+00 1.6200e+01]
 [2.0000e-01 8.0000e+00 0.0000e+00 1.2000e+00 4.2000e+00 0.0000e+00
  2.5800e+01 1.2000e+00 1.0886e+03 2.7600e+01 2.5600e+01 1.9000e+01
  6.0000e-01 0.0000e+00 0.0000e+00]
 [0.0000e+00 0.0000e+00 0.0000e+00 0.0000e+00 0.0000e+00 0.0000e+00
  0.0000e+00 0.0000e+00 1.4400e+01 1.1232e+03 2.1000e+01 1.2600e+01
  6.8000e+00 0.0000e+00 0.0000e+00]
 [0.0000e+00 0.0000e+00 0.0000e+00 0.0000e+00 4.4000e+00 0.0000e+00
  8.0000e-01 0.0000e+00 1.8600e+01 4.8000e+00 1.1500e+03 5.8000e+00
  1.6000e+00 0.0000e+00 0.0000e+00]
 [0.0000e+00 0.0000e+00 4.0000e-01 0.0000e+00 6.4000e+00 0.0000e+00
  2.1400e+01 8.0000e+00 1.9200e+01 3.0200e+01 3.1600e+01 1.0518e+03
  1.5000e+01 0.0000e+00 0.0000e+00]
 [0.0000e+00 0.0000e+00 0.0000e+00 2.0000e-01 0.0000e+00 0.0000e+00
  1.2000e+00 0.0000e+00 0.0000e+00 7.8000e+00 0.0000e+00 1.0000e+00
  4.3980e+02 0.0000e+00 0.0000e+00]
 [0.0000e+00 0.0000e+00 0.0000e+00 0.0000e+00 0.0000e+00 0.0000e+00
  0.0000e+00 0.0000e+00 0.0000e+00 0.0000e+00 0.0000e+00 0.0000e+00
  0.0000e+00 4.1100e+02 0.0000e+00]
 [0.0000e+00 0.0000e+00 1.2000e+00 0.0000e+00 0.0000e+00 0.0000e+00
  0.0000e+00 0.0000e+00 0.0000e+00 0.0000e+00 0.0000e+00 0.0000e+00
  0.0000e+00 0.0000e+00 6.3280e+02]]---
Accuracy: 95.06 +- 0.78
---
class acc :
	Healthy grass: 96.34 +- 2.77
	Stressed grass: 95.07 +- 3.94
	Synthetic grass: 99.55 +- 0.57
	Trees: 97.60 +- 1.27
	Soil: 99.97 +- 0.04
	Water: 83.21 +- 7.04
	Residential: 95.33 +- 3.68
	Commercial: 89.97 +- 2.23
	Road: 90.57 +- 2.35
	Highway: 95.35 +- 2.26
	Railway: 96.96 +- 2.50
	Parking Lot 1: 88.83 +- 4.18
	Parking Lot 2: 97.73 +- 2.54
	Tennis Court: 100.00 +- 0.00
	Running Track: 99.81 +- 0.25
---
AA: 95.09 +- 0.87
Kappa: 94.66 +- 0.84
