run 1 / 5
Best validation overall accuracy 0.9943181818181818
Confusion matrix :
[[1111    2    0   12    0    1    0    0    0    0    0    0    0    0
     0]
 [  10 1119    0    0    0    0    0    0    0    0    0    0    0    0
     0]
 [   0    0  626    0    0    0    0    0    0    0    0    0    0    0
     1]
 [   0    0    0 1117    0    0    0    0    3    0    0    0    0    0
     0]
 [   0    0    0    0 1118    0    0    0    0    0    0    0    0    0
     0]
 [   0    0    0    0    0  292    0    0    0    0    0    0    0    0
     0]
 [   0    0    0    0    0    0 1136    0    4    0    1    0    0    0
     0]
 [   0    0    0    0    8    0    0 1031   14   16   33    9    0    0
     9]
 [   0    0    0    4    0    0    0    0 1106   12    1    4    0    0
     0]
 [   0    0    0    0    0    0    0    0    2 1098    0    0    4    0
     0]
 [   0    0    0    0    0    0    0    0    0    7 1105    0    0    0
     0]
 [   0    0    0    0    6    0    5    2    0    3    0 1090    4    0
     0]
 [   0    0    0    0    0    0    0    0    0    0    0    6  416    0
     0]
 [   0    0    0    0    0    0    0    0    0    0    0    0    0  385
     0]
 [   0    0    0    0    0    0    0    0    0    0    0    0    0    0
   594]]---
Accuracy : 98.65%
---
class acc :
	Healthy grass: 98.67
	Stressed grass: 99.11
	Synthetic grass: 99.84
	Trees: 99.73
	Soil: 100.00
	Water: 100.00
	Residential: 99.56
	Commercial: 92.05
	Road: 98.14
	Highway: 99.46
	Railway: 99.37
	Parking Lot 1: 98.20
	Parking Lot 2: 98.58
	Tennis Court: 100.00
	Running Track: 100.00
---
AA: 98.85%
Kappa: 98.54
run 2 / 5
Best validation overall accuracy 0.9914772727272727
Confusion matrix :
[[1125    0    0    1    0    0    0    0    0    0    0    0    0    0
     0]
 [  24 1104    0    0    0    0    1    0    0    0    0    0    0    0
     0]
 [   0    0  624    0    0    0    0    0    0    0    0    0    0    0
     3]
 [   2    0    0 1111    0    0    7    0    0    0    0    0    0    0
     0]
 [   0    0    0    0 1118    0    0    0    0    0    0    0    0    0
     0]
 [   0    0    0    0    0  287    0    0    5    0    0    0    0    0
     0]
 [   0    0    0    0    0    0 1138    0    1    0    2    0    0    0
     0]
 [   0    0    0    0    9    0    0 1073   20    0    0   18    0    0
     0]
 [   0    0    0    0    0    0    2    0 1097    5    2   21    0    0
     0]
 [   0    0    0    0    0    0    0    0    2 1102    0    0    0    0
     0]
 [   0    0    0    0    0    0    0    0   10   27 1075    0    0    0
     0]
 [   0    0    0    0    0    0    5    0   10    0    0 1088    7    0
     0]
 [   0    0    0    0    0    0    0    0    0    0    2    0  420    0
     0]
 [   0    0    0    0    0    0    0    0    0    0    0    0    0  385
     0]
 [   0    0    0    0    0    0    0    0    0    0    0    0    0    0
   594]]---
Accuracy : 98.62%
---
class acc :
	Healthy grass: 99.91
	Stressed grass: 97.79
	Synthetic grass: 99.52
	Trees: 99.20
	Soil: 100.00
	Water: 98.29
	Residential: 99.74
	Commercial: 95.80
	Road: 97.34
	Highway: 99.82
	Railway: 96.67
	Parking Lot 1: 98.02
	Parking Lot 2: 99.53
	Tennis Court: 100.00
	Running Track: 100.00
---
AA: 98.77%
Kappa: 98.51
run 3 / 5
Best validation overall accuracy 0.9829545454545454
Confusion matrix :
[[1052   53    0    7    0    8    6    0    0    0    0    0    0    0
     0]
 [   5 1124    0    0    0    0    0    0    0    0    0    0    0    0
     0]
 [   0    0  627    0    0    0    0    0    0    0    0    0    0    0
     0]
 [   5    0    0 1110    0    0    5    0    0    0    0    0    0    0
     0]
 [   0    0    0    0 1118    0    0    0    0    0    0    0    0    0
     0]
 [   0    0    0    1    0  287    0    0    4    0    0    0    0    0
     0]
 [   0    0    0    0    0    0 1134    0    4    0    3    0    0    0
     0]
 [   0   31    0    0    3    0    0 1035    5    0    1   16    0    1
    28]
 [   0    0    0    0    0    0   11    0 1089    3   21    3    0    0
     0]
 [   0    0    0    0    0    0    0    0    0 1100    4    0    0    0
     0]
 [   0    0    0    0    0    0    0    0    0   14 1098    0    0    0
     0]
 [   0    0    0    0    0    0   10    0    3    2    1 1082   12    0
     0]
 [   0    0    0    0    0    0    0    0    0   18    0    0  404    0
     0]
 [   0    0    0    0    0    0    0    0    0    0    0    0    0  385
     0]
 [   0    0    0    0    0    0    0    0    0    0    0    0    0    0
   594]]---
Accuracy : 97.87%
---
class acc :
	Healthy grass: 93.43
	Stressed grass: 99.56
	Synthetic grass: 100.00
	Trees: 99.11
	Soil: 100.00
	Water: 98.29
	Residential: 99.39
	Commercial: 92.41
	Road: 96.63
	Highway: 99.64
	Railway: 98.74
	Parking Lot 1: 97.48
	Parking Lot 2: 95.73
	Tennis Court: 100.00
	Running Track: 100.00
---
AA: 98.03%
Kappa: 97.70
run 4 / 5
Best validation overall accuracy 0.9829545454545454
Confusion matrix :
[[1103    0    0   11    0   10    0    0    2    0    0    0    0    0
     0]
 [  23 1106    0    0    0    0    0    0    0    0    0    0    0    0
     0]
 [   0    0  627    0    0    0    0    0    0    0    0    0    0    0
     0]
 [   8    0    0 1096    0    0    4    0   12    0    0    0    0    0
     0]
 [   0    0    0    0 1118    0    0    0    0    0    0    0    0    0
     0]
 [   0    0    0    0    0  251   36    0    5    0    0    0    0    0
     0]
 [   0    0    0    0    0    0 1130    0    3    0    8    0    0    0
     0]
 [   0    0    0    0   14    0   22 1061    0    0    0   15    0    0
     8]
 [   0    0    0    0    0    0    0    0 1115    9    1    2    0    0
     0]
 [   0    0    0    0    0    0    0    0    0 1104    0    0    0    0
     0]
 [   0    0    0    0    0    0    0    0    0    0 1112    0    0    0
     0]
 [   0    0    0    0    0    0    3    0   15    4    0 1084    4    0
     0]
 [   0    0    0    0    0    0    0    0    0    0    0    0  422    0
     0]
 [   0    0    0    0    0    0    0    0    0    0    0    0    0  385
     0]
 [   0    0   13    0    0    0    0    0    0    0    0    0    0    0
   581]]---
Accuracy : 98.28%
---
class acc :
	Healthy grass: 97.96
	Stressed grass: 97.96
	Synthetic grass: 100.00
	Trees: 97.86
	Soil: 100.00
	Water: 85.96
	Residential: 99.04
	Commercial: 94.73
	Road: 98.94
	Highway: 100.00
	Railway: 100.00
	Parking Lot 1: 97.66
	Parking Lot 2: 100.00
	Tennis Court: 100.00
	Running Track: 97.81
---
AA: 97.86%
Kappa: 98.15
run 5 / 5
Best validation overall accuracy 0.9900568181818182
Confusion matrix :
[[1124    1    0    1    0    0    0    0    0    0    0    0    0    0
     0]
 [   1 1128    0    0    0    0    0    0    0    0    0    0    0    0
     0]
 [   0    0  626    0    0    0    0    0    0    0    0    0    0    0
     1]
 [   0    0    0 1116    0    0    4    0    0    0    0    0    0    0
     0]
 [   0    0    0    0 1118    0    0    0    0    0    0    0    0    0
     0]
 [   1    0    0    0    0  285    2    0    4    0    0    0    0    0
     0]
 [   0    0    0    0    0    0 1141    0    0    0    0    0    0    0
     0]
 [   0    0    0    0    9    0   31 1059    0    1    0    0    0    0
    20]
 [   0    0    0    0    0    0    0   26 1088   11    2    0    0    0
     0]
 [   0    0    0    0    0    0    6    0    0 1079    8    0   11    0
     0]
 [   0    0    0    0    0    0    0    0    5    0 1107    0    0    0
     0]
 [   0    0    0    0    0    0   15    1   17   11    0 1048   18    0
     0]
 [   0    0    0    0    0    0    0    0    0    0    0    0  422    0
     0]
 [   0    0    0    0    0    0    0    0    0    0    0    0    0  385
     0]
 [   0    0    0    0    0    0    0    0    0    0    0    0    0    0
   594]]---
Accuracy : 98.47%
---
class acc :
	Healthy grass: 99.82
	Stressed grass: 99.91
	Synthetic grass: 99.84
	Trees: 99.64
	Soil: 100.00
	Water: 97.60
	Residential: 100.00
	Commercial: 94.55
	Road: 96.54
	Highway: 97.74
	Railway: 99.55
	Parking Lot 1: 94.41
	Parking Lot 2: 100.00
	Tennis Court: 100.00
	Running Track: 100.00
---
AA: 98.64%
Kappa: 98.35
Agregated results :
Confusion matrix :
[[1.1030e+03 1.1200e+01 0.0000e+00 6.4000e+00 0.0000e+00 3.8000e+00
  1.2000e+00 0.0000e+00 4.0000e-01 0.0000e+00 0.0000e+00 0.0000e+00
  0.0000e+00 0.0000e+00 0.0000e+00]
 [1.2600e+01 1.1162e+03 0.0000e+00 0.0000e+00 0.0000e+00 0.0000e+00
  2.0000e-01 0.0000e+00 0.0000e+00 0.0000e+00 0.0000e+00 0.0000e+00
  0.0000e+00 0.0000e+00 0.0000e+00]
 [0.0000e+00 0.0000e+00 6.2600e+02 0.0000e+00 0.0000e+00 0.0000e+00
  0.0000e+00 0.0000e+00 0.0000e+00 0.0000e+00 0.0000e+00 0.0000e+00
  0.0000e+00 0.0000e+00 1.0000e+00]
 [3.0000e+00 0.0000e+00 0.0000e+00 1.1100e+03 0.0000e+00 0.0000e+00
  4.0000e+00 0.0000e+00 3.0000e+00 0.0000e+00 0.0000e+00 0.0000e+00
  0.0000e+00 0.0000e+00 0.0000e+00]
 [0.0000e+00 0.0000e+00 0.0000e+00 0.0000e+00 1.1180e+03 0.0000e+00
  0.0000e+00 0.0000e+00 0.0000e+00 0.0000e+00 0.0000e+00 0.0000e+00
  0.0000e+00 0.0000e+00 0.0000e+00]
 [2.0000e-01 0.0000e+00 0.0000e+00 2.0000e-01 0.0000e+00 2.8040e+02
  7.6000e+00 0.0000e+00 3.6000e+00 0.0000e+00 0.0000e+00 0.0000e+00
  0.0000e+00 0.0000e+00 0.0000e+00]
 [0.0000e+00 0.0000e+00 0.0000e+00 0.0000e+00 0.0000e+00 0.0000e+00
  1.1358e+03 0.0000e+00 2.4000e+00 0.0000e+00 2.8000e+00 0.0000e+00
  0.0000e+00 0.0000e+00 0.0000e+00]
 [0.0000e+00 6.2000e+00 0.0000e+00 0.0000e+00 8.6000e+00 0.0000e+00
  1.0600e+01 1.0518e+03 7.8000e+00 3.4000e+00 6.8000e+00 1.1600e+01
  0.0000e+00 2.0000e-01 1.3000e+01]
 [0.0000e+00 0.0000e+00 0.0000e+00 8.0000e-01 0.0000e+00 0.0000e+00
  2.6000e+00 5.2000e+00 1.0990e+03 8.0000e+00 5.4000e+00 6.0000e+00
  0.0000e+00 0.0000e+00 0.0000e+00]
 [0.0000e+00 0.0000e+00 0.0000e+00 0.0000e+00 0.0000e+00 0.0000e+00
  1.2000e+00 0.0000e+00 8.0000e-01 1.0966e+03 2.4000e+00 0.0000e+00
  3.0000e+00 0.0000e+00 0.0000e+00]
 [0.0000e+00 0.0000e+00 0.0000e+00 0.0000e+00 0.0000e+00 0.0000e+00
  0.0000e+00 0.0000e+00 3.0000e+00 9.6000e+00 1.0994e+03 0.0000e+00
  0.0000e+00 0.0000e+00 0.0000e+00]
 [0.0000e+00 0.0000e+00 0.0000e+00 0.0000e+00 1.2000e+00 0.0000e+00
  7.6000e+00 6.0000e-01 9.0000e+00 4.0000e+00 2.0000e-01 1.0784e+03
  9.0000e+00 0.0000e+00 0.0000e+00]
 [0.0000e+00 0.0000e+00 0.0000e+00 0.0000e+00 0.0000e+00 0.0000e+00
  0.0000e+00 0.0000e+00 0.0000e+00 3.6000e+00 4.0000e-01 1.2000e+00
  4.1680e+02 0.0000e+00 0.0000e+00]
 [0.0000e+00 0.0000e+00 0.0000e+00 0.0000e+00 0.0000e+00 0.0000e+00
  0.0000e+00 0.0000e+00 0.0000e+00 0.0000e+00 0.0000e+00 0.0000e+00
  0.0000e+00 3.8500e+02 0.0000e+00]
 [0.0000e+00 0.0000e+00 2.6000e+00 0.0000e+00 0.0000e+00 0.0000e+00
  0.0000e+00 0.0000e+00 0.0000e+00 0.0000e+00 0.0000e+00 0.0000e+00
  0.0000e+00 0.0000e+00 5.9140e+02]]---
Accuracy: 98.38 +- 0.29
---
class acc :
	Healthy grass: 97.96 +- 2.38
	Stressed grass: 98.87 +- 0.85
	Synthetic grass: 99.84 +- 0.17
	Trees: 99.11 +- 0.67
	Soil: 100.00 +- 0.00
	Water: 96.03 +- 5.10
	Residential: 99.54 +- 0.33
	Commercial: 93.91 +- 1.44
	Road: 97.52 +- 0.91
	Highway: 99.33 +- 0.82
	Railway: 98.87 +- 1.17
	Parking Lot 1: 97.15 +- 1.39
	Parking Lot 2: 98.77 +- 1.60
	Tennis Court: 100.00 +- 0.00
	Running Track: 99.56 +- 0.88
---
AA: 98.43 +- 0.41
Kappa: 98.25 +- 0.31
