run 1 / 5
Best validation overall accuracy 0.8671875
Confusion matrix :
[[243   0   0   0   0   0   0   0   0   0   0   0   0   0]
 [  0  31   0   0   0  60   0   0   0   0   0   0   0   0]
 [  0   0 219   0   0   0   0   0   2   5   0   0   0   0]
 [  0   0  11 128   6   2   0   0  47   0   0   0   0   0]
 [  0   3   0   1 188  45   0   0   1   0   0   3   1   0]
 [  0   0   0   0  40 141   0   0  61   0   0   0   0   0]
 [  0   0   0   0   0   0 233   0   0   0   0   0   0   0]
 [  0   0   0   0   0   0   0 133   0   0  50   0   0   0]
 [  0   0   2   3   0   1   0   0 277   0   0   0   0   0]
 [  0   0   0   0   0   0   0   0   0 210  13   0   0   0]
 [  0   0   0   0   0   0   0   0   0   1 274   0   0   0]
 [  0   0   0   0   0   0   0   0   0   0   0 162   1   0]
 [  0   0   0   0   0   0   0   0   0   0   0   1 240   0]
 [  0   0   0   0   0   0   0   3   0   0   0   2   0  80]]---
Accuracy : 87.52%
---
class acc :
	Water: 100.00
	Hippo grass: 34.07
	Floodplain grasses 1: 96.90
	Floodplain grasses 2: 65.98
	Reeds: 77.69
	Riparian: 58.26
	Firescar: 100.00
	Island interior: 72.68
	Acacia woodlands: 97.88
	Acacia shrublands: 94.17
	Acacia grasslands: 99.64
	Short mopane: 99.39
	Mixed mopane: 99.59
	Exposed soils: 94.12
---
AA: 85.03%
Kappa: 86.44
run 2 / 5
Best validation overall accuracy 0.875
Confusion matrix :
[[243   0   0   0   0   0   0   0   0   0   0   0   0   0]
 [  0  72   0   0  19   0   0   0   0   0   0   0   0   0]
 [  0   0 226   0   0   0   0   0   0   0   0   0   0   0]
 [  0   0  13 176   1   2   0   0   2   0   0   0   0   0]
 [  0   1   0  12 192  13   0   0   0   0   0   0  24   0]
 [  0   0   0   0   8 123   0   0 105   0   0   0   6   0]
 [  0   0   2   0   0   0 231   0   0   0   0   0   0   0]
 [  0   0   0   0   0   0   0  47   0   8  51  77   0   0]
 [  0   0   2   0   1   5   0   0 275   0   0   0   0   0]
 [  0   0   0   0   0   0   0   0   0 215   8   0   0   0]
 [  0   0   0   0   0   0   0   0   0   9 266   0   0   0]
 [  0   0   0   0   0   0   0   0   0   0   0 161   2   0]
 [  0   0   0   0   0   0   0   0   0   0   0   2 239   0]
 [  0   0   0   0   0   0   0   0   0   0   2   7   0  76]]---
Accuracy : 86.94%
---
class acc :
	Water: 100.00
	Hippo grass: 79.12
	Floodplain grasses 1: 100.00
	Floodplain grasses 2: 90.72
	Reeds: 79.34
	Riparian: 50.83
	Firescar: 99.14
	Island interior: 25.68
	Acacia woodlands: 97.17
	Acacia shrublands: 96.41
	Acacia grasslands: 96.73
	Short mopane: 98.77
	Mixed mopane: 99.17
	Exposed soils: 89.41
---
AA: 85.89%
Kappa: 85.83
run 3 / 5
Best validation overall accuracy 0.8984375
Confusion matrix :
[[243   0   0   0   0   0   0   0   0   0   0   0   0   0]
 [  1  49   0   0   1  40   0   0   0   0   0   0   0   0]
 [  0   0 226   0   0   0   0   0   0   0   0   0   0   0]
 [  0   0  11 161  14   5   0   0   3   0   0   0   0   0]
 [  0   8   0   0 194  30   0   0   1   0   0   0   9   0]
 [  0   0   0   0  29 203   0   0  10   0   0   0   0   0]
 [  0   0   1   0   0   0 232   0   0   0   0   0   0   0]
 [  0   0   0   0   0   0   0 124   0   4  52   3   0   0]
 [  0   0   0   0   0  35   0   0 246   2   0   0   0   0]
 [  0   0   0   0   0   0   0   2   0 210  11   0   0   0]
 [  0   0   0   0   0   0   0   0   0   1 274   0   0   0]
 [  0   0   0   0   0   0   0   0   0   0   2 160   1   0]
 [  0   0   0   0   0   0   0   1   0   0   0   4 236   0]
 [  0   0   0   0   0   0   0   4   0   0  81   0   0   0]]---
Accuracy : 87.48%
---
class acc :
	Water: 100.00
	Hippo grass: 53.85
	Floodplain grasses 1: 100.00
	Floodplain grasses 2: 82.99
	Reeds: 80.17
	Riparian: 83.88
	Firescar: 99.57
	Island interior: 67.76
	Acacia woodlands: 86.93
	Acacia shrublands: 94.17
	Acacia grasslands: 99.64
	Short mopane: 98.16
	Mixed mopane: 97.93
	Exposed soils: 0.00
---
AA: 81.79%
Kappa: 86.39
run 4 / 5
Best validation overall accuracy 0.8984375
Confusion matrix :
[[243   0   0   0   0   0   0   0   0   0   0   0   0   0]
 [  2  71   0   0  18   0   0   0   0   0   0   0   0   0]
 [  0   0 217   0   0   0   0   0   2   7   0   0   0   0]
 [  0   0   5 177   0   9   0   0   3   0   0   0   0   0]
 [  0   2   0  14 187  11   0   0   0   0   0   0  28   0]
 [  0   0   0   0  15 140   0   0  69   0   0   0  18   0]
 [  0   0   0   0   0   0 233   0   0   0   0   0   0   0]
 [  0   0   0   0   0   0   0 132   0  33  18   0   0   0]
 [  0   0   0   0   0   1   0   0 280   2   0   0   0   0]
 [  0   0   0   0   0   0   0   0   0 219   4   0   0   0]
 [  0   0   0   0   0   0   0   0   0  19 256   0   0   0]
 [  0   0   0   0   0   0   0   0   0   0   0 157   6   0]
 [  0   0   0   0   0   0   0   0   0   0   0   0 241   0]
 [  0   0   0   0   0   0   0  11   0   0   0   0   0  74]]---
Accuracy : 89.84%
---
class acc :
	Water: 100.00
	Hippo grass: 78.02
	Floodplain grasses 1: 96.02
	Floodplain grasses 2: 91.24
	Reeds: 77.27
	Riparian: 57.85
	Firescar: 100.00
	Island interior: 72.13
	Acacia woodlands: 98.94
	Acacia shrublands: 98.21
	Acacia grasslands: 93.09
	Short mopane: 96.32
	Mixed mopane: 100.00
	Exposed soils: 87.06
---
AA: 89.01%
Kappa: 88.98
run 5 / 5
Best validation overall accuracy 0.828125
Confusion matrix :
[[243   0   0   0   0   0   0   0   0   0   0   0   0   0]
 [  0  59   0   0  12  20   0   0   0   0   0   0   0   0]
 [  0   0 226   0   0   0   0   0   0   0   0   0   0   0]
 [  0   0   4 150  14   4   0   0  22   0   0   0   0   0]
 [  2   1   0   9 194  21   0   0   4   0   0   0  11   0]
 [  0   0   0   0  28 121   0   0  92   0   0   0   1   0]
 [  6   0   0   0   0   0 227   0   0   0   0   0   0   0]
 [  0   0   0   0   0   0   0  13   0   6 160   4   0   0]
 [  0   0   1   2   2   0   0   0 277   1   0   0   0   0]
 [  0   0   0   0   0   0   0   0   0 213  10   0   0   0]
 [  0   0   0   0   0   0   0   0   0   4 271   0   0   0]
 [  0   0   0   0   0   0   0   1   0   0  14 139   9   0]
 [  0   0   0   0   0   0   0   1   0   0   0   0 240   0]
 [  0   0   0   0   0   0   0   1   0   0  79   4   1   0]]---
Accuracy : 81.16%
---
class acc :
	Water: 100.00
	Hippo grass: 64.84
	Floodplain grasses 1: 100.00
	Floodplain grasses 2: 77.32
	Reeds: 80.17
	Riparian: 50.00
	Firescar: 97.42
	Island interior: 7.10
	Acacia woodlands: 97.88
	Acacia shrublands: 95.52
	Acacia grasslands: 98.55
	Short mopane: 85.28
	Mixed mopane: 99.59
	Exposed soils: 0.00
---
AA: 75.26%
Kappa: 79.47
Agregated results :
Confusion matrix :
[[2.430e+02 0.000e+00 0.000e+00 0.000e+00 0.000e+00 0.000e+00 0.000e+00
  0.000e+00 0.000e+00 0.000e+00 0.000e+00 0.000e+00 0.000e+00 0.000e+00]
 [6.000e-01 5.640e+01 0.000e+00 0.000e+00 1.000e+01 2.400e+01 0.000e+00
  0.000e+00 0.000e+00 0.000e+00 0.000e+00 0.000e+00 0.000e+00 0.000e+00]
 [0.000e+00 0.000e+00 2.228e+02 0.000e+00 0.000e+00 0.000e+00 0.000e+00
  0.000e+00 8.000e-01 2.400e+00 0.000e+00 0.000e+00 0.000e+00 0.000e+00]
 [0.000e+00 0.000e+00 8.800e+00 1.584e+02 7.000e+00 4.400e+00 0.000e+00
  0.000e+00 1.540e+01 0.000e+00 0.000e+00 0.000e+00 0.000e+00 0.000e+00]
 [4.000e-01 3.000e+00 0.000e+00 7.200e+00 1.910e+02 2.400e+01 0.000e+00
  0.000e+00 1.200e+00 0.000e+00 0.000e+00 6.000e-01 1.460e+01 0.000e+00]
 [0.000e+00 0.000e+00 0.000e+00 0.000e+00 2.400e+01 1.456e+02 0.000e+00
  0.000e+00 6.740e+01 0.000e+00 0.000e+00 0.000e+00 5.000e+00 0.000e+00]
 [1.200e+00 0.000e+00 6.000e-01 0.000e+00 0.000e+00 0.000e+00 2.312e+02
  0.000e+00 0.000e+00 0.000e+00 0.000e+00 0.000e+00 0.000e+00 0.000e+00]
 [0.000e+00 0.000e+00 0.000e+00 0.000e+00 0.000e+00 0.000e+00 0.000e+00
  8.980e+01 0.000e+00 1.020e+01 6.620e+01 1.680e+01 0.000e+00 0.000e+00]
 [0.000e+00 0.000e+00 1.000e+00 1.000e+00 6.000e-01 8.400e+00 0.000e+00
  0.000e+00 2.710e+02 1.000e+00 0.000e+00 0.000e+00 0.000e+00 0.000e+00]
 [0.000e+00 0.000e+00 0.000e+00 0.000e+00 0.000e+00 0.000e+00 0.000e+00
  4.000e-01 0.000e+00 2.134e+02 9.200e+00 0.000e+00 0.000e+00 0.000e+00]
 [0.000e+00 0.000e+00 0.000e+00 0.000e+00 0.000e+00 0.000e+00 0.000e+00
  0.000e+00 0.000e+00 6.800e+00 2.682e+02 0.000e+00 0.000e+00 0.000e+00]
 [0.000e+00 0.000e+00 0.000e+00 0.000e+00 0.000e+00 0.000e+00 0.000e+00
  2.000e-01 0.000e+00 0.000e+00 3.200e+00 1.558e+02 3.800e+00 0.000e+00]
 [0.000e+00 0.000e+00 0.000e+00 0.000e+00 0.000e+00 0.000e+00 0.000e+00
  4.000e-01 0.000e+00 0.000e+00 0.000e+00 1.400e+00 2.392e+02 0.000e+00]
 [0.000e+00 0.000e+00 0.000e+00 0.000e+00 0.000e+00 0.000e+00 0.000e+00
  3.800e+00 0.000e+00 0.000e+00 3.240e+01 2.600e+00 2.000e-01 4.600e+01]]---
Accuracy: 86.59 +- 2.89
---
class acc :
	Water: 100.00 +- 0.00
	Hippo grass: 61.98 +- 16.76
	Floodplain grasses 1: 98.58 +- 1.76
	Floodplain grasses 2: 81.65 +- 9.38
	Reeds: 78.93 +- 1.23
	Riparian: 60.17 +- 12.35
	Firescar: 99.23 +- 0.96
	Island interior: 49.07 +- 27.37
	Acacia woodlands: 95.76 +- 4.45
	Acacia shrublands: 95.70 +- 1.52
	Acacia grasslands: 97.53 +- 2.46
	Short mopane: 95.58 +- 5.25
	Mixed mopane: 99.25 +- 0.71
	Exposed soils: 54.12 +- 44.25
---
AA: 83.40 +- 4.67
Kappa: 85.42 +- 3.17
