run 1 / 5
Best validation overall accuracy 0.971875
Confusion matrix :
[[216   0   0   0   0   0   0   0   0   0   0   0   0   0]
 [  0  81   0   0   0   0   0   0   0   0   0   0   0   0]
 [  0   0 197   0   0   0   0   0   0   4   0   0   0   0]
 [  0   0   0 172   0   0   0   0   0   0   0   0   0   0]
 [  0   1   0   3 197  14   0   0   0   0   0   0   0   0]
 [  0   0   0   0  18 180   0   0  17   0   0   0   0   0]
 [  0   0   0   0   0   0 207   0   0   0   0   0   0   0]
 [  0   0   0   0   0   0   0 159   0   3   0   0   0   0]
 [  0   0   0   0   0  18   0   0 233   0   0   0   0   0]
 [  0   0   0   0   0   0   0   0   0 195   4   0   0   0]
 [  0   0   0   0   0   0   0   0   0   7 237   0   0   0]
 [  0   0   0   0   0   0   0   0   0   0   0 144   1   0]
 [  0   0   0   0   0   0   0   0   0   0   0   1 214   0]
 [  0   0   0   0   0   0   0   7   0   0   0   0   0  69]]---
Accuracy : 96.23%
---
class acc :
	Water: 100.00
	Hippo grass: 100.00
	Floodplain grasses 1: 98.01
	Floodplain grasses 2: 100.00
	Reeds: 91.63
	Riparian: 83.72
	Firescar: 100.00
	Island interior: 98.15
	Acacia woodlands: 92.83
	Acacia shrublands: 97.99
	Acacia grasslands: 97.13
	Short mopane: 99.31
	Mixed mopane: 99.53
	Exposed soils: 90.79
---
AA: 96.36%
Kappa: 95.91
run 2 / 5
Best validation overall accuracy 0.95
Confusion matrix :
[[216   0   0   0   0   0   0   0   0   0   0   0   0   0]
 [  1  78   0   0   2   0   0   0   0   0   0   0   0   0]
 [  0   0 193   0   0   0   1   0   0   7   0   0   0   0]
 [  0   0   6 166   0   0   0   0   0   0   0   0   0   0]
 [  0   0   0  16 179  20   0   0   0   0   0   0   0   0]
 [  0   0   0   0  17 145   0   0  53   0   0   0   0   0]
 [  0   0   0   0   0   0 207   0   0   0   0   0   0   0]
 [  0   0   0   0   0   0   0 160   0   0   2   0   0   0]
 [  0   0   0   3   0   1   0   0 245   2   0   0   0   0]
 [  0   0   0   0   0   0   0   0   0 195   4   0   0   0]
 [  0   0   0   0   0   0   0   0   0  10 234   0   0   0]
 [  0   0   0   0   0   0   0   0   0   0   0 145   0   0]
 [  0   0   0   0   0   0   0   0   0   0   0   1 214   0]
 [  0   0   0   0   0   0   0   4   0   0   0   0   0  72]]---
Accuracy : 94.23%
---
class acc :
	Water: 100.00
	Hippo grass: 96.30
	Floodplain grasses 1: 96.02
	Floodplain grasses 2: 96.51
	Reeds: 83.26
	Riparian: 67.44
	Firescar: 100.00
	Island interior: 98.77
	Acacia woodlands: 97.61
	Acacia shrublands: 97.99
	Acacia grasslands: 95.90
	Short mopane: 100.00
	Mixed mopane: 99.53
	Exposed soils: 94.74
---
AA: 94.58%
Kappa: 93.75
run 3 / 5
Best validation overall accuracy 0.953125
Confusion matrix :
[[216   0   0   0   0   0   0   0   0   0   0   0   0   0]
 [  0  79   0   0   2   0   0   0   0   0   0   0   0   0]
 [  0   0 200   0   0   0   1   0   0   0   0   0   0   0]
 [  0   0   0 169   3   0   0   0   0   0   0   0   0   0]
 [  0   1   0   7 190  11   0   0   0   0   0   4   2   0]
 [  0   0   0   0  15 185   0   0  13   0   0   0   2   0]
 [  0   0   0   0   0   0 207   0   0   0   0   0   0   0]
 [  0   0   0   0   0   0   0 158   0   4   0   0   0   0]
 [  0   0   1   0   0  12   0   0 236   2   0   0   0   0]
 [  0   0   1   0   0   0   0   0   0 192   6   0   0   0]
 [  0   0   0   0   0   0   0   0   0   9 235   0   0   0]
 [  0   0   0   0   0   0   0   0   0   0   0 144   1   0]
 [  0   0   0   0   0   0   0   0   0   0   0   0 215   0]
 [  0   0   0   0   0   0   0   6   0   0   0   0   0  70]]---
Accuracy : 96.04%
---
class acc :
	Water: 100.00
	Hippo grass: 97.53
	Floodplain grasses 1: 99.50
	Floodplain grasses 2: 98.26
	Reeds: 88.37
	Riparian: 86.05
	Firescar: 100.00
	Island interior: 97.53
	Acacia woodlands: 94.02
	Acacia shrublands: 96.48
	Acacia grasslands: 96.31
	Short mopane: 99.31
	Mixed mopane: 100.00
	Exposed soils: 92.11
---
AA: 96.11%
Kappa: 95.71
run 4 / 5
Best validation overall accuracy 0.965625
Confusion matrix :
[[216   0   0   0   0   0   0   0   0   0   0   0   0   0]
 [  0  78   0   0   3   0   0   0   0   0   0   0   0   0]
 [  0   0 195   0   0   0   0   0   0   6   0   0   0   0]
 [  0   0   0 169   3   0   0   0   0   0   0   0   0   0]
 [  0   4   0   3 204   4   0   0   0   0   0   0   0   0]
 [  0   0   0   0  25 152   0   0  38   0   0   0   0   0]
 [  0   0   0   0   0   0 207   0   0   0   0   0   0   0]
 [  0   0   0   0   0   0   0 138   0  10  14   0   0   0]
 [  0   0   1   0   0   0   0   0 249   1   0   0   0   0]
 [  0   0   0   0   0   0   0   0   0 193   6   0   0   0]
 [  0   0   0   0   0   0   0   0   0   6 238   0   0   0]
 [  0   0   0   0   0   0   0   0   0   0   0 144   1   0]
 [  0   0   0   0   0   0   0   0   0   0   0   0 215   0]
 [  0   0   0   0   0   0   0  10   0   0   0   0   0  66]]---
Accuracy : 94.81%
---
class acc :
	Water: 100.00
	Hippo grass: 96.30
	Floodplain grasses 1: 97.01
	Floodplain grasses 2: 98.26
	Reeds: 94.88
	Riparian: 70.70
	Firescar: 100.00
	Island interior: 85.19
	Acacia woodlands: 99.20
	Acacia shrublands: 96.98
	Acacia grasslands: 97.54
	Short mopane: 99.31
	Mixed mopane: 100.00
	Exposed soils: 86.84
---
AA: 94.44%
Kappa: 94.37
run 5 / 5
Best validation overall accuracy 0.95625
Confusion matrix :
[[216   0   0   0   0   0   0   0   0   0   0   0   0   0]
 [  0  75   0   0   6   0   0   0   0   0   0   0   0   0]
 [  0   0 201   0   0   0   0   0   0   0   0   0   0   0]
 [  0   0   0 172   0   0   0   0   0   0   0   0   0   0]
 [  0   1   0  15 191   8   0   0   0   0   0   0   0   0]
 [  0   0   0   0  21 179   0   0  15   0   0   0   0   0]
 [  0   0   0   0   0   0 207   0   0   0   0   0   0   0]
 [  0   0   0   0   0   0   0 155   0   7   0   0   0   0]
 [  0   0   0   5   0  29   0   0 216   1   0   0   0   0]
 [  0   0   6   0   0   0   0   0   0 191   2   0   0   0]
 [  0   0   0   0   0   0   0   0   0  12 232   0   0   0]
 [  0   0   0   0   0   0   0   0   0   0   0 143   2   0]
 [  0   0   0   0   0   0   0   0   0   0   0   0 215   0]
 [  0   0   0   0   0   0   0   7   0   0   0   0   0  69]]---
Accuracy : 94.73%
---
class acc :
	Water: 100.00
	Hippo grass: 92.59
	Floodplain grasses 1: 100.00
	Floodplain grasses 2: 100.00
	Reeds: 88.84
	Riparian: 83.26
	Firescar: 100.00
	Island interior: 95.68
	Acacia woodlands: 86.06
	Acacia shrublands: 95.98
	Acacia grasslands: 95.08
	Short mopane: 98.62
	Mixed mopane: 100.00
	Exposed soils: 90.79
---
AA: 94.78%
Kappa: 94.29
Agregated results :
Confusion matrix :
[[2.160e+02 0.000e+00 0.000e+00 0.000e+00 0.000e+00 0.000e+00 0.000e+00
  0.000e+00 0.000e+00 0.000e+00 0.000e+00 0.000e+00 0.000e+00 0.000e+00]
 [2.000e-01 7.820e+01 0.000e+00 0.000e+00 2.600e+00 0.000e+00 0.000e+00
  0.000e+00 0.000e+00 0.000e+00 0.000e+00 0.000e+00 0.000e+00 0.000e+00]
 [0.000e+00 0.000e+00 1.972e+02 0.000e+00 0.000e+00 0.000e+00 4.000e-01
  0.000e+00 0.000e+00 3.400e+00 0.000e+00 0.000e+00 0.000e+00 0.000e+00]
 [0.000e+00 0.000e+00 1.200e+00 1.696e+02 1.200e+00 0.000e+00 0.000e+00
  0.000e+00 0.000e+00 0.000e+00 0.000e+00 0.000e+00 0.000e+00 0.000e+00]
 [0.000e+00 1.400e+00 0.000e+00 8.800e+00 1.922e+02 1.140e+01 0.000e+00
  0.000e+00 0.000e+00 0.000e+00 0.000e+00 8.000e-01 4.000e-01 0.000e+00]
 [0.000e+00 0.000e+00 0.000e+00 0.000e+00 1.920e+01 1.682e+02 0.000e+00
  0.000e+00 2.720e+01 0.000e+00 0.000e+00 0.000e+00 4.000e-01 0.000e+00]
 [0.000e+00 0.000e+00 0.000e+00 0.000e+00 0.000e+00 0.000e+00 2.070e+02
  0.000e+00 0.000e+00 0.000e+00 0.000e+00 0.000e+00 0.000e+00 0.000e+00]
 [0.000e+00 0.000e+00 0.000e+00 0.000e+00 0.000e+00 0.000e+00 0.000e+00
  1.540e+02 0.000e+00 4.800e+00 3.200e+00 0.000e+00 0.000e+00 0.000e+00]
 [0.000e+00 0.000e+00 4.000e-01 1.600e+00 0.000e+00 1.200e+01 0.000e+00
  0.000e+00 2.358e+02 1.200e+00 0.000e+00 0.000e+00 0.000e+00 0.000e+00]
 [0.000e+00 0.000e+00 1.400e+00 0.000e+00 0.000e+00 0.000e+00 0.000e+00
  0.000e+00 0.000e+00 1.932e+02 4.400e+00 0.000e+00 0.000e+00 0.000e+00]
 [0.000e+00 0.000e+00 0.000e+00 0.000e+00 0.000e+00 0.000e+00 0.000e+00
  0.000e+00 0.000e+00 8.800e+00 2.352e+02 0.000e+00 0.000e+00 0.000e+00]
 [0.000e+00 0.000e+00 0.000e+00 0.000e+00 0.000e+00 0.000e+00 0.000e+00
  0.000e+00 0.000e+00 0.000e+00 0.000e+00 1.440e+02 1.000e+00 0.000e+00]
 [0.000e+00 0.000e+00 0.000e+00 0.000e+00 0.000e+00 0.000e+00 0.000e+00
  0.000e+00 0.000e+00 0.000e+00 0.000e+00 4.000e-01 2.146e+02 0.000e+00]
 [0.000e+00 0.000e+00 0.000e+00 0.000e+00 0.000e+00 0.000e+00 0.000e+00
  6.800e+00 0.000e+00 0.000e+00 0.000e+00 0.000e+00 0.000e+00 6.920e+01]]---
Accuracy: 95.21 +- 0.78
---
class acc :
	Water: 100.00 +- 0.00
	Hippo grass: 96.54 +- 2.39
	Floodplain grasses 1: 98.11 +- 1.49
	Floodplain grasses 2: 98.60 +- 1.31
	Reeds: 89.40 +- 3.85
	Riparian: 78.23 +- 7.61
	Firescar: 100.00 +- 0.00
	Island interior: 95.06 +- 5.05
	Acacia woodlands: 93.94 +- 4.57
	Acacia shrublands: 97.09 +- 0.80
	Acacia grasslands: 96.39 +- 0.88
	Short mopane: 99.31 +- 0.44
	Mixed mopane: 99.81 +- 0.23
	Exposed soils: 91.05 +- 2.55
---
AA: 95.25 +- 0.81
Kappa: 94.81 +- 0.85
