run 1 / 5
Best validation overall accuracy 0.921875
Confusion matrix :
[[1108   94    0   24    0    0    0    0    0    0    0    0    0    0
     0]
 [  54 1175    0    0    0    0    0    0    0    0    0    0    0    0
     0]
 [   0    0  643    0    0    0   40    0    0    0    0    0    0    0
     0]
 [   3    0    0 1206    0    0    9    0    1    0    0    0    0    0
     0]
 [   0    0    0    0 1202    0    0    0    0    0    0   15    0    0
     0]
 [   0    0    0    0    0  188   40    6    0    0    0    0   85    0
     0]
 [   0    0    0    0    0    0 1226    0    4    2    8    0    0    0
     3]
 [   0    0  116    0    0    0   75  835    8   22   10  118    0    1
    34]
 [   0    0    0    0    0    0    8    2  884  181   88   56    8    0
     0]
 [   0    0    0    0    0    0    0    0    0 1118    5   80    0    0
     0]
 [   0    0    0    0   18    0   41    1    3   81 1032    0   34    0
     0]
 [   0    0    0    0    0    0   59    0    3   96    4 1046    0    0
     0]
 [   0    0    0    0    0    0   29    1    0    9    2    0  419    0
     0]
 [   0    0    0    0    0    0    3    0    0    0    0    0    3  413
     0]
 [   0    0    0    0    0    0   16    0    0    0    0    0    0    0
   631]]---
Accuracy : 89.12%
---
class acc :
	Healthy grass: 90.38
	Stressed grass: 95.61
	Synthetic grass: 94.14
	Trees: 98.93
	Soil: 98.77
	Water: 58.93
	Residential: 98.63
	Commercial: 68.50
	Road: 72.05
	Highway: 92.93
	Railway: 85.29
	Parking Lot 1: 86.59
	Parking Lot 2: 91.09
	Tennis Court: 98.57
	Running Track: 97.53
---
AA: 88.53%
Kappa: 88.23
run 2 / 5
Best validation overall accuracy 0.953125
Confusion matrix :
[[1158   20    0   48    0    0    0    0    0    0    0    0    0    0
     0]
 [  57 1100    0   72    0    0    0    0    0    0    0    0    0    0
     0]
 [   0    0  651    0    0    0   32    0    0    0    0    0    0    0
     0]
 [  70    0    0 1148    0    0    0    0    1    0    0    0    0    0
     0]
 [   0    0    0    0 1217    0    0    0    0    0    0    0    0    0
     0]
 [   0    0    0    5    1  247   54    5    0    5    0    0    2    0
     0]
 [   0    2    7    0    0    0 1036   93   13    2    8   79    0    3
     0]
 [   0    0    0    0   70    0   32  881   16   27   15  160    0    0
    18]
 [   1    1    0    0   22    0    4    2 1100   48   28   20    0    0
     1]
 [   0    0    0    0    0    0    0    0   54 1135    4   10    0    0
     0]
 [   0    0    0    0    4    0   19   12   28  217  906    0   24    0
     0]
 [   0    0    0    0    0    0    2    0   45   17    0 1144    0    0
     0]
 [   0    0    0    0    0    0    1    0    0   17    2    1  439    0
     0]
 [   0    2    0    0    0    0   34   12    0    0    0    0    0  371
     0]
 [   0    0    0    0    0    0    0    0    0    0    0    0    0    0
   647]]---
Accuracy : 89.48%
---
class acc :
	Healthy grass: 94.45
	Stressed grass: 89.50
	Synthetic grass: 95.31
	Trees: 94.18
	Soil: 100.00
	Water: 77.43
	Residential: 83.35
	Commercial: 72.27
	Road: 89.65
	Highway: 94.35
	Railway: 74.88
	Parking Lot 1: 94.70
	Parking Lot 2: 95.43
	Tennis Court: 88.54
	Running Track: 100.00
---
AA: 89.60%
Kappa: 88.63
run 3 / 5
Best validation overall accuracy 0.9296875
Confusion matrix :
[[1033  130    0   63    0    0    0    0    0    0    0    0    0    0
     0]
 [ 115 1114    0    0    0    0    0    0    0    0    0    0    0    0
     0]
 [   0    0  665    0    0    0   18    0    0    0    0    0    0    0
     0]
 [   0    1    0 1218    0    0    0    0    0    0    0    0    0    0
     0]
 [   0    0    0    0 1214    0    0    3    0    0    0    0    0    0
     0]
 [   0    0    0    0    0  219   60    0    0    0    0    0   16    0
    24]
 [   0    0    1    0    0    0 1150   84    0    0    8    0    0    0
     0]
 [   0    0    0    0   28    0   34  979   14   22    4   99   30    0
     9]
 [   0    0    0    0   19    0   21    4 1127    9   19   28    0    0
     0]
 [   0    0    0    0    0    0    0    0  156 1019    3   25    0    0
     0]
 [   0    0    7    0   18    0   71   36   57   30  983    2    6    0
     0]
 [   0    0    0    0    0    0   60    0   29  162   63  894    0    0
     0]
 [   0    0    0    0    0    0    5    1    0   18    4   29  403    0
     0]
 [   0    0    0    0    0    0    5    0    0    0    0    0   10  404
     0]
 [   0    0    0    0    0    0    0    0    0    0    0    0    0    0
   647]]---
Accuracy : 88.73%
---
class acc :
	Healthy grass: 84.26
	Stressed grass: 90.64
	Synthetic grass: 97.36
	Trees: 99.92
	Soil: 99.75
	Water: 68.65
	Residential: 92.52
	Commercial: 80.31
	Road: 91.85
	Highway: 84.70
	Railway: 81.24
	Parking Lot 1: 74.01
	Parking Lot 2: 87.61
	Tennis Court: 96.42
	Running Track: 100.00
---
AA: 88.62%
Kappa: 87.81
run 4 / 5
Best validation overall accuracy 0.859375
Confusion matrix :
[[1008  185    0   33    0    0    0    0    0    0    0    0    0    0
     0]
 [   1 1228    0    0    0    0    0    0    0    0    0    0    0    0
     0]
 [   0    0  671    0    0    0   10    0    0    0    0    0    0    0
     2]
 [   0    0    0 1214    0    0    0    0    5    0    0    0    0    0
     0]
 [   0    0    0    0 1199    0    0   18    0    0    0    0    0    0
     0]
 [  10    0    0    5    1  250   42    8    0    0    0    0    3    0
     0]
 [   0    0    4    0    0    0 1182    4   11    5   26    3    3    5
     0]
 [   0    0    0    0   33    0   52  928    9   66   20   74    0   12
    25]
 [   0    0    0    0   17    0    2    3  973  122   86   24    0    0
     0]
 [   0    0    0    0    0    0    0    0   71  913   96  123    0    0
     0]
 [   0    0    0    0    0    0    0    6   72   57 1043    0   32    0
     0]
 [   0    0    0    0    0    0   59   14  179   54   64  838    0    0
     0]
 [   0    0    0    0    0    0    0    0    0   17    2    5  436    0
     0]
 [   0    0    0    0    0    0    3    0    0    0    0    0    3  413
     0]
 [   0    0    0    0    0    0    0    0    0    0    0    0    0    0
   647]]---
Accuracy : 87.87%
---
class acc :
	Healthy grass: 82.22
	Stressed grass: 99.92
	Synthetic grass: 98.24
	Trees: 99.59
	Soil: 98.52
	Water: 78.37
	Residential: 95.09
	Commercial: 76.13
	Road: 79.30
	Highway: 75.89
	Railway: 86.20
	Parking Lot 1: 69.37
	Parking Lot 2: 94.78
	Tennis Court: 98.57
	Running Track: 100.00
---
AA: 88.81%
Kappa: 86.89
run 5 / 5
Best validation overall accuracy 0.9453125
Confusion matrix :
[[1188   14    0   24    0    0    0    0    0    0    0    0    0    0
     0]
 [  94 1135    0    0    0    0    0    0    0    0    0    0    0    0
     0]
 [   0    0  681    0    0    0    0    0    0    0    0    0    0    0
     2]
 [  13    0    0 1206    0    0    0    0    0    0    0    0    0    0
     0]
 [   0    0    0    0 1217    0    0    0    0    0    0    0    0    0
     0]
 [   5    0    3    5    1    9   40    0    0    0    0    0  256    0
     0]
 [   0    0    7    2    0    0 1058  102   10    0   59    0    0    3
     2]
 [   0    0    0    0    7    0   20 1061   53    0    4   39    6    0
    29]
 [   0    0    0    0   21    0    3    0 1088   32   63   16    4    0
     0]
 [   0    0    0    0    0    0    0    2   62  996   66   77    0    0
     0]
 [   0    0    0    0    3    0    0    0   31    5 1171    0    0    0
     0]
 [   0    0    0    0    0    0   58   37  144  101   64  804    0    0
     0]
 [   0    0    0    0    0    0    2    0    0    5   15    0  438    0
     0]
 [   0    0    0    0    0    0    0    1    0    0    0    0    0  418
     0]
 [   0    0    0    0    0    0    0    0    0    0    0    0    0    0
   647]]---
Accuracy : 89.06%
---
class acc :
	Healthy grass: 96.90
	Stressed grass: 92.35
	Synthetic grass: 99.71
	Trees: 98.93
	Soil: 100.00
	Water: 2.82
	Residential: 85.12
	Commercial: 87.04
	Road: 88.67
	Highway: 82.79
	Railway: 96.78
	Parking Lot 1: 66.56
	Parking Lot 2: 95.22
	Tennis Court: 99.76
	Running Track: 100.00
---
AA: 86.18%
Kappa: 88.16
Agregated results :
Confusion matrix :
[[1.0990e+03 8.8600e+01 0.0000e+00 3.8400e+01 0.0000e+00 0.0000e+00
  0.0000e+00 0.0000e+00 0.0000e+00 0.0000e+00 0.0000e+00 0.0000e+00
  0.0000e+00 0.0000e+00 0.0000e+00]
 [6.4200e+01 1.1504e+03 0.0000e+00 1.4400e+01 0.0000e+00 0.0000e+00
  0.0000e+00 0.0000e+00 0.0000e+00 0.0000e+00 0.0000e+00 0.0000e+00
  0.0000e+00 0.0000e+00 0.0000e+00]
 [0.0000e+00 0.0000e+00 6.6220e+02 0.0000e+00 0.0000e+00 0.0000e+00
  2.0000e+01 0.0000e+00 0.0000e+00 0.0000e+00 0.0000e+00 0.0000e+00
  0.0000e+00 0.0000e+00 8.0000e-01]
 [1.7200e+01 2.0000e-01 0.0000e+00 1.1984e+03 0.0000e+00 0.0000e+00
  1.8000e+00 0.0000e+00 1.4000e+00 0.0000e+00 0.0000e+00 0.0000e+00
  0.0000e+00 0.0000e+00 0.0000e+00]
 [0.0000e+00 0.0000e+00 0.0000e+00 0.0000e+00 1.2098e+03 0.0000e+00
  0.0000e+00 4.2000e+00 0.0000e+00 0.0000e+00 0.0000e+00 3.0000e+00
  0.0000e+00 0.0000e+00 0.0000e+00]
 [3.0000e+00 0.0000e+00 6.0000e-01 3.0000e+00 6.0000e-01 1.8260e+02
  4.7200e+01 3.8000e+00 0.0000e+00 1.0000e+00 0.0000e+00 0.0000e+00
  7.2400e+01 0.0000e+00 4.8000e+00]
 [0.0000e+00 4.0000e-01 3.8000e+00 4.0000e-01 0.0000e+00 0.0000e+00
  1.1304e+03 5.6600e+01 7.6000e+00 1.8000e+00 2.1800e+01 1.6400e+01
  6.0000e-01 2.2000e+00 1.0000e+00]
 [0.0000e+00 0.0000e+00 2.3200e+01 0.0000e+00 2.7600e+01 0.0000e+00
  4.2600e+01 9.3680e+02 2.0000e+01 2.7400e+01 1.0600e+01 9.8000e+01
  7.2000e+00 2.6000e+00 2.3000e+01]
 [2.0000e-01 2.0000e-01 0.0000e+00 0.0000e+00 1.5800e+01 0.0000e+00
  7.6000e+00 2.2000e+00 1.0344e+03 7.8400e+01 5.6800e+01 2.8800e+01
  2.4000e+00 0.0000e+00 2.0000e-01]
 [0.0000e+00 0.0000e+00 0.0000e+00 0.0000e+00 0.0000e+00 0.0000e+00
  0.0000e+00 4.0000e-01 6.8600e+01 1.0362e+03 3.4800e+01 6.3000e+01
  0.0000e+00 0.0000e+00 0.0000e+00]
 [0.0000e+00 0.0000e+00 1.4000e+00 0.0000e+00 8.6000e+00 0.0000e+00
  2.6200e+01 1.1000e+01 3.8200e+01 7.8000e+01 1.0270e+03 4.0000e-01
  1.9200e+01 0.0000e+00 0.0000e+00]
 [0.0000e+00 0.0000e+00 0.0000e+00 0.0000e+00 0.0000e+00 0.0000e+00
  4.7600e+01 1.0200e+01 8.0000e+01 8.6000e+01 3.9000e+01 9.4520e+02
  0.0000e+00 0.0000e+00 0.0000e+00]
 [0.0000e+00 0.0000e+00 0.0000e+00 0.0000e+00 0.0000e+00 0.0000e+00
  7.4000e+00 4.0000e-01 0.0000e+00 1.3200e+01 5.0000e+00 7.0000e+00
  4.2700e+02 0.0000e+00 0.0000e+00]
 [0.0000e+00 4.0000e-01 0.0000e+00 0.0000e+00 0.0000e+00 0.0000e+00
  9.0000e+00 2.6000e+00 0.0000e+00 0.0000e+00 0.0000e+00 0.0000e+00
  3.2000e+00 4.0380e+02 0.0000e+00]
 [0.0000e+00 0.0000e+00 0.0000e+00 0.0000e+00 0.0000e+00 0.0000e+00
  3.2000e+00 0.0000e+00 0.0000e+00 0.0000e+00 0.0000e+00 0.0000e+00
  0.0000e+00 0.0000e+00 6.4380e+02]]---
Accuracy: 88.85 +- 0.54
---
class acc :
	Healthy grass: 89.64 +- 5.67
	Stressed grass: 93.60 +- 3.77
	Synthetic grass: 96.95 +- 2.00
	Trees: 98.31 +- 2.10
	Soil: 99.41 +- 0.64
	Water: 57.24 +- 28.10
	Residential: 90.94 +- 5.84
	Commercial: 76.85 +- 6.43
	Road: 84.30 +- 7.48
	Highway: 86.13 +- 6.81
	Railway: 84.88 +- 7.17
	Parking Lot 1: 78.25 +- 10.71
	Parking Lot 2: 92.83 +- 3.05
	Tennis Court: 96.37 +- 4.06
	Running Track: 99.51 +- 0.99
---
AA: 88.35 +- 1.15
Kappa: 87.95 +- 0.59
