run 1 / 5
Best validation overall accuracy 0.9296875
Confusion matrix :
[[1085  117    0   24    0    0    0    0    0    0    0    0    0    0
     0]
 [   5 1218    0    6    0    0    0    0    0    0    0    0    0    0
     0]
 [   0    0  676    0    0    0    7    0    0    0    0    0    0    0
     0]
 [   4    2    0 1210    0    0    0    1    2    0    0    0    0    0
     0]
 [   0    0    0    0 1200    0    0   17    0    0    0    0    0    0
     0]
 [  11    0    0    0    0  262   40    6    0    0    0    0    0    0
     0]
 [   0    0   18    0    6    0 1194    3    3    0   12    7    0    0
     0]
 [   0    0    4    0    8    0   74  867   38  130    2   81    0    0
    15]
 [   0    0    0    0    1    0    6    0 1034   62   99   19    0    6
     0]
 [   0    0    0    0    0    0    0    0   54  997   22  130    0    0
     0]
 [   0    0    0    0   44    0    6    0   11   25 1098    0   16   10
     0]
 [   0    0    0    0    0    0   33   10   98   38   24 1005    0    0
     0]
 [   0    0    0    1    0    0    5    6   10    8   11   39  380    0
     0]
 [   0    0    0    0    0    0   19    0    0    0    0    0    0  400
     0]
 [   0    0    0    0    0    0   27    0    0    0    0    0    0    0
   620]]---
Accuracy : 89.93%
---
class acc :
	Healthy grass: 88.50
	Stressed grass: 99.10
	Synthetic grass: 98.98
	Trees: 99.26
	Soil: 98.60
	Water: 82.13
	Residential: 96.06
	Commercial: 71.12
	Road: 84.27
	Highway: 82.88
	Railway: 90.74
	Parking Lot 1: 83.20
	Parking Lot 2: 82.61
	Tennis Court: 95.47
	Running Track: 95.83
---
AA: 89.92%
Kappa: 89.11
run 2 / 5
Best validation overall accuracy 0.953125
Confusion matrix :
[[1163   36    0   27    0    0    0    0    0    0    0    0    0    0
     0]
 [  18 1177    0   34    0    0    0    0    0    0    0    0    0    0
     0]
 [   0    0  649    0    0    0   32    0    0    0    0    0    0    0
     2]
 [  95    0    0 1122    0    0    0    0    2    0    0    0    0    0
     0]
 [   0    0    0    0 1217    0    0    0    0    0    0    0    0    0
     0]
 [   0    0   49    0    0  204   44    6    0   15    0    0    1    0
     0]
 [   0    0    0    0    0    0 1108  108    9    6   11    1    0    0
     0]
 [   0    0    0    0   87    0   27  911    7   53    0  123    2    0
     9]
 [   0    0    0    0   21    0    4    0 1026  130   30   16    0    0
     0]
 [   0    0    0    0    0    0    0    0   43 1106   30   24    0    0
     0]
 [   0    0    0    0    2    0    5   17   29   74 1080    0    3    0
     0]
 [   0    0    0    0    0    0   42    0   37   27    0 1102    0    0
     0]
 [   0    0    5    0    0    0    5    0   12   14    5    0  417    2
     0]
 [   0    0    0    0    0    0    0    8    0    0    0    0    0  411
     0]
 [   0    0    0    0    0    0    0    0    0    0    0    0    0    0
   647]]---
Accuracy : 90.57%
---
class acc :
	Healthy grass: 94.86
	Stressed grass: 95.77
	Synthetic grass: 95.02
	Trees: 92.04
	Soil: 100.00
	Water: 63.95
	Residential: 89.14
	Commercial: 74.73
	Road: 83.62
	Highway: 91.94
	Railway: 89.26
	Parking Lot 1: 91.23
	Parking Lot 2: 90.65
	Tennis Court: 98.09
	Running Track: 100.00
---
AA: 90.02%
Kappa: 89.80
run 3 / 5
Best validation overall accuracy 0.9140625
Confusion matrix :
[[1034  116    0   76    0    0    0    0    0    0    0    0    0    0
     0]
 [  27 1199    0    3    0    0    0    0    0    0    0    0    0    0
     0]
 [   0    0  678    0    0    0    5    0    0    0    0    0    0    0
     0]
 [   0    0    0 1218    0    0    0    0    1    0    0    0    0    0
     0]
 [   0    0    0    0 1217    0    0    0    0    0    0    0    0    0
     0]
 [   0    0    0    0    0  254   43    0    0    0    0    0   22    0
     0]
 [   0    0    0    0    0    0 1157   65    0    1   10    0    2    8
     0]
 [   0    0    0    0   17    0   27  984   12   22    8  102   30    0
    17]
 [   0    0    0    0   20    0   10    2 1098   21   24   52    0    0
     0]
 [   0    0    0    0    0    0    0    0   72 1130    1    0    0    0
     0]
 [   0    0    2    0    3    0   16    1   45   90 1035    0   18    0
     0]
 [   0    0    0    0    0    0   45    0   14  143   64  942    0    0
     0]
 [   0    0    0    0    0    0    0    0    0   20    0   15  425    0
     0]
 [   0    0    0    0    0    0   13    1    0    0    0    0    2  403
     0]
 [   0    0    0    0    0    0    3    0    0    0    0    0    0    0
   644]]---
Accuracy : 91.10%
---
class acc :
	Healthy grass: 84.34
	Stressed grass: 97.56
	Synthetic grass: 99.27
	Trees: 99.92
	Soil: 100.00
	Water: 79.62
	Residential: 93.08
	Commercial: 80.72
	Road: 89.49
	Highway: 93.93
	Railway: 85.54
	Parking Lot 1: 77.98
	Parking Lot 2: 92.39
	Tennis Court: 96.18
	Running Track: 99.54
---
AA: 91.30%
Kappa: 90.38
run 4 / 5
Best validation overall accuracy 0.875
Confusion matrix :
[[1158   44    0   24    0    0    0    0    0    0    0    0    0    0
     0]
 [  20 1181    0   28    0    0    0    0    0    0    0    0    0    0
     0]
 [   0    0  680    0    0    0    0    0    0    0    0    0    0    0
     3]
 [  72    0    0 1147    0    0    0    0    0    0    0    0    0    0
     0]
 [   0    0    0    0 1215    0    0    0    0    0    1    1    0    0
     0]
 [   7    0   16   16    0  232   40    6    0    1    0    1    0    0
     0]
 [   0    0   12    3    1    0 1183    7    9    8    7    2    4    3
     4]
 [   0    0    2    0   32    0   52  910    1   83    4   94    0    0
    41]
 [   0    0    0    1   21    0    8   23  915  173   27   57    2    0
     0]
 [   0    0    0    0    0    0    0    0   17  956    7  223    0    0
     0]
 [   0    0    0    0    0    0    6    0   65   66 1052    0   21    0
     0]
 [   0    0    0    0    0    0   59   56   67   42   64  920    0    0
     0]
 [   0    0    0    0    0    0    0    0    0   19    0    1  440    0
     0]
 [   0    0    0    0    0    0    1    0    0    0    0    0    0  418
     0]
 [   0    0    0    0    0    0    0    0    0    0    0    0    0    0
   647]]---
Accuracy : 88.63%
---
class acc :
	Healthy grass: 94.45
	Stressed grass: 96.09
	Synthetic grass: 99.56
	Trees: 94.09
	Soil: 99.84
	Water: 72.73
	Residential: 95.17
	Commercial: 74.65
	Road: 74.57
	Highway: 79.47
	Railway: 86.94
	Parking Lot 1: 76.16
	Parking Lot 2: 95.65
	Tennis Court: 99.76
	Running Track: 100.00
---
AA: 89.28%
Kappa: 87.70
run 5 / 5
Best validation overall accuracy 0.9609375
Confusion matrix :
[[1119   83    0   24    0    0    0    0    0    0    0    0    0    0
     0]
 [   6 1223    0    0    0    0    0    0    0    0    0    0    0    0
     0]
 [   0    0  675    0    0    0    8    0    0    0    0    0    0    0
     0]
 [  24    4    0 1191    0    0    0    0    0    0    0    0    0    0
     0]
 [   0    0    0    0 1217    0    0    0    0    0    0    0    0    0
     0]
 [   8    0    0    0    1  246   58    6    0    0    0    0    0    0
     0]
 [   0    0    3    2    1    0 1101   80   20    4   32    0    0    0
     0]
 [   0    0    0    0    9    0   27  986   32   52    9   75    0    0
    29]
 [   0    0    0    0   26    0    6   14 1103   31   35   12    0    0
     0]
 [   0    0    0    0    0    0    0    0   44 1021   68   70    0    0
     0]
 [   0    0    0    0    0    0    0    0   32    7 1171    0    0    0
     0]
 [   0    0    0    0   80    0   22  177   14   21   64  830    0    0
     0]
 [   0    0    0    0    0    0   15    0    6    1   19    9  410    0
     0]
 [   0    0    0    0    0    0    0    0    0    0    0    0    0  419
     0]
 [   0    0    0    0    0    0    0    0    0    0    0    0    0    0
   647]]---
Accuracy : 90.70%
---
class acc :
	Healthy grass: 91.27
	Stressed grass: 99.51
	Synthetic grass: 98.83
	Trees: 97.70
	Soil: 100.00
	Water: 77.12
	Residential: 88.58
	Commercial: 80.89
	Road: 89.89
	Highway: 84.87
	Railway: 96.78
	Parking Lot 1: 68.71
	Parking Lot 2: 89.13
	Tennis Court: 100.00
	Running Track: 100.00
---
AA: 90.89%
Kappa: 89.94
Agregated results :
Confusion matrix :
[[1.1118e+03 7.9200e+01 0.0000e+00 3.5000e+01 0.0000e+00 0.0000e+00
  0.0000e+00 0.0000e+00 0.0000e+00 0.0000e+00 0.0000e+00 0.0000e+00
  0.0000e+00 0.0000e+00 0.0000e+00]
 [1.5200e+01 1.1996e+03 0.0000e+00 1.4200e+01 0.0000e+00 0.0000e+00
  0.0000e+00 0.0000e+00 0.0000e+00 0.0000e+00 0.0000e+00 0.0000e+00
  0.0000e+00 0.0000e+00 0.0000e+00]
 [0.0000e+00 0.0000e+00 6.7160e+02 0.0000e+00 0.0000e+00 0.0000e+00
  1.0400e+01 0.0000e+00 0.0000e+00 0.0000e+00 0.0000e+00 0.0000e+00
  0.0000e+00 0.0000e+00 1.0000e+00]
 [3.9000e+01 1.2000e+00 0.0000e+00 1.1776e+03 0.0000e+00 0.0000e+00
  0.0000e+00 2.0000e-01 1.0000e+00 0.0000e+00 0.0000e+00 0.0000e+00
  0.0000e+00 0.0000e+00 0.0000e+00]
 [0.0000e+00 0.0000e+00 0.0000e+00 0.0000e+00 1.2132e+03 0.0000e+00
  0.0000e+00 3.4000e+00 0.0000e+00 0.0000e+00 2.0000e-01 2.0000e-01
  0.0000e+00 0.0000e+00 0.0000e+00]
 [5.2000e+00 0.0000e+00 1.3000e+01 3.2000e+00 2.0000e-01 2.3960e+02
  4.5000e+01 4.8000e+00 0.0000e+00 3.2000e+00 0.0000e+00 2.0000e-01
  4.6000e+00 0.0000e+00 0.0000e+00]
 [0.0000e+00 0.0000e+00 6.6000e+00 1.0000e+00 1.6000e+00 0.0000e+00
  1.1486e+03 5.2600e+01 8.2000e+00 3.8000e+00 1.4400e+01 2.0000e+00
  1.2000e+00 2.2000e+00 8.0000e-01]
 [0.0000e+00 0.0000e+00 1.2000e+00 0.0000e+00 3.0600e+01 0.0000e+00
  4.1400e+01 9.3160e+02 1.8000e+01 6.8000e+01 4.6000e+00 9.5000e+01
  6.4000e+00 0.0000e+00 2.2200e+01]
 [0.0000e+00 0.0000e+00 0.0000e+00 2.0000e-01 1.7800e+01 0.0000e+00
  6.8000e+00 7.8000e+00 1.0352e+03 8.3400e+01 4.3000e+01 3.1200e+01
  4.0000e-01 1.2000e+00 0.0000e+00]
 [0.0000e+00 0.0000e+00 0.0000e+00 0.0000e+00 0.0000e+00 0.0000e+00
  0.0000e+00 0.0000e+00 4.6000e+01 1.0420e+03 2.5600e+01 8.9400e+01
  0.0000e+00 0.0000e+00 0.0000e+00]
 [0.0000e+00 0.0000e+00 4.0000e-01 0.0000e+00 9.8000e+00 0.0000e+00
  6.6000e+00 3.6000e+00 3.6400e+01 5.2400e+01 1.0872e+03 0.0000e+00
  1.1600e+01 2.0000e+00 0.0000e+00]
 [0.0000e+00 0.0000e+00 0.0000e+00 0.0000e+00 1.6000e+01 0.0000e+00
  4.0200e+01 4.8600e+01 4.6000e+01 5.4200e+01 4.3200e+01 9.5980e+02
  0.0000e+00 0.0000e+00 0.0000e+00]
 [0.0000e+00 0.0000e+00 1.0000e+00 2.0000e-01 0.0000e+00 0.0000e+00
  5.0000e+00 1.2000e+00 5.6000e+00 1.2400e+01 7.0000e+00 1.2800e+01
  4.1440e+02 4.0000e-01 0.0000e+00]
 [0.0000e+00 0.0000e+00 0.0000e+00 0.0000e+00 0.0000e+00 0.0000e+00
  6.6000e+00 1.8000e+00 0.0000e+00 0.0000e+00 0.0000e+00 0.0000e+00
  4.0000e-01 4.1020e+02 0.0000e+00]
 [0.0000e+00 0.0000e+00 0.0000e+00 0.0000e+00 0.0000e+00 0.0000e+00
  6.0000e+00 0.0000e+00 0.0000e+00 0.0000e+00 0.0000e+00 0.0000e+00
  0.0000e+00 0.0000e+00 6.4100e+02]]---
Accuracy: 90.19 +- 0.86
---
class acc :
	Healthy grass: 90.69 +- 3.93
	Stressed grass: 97.61 +- 1.52
	Synthetic grass: 98.33 +- 1.67
	Trees: 96.60 +- 3.05
	Soil: 99.69 +- 0.55
	Water: 75.11 +- 6.39
	Residential: 92.41 +- 3.06
	Commercial: 76.42 +- 3.81
	Road: 84.37 +- 5.54
	Highway: 86.62 +- 5.48
	Railway: 89.85 +- 3.90
	Parking Lot 1: 79.45 +- 7.50
	Parking Lot 2: 90.09 +- 4.32
	Tennis Court: 97.90 +- 1.83
	Running Track: 99.07 +- 1.63
---
AA: 90.28 +- 0.72
Kappa: 89.39 +- 0.93
