run 1 / 5
Best validation overall accuracy 0.8828125
Confusion matrix :
[[1076   55    0   86    0    0    0    0    9    0    0    0    0    0
     0]
 [  19 1208    0    2    0    0    0    0    0    0    0    0    0    0
     0]
 [   0    0  675    0    0    0    0    0    0    0    0    0    0    0
     8]
 [   5    0    0 1142    0    0   58    0   14    0    0    0    0    0
     0]
 [   0    0    0    0 1217    0    0    0    0    0    0    0    0    0
     0]
 [  57    0   30   11    4    0   45    0    6   57    0  109    0    0
     0]
 [   0    0    0    0    0    0 1233    0   10    0    0    0    0    0
     0]
 [   0    0    0    0    0    0   53  957    0   54    0  126    0    0
    29]
 [   0    0    0    9    0    0   32    0 1062   69   46    9    0    0
     0]
 [   0    0    0    0    0    0    0    0    0 1156    0   47    0    0
     0]
 [   0    0    0    0   12    0   37    0   31  310  820    0    0    0
     0]
 [   0    0   10    0    0    0   29   52   12    0    0 1105    0    0
     0]
 [   0    0    0    0    0    0   56    0   13   19    3  369    0    0
     0]
 [   0    0    0    0    0    0    2    1    0    0    0    0    0  416
     0]
 [   0    0    4    0    0    0    0    0    0    0    0    0    0    0
   643]]---
Accuracy : 86.29%
---
class acc :
	Healthy grass: 87.77
	Stressed grass: 98.29
	Synthetic grass: 98.83
	Trees: 93.68
	Soil: 100.00
	Water: 0.00
	Residential: 99.20
	Commercial: 78.51
	Road: 86.55
	Highway: 96.09
	Railway: 67.77
	Parking Lot 1: 91.47
	Parking Lot 2: 0.00
	Tennis Court: 99.28
	Running Track: 99.38
---
AA: 79.79%
Kappa: 85.14
run 2 / 5
Best validation overall accuracy 0.9375
Confusion matrix :
[[1172    0    0   54    0    0    0    0    0    0    0    0    0    0
     0]
 [  27 1069    0  133    0    0    0    0    0    0    0    0    0    0
     0]
 [   0    0  676    0    0    0    0    0    0    0    0    0    0    0
     7]
 [  71    0    0 1138    0    0    0    0   10    0    0    0    0    0
     0]
 [   0    0    0    0 1217    0    0    0    0    0    0    0    0    0
     0]
 [  50    2    0    4    9  197   36    0    6   15    0    0    0    0
     0]
 [   0    0    0   22    0    0 1179   29    9    0    0    2    2    0
     0]
 [   0    0    0    3   87    0   47  899   59   18    1   95    1    0
     9]
 [   0    0    0    0   21    0    6    6 1115   43   26   10    0    0
     0]
 [   0    0    0    0    0    0    0    0   53  984    9  157    0    0
     0]
 [   0    0    0    0    0    0    0    1    2   27 1180    0    0    0
     0]
 [   0    0    0    0    0    0    8   12   57    0    0 1131    0    0
     0]
 [   0    0    0   11    0    0    0    0    0   19    0  177  253    0
     0]
 [   0    0    0    0    0    0    0    0    0    0    0    0    0  419
     0]
 [   0    0    0    0    0    0    0    0    0    0    0    0    0    0
   647]]---
Accuracy : 90.14%
---
class acc :
	Healthy grass: 95.60
	Stressed grass: 86.98
	Synthetic grass: 98.98
	Trees: 93.36
	Soil: 100.00
	Water: 61.76
	Residential: 94.85
	Commercial: 73.75
	Road: 90.87
	Highway: 81.80
	Railway: 97.52
	Parking Lot 1: 93.63
	Parking Lot 2: 55.00
	Tennis Court: 100.00
	Running Track: 100.00
---
AA: 88.27%
Kappa: 89.32
run 3 / 5
Best validation overall accuracy 0.90625
Confusion matrix :
[[1031   13    0  182    0    0    0    0    0    0    0    0    0    0
     0]
 [ 112 1103    0   14    0    0    0    0    0    0    0    0    0    0
     0]
 [   0    0  670    0    0    0    0    0    0    0    0    0    0    0
    13]
 [   0    1    0 1175    0    0   35    0    8    0    0    0    0    0
     0]
 [   0    0    0    0 1216    0    0    1    0    0    0    0    0    0
     0]
 [  13    0    2    2    4  159   76    0   51   12    0    0    0    0
     0]
 [   0    0   33    9    0    0 1140   59    2    0    0    0    0    0
     0]
 [   0    0   14    0    0    0   27  920   20   95    0  126    0    0
    17]
 [   0    0    0    0   20    0   16    0 1109   31    2   49    0    0
     0]
 [   0    0    0    0    0    0    0    0   70  932  201    0    0    0
     0]
 [   0    0   49    0    0    0   15    0   35  105 1002    0    0    0
     4]
 [   0    0   36    0    0    0   25    0    7   18   64 1058    0    0
     0]
 [   0    0  115    0    0    0    6    0   15   17    3  205   55    4
    40]
 [   0    0    0    0    0    0    0    2    0    0    0    0    0  417
     0]
 [   0    0    0    0    0    0    0    0    0    0    0    0    0    0
   647]]---
Accuracy : 85.78%
---
class acc :
	Healthy grass: 84.09
	Stressed grass: 89.75
	Synthetic grass: 98.10
	Trees: 96.39
	Soil: 99.92
	Water: 49.84
	Residential: 91.71
	Commercial: 75.47
	Road: 90.38
	Highway: 77.47
	Railway: 82.81
	Parking Lot 1: 87.58
	Parking Lot 2: 11.96
	Tennis Court: 99.52
	Running Track: 100.00
---
AA: 82.33%
Kappa: 84.60
run 4 / 5
Best validation overall accuracy 0.8515625
Confusion matrix :
[[1196    5    0   25    0    0    0    0    0    0    0    0    0    0
     0]
 [  14 1171    0   44    0    0    0    0    0    0    0    0    0    0
     0]
 [   0    0  680    0    0    0    0    0    0    0    0    0    0    0
     3]
 [  20    2    0 1183    0    0    8    0    5    1    0    0    0    0
     0]
 [   0    0    0    0 1217    0    0    0    0    0    0    0    0    0
     0]
 [  23    1   96   22   39    4   40   34   29   11    0   20    0    0
     0]
 [   0    0    0    0    0    0 1226    0    0    7   10    0    0    0
     0]
 [   0    0    0    0    7    0   42 1041    0   18    3   35    0   32
    41]
 [   0    0    0    0   21    0   36   12 1052   57   28   21    0    0
     0]
 [   0    0    0    0    0    0    0    0   63  926   84  130    0    0
     0]
 [   0    0    0    0    0    0    7    0    0  109 1094    0    0    0
     0]
 [   0    0    0    0    0    0   59   31  191   47   64  816    0    0
     0]
 [   0    0    0    0    0    0   32   11    0   19    0   82  316    0
     0]
 [   0    0    0    0    0    0    0    0    0    0    0    0    1  418
     0]
 [   0    0    0    0    0    0    0    0    0    0    0    0    0    0
   647]]---
Accuracy : 88.17%
---
class acc :
	Healthy grass: 97.55
	Stressed grass: 95.28
	Synthetic grass: 99.56
	Trees: 97.05
	Soil: 100.00
	Water: 1.25
	Residential: 98.63
	Commercial: 85.40
	Road: 85.74
	Highway: 76.97
	Railway: 90.41
	Parking Lot 1: 67.55
	Parking Lot 2: 68.70
	Tennis Court: 99.76
	Running Track: 100.00
---
AA: 84.26%
Kappa: 87.20
run 5 / 5
Best validation overall accuracy 0.9453125
Confusion matrix :
[[1088  114    0   24    0    0    0    0    0    0    0    0    0    0
     0]
 [  82 1147    0    0    0    0    0    0    0    0    0    0    0    0
     0]
 [   0    0  682    0    0    0    0    0    0    0    0    0    0    0
     1]
 [   0   14    0 1192    0    0   12    0    1    0    0    0    0    0
     0]
 [   0    0    0    0 1216    0    0    1    0    0    0    0    0    0
     0]
 [  37    0    0   10    3  222   42    0    5    0    0    0    0    0
     0]
 [   0   11   38    0    0    0 1120   14   14    0   28    0    0    0
    18]
 [   0    0    0    0    2    0   27 1045   41    0    1   72    2    0
    29]
 [   0    0    0   20   22    0    3    0 1127    9   41    5    0    0
     0]
 [   0    0    0    0    0    0    0    2   45  897  247   12    0    0
     0]
 [   0    0    0    0    0    0    0    0   25    0 1185    0    0    0
     0]
 [   0    0    0    0   16    0   58    0  122   85   64  850   13    0
     0]
 [   0    0    0    0    0    0   34    0    0   20    6   20  380    0
     0]
 [   0    0    0    0    0    0   30    0    0    0    0    0    0  389
     0]
 [   0    0    4    0    0    0    0    0    0    0    0    0    0    0
   643]]---
Accuracy : 89.50%
---
class acc :
	Healthy grass: 88.74
	Stressed grass: 93.33
	Synthetic grass: 99.85
	Trees: 97.79
	Soil: 99.92
	Water: 69.59
	Residential: 90.10
	Commercial: 85.73
	Road: 91.85
	Highway: 74.56
	Railway: 97.93
	Parking Lot 1: 70.36
	Parking Lot 2: 82.61
	Tennis Court: 92.84
	Running Track: 99.38
---
AA: 88.97%
Kappa: 88.65
Agregated results :
Confusion matrix :
[[1.1126e+03 3.7400e+01 0.0000e+00 7.4200e+01 0.0000e+00 0.0000e+00
  0.0000e+00 0.0000e+00 1.8000e+00 0.0000e+00 0.0000e+00 0.0000e+00
  0.0000e+00 0.0000e+00 0.0000e+00]
 [5.0800e+01 1.1396e+03 0.0000e+00 3.8600e+01 0.0000e+00 0.0000e+00
  0.0000e+00 0.0000e+00 0.0000e+00 0.0000e+00 0.0000e+00 0.0000e+00
  0.0000e+00 0.0000e+00 0.0000e+00]
 [0.0000e+00 0.0000e+00 6.7660e+02 0.0000e+00 0.0000e+00 0.0000e+00
  0.0000e+00 0.0000e+00 0.0000e+00 0.0000e+00 0.0000e+00 0.0000e+00
  0.0000e+00 0.0000e+00 6.4000e+00]
 [1.9200e+01 3.4000e+00 0.0000e+00 1.1660e+03 0.0000e+00 0.0000e+00
  2.2600e+01 0.0000e+00 7.6000e+00 2.0000e-01 0.0000e+00 0.0000e+00
  0.0000e+00 0.0000e+00 0.0000e+00]
 [0.0000e+00 0.0000e+00 0.0000e+00 0.0000e+00 1.2166e+03 0.0000e+00
  0.0000e+00 4.0000e-01 0.0000e+00 0.0000e+00 0.0000e+00 0.0000e+00
  0.0000e+00 0.0000e+00 0.0000e+00]
 [3.6000e+01 6.0000e-01 2.5600e+01 9.8000e+00 1.1800e+01 1.1640e+02
  4.7800e+01 6.8000e+00 1.9400e+01 1.9000e+01 0.0000e+00 2.5800e+01
  0.0000e+00 0.0000e+00 0.0000e+00]
 [0.0000e+00 2.2000e+00 1.4200e+01 6.2000e+00 0.0000e+00 0.0000e+00
  1.1796e+03 2.0400e+01 7.0000e+00 1.4000e+00 7.6000e+00 4.0000e-01
  4.0000e-01 0.0000e+00 3.6000e+00]
 [0.0000e+00 0.0000e+00 2.8000e+00 6.0000e-01 1.9200e+01 0.0000e+00
  3.9200e+01 9.7240e+02 2.4000e+01 3.7000e+01 1.0000e+00 9.0800e+01
  6.0000e-01 6.4000e+00 2.5000e+01]
 [0.0000e+00 0.0000e+00 0.0000e+00 5.8000e+00 1.6800e+01 0.0000e+00
  1.8600e+01 3.6000e+00 1.0930e+03 4.1800e+01 2.8600e+01 1.8800e+01
  0.0000e+00 0.0000e+00 0.0000e+00]
 [0.0000e+00 0.0000e+00 0.0000e+00 0.0000e+00 0.0000e+00 0.0000e+00
  0.0000e+00 4.0000e-01 4.6200e+01 9.7900e+02 1.0820e+02 6.9200e+01
  0.0000e+00 0.0000e+00 0.0000e+00]
 [0.0000e+00 0.0000e+00 9.8000e+00 0.0000e+00 2.4000e+00 0.0000e+00
  1.1800e+01 2.0000e-01 1.8600e+01 1.1020e+02 1.0562e+03 0.0000e+00
  0.0000e+00 0.0000e+00 8.0000e-01]
 [0.0000e+00 0.0000e+00 9.2000e+00 0.0000e+00 3.2000e+00 0.0000e+00
  3.5800e+01 1.9000e+01 7.7800e+01 3.0000e+01 3.8400e+01 9.9200e+02
  2.6000e+00 0.0000e+00 0.0000e+00]
 [0.0000e+00 0.0000e+00 2.3000e+01 2.2000e+00 0.0000e+00 0.0000e+00
  2.5600e+01 2.2000e+00 5.6000e+00 1.8800e+01 2.4000e+00 1.7060e+02
  2.0080e+02 8.0000e-01 8.0000e+00]
 [0.0000e+00 0.0000e+00 0.0000e+00 0.0000e+00 0.0000e+00 0.0000e+00
  6.4000e+00 6.0000e-01 0.0000e+00 0.0000e+00 0.0000e+00 0.0000e+00
  2.0000e-01 4.1180e+02 0.0000e+00]
 [0.0000e+00 0.0000e+00 1.6000e+00 0.0000e+00 0.0000e+00 0.0000e+00
  0.0000e+00 0.0000e+00 0.0000e+00 0.0000e+00 0.0000e+00 0.0000e+00
  0.0000e+00 0.0000e+00 6.4540e+02]]---
Accuracy: 87.98 +- 1.72
---
class acc :
	Healthy grass: 90.75 +- 5.04
	Stressed grass: 92.73 +- 3.99
	Synthetic grass: 99.06 +- 0.61
	Trees: 95.65 +- 1.80
	Soil: 99.97 +- 0.04
	Water: 36.49 +- 29.95
	Residential: 94.90 +- 3.62
	Commercial: 79.77 +- 4.97
	Road: 89.08 +- 2.46
	Highway: 81.38 +- 7.72
	Railway: 87.29 +- 11.21
	Parking Lot 1: 82.12 +- 10.96
	Parking Lot 2: 43.65 +- 32.20
	Tennis Court: 98.28 +- 2.73
	Running Track: 99.75 +- 0.30
---
AA: 84.72 +- 3.49
Kappa: 86.98 +- 1.86
