run 1 / 5
Best validation overall accuracy 0.9375
Confusion matrix :
[[ 931  153    0  142    0    0    0    0    0    0    0    0    0    0
     0]
 [   0 1229    0    0    0    0    0    0    0    0    0    0    0    0
     0]
 [   0    0  676    0    0    0    7    0    0    0    0    0    0    0
     0]
 [   0    5    0 1213    0    0    0    0    1    0    0    0    0    0
     0]
 [   0    0    0    0 1214    0    0    1    0    0    0    2    0    0
     0]
 [   0    0    0    1    1  262   41    2    0    0    0    0   12    0
     0]
 [   0    0   10    0    0    0 1216    0    9    0    7    1    0    0
     0]
 [   0    0   20    0    0    0   68  971    3   18    0  121    0    0
    18]
 [   0    0    2    0    0    0    1    0 1087   57   63   17    0    0
     0]
 [   0    0    0    0    0    0    0    0   67 1111    5   20    0    0
     0]
 [   0   10    0    0    7    0   23    9   31    1 1070   13   46    0
     0]
 [   0    0   27    0    0    0   32   32   37    1    0 1079    0    0
     0]
 [   0    0    0    0    0    0    4    4    3    3    1    4  441    0
     0]
 [   0    0    0    0    0    0    5    0    0    0    0    0    0  414
     0]
 [   0    0    0    0    0    0    5    0    0    0    0    0    0    0
   642]]---
Accuracy : 92.04%
---
class acc :
	Healthy grass: 75.94
	Stressed grass: 100.00
	Synthetic grass: 98.98
	Trees: 99.51
	Soil: 99.75
	Water: 82.13
	Residential: 97.83
	Commercial: 79.66
	Road: 88.59
	Highway: 92.35
	Railway: 88.43
	Parking Lot 1: 89.32
	Parking Lot 2: 95.87
	Tennis Court: 98.81
	Running Track: 99.23
---
AA: 92.43%
Kappa: 91.39
run 2 / 5
Best validation overall accuracy 0.953125
Confusion matrix :
[[1161    2    0   63    0    0    0    0    0    0    0    0    0    0
     0]
 [  57 1071    0  101    0    0    0    0    0    0    0    0    0    0
     0]
 [   0    0  669    0    0    0   12    2    0    0    0    0    0    0
     0]
 [  85    1    0 1132    0    0    0    0    1    0    0    0    0    0
     0]
 [   0    0    0    0 1217    0    0    0    0    0    0    0    0    0
     0]
 [   0    0    2   33    1  228   38    6    1   10    0    0    0    0
     0]
 [   0    0    0    0    0    0 1081   96    8    5   19   34    0    0
     0]
 [   0    0    0    0   62    0   27  967    9   30   15   95    0    0
    14]
 [   0    0    0    0   21    0    0    4 1052   97   32   21    0    0
     0]
 [   0    0    0    0    0    0    0    0   41  968   76  118    0    0
     0]
 [   0    0    0    0    2    0   20    0    3   29 1149    0    7    0
     0]
 [   0    0    0    0    0    0   12    0   33    0    0 1163    0    0
     0]
 [   0    0    0    0    0    0   28    0   11    8   11    2  400    0
     0]
 [   0    0    0    0    0    0    0   10    0    0    0    0    0  409
     0]
 [   0    0    0    0    0    0    0    0    0    0    0    0    0    0
   647]]---
Accuracy : 90.39%
---
class acc :
	Healthy grass: 94.70
	Stressed grass: 87.14
	Synthetic grass: 97.95
	Trees: 92.86
	Soil: 100.00
	Water: 71.47
	Residential: 86.97
	Commercial: 79.33
	Road: 85.74
	Highway: 80.47
	Railway: 94.96
	Parking Lot 1: 96.27
	Parking Lot 2: 86.96
	Tennis Court: 97.61
	Running Track: 100.00
---
AA: 90.16%
Kappa: 89.61
run 3 / 5
Best validation overall accuracy 0.921875
Confusion matrix :
[[ 994  193    0   39    0    0    0    0    0    0    0    0    0    0
     0]
 [  20 1209    0    0    0    0    0    0    0    0    0    0    0    0
     0]
 [   0    0  661    0    0    0   22    0    0    0    0    0    0    0
     0]
 [   0   81    0 1137    0    0    0    0    1    0    0    0    0    0
     0]
 [   0    0    0    0 1216    0    0    0    0    0    0    1    0    0
     0]
 [   0    0    0    0    0  253   52    0    6    8    0    0    0    0
     0]
 [   0    0    0    0    0    0 1150   74    4    0    8    5    0    2
     0]
 [   0    0    0    0   10    0   27  975   31   22    2  122   20    0
    10]
 [   0    0    0    0   20    0   10    0 1002   31   23  141    0    0
     0]
 [   0    0    0    0    0    0    0    0   80 1108    6    9    0    0
     0]
 [   0    0    0    0    0    0   18    3   62   78 1041    0    7    1
     0]
 [   0    0    0    0    0    0   13    0    4   49   64 1078    0    0
     0]
 [   0    0    0    0    0    0    3    0    3   23    4    4  423    0
     0]
 [   0    0    0    0    0    0    0    0    0    0    0    0    2  417
     0]
 [   0    0    0    0    0    0    0    0    0    0    0    0    0    0
   647]]---
Accuracy : 90.37%
---
class acc :
	Healthy grass: 81.08
	Stressed grass: 98.37
	Synthetic grass: 96.78
	Trees: 93.27
	Soil: 99.92
	Water: 79.31
	Residential: 92.52
	Commercial: 79.98
	Road: 81.66
	Highway: 92.10
	Railway: 86.03
	Parking Lot 1: 89.24
	Parking Lot 2: 91.96
	Tennis Court: 99.52
	Running Track: 100.00
---
AA: 90.78%
Kappa: 89.59
run 4 / 5
Best validation overall accuracy 0.8671875
Confusion matrix :
[[ 995  207    0   24    0    0    0    0    0    0    0    0    0    0
     0]
 [   0 1207    0   22    0    0    0    0    0    0    0    0    0    0
     0]
 [   0    0  680    0    0    0    0    0    0    0    0    0    0    0
     3]
 [  10    6    0 1202    0    0    0    0    1    0    0    0    0    0
     0]
 [   0    0    0    0 1217    0    0    0    0    0    0    0    0    0
     0]
 [   5    0    0    0    1  209   82    6    0    1   15    0    0    0
     0]
 [   0    0    9    1    0    0 1186   12    6    5   17    3    0    3
     1]
 [   0    0    0    0    0    0   52  960   31   93    0   45    1    0
    37]
 [   0    0    0    0   21    0   26    5  946  142   53   34    0    0
     0]
 [   0    0    0    0    0    0    0    0   27  962   74  140    0    0
     0]
 [   0    0    0    0    0    0    2    0   23  118 1046    3   18    0
     0]
 [   0    0    0    0    0    0   59   20  139  136   64  790    0    0
     0]
 [   0    0    0    0    0    0    6   13    0   19    0    2  420    0
     0]
 [   0    0    0    0    0    0    4    0    0    0    0    0    0  415
     0]
 [   0    0    0    0    0    0    0    0    0    0    0    0    0    0
   647]]---
Accuracy : 87.46%
---
class acc :
	Healthy grass: 81.16
	Stressed grass: 98.21
	Synthetic grass: 99.56
	Trees: 98.61
	Soil: 100.00
	Water: 65.52
	Residential: 95.41
	Commercial: 78.75
	Road: 77.10
	Highway: 79.97
	Railway: 86.45
	Parking Lot 1: 65.40
	Parking Lot 2: 91.30
	Tennis Court: 99.05
	Running Track: 100.00
---
AA: 87.77%
Kappa: 86.44
run 5 / 5
Best validation overall accuracy 0.9609375
Confusion matrix :
[[1117   80    0   29    0    0    0    0    0    0    0    0    0    0
     0]
 [  60 1169    0    0    0    0    0    0    0    0    0    0    0    0
     0]
 [   0    0  682    0    0    0    0    0    0    0    0    0    0    0
     1]
 [   1    0    0 1217    0    0    1    0    0    0    0    0    0    0
     0]
 [   0    0    0    0 1217    0    0    0    0    0    0    0    0    0
     0]
 [  16    0   27    8    1  219   40    6    0    0    0    2    0    0
     0]
 [   0    0    3    0    0    0 1123   67   10    0   33    0    2    1
     4]
 [   0    0    2    0    7    0   28  962   62   89    1   38    0    0
    30]
 [   0    0    0    0   29    0    2    0 1110   35   49    2    0    0
     0]
 [   0    0    0    0    0    0    0    0    9 1149   33   12    0    0
     0]
 [   0    0    0    0    0    0    0    0   28    8 1174    0    0    0
     0]
 [   0    0    0    0  101    0   58    3  131    0   64  851    0    0
     0]
 [   0    0    0    0    0    0    5    0    2    7   13    1  432    0
     0]
 [   0    0    0    0    0    0    0    0    0    0    3    0    0  416
     0]
 [   0    0    0    0    0    0    0    0    0    0    0    0    0    0
   647]]---
Accuracy : 91.55%
---
class acc :
	Healthy grass: 91.11
	Stressed grass: 95.12
	Synthetic grass: 99.85
	Trees: 99.84
	Soil: 100.00
	Water: 68.65
	Residential: 90.35
	Commercial: 78.92
	Road: 90.46
	Highway: 95.51
	Railway: 97.02
	Parking Lot 1: 70.45
	Parking Lot 2: 93.91
	Tennis Court: 99.28
	Running Track: 100.00
---
AA: 91.37%
Kappa: 90.87
Agregated results :
Confusion matrix :
[[1.0396e+03 1.2700e+02 0.0000e+00 5.9400e+01 0.0000e+00 0.0000e+00
  0.0000e+00 0.0000e+00 0.0000e+00 0.0000e+00 0.0000e+00 0.0000e+00
  0.0000e+00 0.0000e+00 0.0000e+00]
 [2.7400e+01 1.1770e+03 0.0000e+00 2.4600e+01 0.0000e+00 0.0000e+00
  0.0000e+00 0.0000e+00 0.0000e+00 0.0000e+00 0.0000e+00 0.0000e+00
  0.0000e+00 0.0000e+00 0.0000e+00]
 [0.0000e+00 0.0000e+00 6.7360e+02 0.0000e+00 0.0000e+00 0.0000e+00
  8.2000e+00 4.0000e-01 0.0000e+00 0.0000e+00 0.0000e+00 0.0000e+00
  0.0000e+00 0.0000e+00 8.0000e-01]
 [1.9200e+01 1.8600e+01 0.0000e+00 1.1802e+03 0.0000e+00 0.0000e+00
  2.0000e-01 0.0000e+00 8.0000e-01 0.0000e+00 0.0000e+00 0.0000e+00
  0.0000e+00 0.0000e+00 0.0000e+00]
 [0.0000e+00 0.0000e+00 0.0000e+00 0.0000e+00 1.2162e+03 0.0000e+00
  0.0000e+00 2.0000e-01 0.0000e+00 0.0000e+00 0.0000e+00 6.0000e-01
  0.0000e+00 0.0000e+00 0.0000e+00]
 [4.2000e+00 0.0000e+00 5.8000e+00 8.4000e+00 8.0000e-01 2.3420e+02
  5.0600e+01 4.0000e+00 1.4000e+00 3.8000e+00 3.0000e+00 4.0000e-01
  2.4000e+00 0.0000e+00 0.0000e+00]
 [0.0000e+00 0.0000e+00 4.4000e+00 2.0000e-01 0.0000e+00 0.0000e+00
  1.1512e+03 4.9800e+01 7.4000e+00 2.0000e+00 1.6800e+01 8.6000e+00
  4.0000e-01 1.2000e+00 1.0000e+00]
 [0.0000e+00 0.0000e+00 4.4000e+00 0.0000e+00 1.5800e+01 0.0000e+00
  4.0400e+01 9.6700e+02 2.7200e+01 5.0400e+01 3.6000e+00 8.4200e+01
  4.2000e+00 0.0000e+00 2.1800e+01]
 [0.0000e+00 0.0000e+00 4.0000e-01 0.0000e+00 1.8200e+01 0.0000e+00
  7.8000e+00 1.8000e+00 1.0394e+03 7.2400e+01 4.4000e+01 4.3000e+01
  0.0000e+00 0.0000e+00 0.0000e+00]
 [0.0000e+00 0.0000e+00 0.0000e+00 0.0000e+00 0.0000e+00 0.0000e+00
  0.0000e+00 0.0000e+00 4.4800e+01 1.0596e+03 3.8800e+01 5.9800e+01
  0.0000e+00 0.0000e+00 0.0000e+00]
 [0.0000e+00 2.0000e+00 0.0000e+00 0.0000e+00 1.8000e+00 0.0000e+00
  1.2600e+01 2.4000e+00 2.9400e+01 4.6800e+01 1.0960e+03 3.2000e+00
  1.5600e+01 2.0000e-01 0.0000e+00]
 [0.0000e+00 0.0000e+00 5.4000e+00 0.0000e+00 2.0200e+01 0.0000e+00
  3.4800e+01 1.1000e+01 6.8800e+01 3.7200e+01 3.8400e+01 9.9220e+02
  0.0000e+00 0.0000e+00 0.0000e+00]
 [0.0000e+00 0.0000e+00 0.0000e+00 0.0000e+00 0.0000e+00 0.0000e+00
  9.2000e+00 3.4000e+00 3.8000e+00 1.2000e+01 5.8000e+00 2.6000e+00
  4.2320e+02 0.0000e+00 0.0000e+00]
 [0.0000e+00 0.0000e+00 0.0000e+00 0.0000e+00 0.0000e+00 0.0000e+00
  1.8000e+00 2.0000e+00 0.0000e+00 0.0000e+00 6.0000e-01 0.0000e+00
  4.0000e-01 4.1420e+02 0.0000e+00]
 [0.0000e+00 0.0000e+00 0.0000e+00 0.0000e+00 0.0000e+00 0.0000e+00
  1.0000e+00 0.0000e+00 0.0000e+00 0.0000e+00 0.0000e+00 0.0000e+00
  0.0000e+00 0.0000e+00 6.4600e+02]]---
Accuracy: 90.36 +- 1.59
---
class acc :
	Healthy grass: 84.80 +- 6.98
	Stressed grass: 95.77 +- 4.59
	Synthetic grass: 98.62 +- 1.13
	Trees: 96.82 +- 3.09
	Soil: 99.93 +- 0.10
	Water: 73.42 +- 6.32
	Residential: 92.61 +- 3.80
	Commercial: 79.33 +- 0.46
	Road: 84.71 +- 4.83
	Highway: 88.08 +- 6.53
	Railway: 90.58 +- 4.54
	Parking Lot 1: 82.14 +- 11.99
	Parking Lot 2: 92.00 +- 2.99
	Tennis Court: 98.85 +- 0.66
	Running Track: 99.85 +- 0.31
---
AA: 90.50 +- 1.56
Kappa: 89.58 +- 1.72
