run 1 / 5
Best validation overall accuracy 0.921875
Confusion matrix :
[[1111   91    0   24    0    0    0    0    0    0    0    0    0    0
     0]
 [  56 1172    0    0    0    0    0    0    1    0    0    0    0    0
     0]
 [   0    0  682    0    0    0    0    0    0    0    0    0    0    0
     1]
 [  42    1    0 1134    0    0   33    0    9    0    0    0    0    0
     0]
 [   0    0    0    0 1197    0   10    1    0    0    0    9    0    0
     0]
 [  36    0    0    0    0  223   40    6    0    0    0    0    0    0
    14]
 [   0    0    0    0    0    0 1209    0   22    0   12    0    0    0
     0]
 [   0    0    0    0    8    0   79  921    6   22   81   93    0    0
     9]
 [   0    0    0    0    0    0    9    0 1124   54   31    9    0    0
     0]
 [   0    0    0    0    0    0    0    0   43 1153    7    0    0    0
     0]
 [   0    0    0    0    0    0    0   28    9    0 1173    0    0    0
     0]
 [   0    0    0    0    0    1   59   24   47    5   13 1059    0    0
     0]
 [   0    0    0    0    0    0   27   14    6    0  407    1    5    0
     0]
 [   0    0    0    0    0    0    3    0    0    0    0    0    0  416
     0]
 [   0    0    3    0    0    0    0    0    0    0    0    0    0    0
   644]]---
Accuracy : 89.78%
---
class acc :
	Healthy grass: 90.62
	Stressed grass: 95.36
	Synthetic grass: 99.85
	Trees: 93.03
	Soil: 98.36
	Water: 69.91
	Residential: 97.26
	Commercial: 75.55
	Road: 91.61
	Highway: 95.84
	Railway: 96.94
	Parking Lot 1: 87.67
	Parking Lot 2: 1.09
	Tennis Court: 99.28
	Running Track: 99.54
---
AA: 86.13%
Kappa: 88.92
run 2 / 5
Best validation overall accuracy 0.953125
Confusion matrix :
[[1167    0    0   59    0    0    0    0    0    0    0    0    0    0
     0]
 [  52  995    0  175    0    0    6    0    1    0    0    0    0    0
     0]
 [   0    0  676    0    0    0    0    0    0    0    0    0    0    0
     7]
 [  73    0    0 1139    0    0    3    0    4    0    0    0    0    0
     0]
 [   0    0    0    0 1217    0    0    0    0    0    0    0    0    0
     0]
 [   1    0    2   25    0  225   62    1    0    0    0    2    0    1
     0]
 [   0    0    0    2    0    0 1173   41    9    0   12    6    0    0
     0]
 [   0    0    0    0   87    0   31  900   17   19   13  120   10   13
     9]
 [   0    2    0    0   19    0    3    8 1129   28   29    9    0    0
     0]
 [   0    0    0    0    0    0    0    0   90 1041   42   30    0    0
     0]
 [   0    0    0    0    0    0   15    0   31    1 1163    0    0    0
     0]
 [   0    0    0    0    0    0    3    0   25    0    0 1180    0    0
     0]
 [   0    0    0    1    0    0   16    0    6    3   28  175  231    0
     0]
 [   0    0    0    0    0    0    0    0    0    0    0    0    0  419
     0]
 [   0    0    0    0    0    0    0    0    0    0    0    0    0    0
   647]]---
Accuracy : 90.31%
---
class acc :
	Healthy grass: 95.19
	Stressed grass: 80.96
	Synthetic grass: 98.98
	Trees: 93.44
	Soil: 100.00
	Water: 70.53
	Residential: 94.37
	Commercial: 73.83
	Road: 92.01
	Highway: 86.53
	Railway: 96.12
	Parking Lot 1: 97.68
	Parking Lot 2: 50.22
	Tennis Court: 100.00
	Running Track: 100.00
---
AA: 88.66%
Kappa: 89.51
run 3 / 5
Best validation overall accuracy 0.9296875
Confusion matrix :
[[ 998  161    0   62    0    0    5    0    0    0    0    0    0    0
     0]
 [   0 1226    0    0    0    0    3    0    0    0    0    0    0    0
     0]
 [   0    0  680    0    0    0    0    0    0    0    0    0    0    0
     3]
 [   0    0    0 1218    0    0    0    0    1    0    0    0    0    0
     0]
 [   0    0    0    0 1202    0   13    2    0    0    0    0    0    0
     0]
 [   7    6   22    3    0  191   47    0    0    0    4    0   39    0
     0]
 [   0    2    0   28    0    0 1122   46    0    0   16    0    0   29
     0]
 [   0    0    5    0   30    0   28  967    0   24    0  146    4    6
     9]
 [   0    0    0    0   21    0   15    0 1136   13   25   17    0    0
     0]
 [   0    0    0    0    0    0    0    0   91 1105    7    0    0    0
     0]
 [   0    0    0    0    0    0   21    0   29  105 1052    0    3    0
     0]
 [   0    0    0    0    0    0   54    0    6   49    0 1097    2    0
     0]
 [   0    0    0    6    0    0    0    4    2   20    0  142  286    0
     0]
 [   1    0    0    0    0    0    0   12    0    0    0    0    0  406
     0]
 [   0    0    0    0    0    0    0    0    0    0    0    0    0    0
   647]]---
Accuracy : 90.52%
---
class acc :
	Healthy grass: 81.40
	Stressed grass: 99.76
	Synthetic grass: 99.56
	Trees: 99.92
	Soil: 98.77
	Water: 59.87
	Residential: 90.27
	Commercial: 79.33
	Road: 92.58
	Highway: 91.85
	Railway: 86.94
	Parking Lot 1: 90.81
	Parking Lot 2: 62.17
	Tennis Court: 96.90
	Running Track: 100.00
---
AA: 88.68%
Kappa: 89.75
run 4 / 5
Best validation overall accuracy 0.875
Confusion matrix :
[[1088  109    0   29    0    0    0    0    0    0    0    0    0    0
     0]
 [   1 1209    0   19    0    0    0    0    0    0    0    0    0    0
     0]
 [   0    0  674    0    0    0    1    0    0    0    0    0    0    0
     8]
 [   2    2    0 1202    0    0    7    0    4    2    0    0    0    0
     0]
 [   0    0    0    0 1207    0    0   10    0    0    0    0    0    0
     0]
 [  29    0    5    1    2  229   47    0    6    0    0    0    0    0
     0]
 [   0    1    0    9    0    0 1148    0   10    0   64    0    0    2
     9]
 [   0    0    0    0   34    7   37  980    5   18   19   62    8    0
    49]
 [   0   14    0    0    1    0   29    0 1027  100   47    9    0    0
     0]
 [   0    0    0    0    0    0    0    0    3  872  251   77    0    0
     0]
 [   0    0    0    0    0    0    4    0    0   44 1162    0    0    0
     0]
 [   0    0    0    0    0    0   59    0  202   43   64  840    0    0
     0]
 [   0    0    0    0    0    0    5    0    0   12    7   76  360    0
     0]
 [   0    0    0    0    0    0   11    0    0    0    1    0    1  406
     0]
 [   0    0    0    0    0    0    0    0    0    0    0    0    0    0
   647]]---
Accuracy : 88.61%
---
class acc :
	Healthy grass: 88.74
	Stressed grass: 98.37
	Synthetic grass: 98.68
	Trees: 98.61
	Soil: 99.18
	Water: 71.79
	Residential: 92.36
	Commercial: 80.39
	Road: 83.70
	Highway: 72.49
	Railway: 96.03
	Parking Lot 1: 69.54
	Parking Lot 2: 78.26
	Tennis Court: 96.90
	Running Track: 100.00
---
AA: 88.34%
Kappa: 87.68
run 5 / 5
Best validation overall accuracy 0.953125
Confusion matrix :
[[1069  121    0   36    0    0    0    0    0    0    0    0    0    0
     0]
 [  61 1168    0    0    0    0    0    0    0    0    0    0    0    0
     0]
 [   0    0  681    0    0    0    0    0    0    0    0    0    0    0
     2]
 [   0    0    0 1218    0    0    0    0    1    0    0    0    0    0
     0]
 [   0    0    0    0 1210    0    0    1    0    0    6    0    0    0
     0]
 [  10    1    0   30    4  155   77   30    8    4    0    0    0    0
     0]
 [   0    0    0    1    6    0 1141   52    0    5   35    0    0    0
     3]
 [   0    0    0    0    4    0   27  998    8   43   52   58    0    0
    29]
 [   4    0    0    0   23    0   11    3 1085   15   85    1    0    0
     0]
 [   0    0    0    0    0    0    0    0   17  941  245    0    0    0
     0]
 [   0    0    0    0    0    0    0    0   26    2 1182    0    0    0
     0]
 [   0    0    0    0    0    0    8   17   31   13   70 1069    0    0
     0]
 [   0    0    0    0    0    0   10    0   20    0   54   32  344    0
     0]
 [   0    0    0    2    0    0   11    0    0    0    0    0    0  406
     0]
 [   0    0    0    0    0    0    0    0    0    0    0    0    0    0
   647]]---
Accuracy : 90.39%
---
class acc :
	Healthy grass: 87.19
	Stressed grass: 95.04
	Synthetic grass: 99.71
	Trees: 99.92
	Soil: 99.42
	Water: 48.59
	Residential: 91.79
	Commercial: 81.87
	Road: 88.43
	Highway: 78.22
	Railway: 97.69
	Parking Lot 1: 88.49
	Parking Lot 2: 74.78
	Tennis Court: 96.90
	Running Track: 100.00
---
AA: 88.54%
Kappa: 89.60
Agregated results :
Confusion matrix :
[[1.0866e+03 9.6400e+01 0.0000e+00 4.2000e+01 0.0000e+00 0.0000e+00
  1.0000e+00 0.0000e+00 0.0000e+00 0.0000e+00 0.0000e+00 0.0000e+00
  0.0000e+00 0.0000e+00 0.0000e+00]
 [3.4000e+01 1.1540e+03 0.0000e+00 3.8800e+01 0.0000e+00 0.0000e+00
  1.8000e+00 0.0000e+00 4.0000e-01 0.0000e+00 0.0000e+00 0.0000e+00
  0.0000e+00 0.0000e+00 0.0000e+00]
 [0.0000e+00 0.0000e+00 6.7860e+02 0.0000e+00 0.0000e+00 0.0000e+00
  2.0000e-01 0.0000e+00 0.0000e+00 0.0000e+00 0.0000e+00 0.0000e+00
  0.0000e+00 0.0000e+00 4.2000e+00]
 [2.3400e+01 6.0000e-01 0.0000e+00 1.1822e+03 0.0000e+00 0.0000e+00
  8.6000e+00 0.0000e+00 3.8000e+00 4.0000e-01 0.0000e+00 0.0000e+00
  0.0000e+00 0.0000e+00 0.0000e+00]
 [0.0000e+00 0.0000e+00 0.0000e+00 0.0000e+00 1.2066e+03 0.0000e+00
  4.6000e+00 2.8000e+00 0.0000e+00 0.0000e+00 1.2000e+00 1.8000e+00
  0.0000e+00 0.0000e+00 0.0000e+00]
 [1.6600e+01 1.4000e+00 5.8000e+00 1.1800e+01 1.2000e+00 2.0460e+02
  5.4600e+01 7.4000e+00 2.8000e+00 8.0000e-01 8.0000e-01 4.0000e-01
  7.8000e+00 2.0000e-01 2.8000e+00]
 [0.0000e+00 6.0000e-01 0.0000e+00 8.0000e+00 1.2000e+00 0.0000e+00
  1.1586e+03 2.7800e+01 8.2000e+00 1.0000e+00 2.7800e+01 1.2000e+00
  0.0000e+00 6.2000e+00 2.4000e+00]
 [0.0000e+00 0.0000e+00 1.0000e+00 0.0000e+00 3.2600e+01 1.4000e+00
  4.0400e+01 9.5320e+02 7.2000e+00 2.5200e+01 3.3000e+01 9.5800e+01
  4.4000e+00 3.8000e+00 2.1000e+01]
 [8.0000e-01 3.2000e+00 0.0000e+00 0.0000e+00 1.2800e+01 0.0000e+00
  1.3400e+01 2.2000e+00 1.1002e+03 4.2000e+01 4.3400e+01 9.0000e+00
  0.0000e+00 0.0000e+00 0.0000e+00]
 [0.0000e+00 0.0000e+00 0.0000e+00 0.0000e+00 0.0000e+00 0.0000e+00
  0.0000e+00 0.0000e+00 4.8800e+01 1.0224e+03 1.1040e+02 2.1400e+01
  0.0000e+00 0.0000e+00 0.0000e+00]
 [0.0000e+00 0.0000e+00 0.0000e+00 0.0000e+00 0.0000e+00 0.0000e+00
  8.0000e+00 5.6000e+00 1.9000e+01 3.0400e+01 1.1464e+03 0.0000e+00
  6.0000e-01 0.0000e+00 0.0000e+00]
 [0.0000e+00 0.0000e+00 0.0000e+00 0.0000e+00 0.0000e+00 2.0000e-01
  3.6600e+01 8.2000e+00 6.2200e+01 2.2000e+01 2.9400e+01 1.0490e+03
  4.0000e-01 0.0000e+00 0.0000e+00]
 [0.0000e+00 0.0000e+00 0.0000e+00 1.4000e+00 0.0000e+00 0.0000e+00
  1.1600e+01 3.6000e+00 6.8000e+00 7.0000e+00 9.9200e+01 8.5200e+01
  2.4520e+02 0.0000e+00 0.0000e+00]
 [2.0000e-01 0.0000e+00 0.0000e+00 4.0000e-01 0.0000e+00 0.0000e+00
  5.0000e+00 2.4000e+00 0.0000e+00 0.0000e+00 2.0000e-01 0.0000e+00
  2.0000e-01 4.1060e+02 0.0000e+00]
 [0.0000e+00 0.0000e+00 6.0000e-01 0.0000e+00 0.0000e+00 0.0000e+00
  0.0000e+00 0.0000e+00 0.0000e+00 0.0000e+00 0.0000e+00 0.0000e+00
  0.0000e+00 0.0000e+00 6.4640e+02]]---
Accuracy: 89.92 +- 0.70
---
class acc :
	Healthy grass: 88.63 +- 4.50
	Stressed grass: 93.90 +- 6.71
	Synthetic grass: 99.36 +- 0.45
	Trees: 96.98 +- 3.10
	Soil: 99.15 +- 0.56
	Water: 64.14 +- 8.86
	Residential: 93.21 +- 2.42
	Commercial: 78.20 +- 3.02
	Road: 89.67 +- 3.31
	Highway: 84.99 +- 8.60
	Railway: 94.74 +- 3.95
	Parking Lot 1: 86.84 +- 9.34
	Parking Lot 2: 53.30 +- 27.92
	Tennis Court: 98.00 +- 1.36
	Running Track: 99.91 +- 0.19
---
AA: 88.07 +- 0.98
Kappa: 89.09 +- 0.76
