run 1 / 5
Best validation overall accuracy 0.921875
Confusion matrix :
[[1077  113    0   36    0    0    0    0    0    0    0    0    0    0
     0]
 [  28 1201    0    0    0    0    0    0    0    0    0    0    0    0
     0]
 [   0    0  674    0    0    0    9    0    0    0    0    0    0    0
     0]
 [   0    8    0 1204    0    0    6    0    1    0    0    0    0    0
     0]
 [   0    0    0    0 1217    0    0    0    0    0    0    0    0    0
     0]
 [  16    0    0    1    8  231   40    0   22    1    0    0    0    0
     0]
 [   0    0    0    0    0    0 1221    0   14    0    0    8    0    0
     0]
 [   0    0    0    0    0    0  135  860   38   50    1   96    2    6
    31]
 [   2    0    0    0    0    0    8    0 1081  107    2   27    0    0
     0]
 [   0    0    0    0    0    0    0    0   52 1130    2   19    0    0
     0]
 [   0    0    0    0    1    0   24    6    9  249  913    0    8    0
     0]
 [   0    0    0    0    0    0   39    0  126   21    0 1022    0    0
     0]
 [   0    0    0    0    0    0    4   16    2    0   31   13  394    0
     0]
 [   0    0    0    0    0    0    3    0    0    0    0    0    0  416
     0]
 [   0    0    0    0    0    0    0    0    0    0    0    0    0    0
   647]]---
Accuracy : 90.22%
---
class acc :
	Healthy grass: 87.85
	Stressed grass: 97.72
	Synthetic grass: 98.68
	Trees: 98.77
	Soil: 100.00
	Water: 72.41
	Residential: 98.23
	Commercial: 70.55
	Road: 88.10
	Highway: 93.93
	Railway: 75.45
	Parking Lot 1: 84.60
	Parking Lot 2: 85.65
	Tennis Court: 99.28
	Running Track: 100.00
---
AA: 90.08%
Kappa: 89.42
run 2 / 5
Best validation overall accuracy 0.9453125
Confusion matrix :
[[1166    0    0   60    0    0    0    0    0    0    0    0    0    0
     0]
 [  23 1048    0  158    0    0    0    0    0    0    0    0    0    0
     0]
 [   0    0  670    0    0    0    9    1    0    0    0    0    0    0
     3]
 [  81    0    0 1137    0    0    0    0    1    0    0    0    0    0
     0]
 [   0    0    0    0 1217    0    0    0    0    0    0    0    0    0
     0]
 [   9    0    0    1    2  216   38    0   43   10    0    0    0    0
     0]
 [   0    0    0    0    0    0 1063   99    9    5   10   57    0    0
     0]
 [   0    0    0    0   87    0   27  912   45   18   10  111    0    0
     9]
 [   0    0    0    0   21    0    2    0 1088   75   31   10    0    0
     0]
 [   0    0    0    0    0    0    0    0   43 1045   13  102    0    0
     0]
 [   0    0    0    0    3    0   29    4   29   17 1128    0    0    0
     0]
 [   0    0    0    0    0    0    8    0   51    0    0 1149    0    0
     0]
 [   0    0    0    0    0    0   20    0   18   12    8   50  352    0
     0]
 [   0    0    0    0    0    0    2    8    0    0    0    0    0  409
     0]
 [   0    0    0    0    0    0    0    0    0    0    0    0    0    0
   647]]---
Accuracy : 89.94%
---
class acc :
	Healthy grass: 95.11
	Stressed grass: 85.27
	Synthetic grass: 98.10
	Trees: 93.27
	Soil: 100.00
	Water: 67.71
	Residential: 85.52
	Commercial: 74.82
	Road: 88.67
	Highway: 86.87
	Railway: 93.22
	Parking Lot 1: 95.12
	Parking Lot 2: 76.52
	Tennis Court: 97.61
	Running Track: 100.00
---
AA: 89.19%
Kappa: 89.11
run 3 / 5
Best validation overall accuracy 0.9375
Confusion matrix :
[[1039  127    0   60    0    0    0    0    0    0    0    0    0    0
     0]
 [  24 1204    0    1    0    0    0    0    0    0    0    0    0    0
     0]
 [   0    0  666    0    0    0   17    0    0    0    0    0    0    0
     0]
 [   1    0    0 1218    0    0    0    0    0    0    0    0    0    0
     0]
 [   0    0    0    0 1217    0    0    0    0    0    0    0    0    0
     0]
 [   8    0   43   11    1  199   40    0    7    9    1    0    0    0
     0]
 [   0    0    0    0    0    0 1144   81    0    0   17    1    0    0
     0]
 [   0    0    0    0    6    0    0  948   32   17    3  197    0    0
    16]
 [   0    0    0    0   20    0   11    0 1127    8   31   30    0    0
     0]
 [   0    0    0    0    0    0    0    0  177  998   14   14    0    0
     0]
 [   0    0    0    0    3    0    5    0   90   59 1045    0    8    0
     0]
 [   0    0    0    0    0    0   18    0   67   26   63 1034    0    0
     0]
 [   0    0    0    0    0    0    5    0    3    2   18  103  329    0
     0]
 [   0    0    0    0    0    0    1    0    0    0    0    0    0  418
     0]
 [   0    0    0    0    0    0    0    0    0    0    0    0    0    0
   647]]---
Accuracy : 89.84%
---
class acc :
	Healthy grass: 84.75
	Stressed grass: 97.97
	Synthetic grass: 97.51
	Trees: 99.92
	Soil: 100.00
	Water: 62.38
	Residential: 92.04
	Commercial: 77.77
	Road: 91.85
	Highway: 82.96
	Railway: 86.36
	Parking Lot 1: 85.60
	Parking Lot 2: 71.52
	Tennis Court: 99.76
	Running Track: 100.00
---
AA: 88.69%
Kappa: 89.01
run 4 / 5
Best validation overall accuracy 0.8828125
Confusion matrix :
[[1161   36    0   29    0    0    0    0    0    0    0    0    0    0
     0]
 [   3 1160    0   66    0    0    0    0    0    0    0    0    0    0
     0]
 [   0    0  662    0    0    0   21    0    0    0    0    0    0    0
     0]
 [   9    0    0 1209    0    0    0    0    1    0    0    0    0    0
     0]
 [   0    0    0    0 1205    0    0   12    0    0    0    0    0    0
     0]
 [  13    0    0    8    1  229   44    0    9    4    0   11    0    0
     0]
 [   0    0    1    0    0    0 1202    4   15    2   15    0    0    0
     4]
 [   0    0    0    0    0    0   50  916   57   97    0   62    0   16
    21]
 [   0    0    0    0   21    0   24    6  952  150   55   19    0    0
     0]
 [   0    0    0    0    0    0    0    0    5  985   70  143    0    0
     0]
 [   0    0    0    0    0    0    7    0    0  129 1074    0    0    0
     0]
 [   0    0    0    0    0    0   59    1  112   92   64  880    0    0
     0]
 [   0    0    0    0    0    0    2   34    0   19    0   42  363    0
     0]
 [   0    0    0    0    0    0    7    4    0    0    0    0    0  408
     0]
 [   0    0    0    0    0    0    0    0    0    0    0    0    0    0
   647]]---
Accuracy : 88.62%
---
class acc :
	Healthy grass: 94.70
	Stressed grass: 94.39
	Synthetic grass: 96.93
	Trees: 99.18
	Soil: 99.01
	Water: 71.79
	Residential: 96.70
	Commercial: 75.14
	Road: 77.59
	Highway: 81.88
	Railway: 88.76
	Parking Lot 1: 72.85
	Parking Lot 2: 78.91
	Tennis Court: 97.37
	Running Track: 100.00
---
AA: 88.35%
Kappa: 87.69
run 5 / 5
Best validation overall accuracy 0.953125
Confusion matrix :
[[1101  101    0   24    0    0    0    0    0    0    0    0    0    0
     0]
 [   5 1224    0    0    0    0    0    0    0    0    0    0    0    0
     0]
 [   0    0  599    0    0    0   79    0    0    0    0    0    0    0
     5]
 [   1   13    0 1205    0    0    0    0    0    0    0    0    0    0
     0]
 [   0    0    0    0 1217    0    0    0    0    0    0    0    0    0
     0]
 [  10    0    0    1    0  259   40    0    7    0    0    0    2    0
     0]
 [   0    0    0    0    0    0 1136   74   14    0    2    7    0    0
    10]
 [   0    0    0    0    0    0   27 1005   44    0    2   89   23    0
    29]
 [   0    0    0    0   21    0    3    0 1104   14   36   49    0    0
     0]
 [   0    0    0    0    0    0    0    0   60  889   68  186    0    0
     0]
 [   0    0    0    0    0    0   21    0   31    0 1145   13    0    0
     0]
 [   0    0    0    0   61    0   56    0   80    2   64  945    0    0
     0]
 [   0    0    0    0    0    0    2    0    0    0   20   27  411    0
     0]
 [   0    0    0    0    0    0    0    0    0    0    0    0    0  419
     0]
 [   0    0    0    0    0    0    0    0    0    0    0    0    0    0
   647]]---
Accuracy : 90.34%
---
class acc :
	Healthy grass: 89.80
	Stressed grass: 99.59
	Synthetic grass: 87.70
	Trees: 98.85
	Soil: 100.00
	Water: 81.19
	Residential: 91.39
	Commercial: 82.44
	Road: 89.98
	Highway: 73.90
	Railway: 94.63
	Parking Lot 1: 78.23
	Parking Lot 2: 89.35
	Tennis Court: 100.00
	Running Track: 100.00
---
AA: 90.47%
Kappa: 89.55
Agregated results :
Confusion matrix :
[[1.1088e+03 7.5400e+01 0.0000e+00 4.1800e+01 0.0000e+00 0.0000e+00
  0.0000e+00 0.0000e+00 0.0000e+00 0.0000e+00 0.0000e+00 0.0000e+00
  0.0000e+00 0.0000e+00 0.0000e+00]
 [1.6600e+01 1.1674e+03 0.0000e+00 4.5000e+01 0.0000e+00 0.0000e+00
  0.0000e+00 0.0000e+00 0.0000e+00 0.0000e+00 0.0000e+00 0.0000e+00
  0.0000e+00 0.0000e+00 0.0000e+00]
 [0.0000e+00 0.0000e+00 6.5420e+02 0.0000e+00 0.0000e+00 0.0000e+00
  2.7000e+01 2.0000e-01 0.0000e+00 0.0000e+00 0.0000e+00 0.0000e+00
  0.0000e+00 0.0000e+00 1.6000e+00]
 [1.8400e+01 4.2000e+00 0.0000e+00 1.1946e+03 0.0000e+00 0.0000e+00
  1.2000e+00 0.0000e+00 6.0000e-01 0.0000e+00 0.0000e+00 0.0000e+00
  0.0000e+00 0.0000e+00 0.0000e+00]
 [0.0000e+00 0.0000e+00 0.0000e+00 0.0000e+00 1.2146e+03 0.0000e+00
  0.0000e+00 2.4000e+00 0.0000e+00 0.0000e+00 0.0000e+00 0.0000e+00
  0.0000e+00 0.0000e+00 0.0000e+00]
 [1.1200e+01 0.0000e+00 8.6000e+00 4.4000e+00 2.4000e+00 2.2680e+02
  4.0400e+01 0.0000e+00 1.7600e+01 4.8000e+00 2.0000e-01 2.2000e+00
  4.0000e-01 0.0000e+00 0.0000e+00]
 [0.0000e+00 0.0000e+00 2.0000e-01 0.0000e+00 0.0000e+00 0.0000e+00
  1.1532e+03 5.1600e+01 1.0400e+01 1.4000e+00 8.8000e+00 1.4600e+01
  0.0000e+00 0.0000e+00 2.8000e+00]
 [0.0000e+00 0.0000e+00 0.0000e+00 0.0000e+00 1.8600e+01 0.0000e+00
  4.7800e+01 9.2820e+02 4.3200e+01 3.6400e+01 3.2000e+00 1.1100e+02
  5.0000e+00 4.4000e+00 2.1200e+01]
 [4.0000e-01 0.0000e+00 0.0000e+00 0.0000e+00 1.6600e+01 0.0000e+00
  9.6000e+00 1.2000e+00 1.0704e+03 7.0800e+01 3.1000e+01 2.7000e+01
  0.0000e+00 0.0000e+00 0.0000e+00]
 [0.0000e+00 0.0000e+00 0.0000e+00 0.0000e+00 0.0000e+00 0.0000e+00
  0.0000e+00 0.0000e+00 6.7400e+01 1.0094e+03 3.3400e+01 9.2800e+01
  0.0000e+00 0.0000e+00 0.0000e+00]
 [0.0000e+00 0.0000e+00 0.0000e+00 0.0000e+00 1.4000e+00 0.0000e+00
  1.7200e+01 2.0000e+00 3.1800e+01 9.0800e+01 1.0610e+03 2.6000e+00
  3.2000e+00 0.0000e+00 0.0000e+00]
 [0.0000e+00 0.0000e+00 0.0000e+00 0.0000e+00 1.2200e+01 0.0000e+00
  3.6000e+01 2.0000e-01 8.7200e+01 2.8200e+01 3.8200e+01 1.0060e+03
  0.0000e+00 0.0000e+00 0.0000e+00]
 [0.0000e+00 0.0000e+00 0.0000e+00 0.0000e+00 0.0000e+00 0.0000e+00
  6.6000e+00 1.0000e+01 4.6000e+00 6.6000e+00 1.5400e+01 4.7000e+01
  3.6980e+02 0.0000e+00 0.0000e+00]
 [0.0000e+00 0.0000e+00 0.0000e+00 0.0000e+00 0.0000e+00 0.0000e+00
  2.6000e+00 2.4000e+00 0.0000e+00 0.0000e+00 0.0000e+00 0.0000e+00
  0.0000e+00 4.1400e+02 0.0000e+00]
 [0.0000e+00 0.0000e+00 0.0000e+00 0.0000e+00 0.0000e+00 0.0000e+00
  0.0000e+00 0.0000e+00 0.0000e+00 0.0000e+00 0.0000e+00 0.0000e+00
  0.0000e+00 0.0000e+00 6.4700e+02]]---
Accuracy: 89.79 +- 0.61
---
class acc :
	Healthy grass: 90.44 +- 3.99
	Stressed grass: 94.99 +- 5.14
	Synthetic grass: 95.78 +- 4.08
	Trees: 98.00 +- 2.40
	Soil: 99.80 +- 0.39
	Water: 71.10 +- 6.19
	Residential: 92.78 +- 4.48
	Commercial: 76.14 +- 3.91
	Road: 87.24 +- 4.99
	Highway: 83.91 +- 6.55
	Railway: 87.69 +- 6.80
	Parking Lot 1: 83.28 +- 7.50
	Parking Lot 2: 80.39 +- 6.38
	Tennis Court: 98.81 +- 1.10
	Running Track: 100.00 +- 0.00
---
AA: 89.36 +- 0.81
Kappa: 88.96 +- 0.66
