run 1 / 5
Best validation overall accuracy 0.9375
Confusion matrix :
[[1087   96    0   43    0    0    0    0    0    0    0    0    0    0
     0]
 [   7 1222    0    0    0    0    0    0    0    0    0    0    0    0
     0]
 [   0    0  678    0    0    0    5    0    0    0    0    0    0    0
     0]
 [   0    0    0 1216    0    0    2    0    1    0    0    0    0    0
     0]
 [   0    0    0    0 1204    0    0    0    0    0    0   13    0    0
     0]
 [   1    0    0    0    1  248   61    5    0    2    0    0    1    0
     0]
 [   0    0    0    0    2    0 1226    0    7    0    8    0    0    0
     0]
 [   0    0   32    0    0    0  136  879    4   53    1   96    0    0
    18]
 [   0    0    0    0    0    0    7    0 1059   81   69   11    0    0
     0]
 [   0    0    0    0    0    0    0    0   36 1069   44   54    0    0
     0]
 [   0    0    0    0   14    0   52   13    7   44 1067    0   13    0
     0]
 [   0    0    0    0    0    0   58   37   44    0    0 1069    0    0
     0]
 [   0    0    0    0    0    0   68    9    1    7    3    8  364    0
     0]
 [   0    0    0    0    0    0   14    0    0    0    0    0    0  405
     0]
 [   0    0    0    0    0    0    2    0    0    0    0    0    0    0
   645]]---
Accuracy : 91.23%
---
class acc :
	Healthy grass: 88.66
	Stressed grass: 99.43
	Synthetic grass: 99.27
	Trees: 99.75
	Soil: 98.93
	Water: 77.74
	Residential: 98.63
	Commercial: 72.11
	Road: 86.31
	Highway: 88.86
	Railway: 88.18
	Parking Lot 1: 88.49
	Parking Lot 2: 79.13
	Tennis Court: 96.66
	Running Track: 99.69
---
AA: 90.79%
Kappa: 90.52
run 2 / 5
Best validation overall accuracy 0.9375
Confusion matrix :
[[1191    8    0   27    0    0    0    0    0    0    0    0    0    0
     0]
 [  27 1075    0  127    0    0    0    0    0    0    0    0    0    0
     0]
 [   0    0  549    0    0    0  134    0    0    0    0    0    0    0
     0]
 [  73    0    0 1144    0    0    0    0    2    0    0    0    0    0
     0]
 [   0    0    0    0 1217    0    0    0    0    0    0    0    0    0
     0]
 [   0    0    0    6    0  245   62    6    0    0    0    0    0    0
     0]
 [   0    0    0    0    0    0 1050   94    3    6    2   85    0    0
     3]
 [   0    0    0    0   87    0   48  869    0   31   18  156    1    0
     9]
 [   0    0    0    0   22    0    5    2  949  150   79   20    0    0
     0]
 [   0    0    0    0    0    0    0    9    0  984  132   78    0    0
     0]
 [   0    0    0    0    1    0   34   27    0   19 1122    0    7    0
     0]
 [   0    0    0    0    0    0    8    0   10    0    0 1189    1    0
     0]
 [   0    0    0    0    0    0    7    0    0   12    7    1  431    0
     2]
 [   0    0    0    0    0    0    5   22    0    0    0    0    0  392
     0]
 [   0    0    0    0    0    0    0    0    0    0    0    0    0    0
   647]]---
Accuracy : 88.63%
---
class acc :
	Healthy grass: 97.15
	Stressed grass: 87.47
	Synthetic grass: 80.38
	Trees: 93.85
	Soil: 100.00
	Water: 76.80
	Residential: 84.47
	Commercial: 71.29
	Road: 77.34
	Highway: 81.80
	Railway: 92.73
	Parking Lot 1: 98.43
	Parking Lot 2: 93.70
	Tennis Court: 93.56
	Running Track: 100.00
---
AA: 88.60%
Kappa: 87.70
run 3 / 5
Best validation overall accuracy 0.9296875
Confusion matrix :
[[1034  158    0   34    0    0    0    0    0    0    0    0    0    0
     0]
 [  29 1200    0    0    0    0    0    0    0    0    0    0    0    0
     0]
 [   0    0  680    0    0    0    3    0    0    0    0    0    0    0
     0]
 [   0   73    0 1145    0    0    0    0    1    0    0    0    0    0
     0]
 [   0    0    0    0 1206    0    0   11    0    0    0    0    0    0
     0]
 [   0    0    0    0    1  271   41    0    0    0    0    0    6    0
     0]
 [   0    0    0    0    0    0 1139   91    0    1   10    2    0    0
     0]
 [   0    0    0    0   11    0    0 1014   18   17    6  134    3    0
    16]
 [   0    0    0    0   20    0    6    0 1098   41   30   32    0    0
     0]
 [   0    0    0    0    0    0    0    0  220  972    7    4    0    0
     0]
 [   0    0    0    0    2    0    5    2   51   82 1041    0   27    0
     0]
 [   0    0    0    0    0    0   60    0   73   29   37 1009    0    0
     0]
 [   0    0    0    0    0    0    5    0    0    7   13   24  411    0
     0]
 [   0    0    0    0    0    0    0    0    0    0    0    0    2  417
     0]
 [   0    0    0    0    0    0    0    0    0    0    0    0    0    0
   647]]---
Accuracy : 90.19%
---
class acc :
	Healthy grass: 84.34
	Stressed grass: 97.64
	Synthetic grass: 99.56
	Trees: 93.93
	Soil: 99.10
	Water: 84.95
	Residential: 91.63
	Commercial: 83.18
	Road: 89.49
	Highway: 80.80
	Railway: 86.03
	Parking Lot 1: 83.53
	Parking Lot 2: 89.35
	Tennis Court: 99.52
	Running Track: 100.00
---
AA: 90.87%
Kappa: 89.39
run 4 / 5
Best validation overall accuracy 0.8671875
Confusion matrix :
[[1103   99    0   24    0    0    0    0    0    0    0    0    0    0
     0]
 [   2 1227    0    0    0    0    0    0    0    0    0    0    0    0
     0]
 [   0    0  671    0    0    0   11    0    0    0    0    0    0    0
     1]
 [  15    0    0 1203    0    0    0    0    1    0    0    0    0    0
     0]
 [   0    0    0    0 1209    0    0    8    0    0    0    0    0    0
     0]
 [   0    0    6    0    0  248   59    6    0    0    0    0    0    0
     0]
 [   0    0    0    0    0    0 1203    4   17    0   12    0    0    0
     7]
 [   0    0    8    0   32    0   58  826   48  133    0   76    2    7
    29]
 [   0    0    0    0   22    0   31    0 1011   78   72   11    0    2
     0]
 [   0    0    0    0    0    0    0    0   73  907  131   92    0    0
     0]
 [   0    0    0    0    1    0    6    1   44   90 1046    1   19    2
     0]
 [   0    0    0    0    0    0   60    0  147   12   64  925    0    0
     0]
 [   0    0    0    0    0    0   10    0    1   19    0    2  428    0
     0]
 [   0    0    0    0    0    0    4    1    0    0    0    0    0  414
     0]
 [   0    0    0    0    0    0    0    0    0    0    0    0    0    0
   647]]---
Accuracy : 88.72%
---
class acc :
	Healthy grass: 89.97
	Stressed grass: 99.84
	Synthetic grass: 98.24
	Trees: 98.69
	Soil: 99.34
	Water: 77.74
	Residential: 96.78
	Commercial: 67.76
	Road: 82.40
	Highway: 75.39
	Railway: 86.45
	Parking Lot 1: 76.57
	Parking Lot 2: 93.04
	Tennis Court: 98.81
	Running Track: 100.00
---
AA: 89.40%
Kappa: 87.81
run 5 / 5
Best validation overall accuracy 0.953125
Confusion matrix :
[[1114   88    0   24    0    0    0    0    0    0    0    0    0    0
     0]
 [   2 1227    0    0    0    0    0    0    0    0    0    0    0    0
     0]
 [   0    0  681    0    0    0    0    0    0    0    0    0    0    0
     2]
 [  18    0    0 1201    0    0    0    0    0    0    0    0    0    0
     0]
 [   0    0    0    0 1217    0    0    0    0    0    0    0    0    0
     0]
 [   0    0   60    0    2  211   40    6    0    0    0    0    0    0
     0]
 [   0    0    0    0    0    0 1118   82    4    0   35    2    0    0
     2]
 [   0    0    0    0    8    0   27 1021   22    8   62   38    4    0
    29]
 [   0    0    0    0   23    0    6    0 1092   30   67    9    0    0
     0]
 [   0    0    0    0    0    0    0    0   55  882  206   60    0    0
     0]
 [   0    0    0    0    3    0    0    0   29    0 1177    0    0    0
     1]
 [   0    0    0    0   10    0   46   12   93   98   48  901    0    0
     0]
 [   0    0    0    0    0    0    0    0    0    1   19    0  440    0
     0]
 [   0    0    0    0    0    0    0    1    0    0    0    0    0  417
     1]
 [   0    0    0    0    0    0    0    0    0    0    0    0    0    0
   647]]---
Accuracy : 90.61%
---
class acc :
	Healthy grass: 90.86
	Stressed grass: 99.84
	Synthetic grass: 99.71
	Trees: 98.52
	Soil: 100.00
	Water: 66.14
	Residential: 89.94
	Commercial: 83.76
	Road: 89.00
	Highway: 73.32
	Railway: 97.27
	Parking Lot 1: 74.59
	Parking Lot 2: 95.65
	Tennis Court: 99.52
	Running Track: 100.00
---
AA: 90.54%
Kappa: 89.85
Agregated results :
Confusion matrix :
[[1.1058e+03 8.9800e+01 0.0000e+00 3.0400e+01 0.0000e+00 0.0000e+00
  0.0000e+00 0.0000e+00 0.0000e+00 0.0000e+00 0.0000e+00 0.0000e+00
  0.0000e+00 0.0000e+00 0.0000e+00]
 [1.3400e+01 1.1902e+03 0.0000e+00 2.5400e+01 0.0000e+00 0.0000e+00
  0.0000e+00 0.0000e+00 0.0000e+00 0.0000e+00 0.0000e+00 0.0000e+00
  0.0000e+00 0.0000e+00 0.0000e+00]
 [0.0000e+00 0.0000e+00 6.5180e+02 0.0000e+00 0.0000e+00 0.0000e+00
  3.0600e+01 0.0000e+00 0.0000e+00 0.0000e+00 0.0000e+00 0.0000e+00
  0.0000e+00 0.0000e+00 6.0000e-01]
 [2.1200e+01 1.4600e+01 0.0000e+00 1.1818e+03 0.0000e+00 0.0000e+00
  4.0000e-01 0.0000e+00 1.0000e+00 0.0000e+00 0.0000e+00 0.0000e+00
  0.0000e+00 0.0000e+00 0.0000e+00]
 [0.0000e+00 0.0000e+00 0.0000e+00 0.0000e+00 1.2106e+03 0.0000e+00
  0.0000e+00 3.8000e+00 0.0000e+00 0.0000e+00 0.0000e+00 2.6000e+00
  0.0000e+00 0.0000e+00 0.0000e+00]
 [2.0000e-01 0.0000e+00 1.3200e+01 1.2000e+00 8.0000e-01 2.4460e+02
  5.2600e+01 4.6000e+00 0.0000e+00 4.0000e-01 0.0000e+00 0.0000e+00
  1.4000e+00 0.0000e+00 0.0000e+00]
 [0.0000e+00 0.0000e+00 0.0000e+00 0.0000e+00 4.0000e-01 0.0000e+00
  1.1472e+03 5.4200e+01 6.2000e+00 1.4000e+00 1.3400e+01 1.7800e+01
  0.0000e+00 0.0000e+00 2.4000e+00]
 [0.0000e+00 0.0000e+00 8.0000e+00 0.0000e+00 2.7600e+01 0.0000e+00
  5.3800e+01 9.2180e+02 1.8400e+01 4.8400e+01 1.7400e+01 1.0000e+02
  2.0000e+00 1.4000e+00 2.0200e+01]
 [0.0000e+00 0.0000e+00 0.0000e+00 0.0000e+00 1.7400e+01 0.0000e+00
  1.1000e+01 4.0000e-01 1.0418e+03 7.6000e+01 6.3400e+01 1.6600e+01
  0.0000e+00 4.0000e-01 0.0000e+00]
 [0.0000e+00 0.0000e+00 0.0000e+00 0.0000e+00 0.0000e+00 0.0000e+00
  0.0000e+00 1.8000e+00 7.6800e+01 9.6280e+02 1.0400e+02 5.7600e+01
  0.0000e+00 0.0000e+00 0.0000e+00]
 [0.0000e+00 0.0000e+00 0.0000e+00 0.0000e+00 4.2000e+00 0.0000e+00
  1.9400e+01 8.6000e+00 2.6200e+01 4.7000e+01 1.0906e+03 2.0000e-01
  1.3200e+01 4.0000e-01 2.0000e-01]
 [0.0000e+00 0.0000e+00 0.0000e+00 0.0000e+00 2.0000e+00 0.0000e+00
  4.6400e+01 9.8000e+00 7.3400e+01 2.7800e+01 2.9800e+01 1.0186e+03
  2.0000e-01 0.0000e+00 0.0000e+00]
 [0.0000e+00 0.0000e+00 0.0000e+00 0.0000e+00 0.0000e+00 0.0000e+00
  1.8000e+01 1.8000e+00 4.0000e-01 9.2000e+00 8.4000e+00 7.0000e+00
  4.1480e+02 0.0000e+00 4.0000e-01]
 [0.0000e+00 0.0000e+00 0.0000e+00 0.0000e+00 0.0000e+00 0.0000e+00
  4.6000e+00 4.8000e+00 0.0000e+00 0.0000e+00 0.0000e+00 0.0000e+00
  4.0000e-01 4.0900e+02 2.0000e-01]
 [0.0000e+00 0.0000e+00 0.0000e+00 0.0000e+00 0.0000e+00 0.0000e+00
  4.0000e-01 0.0000e+00 0.0000e+00 0.0000e+00 0.0000e+00 0.0000e+00
  0.0000e+00 0.0000e+00 6.4660e+02]]---
Accuracy: 89.88 +- 1.04
---
class acc :
	Healthy grass: 90.20 +- 4.13
	Stressed grass: 96.84 +- 4.76
	Synthetic grass: 95.43 +- 7.54
	Trees: 96.95 +- 2.53
	Soil: 99.47 +- 0.45
	Water: 76.68 +- 6.03
	Residential: 92.29 +- 5.05
	Commercial: 75.62 +- 6.58
	Road: 84.91 +- 4.54
	Highway: 80.03 +- 5.45
	Railway: 90.13 +- 4.29
	Parking Lot 1: 84.32 +- 8.62
	Parking Lot 2: 90.17 +- 5.89
	Tennis Court: 97.61 +- 2.28
	Running Track: 99.94 +- 0.12
---
AA: 90.04 +- 0.89
Kappa: 89.05 +- 1.12
