run 1 / 5
Best validation overall accuracy 0.953125
Confusion matrix :
[[1107   95    0   24    0    0    0    0    0    0    0    0    0    0
     0]
 [   4 1225    0    0    0    0    0    0    0    0    0    0    0    0
     0]
 [   0    0  624    0    0    0   59    0    0    0    0    0    0    0
     0]
 [   1    4    0 1213    0    0    0    0    1    0    0    0    0    0
     0]
 [   0    0    0    0 1201    0    0    0    0    0    0   16    0    0
     0]
 [  10    0    3    0    1  256   42    6    0    0    0    0    1    0
     0]
 [   0    0    0    0    5    0 1219    0    4    0   14    1    0    0
     0]
 [   0    0    0    0   10    0   88  969   55   18    0   70    0    0
     9]
 [   0    0    0    0    1    0    5    3 1105   65   39    9    0    0
     0]
 [   0    0    0    0    2    0    0    0   67 1031   70   33    0    0
     0]
 [   0    0    0    0   12    0   13   24   55    0 1082    0   24    0
     0]
 [   0    0    0    0    0    0   59    0   99    6    0 1044    0    0
     0]
 [   0    0    0    0    0    0   15   18    0    0    5   15  407    0
     0]
 [   0    0    0    0    0    0   13    0    0    0    0    0    0  406
     0]
 [   0    0    0    0    0    0   26    0    0    0    0    0    0    0
   621]]---
Accuracy : 91.72%
---
class acc :
	Healthy grass: 90.29
	Stressed grass: 99.67
	Synthetic grass: 91.36
	Trees: 99.51
	Soil: 98.69
	Water: 80.25
	Residential: 98.07
	Commercial: 79.49
	Road: 90.06
	Highway: 85.70
	Railway: 89.42
	Parking Lot 1: 86.42
	Parking Lot 2: 88.48
	Tennis Court: 96.90
	Running Track: 95.98
---
AA: 91.35%
Kappa: 91.05
run 2 / 5
Best validation overall accuracy 0.9765625
Confusion matrix :
[[1164    1    0   61    0    0    0    0    0    0    0    0    0    0
     0]
 [  63 1065    0   98    0    0    3    0    0    0    0    0    0    0
     0]
 [   0    0  664    0    0    0   15    0    0    0    0    0    0    0
     4]
 [  65    0    0 1153    0    0    0    0    1    0    0    0    0    0
     0]
 [   0    0    0    0 1217    0    0    0    0    0    0    0    0    0
     0]
 [   0    0   40    4    2  211   55    6    0    1    0    0    0    0
     0]
 [   0    0    0    0    0    0 1090   93    8    2   24   26    0    0
     0]
 [   0    0    0    0   58    0   28  943   14   38    6  108    9    0
    15]
 [   0    0    0    0   24    0    0    2 1048  103   32   14    4    0
     0]
 [   0    0    0    0    0    0    0    0   34 1071   82   16    0    0
     0]
 [   0    0    0    0    0    0    4    2   29   41 1116    0   15    1
     2]
 [   0    0    0    0   13    0   33    0   50    1    0 1111    0    0
     0]
 [   0    0    0    0    0    0   11    0    6   13    6    1  423    0
     0]
 [   0    0    0    0    0    0    4    0    0    0    0    0    0  415
     0]
 [   0    0    0    0    0    0    0    0    0    0    0    0    0    0
   647]]---
Accuracy : 90.56%
---
class acc :
	Healthy grass: 94.94
	Stressed grass: 86.66
	Synthetic grass: 97.22
	Trees: 94.59
	Soil: 100.00
	Water: 66.14
	Residential: 87.69
	Commercial: 77.36
	Road: 85.41
	Highway: 89.03
	Railway: 92.23
	Parking Lot 1: 91.97
	Parking Lot 2: 91.96
	Tennis Court: 99.05
	Running Track: 100.00
---
AA: 90.28%
Kappa: 89.79
run 3 / 5
Best validation overall accuracy 0.9375
Confusion matrix :
[[ 685  505    0   36    0    0    0    0    0    0    0    0    0    0
     0]
 [   0 1229    0    0    0    0    0    0    0    0    0    0    0    0
     0]
 [   0    0  676    0    0    0    6    1    0    0    0    0    0    0
     0]
 [   0   62    0 1157    0    0    0    0    0    0    0    0    0    0
     0]
 [   0    0    0    0 1216    0    0    1    0    0    0    0    0    0
     0]
 [   0    0   29    6    0  215   43    2    0    0    0    0   24    0
     0]
 [   0    0   11    1    0    0 1131   94    0    0    5    1    0    0
     0]
 [   0    0   11    0   39    0   27  992    4    8    0   90   31    0
    17]
 [   0    0    0    0   14    0   38    2 1025   47   25   76    0    0
     0]
 [   0    0    0    0    0    0    0    0   70 1040   33   59    1    0
     0]
 [   0    0   15    0    5    0    6   30   33   54 1046    0   14    0
     7]
 [   0    0    0    0    0    0   60    1   14   83   65  985    0    0
     0]
 [   0    0    0    0    0    0    0    6    0    5   15    2  432    0
     0]
 [   1    0    0    0    0    0    0    0    0    0    0    0    0  408
    10]
 [   0    0    0    0    0    0    0    0    0    0    0    0    0    0
   647]]---
Accuracy : 87.47%
---
class acc :
	Healthy grass: 55.87
	Stressed grass: 100.00
	Synthetic grass: 98.98
	Trees: 94.91
	Soil: 99.92
	Water: 67.40
	Residential: 90.99
	Commercial: 81.38
	Road: 83.54
	Highway: 86.45
	Railway: 86.45
	Parking Lot 1: 81.54
	Parking Lot 2: 93.91
	Tennis Court: 97.37
	Running Track: 100.00
---
AA: 87.91%
Kappa: 86.46
run 4 / 5
Best validation overall accuracy 0.8671875
Confusion matrix :
[[1174   28    0   24    0    0    0    0    0    0    0    0    0    0
     0]
 [   5 1185    0   39    0    0    0    0    0    0    0    0    0    0
     0]
 [   0    0  681    0    0    0    0    0    0    0    0    0    0    0
     2]
 [  28    0    0 1191    0    0    0    0    0    0    0    0    0    0
     0]
 [   0    0    0    0 1217    0    0    0    0    0    0    0    0    0
     0]
 [   0    0    0    0    0  136   49    2    0    0    0    0  132    0
     0]
 [   0    0    9    0    0    0 1172    7   11    6   26    1    0    1
    10]
 [   0    0    0    0   33    0   55  897  136   33    0   32    5    6
    22]
 [   0    0    0    0   22    0    8    1  997   97   79   23    0    0
     0]
 [   0    0    0    0    0    0    0    0   34  955  155   59    0    0
     0]
 [   0    0    0    0    1    0    6    1   81  117  974    0   28    2
     0]
 [   0    0    0    0    0    0   59   22  279    4   64  780    0    0
     0]
 [   0    0    0    0    0    0    1    0    0   19    0    4  436    0
     0]
 [   0    0    0    0    0    0    0    2    0    0    0    0    1  416
     0]
 [   0    0    0    0    0    0    0    0    0    0    0    0    0    0
   647]]---
Accuracy : 87.30%
---
class acc :
	Healthy grass: 95.76
	Stressed grass: 96.42
	Synthetic grass: 99.71
	Trees: 97.70
	Soil: 100.00
	Water: 42.63
	Residential: 94.29
	Commercial: 73.58
	Road: 81.26
	Highway: 79.38
	Railway: 80.50
	Parking Lot 1: 64.57
	Parking Lot 2: 94.78
	Tennis Court: 99.28
	Running Track: 100.00
---
AA: 86.66%
Kappa: 86.27
run 5 / 5
Best validation overall accuracy 0.9609375
Confusion matrix :
[[1103   97    0   26    0    0    0    0    0    0    0    0    0    0
     0]
 [   2 1227    0    0    0    0    0    0    0    0    0    0    0    0
     0]
 [   0    0  681    0    0    0    2    0    0    0    0    0    0    0
     0]
 [   0    0    0 1218    0    0    0    0    1    0    0    0    0    0
     0]
 [   0    0    0    0 1217    0    0    0    0    0    0    0    0    0
     0]
 [   0    0    0    3    3  182   65    0    0    0    0    0   66    0
     0]
 [   0    0    0    0    0    0 1018   78   10    2    8  126    0    0
     1]
 [   0    0    0    0   10    0   27 1059   30   12   16   36    0    0
    29]
 [   0    0    0    0   25    0    7    0 1034   93   54   14    0    0
     0]
 [   0    0    0    0    0    0    0  108    1 1013   26   55    0    0
     0]
 [   0    0    0    0    3    0    0    0   33   18 1132   23    1    0
     0]
 [   0    0    0    0   78    0    6   25   29  152   64  854    0    0
     0]
 [   0    0    0    0    0    0    3    0    1   16    6    2  432    0
     0]
 [   0    0    0    0    0    0    1    0    0    0    0    0    0  418
     0]
 [   0    0    0    0    0    0    0    0    0    0    0    0    0    0
   647]]---
Accuracy : 89.86%
---
class acc :
	Healthy grass: 89.97
	Stressed grass: 99.84
	Synthetic grass: 99.71
	Trees: 99.92
	Soil: 100.00
	Water: 57.05
	Residential: 81.90
	Commercial: 86.87
	Road: 84.27
	Highway: 84.21
	Railway: 93.55
	Parking Lot 1: 70.70
	Parking Lot 2: 93.91
	Tennis Court: 99.76
	Running Track: 100.00
---
AA: 89.44%
Kappa: 89.03
Agregated results :
Confusion matrix :
[[1.0466e+03 1.4520e+02 0.0000e+00 3.4200e+01 0.0000e+00 0.0000e+00
  0.0000e+00 0.0000e+00 0.0000e+00 0.0000e+00 0.0000e+00 0.0000e+00
  0.0000e+00 0.0000e+00 0.0000e+00]
 [1.4800e+01 1.1862e+03 0.0000e+00 2.7400e+01 0.0000e+00 0.0000e+00
  6.0000e-01 0.0000e+00 0.0000e+00 0.0000e+00 0.0000e+00 0.0000e+00
  0.0000e+00 0.0000e+00 0.0000e+00]
 [0.0000e+00 0.0000e+00 6.6520e+02 0.0000e+00 0.0000e+00 0.0000e+00
  1.6400e+01 2.0000e-01 0.0000e+00 0.0000e+00 0.0000e+00 0.0000e+00
  0.0000e+00 0.0000e+00 1.2000e+00]
 [1.8800e+01 1.3200e+01 0.0000e+00 1.1864e+03 0.0000e+00 0.0000e+00
  0.0000e+00 0.0000e+00 6.0000e-01 0.0000e+00 0.0000e+00 0.0000e+00
  0.0000e+00 0.0000e+00 0.0000e+00]
 [0.0000e+00 0.0000e+00 0.0000e+00 0.0000e+00 1.2136e+03 0.0000e+00
  0.0000e+00 2.0000e-01 0.0000e+00 0.0000e+00 0.0000e+00 3.2000e+00
  0.0000e+00 0.0000e+00 0.0000e+00]
 [2.0000e+00 0.0000e+00 1.4400e+01 2.6000e+00 1.2000e+00 2.0000e+02
  5.0800e+01 3.2000e+00 0.0000e+00 2.0000e-01 0.0000e+00 0.0000e+00
  4.4600e+01 0.0000e+00 0.0000e+00]
 [0.0000e+00 0.0000e+00 4.0000e+00 2.0000e-01 1.0000e+00 0.0000e+00
  1.1260e+03 5.4400e+01 6.6000e+00 2.0000e+00 1.5400e+01 3.1000e+01
  0.0000e+00 2.0000e-01 2.2000e+00]
 [0.0000e+00 0.0000e+00 2.2000e+00 0.0000e+00 3.0000e+01 0.0000e+00
  4.5000e+01 9.7200e+02 4.7800e+01 2.1800e+01 4.4000e+00 6.7200e+01
  9.0000e+00 1.2000e+00 1.8400e+01]
 [0.0000e+00 0.0000e+00 0.0000e+00 0.0000e+00 1.7200e+01 0.0000e+00
  1.1600e+01 1.6000e+00 1.0418e+03 8.1000e+01 4.5800e+01 2.7200e+01
  8.0000e-01 0.0000e+00 0.0000e+00]
 [0.0000e+00 0.0000e+00 0.0000e+00 0.0000e+00 4.0000e-01 0.0000e+00
  0.0000e+00 2.1600e+01 4.1200e+01 1.0220e+03 7.3200e+01 4.4400e+01
  2.0000e-01 0.0000e+00 0.0000e+00]
 [0.0000e+00 0.0000e+00 3.0000e+00 0.0000e+00 4.2000e+00 0.0000e+00
  5.8000e+00 1.1400e+01 4.6200e+01 4.6000e+01 1.0700e+03 4.6000e+00
  1.6400e+01 6.0000e-01 1.8000e+00]
 [0.0000e+00 0.0000e+00 0.0000e+00 0.0000e+00 1.8200e+01 0.0000e+00
  4.3400e+01 9.6000e+00 9.4200e+01 4.9200e+01 3.8600e+01 9.5480e+02
  0.0000e+00 0.0000e+00 0.0000e+00]
 [0.0000e+00 0.0000e+00 0.0000e+00 0.0000e+00 0.0000e+00 0.0000e+00
  6.0000e+00 4.8000e+00 1.4000e+00 1.0600e+01 6.4000e+00 4.8000e+00
  4.2600e+02 0.0000e+00 0.0000e+00]
 [2.0000e-01 0.0000e+00 0.0000e+00 0.0000e+00 0.0000e+00 0.0000e+00
  3.6000e+00 4.0000e-01 0.0000e+00 0.0000e+00 0.0000e+00 0.0000e+00
  2.0000e-01 4.1260e+02 2.0000e+00]
 [0.0000e+00 0.0000e+00 0.0000e+00 0.0000e+00 0.0000e+00 0.0000e+00
  5.2000e+00 0.0000e+00 0.0000e+00 0.0000e+00 0.0000e+00 0.0000e+00
  0.0000e+00 0.0000e+00 6.4180e+02]]---
Accuracy: 89.38 +- 1.74
---
class acc :
	Healthy grass: 85.37 +- 14.93
	Stressed grass: 96.52 +- 5.11
	Synthetic grass: 97.39 +- 3.15
	Trees: 97.33 +- 2.23
	Soil: 99.72 +- 0.52
	Water: 62.70 +- 12.46
	Residential: 90.59 +- 5.54
	Commercial: 79.74 +- 4.41
	Road: 84.91 +- 2.91
	Highway: 84.95 +- 3.19
	Railway: 88.43 +- 4.66
	Parking Lot 1: 79.04 +- 10.07
	Parking Lot 2: 92.61 +- 2.26
	Tennis Court: 98.47 +- 1.13
	Running Track: 99.20 +- 1.61
---
AA: 89.13 +- 1.67
Kappa: 88.52 +- 1.88
