run 1 / 5
Best validation overall accuracy 0.921875
Confusion matrix :
[[1105   97    0   24    0    0    0    0    0    0    0    0    0    0
     0]
 [   1 1227    0    0    0    0    0    0    1    0    0    0    0    0
     0]
 [   0    0  682    0    0    0    0    0    0    0    0    0    0    0
     1]
 [  27   43    0 1113    0    0   23    1   12    0    0    0    0    0
     0]
 [   0    0    0    0 1215    0    0    2    0    0    0    0    0    0
     0]
 [  35    0   22    3    0  202   41   14    0    0    0    0    2    0
     0]
 [   0    0    0    0    0    0 1201    0    8    0   25    0    0    9
     0]
 [   0    0    0    0    7    0   51  976    0    2   44   99   11    0
    29]
 [   0    0    0    0    0    0   10    0 1074   44   97    2    0    0
     0]
 [   0    0    0    0    0    0    0    3   38  656  495   11    0    0
     0]
 [   0    0    0    0    0    0    0   28   28    0 1154    0    0    0
     0]
 [   0    0    0    0    0    0   44    5   81    0    2 1063   13    0
     0]
 [   0    0    0    0    0    0    6   13    0    0  188   30  223    0
     0]
 [   0    0    0    0    0    0    1    3    0    0    0    0    0  415
     0]
 [   0    0   27    0    0    0    0    0    0    0    0    0    0    0
   620]]---
Accuracy : 87.76%
---
class acc :
	Healthy grass: 90.13
	Stressed grass: 99.84
	Synthetic grass: 99.85
	Trees: 91.30
	Soil: 99.84
	Water: 63.32
	Residential: 96.62
	Commercial: 80.07
	Road: 87.53
	Highway: 54.53
	Railway: 95.37
	Parking Lot 1: 88.00
	Parking Lot 2: 48.48
	Tennis Court: 99.05
	Running Track: 95.83
---
AA: 85.98%
Kappa: 86.75
run 2 / 5
Best validation overall accuracy 0.9453125
Confusion matrix :
[[1202    5    0   14    0    0    0    0    0    0    0    0    0    0
     5]
 [  96 1114    0   19    0    0    0    0    0    0    0    0    0    0
     0]
 [   0    0  655    0    0    0    0    0    0    0    0    0    0    0
    28]
 [  81    2    0 1126    0    0    3    0    7    0    0    0    0    0
     0]
 [   0    0    0    0 1217    0    0    0    0    0    0    0    0    0
     0]
 [   0   50    0   10    0  204   53    0    0    0    0    0    2    0
     0]
 [   0    0    0    0    0    0 1135   85    9    0    4   10    0    0
     0]
 [   0    0    0    0    9    0   10  933   45   30    0  140    0   38
    14]
 [   0    0    0    0    1    0    4   11 1145   26   23   17    0    0
     0]
 [   0    0    0    0    0    0    0    0   91  923   60  129    0    0
     0]
 [   0    0    0    0    0    0    0   15   28   88 1076    0    0    3
     0]
 [   0    0    0    0    0    0    5    0   12    0    0 1191    0    0
     0]
 [   0    7    0    0    0    0   13    0    1   19    0  244  176    0
     0]
 [   0    0    0    0    0    0    0    0    0    0    0    0    0  419
     0]
 [   0    0    0    0    0    0    0    0    0    0    0    0    0    0
   647]]---
Accuracy : 89.37%
---
class acc :
	Healthy grass: 98.04
	Stressed grass: 90.64
	Synthetic grass: 95.90
	Trees: 92.37
	Soil: 100.00
	Water: 63.95
	Residential: 91.31
	Commercial: 76.54
	Road: 93.32
	Highway: 76.72
	Railway: 88.93
	Parking Lot 1: 98.59
	Parking Lot 2: 38.26
	Tennis Court: 100.00
	Running Track: 100.00
---
AA: 86.97%
Kappa: 88.49
run 3 / 5
Best validation overall accuracy 0.9375
Confusion matrix :
[[ 990  166    0   70    0    0    0    0    0    0    0    0    0    0
     0]
 [   1 1228    0    0    0    0    0    0    0    0    0    0    0    0
     0]
 [   0    0  672    0    0    0    0    0    0    0    0    0    0    0
    11]
 [   0    0    0 1218    0    0    0    0    1    0    0    0    0    0
     0]
 [   0    0    0    0 1207    0    0   10    0    0    0    0    0    0
     0]
 [   6    0   55    7    2  175   54    0    0    0    0    0   20    0
     0]
 [   0    0    0   43    0    0 1085   85    3    0   23    0    0    4
     0]
 [   0    0    6    0   17    0    6 1050    0   17    0  119    4    0
     0]
 [   0    0    0    0   19    0   11    0 1083   15   26   73    0    0
     0]
 [   0    0    0    0    0    0    0    0   79 1096    5   23    0    0
     0]
 [   0    0    0    0   18    0    6    7   33  100 1046    0    0    0
     0]
 [   0    0    0    0    0    0   25    0   57    7    2 1116    1    0
     0]
 [   0    0    0    0    0    0    0    8    0   20    0  101  331    0
     0]
 [   0    0    0    0    0    0    0    0    0    0    0    0   14  405
     0]
 [   0    0    0    0    0    0    0    4    0    0    0    0    0    0
   643]]---
Accuracy : 90.60%
---
class acc :
	Healthy grass: 80.75
	Stressed grass: 99.92
	Synthetic grass: 98.39
	Trees: 99.92
	Soil: 99.18
	Water: 54.86
	Residential: 87.29
	Commercial: 86.14
	Road: 88.26
	Highway: 91.11
	Railway: 86.45
	Parking Lot 1: 92.38
	Parking Lot 2: 71.96
	Tennis Court: 96.66
	Running Track: 99.38
---
AA: 88.84%
Kappa: 89.83
run 4 / 5
Best validation overall accuracy 0.859375
Confusion matrix :
[[1113   86    0   26    0    0    1    0    0    0    0    0    0    0
     0]
 [   2 1227    0    0    0    0    0    0    0    0    0    0    0    0
     0]
 [   0    0  676    0    0    0    0    0    0    0    0    0    0    0
     7]
 [   0    0    0 1204    0    0   13    0    0    0    0    2    0    0
     0]
 [   0    0    1    0 1178    0    0    1    0    0    0   37    0    0
     0]
 [ 189    0   30    6    3    0   54    6   27    4    0    0    0    0
     0]
 [   0    2   13    0    8    0 1185    0    3    1   13    0    0   12
     6]
 [   0   32    9    0    0    0   29  899   23   66   19   87    3   24
    28]
 [   0   23    0    0    1    0   21    0 1059   73   20   30    0    0
     0]
 [   0    0    0    0    0    0    0    0    1 1071   14  117    0    0
     0]
 [   0    0    2    3    0    0    7    0    0  129 1067    2    0    0
     0]
 [   0    0    0    0    0    0   59  110  140    0   64  822   13    0
     0]
 [   0    0    0    0    0    0    1    0    1   19    0   21  418    0
     0]
 [   0    0    0    0    0    0   12    2    0    0    0    0    0  405
     0]
 [   0    0    0    0    0    0    0    0    0    0    0    0    0    0
   647]]---
Accuracy : 88.06%
---
class acc :
	Healthy grass: 90.78
	Stressed grass: 99.84
	Synthetic grass: 98.98
	Trees: 98.77
	Soil: 96.80
	Water: 0.00
	Residential: 95.33
	Commercial: 73.75
	Road: 86.31
	Highway: 89.03
	Railway: 88.18
	Parking Lot 1: 68.05
	Parking Lot 2: 90.87
	Tennis Court: 96.66
	Running Track: 100.00
---
AA: 84.89%
Kappa: 87.08
run 5 / 5
Best validation overall accuracy 0.9453125
Confusion matrix :
[[ 964  158    0   99    0    0    5    0    0    0    0    0    0    0
     0]
 [   3 1217    0    9    0    0    0    0    0    0    0    0    0    0
     0]
 [   0    0  551    0    0    0    0    0    0    0    0    0    0    0
   132]
 [   0    1    0 1212    0    0    5    0    1    0    0    0    0    0
     0]
 [   0    0    0    0 1210    0    0    0    0    5    2    0    0    0
     0]
 [   4    0    0   26    3    0   59  224    0    2    0    0    1    0
     0]
 [   1    0    4    0    0    0 1105   33   13    1   76    0    0    0
    10]
 [   0    0    1    0    3    0   26 1036   27   53    1   43    0    0
    29]
 [   0    0    0    0   30    0    9    0 1143   17   28    0    0    0
     0]
 [   0    0    0    0    0    0    0    0   60 1131   12    0    0    0
     0]
 [   0    0    0    0    0    0    0    0   28   90 1092    0    0    0
     0]
 [   0    0    1    0   99    0   11   56  143    4   68  826    0    0
     0]
 [   0    0    0    0    0    0    7  104    0   20    3   24  302    0
     0]
 [   0    0    0    0    0    0   28    1    0    0    0    0    0  390
     0]
 [   0    0    0    0    0    0    0    0    0    0    0    0    0    0
   647]]---
Accuracy : 87.08%
---
class acc :
	Healthy grass: 78.63
	Stressed grass: 99.02
	Synthetic grass: 80.67
	Trees: 99.43
	Soil: 99.42
	Water: 0.00
	Residential: 88.90
	Commercial: 84.99
	Road: 93.15
	Highway: 94.01
	Railway: 90.25
	Parking Lot 1: 68.38
	Parking Lot 2: 65.65
	Tennis Court: 93.08
	Running Track: 100.00
---
AA: 82.37%
Kappa: 86.00
Agregated results :
Confusion matrix :
[[1.0748e+03 1.0240e+02 0.0000e+00 4.6600e+01 0.0000e+00 0.0000e+00
  1.2000e+00 0.0000e+00 0.0000e+00 0.0000e+00 0.0000e+00 0.0000e+00
  0.0000e+00 0.0000e+00 1.0000e+00]
 [2.0600e+01 1.2026e+03 0.0000e+00 5.6000e+00 0.0000e+00 0.0000e+00
  0.0000e+00 0.0000e+00 2.0000e-01 0.0000e+00 0.0000e+00 0.0000e+00
  0.0000e+00 0.0000e+00 0.0000e+00]
 [0.0000e+00 0.0000e+00 6.4720e+02 0.0000e+00 0.0000e+00 0.0000e+00
  0.0000e+00 0.0000e+00 0.0000e+00 0.0000e+00 0.0000e+00 0.0000e+00
  0.0000e+00 0.0000e+00 3.5800e+01]
 [2.1600e+01 9.2000e+00 0.0000e+00 1.1746e+03 0.0000e+00 0.0000e+00
  8.8000e+00 2.0000e-01 4.2000e+00 0.0000e+00 0.0000e+00 4.0000e-01
  0.0000e+00 0.0000e+00 0.0000e+00]
 [0.0000e+00 0.0000e+00 2.0000e-01 0.0000e+00 1.2054e+03 0.0000e+00
  0.0000e+00 2.6000e+00 0.0000e+00 1.0000e+00 4.0000e-01 7.4000e+00
  0.0000e+00 0.0000e+00 0.0000e+00]
 [4.6800e+01 1.0000e+01 2.1400e+01 1.0400e+01 1.6000e+00 1.1620e+02
  5.2200e+01 4.8800e+01 5.4000e+00 1.2000e+00 0.0000e+00 0.0000e+00
  5.0000e+00 0.0000e+00 0.0000e+00]
 [2.0000e-01 4.0000e-01 3.4000e+00 8.6000e+00 1.6000e+00 0.0000e+00
  1.1422e+03 4.0600e+01 7.2000e+00 4.0000e-01 2.8200e+01 2.0000e+00
  0.0000e+00 5.0000e+00 3.2000e+00]
 [0.0000e+00 6.4000e+00 3.2000e+00 0.0000e+00 7.2000e+00 0.0000e+00
  2.4400e+01 9.7880e+02 1.9000e+01 3.3600e+01 1.2800e+01 9.7600e+01
  3.6000e+00 1.2400e+01 2.0000e+01]
 [0.0000e+00 4.6000e+00 0.0000e+00 0.0000e+00 1.0200e+01 0.0000e+00
  1.1000e+01 2.2000e+00 1.1008e+03 3.5000e+01 3.8800e+01 2.4400e+01
  0.0000e+00 0.0000e+00 0.0000e+00]
 [0.0000e+00 0.0000e+00 0.0000e+00 0.0000e+00 0.0000e+00 0.0000e+00
  0.0000e+00 6.0000e-01 5.3800e+01 9.7540e+02 1.1720e+02 5.6000e+01
  0.0000e+00 0.0000e+00 0.0000e+00]
 [0.0000e+00 0.0000e+00 4.0000e-01 6.0000e-01 3.6000e+00 0.0000e+00
  2.6000e+00 1.0000e+01 2.3400e+01 8.1400e+01 1.0870e+03 4.0000e-01
  0.0000e+00 6.0000e-01 0.0000e+00]
 [0.0000e+00 0.0000e+00 2.0000e-01 0.0000e+00 1.9800e+01 0.0000e+00
  2.8800e+01 3.4200e+01 8.6600e+01 2.2000e+00 2.7200e+01 1.0036e+03
  5.4000e+00 0.0000e+00 0.0000e+00]
 [0.0000e+00 1.4000e+00 0.0000e+00 0.0000e+00 0.0000e+00 0.0000e+00
  5.4000e+00 2.5000e+01 4.0000e-01 1.5600e+01 3.8200e+01 8.4000e+01
  2.9000e+02 0.0000e+00 0.0000e+00]
 [0.0000e+00 0.0000e+00 0.0000e+00 0.0000e+00 0.0000e+00 0.0000e+00
  8.2000e+00 1.2000e+00 0.0000e+00 0.0000e+00 0.0000e+00 0.0000e+00
  2.8000e+00 4.0680e+02 0.0000e+00]
 [0.0000e+00 0.0000e+00 5.4000e+00 0.0000e+00 0.0000e+00 0.0000e+00
  0.0000e+00 8.0000e-01 0.0000e+00 0.0000e+00 0.0000e+00 0.0000e+00
  0.0000e+00 0.0000e+00 6.4080e+02]]---
Accuracy: 88.57 +- 1.26
---
class acc :
	Healthy grass: 87.67 +- 7.11
	Stressed grass: 97.85 +- 3.62
	Synthetic grass: 94.76 +- 7.16
	Trees: 96.36 +- 3.72
	Soil: 99.05 +- 1.16
	Water: 36.43 +- 29.91
	Residential: 91.89 +- 3.60
	Commercial: 80.30 +- 4.76
	Road: 89.71 +- 2.94
	Highway: 81.08 +- 14.52
	Railway: 89.83 +- 3.03
	Parking Lot 1: 83.08 +- 12.60
	Parking Lot 2: 63.04 +- 18.37
	Tennis Court: 97.09 +- 2.40
	Running Track: 99.04 +- 1.63
---
AA: 85.81 +- 2.16
Kappa: 87.63 +- 1.36
