run 1 / 5
Best validation overall accuracy 0.921875
Confusion matrix :
[[1078  124    0   24    0    0    0    0    0    0    0    0    0    0
     0]
 [  62 1167    0    0    0    0    0    0    0    0    0    0    0    0
     0]
 [   0    0  668    0    0    0   15    0    0    0    0    0    0    0
     0]
 [  23    7    0 1166    0    0   21    0    2    0    0    0    0    0
     0]
 [   0    0    0    0 1217    0    0    0    0    0    0    0    0    0
     0]
 [   7    0   10    0    2  253   41    6    0    0    0    0    0    0
     0]
 [   0    0    0    0    0    0 1221    0    8    0   13    0    0    0
     1]
 [   0    0    4    0   10    0  136  837   59   79   16   57    0    0
    21]
 [   0    0    0    0    0    0    2    0 1029   95   90   10    1    0
     0]
 [   0    0    0    0    3    0    0    0   39 1131    2   28    0    0
     0]
 [   0    0    0    0   24    0   19    0   25   30 1059    0   17   36
     0]
 [   0    0    0    0   14    0   59    0  147  112   13  863    0    0
     0]
 [   0    0    0    0    0    0    1    0    0    1    0    3  424   31
     0]
 [   0    0    0    0    0    0    0    0    0    0    0    0    0  419
     0]
 [   0    0    0    0    0    0    6    0    0    0    0    0    0    0
   641]]---
Accuracy : 89.44%
---
class acc :
	Healthy grass: 87.93
	Stressed grass: 94.96
	Synthetic grass: 97.80
	Trees: 95.65
	Soil: 100.00
	Water: 79.31
	Residential: 98.23
	Commercial: 68.66
	Road: 83.86
	Highway: 94.01
	Railway: 87.52
	Parking Lot 1: 71.44
	Parking Lot 2: 92.17
	Tennis Court: 100.00
	Running Track: 99.07
---
AA: 90.04%
Kappa: 88.58
run 2 / 5
Best validation overall accuracy 0.9375
Confusion matrix :
[[1174   42    0   10    0    0    0    0    0    0    0    0    0    0
     0]
 [  30 1199    0    0    0    0    0    0    0    0    0    0    0    0
     0]
 [   0    0  682    0    0    0    1    0    0    0    0    0    0    0
     0]
 [  88    1    0 1128    0    0    0    0    2    0    0    0    0    0
     0]
 [   0    0    0    0 1217    0    0    0    0    0    0    0    0    0
     0]
 [   0    0  237    0    0   21   50    6    0    1    0    0    0    0
     4]
 [   0    0    0    0    0    0 1009   92   14    6    9  113    0    0
     0]
 [   0    0    0    0   31    0   27  886    7   45    0  181    0   33
     9]
 [   0    0    0    0   21    0    8    0 1059   73   27   37    2    0
     0]
 [   0    0    0    0    0    0    0    0   28 1039    8  128    0    0
     0]
 [   0    0    6    0    0    0    5    7   28   71 1076    2   15    0
     0]
 [   0    0    0    0    0    0    3    0   10    0    0 1195    0    0
     0]
 [   0    0    0    0    0    0   22    3    3   13    6    7  406    0
     0]
 [   0    0    0    0    0    0    2    9    0    0    0    0    0  408
     0]
 [   0    0    0    0    0    0    0    0    0    0    0    0    0    0
   647]]---
Accuracy : 89.25%
---
class acc :
	Healthy grass: 95.76
	Stressed grass: 97.56
	Synthetic grass: 99.85
	Trees: 92.53
	Soil: 100.00
	Water: 6.58
	Residential: 81.17
	Commercial: 72.68
	Road: 86.31
	Highway: 86.37
	Railway: 88.93
	Parking Lot 1: 98.92
	Parking Lot 2: 88.26
	Tennis Court: 97.37
	Running Track: 100.00
---
AA: 86.15%
Kappa: 88.37
run 3 / 5
Best validation overall accuracy 0.9140625
Confusion matrix :
[[ 995  207    0   24    0    0    0    0    0    0    0    0    0    0
     0]
 [   3 1226    0    0    0    0    0    0    0    0    0    0    0    0
     0]
 [   0    0  659    0    0    0   24    0    0    0    0    0    0    0
     0]
 [  16   68    0 1133    0    0    1    0    1    0    0    0    0    0
     0]
 [   0    0    0    0 1216    0    0    1    0    0    0    0    0    0
     0]
 [   0    0    0    0    0  258   40    0    0    0    0    0   21    0
     0]
 [   0    0    0    0    0    0 1121   77    2    1    9   15    5   13
     0]
 [   0    0    0    0   48    0   27  762   16   17    1  294   45    0
     9]
 [   0    0    0    0   20    0    9   35  907   46   24  181    4    1
     0]
 [   0    0    0    0    0    0    0    0   69 1134    0    0    0    0
     0]
 [   0    0    0    0    5    0    4    2   80   94  997    0   24    4
     0]
 [   0    0    0    0    0    0   17    0    0  102   62 1027    0    0
     0]
 [   0    0    0    0    0    0    0    0    0   20    0   27  413    0
     0]
 [   0    0    0    0    0    0    5    6    5    0    0    0    4  399
     0]
 [   0    0    0    0    0    0    1    0    0    0    0    0    0    0
   646]]---
Accuracy : 87.53%
---
class acc :
	Healthy grass: 81.16
	Stressed grass: 99.76
	Synthetic grass: 96.49
	Trees: 92.95
	Soil: 99.92
	Water: 80.88
	Residential: 90.19
	Commercial: 62.51
	Road: 73.92
	Highway: 94.26
	Railway: 82.40
	Parking Lot 1: 85.02
	Parking Lot 2: 89.78
	Tennis Court: 95.23
	Running Track: 99.85
---
AA: 88.29%
Kappa: 86.52
run 4 / 5
Best validation overall accuracy 0.8671875
Confusion matrix :
[[1127   72    0   27    0    0    0    0    0    0    0    0    0    0
     0]
 [   2 1227    0    0    0    0    0    0    0    0    0    0    0    0
     0]
 [   0    0  665    0    0    0   10    0    0    0    0    0    0    0
     8]
 [  10    0    0 1208    0    0    0    0    1    0    0    0    0    0
     0]
 [   0    0    0    0 1216    0    0    0    0    0    0    1    0    0
     0]
 [  10    0    2    0    1  183   81   16    0    0   25    0    1    0
     0]
 [   0    0    7    1    1    0 1176   10   19    4   20    3    0    0
     2]
 [   0    0    0    0   34    0   65  934    1  100    1   62    3    0
    19]
 [   0    0    0    0   21    0    7    0  936  138   42   83    0    0
     0]
 [   0    0    0    0    0    0    0    1   65  884   50  203    0    0
     0]
 [   0    0    0    0    0    0    3    4   56  108 1035    1    3    0
     0]
 [   0    0    0    0    0    0   59   54   69   51   61  913    1    0
     0]
 [   0    0    0    0    0    0    2    2    3   19    0    0  434    0
     0]
 [   0    0    0    0    0    0    5    0    0    0    0    0    2  412
     0]
 [   0    0    0    0    0    0    0    0    0    0    0    0    0    0
   647]]---
Accuracy : 88.24%
---
class acc :
	Healthy grass: 91.92
	Stressed grass: 99.84
	Synthetic grass: 97.36
	Trees: 99.10
	Soil: 99.92
	Water: 57.37
	Residential: 94.61
	Commercial: 76.62
	Road: 76.28
	Highway: 73.48
	Railway: 85.54
	Parking Lot 1: 75.58
	Parking Lot 2: 94.35
	Tennis Court: 98.33
	Running Track: 100.00
---
AA: 88.02%
Kappa: 87.28
run 5 / 5
Best validation overall accuracy 0.953125
Confusion matrix :
[[1100  100    0   26    0    0    0    0    0    0    0    0    0    0
     0]
 [  42 1187    0    0    0    0    0    0    0    0    0    0    0    0
     0]
 [   0    0  682    0    0    0    1    0    0    0    0    0    0    0
     0]
 [   3    0    0 1215    0    0    0    0    1    0    0    0    0    0
     0]
 [   0    0    0    0 1213    0    0    3    0    0    1    0    0    0
     0]
 [   4    0   17   15    1  226   50    6    0    0    0    0    0    0
     0]
 [   0    1    0    0    0    0 1152   54    9    0   16    0    0    5
     6]
 [   0    0    0    0    8    0   29 1042   18    0   17   76    0    0
    29]
 [   0    0    0    0   36    0    7   12 1048   19   71   33    1    0
     0]
 [   0    0    0    0    0    0    0    0   47  965   43  148    0    0
     0]
 [   0    0    0    0    0    0   31    1   28   24 1126    0    0    0
     0]
 [   0    0    0    0  101    0   57   85   46    0   64  855    0    0
     0]
 [   0    0    0    0    0    0    2    3    0   14    6   19  416    0
     0]
 [   0    0    0    0    0    0    1    0    0    0    0    0    0  418
     0]
 [   0    0    0    0    0    0    0    0    0    0    0    0    0    0
   647]]---
Accuracy : 90.24%
---
class acc :
	Healthy grass: 89.72
	Stressed grass: 96.58
	Synthetic grass: 99.85
	Trees: 99.67
	Soil: 99.67
	Water: 70.85
	Residential: 92.68
	Commercial: 85.48
	Road: 85.41
	Highway: 80.22
	Railway: 93.06
	Parking Lot 1: 70.78
	Parking Lot 2: 90.43
	Tennis Court: 99.76
	Running Track: 100.00
---
AA: 90.28%
Kappa: 89.45
Agregated results :
Confusion matrix :
[[1.0948e+03 1.0900e+02 0.0000e+00 2.2200e+01 0.0000e+00 0.0000e+00
  0.0000e+00 0.0000e+00 0.0000e+00 0.0000e+00 0.0000e+00 0.0000e+00
  0.0000e+00 0.0000e+00 0.0000e+00]
 [2.7800e+01 1.2012e+03 0.0000e+00 0.0000e+00 0.0000e+00 0.0000e+00
  0.0000e+00 0.0000e+00 0.0000e+00 0.0000e+00 0.0000e+00 0.0000e+00
  0.0000e+00 0.0000e+00 0.0000e+00]
 [0.0000e+00 0.0000e+00 6.7120e+02 0.0000e+00 0.0000e+00 0.0000e+00
  1.0200e+01 0.0000e+00 0.0000e+00 0.0000e+00 0.0000e+00 0.0000e+00
  0.0000e+00 0.0000e+00 1.6000e+00]
 [2.8000e+01 1.5200e+01 0.0000e+00 1.1700e+03 0.0000e+00 0.0000e+00
  4.4000e+00 0.0000e+00 1.4000e+00 0.0000e+00 0.0000e+00 0.0000e+00
  0.0000e+00 0.0000e+00 0.0000e+00]
 [0.0000e+00 0.0000e+00 0.0000e+00 0.0000e+00 1.2158e+03 0.0000e+00
  0.0000e+00 8.0000e-01 0.0000e+00 0.0000e+00 2.0000e-01 2.0000e-01
  0.0000e+00 0.0000e+00 0.0000e+00]
 [4.2000e+00 0.0000e+00 5.3200e+01 3.0000e+00 8.0000e-01 1.8820e+02
  5.2400e+01 6.8000e+00 0.0000e+00 2.0000e-01 5.0000e+00 0.0000e+00
  4.4000e+00 0.0000e+00 8.0000e-01]
 [0.0000e+00 2.0000e-01 1.4000e+00 2.0000e-01 2.0000e-01 0.0000e+00
  1.1358e+03 4.6600e+01 1.0400e+01 2.2000e+00 1.3400e+01 2.6200e+01
  1.0000e+00 3.6000e+00 1.8000e+00]
 [0.0000e+00 0.0000e+00 8.0000e-01 0.0000e+00 2.6200e+01 0.0000e+00
  5.6800e+01 8.9220e+02 2.0200e+01 4.8200e+01 7.0000e+00 1.3400e+02
  9.6000e+00 6.6000e+00 1.7400e+01]
 [0.0000e+00 0.0000e+00 0.0000e+00 0.0000e+00 1.9600e+01 0.0000e+00
  6.6000e+00 9.4000e+00 9.9580e+02 7.4200e+01 5.0800e+01 6.8800e+01
  1.6000e+00 2.0000e-01 0.0000e+00]
 [0.0000e+00 0.0000e+00 0.0000e+00 0.0000e+00 6.0000e-01 0.0000e+00
  0.0000e+00 2.0000e-01 4.9600e+01 1.0306e+03 2.0600e+01 1.0140e+02
  0.0000e+00 0.0000e+00 0.0000e+00]
 [0.0000e+00 0.0000e+00 1.2000e+00 0.0000e+00 5.8000e+00 0.0000e+00
  1.2400e+01 2.8000e+00 4.3400e+01 6.5400e+01 1.0586e+03 6.0000e-01
  1.1800e+01 8.0000e+00 0.0000e+00]
 [0.0000e+00 0.0000e+00 0.0000e+00 0.0000e+00 2.3000e+01 0.0000e+00
  3.9000e+01 2.7800e+01 5.4400e+01 5.3000e+01 4.0000e+01 9.7060e+02
  2.0000e-01 0.0000e+00 0.0000e+00]
 [0.0000e+00 0.0000e+00 0.0000e+00 0.0000e+00 0.0000e+00 0.0000e+00
  5.4000e+00 1.6000e+00 1.2000e+00 1.3400e+01 2.4000e+00 1.1200e+01
  4.1860e+02 6.2000e+00 0.0000e+00]
 [0.0000e+00 0.0000e+00 0.0000e+00 0.0000e+00 0.0000e+00 0.0000e+00
  2.6000e+00 3.0000e+00 1.0000e+00 0.0000e+00 0.0000e+00 0.0000e+00
  1.2000e+00 4.1120e+02 0.0000e+00]
 [0.0000e+00 0.0000e+00 0.0000e+00 0.0000e+00 0.0000e+00 0.0000e+00
  1.4000e+00 0.0000e+00 0.0000e+00 0.0000e+00 0.0000e+00 0.0000e+00
  0.0000e+00 0.0000e+00 6.4560e+02]]---
Accuracy: 88.94 +- 0.95
---
class acc :
	Healthy grass: 89.30 +- 4.84
	Stressed grass: 97.74 +- 1.88
	Synthetic grass: 98.27 +- 1.36
	Trees: 95.98 +- 2.98
	Soil: 99.90 +- 0.12
	Water: 59.00 +- 27.50
	Residential: 91.38 +- 5.74
	Commercial: 73.19 +- 7.72
	Road: 81.16 +- 5.06
	Highway: 85.67 +- 8.03
	Railway: 87.49 +- 3.54
	Parking Lot 1: 80.35 +- 10.59
	Parking Lot 2: 91.00 +- 2.09
	Tennis Court: 98.14 +- 1.74
	Running Track: 99.78 +- 0.36
---
AA: 88.56 +- 1.50
Kappa: 88.04 +- 1.03
