run 1 / 5
Best validation overall accuracy 0.921875
Confusion matrix :
[[1064  135    0   27    0    0    0    0    0    0    0    0    0    0
     0]
 [   0 1229    0    0    0    0    0    0    0    0    0    0    0    0
     0]
 [   0    0  682    0    0    0    0    0    0    0    0    0    0    0
     1]
 [   4    1    0 1183    0    0   20    0    9    0    0    0    0    2
     0]
 [   0    0    0    0 1214    0    0    2    0    0    0    0    0    0
     1]
 [  30    0    0    0    2  190   61    0    0    0    2    0   26    0
     8]
 [   1    0    0    0    0    0 1213    5   13    0   10    0    0    1
     0]
 [   0    0    0    0    0    0   83  981    7   25    2  107    0    0
    14]
 [   0    0    0    0    0    0   21    0 1016   74  105   11    0    0
     0]
 [   0    0    0    0    0    0    0    0    6 1141   51    5    0    0
     0]
 [   0    0    0    0    0    0   29   15   21   80 1048    0    0    0
    17]
 [   0    0    0    0    0    0   59    0   55    0    0 1094    0    0
     0]
 [   0    0    0    0    0    9   53    6    0   19   43   17  313    0
     0]
 [   0    0    0    0    0    0   67    0    0    0    0    0    0  352
     0]
 [   0    0    6    0    0    0    0    0    0    0    0    0    0    0
   641]]---
Accuracy : 90.71%
---
class acc :
	Healthy grass: 86.79
	Stressed grass: 100.00
	Synthetic grass: 99.85
	Trees: 97.05
	Soil: 99.75
	Water: 59.56
	Residential: 97.59
	Commercial: 80.48
	Road: 82.80
	Highway: 94.85
	Railway: 86.61
	Parking Lot 1: 90.56
	Parking Lot 2: 68.04
	Tennis Court: 84.01
	Running Track: 99.07
---
AA: 88.47%
Kappa: 89.95
run 2 / 5
Best validation overall accuracy 0.9375
Confusion matrix :
[[1191   33    0    0    0    0    2    0    0    0    0    0    0    0
     0]
 [   3 1223    0    0    0    0    3    0    0    0    0    0    0    0
     0]
 [   0    0  676    0    0    0    0    0    0    0    0    0    0    0
     7]
 [ 221    7    0  985    0    0    4    0    2    0    0    0    0    0
     0]
 [   0    0    0    0 1216    0    0    1    0    0    0    0    0    0
     0]
 [   1    0    0    0    0  216   95    0    0    7    0    0    0    0
     0]
 [   0    1    0    1    0    0 1187   30   18    0    5    1    0    0
     0]
 [   0    0    0    0   87    0   18  994   51   18   11   20    6    0
    14]
 [   2    1    0    1   29    0   15   11 1075   64   27    2    0    0
     0]
 [   0    0    0    0    0    0    0    0   34 1047   65   57    0    0
     0]
 [   0    0    0    3    0    0    7   17   17   16 1150    0    0    0
     0]
 [   0    0    0    0    3    0    6   71   93    0    0 1035    0    0
     0]
 [   0    0    0    0    0    0   10    0   46    0   19    7  378    0
     0]
 [   0    0    0    0    0    0    0    8    0    0    0    0    0  411
     0]
 [   0    0    0    0    0    0    0    0    0    0    0    0    0    0
   647]]---
Accuracy : 91.19%
---
class acc :
	Healthy grass: 97.15
	Stressed grass: 99.51
	Synthetic grass: 98.98
	Trees: 80.80
	Soil: 99.92
	Water: 67.71
	Residential: 95.49
	Commercial: 81.54
	Road: 87.61
	Highway: 87.03
	Railway: 95.04
	Parking Lot 1: 85.68
	Parking Lot 2: 82.17
	Tennis Court: 98.09
	Running Track: 100.00
---
AA: 90.45%
Kappa: 90.47
run 3 / 5
Best validation overall accuracy 0.9375
Confusion matrix :
[[1000  190    0   36    0    0    0    0    0    0    0    0    0    0
     0]
 [   0 1229    0    0    0    0    0    0    0    0    0    0    0    0
     0]
 [   0    0  678    0    0    0    0    0    0    0    0    0    0    0
     5]
 [   0    3    0 1214    0    0    1    0    1    0    0    0    0    0
     0]
 [   0    0    0    0 1215    0    2    0    0    0    0    0    0    0
     0]
 [   0    0   31    3    2  236   41    0    0    0    0    0    6    0
     0]
 [   0    0    0    0    0    0 1129   81    0    5   27    0    1    0
     0]
 [   1    0    0    0   19    0    6 1002    2   17    1  137   24    0
    10]
 [   0    0    0    0   20    0    9    8 1116   27    7   40    0    0
     0]
 [   0    0    0    0    0    0    0    0   53 1148    1    1    0    0
     0]
 [   0    0    0    0    0    0   16    0   26  125 1041    0    2    0
     0]
 [   0    0    0    0    0    0   58    0   10  109   76  955    0    0
     0]
 [   0    0    0    0    0    0    0    0    0   20    2  108  330    0
     0]
 [   0    0    0    0    0    0    0    0    0    0    0    0    0  419
     0]
 [   0    0    0    0    0    0    0    0    0    0    0    0    0    0
   647]]---
Accuracy : 90.70%
---
class acc :
	Healthy grass: 81.57
	Stressed grass: 100.00
	Synthetic grass: 99.27
	Trees: 99.59
	Soil: 99.84
	Water: 73.98
	Residential: 90.83
	Commercial: 82.20
	Road: 90.95
	Highway: 95.43
	Railway: 86.03
	Parking Lot 1: 79.06
	Parking Lot 2: 71.74
	Tennis Court: 100.00
	Running Track: 100.00
---
AA: 90.03%
Kappa: 89.94
run 4 / 5
Best validation overall accuracy 0.875
Confusion matrix :
[[1200    2    0   24    0    0    0    0    0    0    0    0    0    0
     0]
 [  59 1165    0    5    0    0    0    0    0    0    0    0    0    0
     0]
 [   0    0  683    0    0    0    0    0    0    0    0    0    0    0
     0]
 [  29    0    0 1168    0    0   13    0    7    0    0    2    0    0
     0]
 [   0    0    0    0 1217    0    0    0    0    0    0    0    0    0
     0]
 [  16   14    4    1    1  215   40    6    0   18    0    0    3    0
     1]
 [   0    0    4    0    0    0 1130    0   12    0   82    2    0   13
     0]
 [   0    0   29    0    0    0   23  908   30  108   18   22   19   33
    29]
 [   0    0    0    0   24    0   10    0 1077   45   48   23    0    0
     0]
 [   0    0    0    0    0    0    0    0    0  975  228    0    0    0
     0]
 [   0    0    3    0    0    0    0    0    0  115 1092    0    0    0
     0]
 [   0    0    0    0    0    0   59  104  109   50   97  788    1    0
     0]
 [   0    0    0    0    0    0    2    4    0   19   17   32  386    0
     0]
 [   0    0    0    0    0    0    7   10    0    0   10    0    1  391
     0]
 [   0    0    0    0    0    0    0    0    0    0    0    0    0    0
   647]]---
Accuracy : 88.55%
---
class acc :
	Healthy grass: 97.88
	Stressed grass: 94.79
	Synthetic grass: 100.00
	Trees: 95.82
	Soil: 100.00
	Water: 67.40
	Residential: 90.91
	Commercial: 74.49
	Road: 87.78
	Highway: 81.05
	Railway: 90.25
	Parking Lot 1: 65.23
	Parking Lot 2: 83.91
	Tennis Court: 93.32
	Running Track: 100.00
---
AA: 88.19%
Kappa: 87.61
run 5 / 5
Best validation overall accuracy 0.9609375
Confusion matrix :
[[1086  100    0   40    0    0    0    0    0    0    0    0    0    0
     0]
 [  21 1205    0    0    0    0    0    0    3    0    0    0    0    0
     0]
 [   0    0  681    0    0    0    0    0    0    0    0    0    0    0
     2]
 [   1    0    0 1215    0    0    0    0    3    0    0    0    0    0
     0]
 [   0    0    0    0 1213    0    0    0    0    0    4    0    0    0
     0]
 [   3    0    1   43    5    0   56    4   10    0    0    3  194    0
     0]
 [   1    3    0   29    3    0 1120   44   18    0   22    0    0    0
     3]
 [   0    0    0    0   12    0   29 1046   17   14   25   47    0    0
    29]
 [   3    0    0    0   20    0   11   16 1093   38   27   19    0    0
     0]
 [   0    0    0    0    0    0    0    0    0 1060    6  137    0    0
     0]
 [   0    0    0    0    0    0    0    0   25   17 1168    0    0    0
     0]
 [   0    0    0    2    0    0    3  119   15  101   64  904    0    0
     0]
 [   0    0    2    8    0    0    0    8   38   20    0   74  310    0
     0]
 [   0    0    3    0    0    0    1    0    0    0   55    1    0  333
    26]
 [   0    0    7    0    0    0    0    0    0    0    0    0    0    0
   640]]---
Accuracy : 88.76%
---
class acc :
	Healthy grass: 88.58
	Stressed grass: 98.05
	Synthetic grass: 99.71
	Trees: 99.67
	Soil: 99.67
	Water: 0.00
	Residential: 90.10
	Commercial: 85.81
	Road: 89.08
	Highway: 88.11
	Railway: 96.53
	Parking Lot 1: 74.83
	Parking Lot 2: 67.39
	Tennis Court: 79.47
	Running Track: 98.92
---
AA: 83.73%
Kappa: 87.84
Agregated results :
Confusion matrix :
[[1.1082e+03 9.2000e+01 0.0000e+00 2.5400e+01 0.0000e+00 0.0000e+00
  4.0000e-01 0.0000e+00 0.0000e+00 0.0000e+00 0.0000e+00 0.0000e+00
  0.0000e+00 0.0000e+00 0.0000e+00]
 [1.6600e+01 1.2102e+03 0.0000e+00 1.0000e+00 0.0000e+00 0.0000e+00
  6.0000e-01 0.0000e+00 6.0000e-01 0.0000e+00 0.0000e+00 0.0000e+00
  0.0000e+00 0.0000e+00 0.0000e+00]
 [0.0000e+00 0.0000e+00 6.8000e+02 0.0000e+00 0.0000e+00 0.0000e+00
  0.0000e+00 0.0000e+00 0.0000e+00 0.0000e+00 0.0000e+00 0.0000e+00
  0.0000e+00 0.0000e+00 3.0000e+00]
 [5.1000e+01 2.2000e+00 0.0000e+00 1.1530e+03 0.0000e+00 0.0000e+00
  7.6000e+00 0.0000e+00 4.4000e+00 0.0000e+00 0.0000e+00 4.0000e-01
  0.0000e+00 4.0000e-01 0.0000e+00]
 [0.0000e+00 0.0000e+00 0.0000e+00 0.0000e+00 1.2150e+03 0.0000e+00
  4.0000e-01 6.0000e-01 0.0000e+00 0.0000e+00 8.0000e-01 0.0000e+00
  0.0000e+00 0.0000e+00 2.0000e-01]
 [1.0000e+01 2.8000e+00 7.2000e+00 9.4000e+00 2.0000e+00 1.7140e+02
  5.8600e+01 2.0000e+00 2.0000e+00 5.0000e+00 4.0000e-01 6.0000e-01
  4.5800e+01 0.0000e+00 1.8000e+00]
 [4.0000e-01 8.0000e-01 8.0000e-01 6.0000e+00 6.0000e-01 0.0000e+00
  1.1558e+03 3.2000e+01 1.2200e+01 1.0000e+00 2.9200e+01 6.0000e-01
  2.0000e-01 2.8000e+00 6.0000e-01]
 [2.0000e-01 0.0000e+00 5.8000e+00 0.0000e+00 2.3600e+01 0.0000e+00
  3.1800e+01 9.8620e+02 2.1400e+01 3.6400e+01 1.1400e+01 6.6600e+01
  9.8000e+00 6.6000e+00 1.9200e+01]
 [1.0000e+00 2.0000e-01 0.0000e+00 2.0000e-01 1.8600e+01 0.0000e+00
  1.3200e+01 7.0000e+00 1.0754e+03 4.9600e+01 4.2800e+01 1.9000e+01
  0.0000e+00 0.0000e+00 0.0000e+00]
 [0.0000e+00 0.0000e+00 0.0000e+00 0.0000e+00 0.0000e+00 0.0000e+00
  0.0000e+00 0.0000e+00 1.8600e+01 1.0742e+03 7.0200e+01 4.0000e+01
  0.0000e+00 0.0000e+00 0.0000e+00]
 [0.0000e+00 0.0000e+00 6.0000e-01 6.0000e-01 0.0000e+00 0.0000e+00
  1.0400e+01 6.4000e+00 1.7800e+01 7.0600e+01 1.0998e+03 0.0000e+00
  4.0000e-01 0.0000e+00 3.4000e+00]
 [0.0000e+00 0.0000e+00 0.0000e+00 4.0000e-01 6.0000e-01 0.0000e+00
  3.7000e+01 5.8800e+01 5.6400e+01 5.2000e+01 4.7400e+01 9.5520e+02
  2.0000e-01 0.0000e+00 0.0000e+00]
 [0.0000e+00 0.0000e+00 4.0000e-01 1.6000e+00 0.0000e+00 1.8000e+00
  1.3000e+01 3.6000e+00 1.6800e+01 1.5600e+01 1.6200e+01 4.7600e+01
  3.4340e+02 0.0000e+00 0.0000e+00]
 [0.0000e+00 0.0000e+00 6.0000e-01 0.0000e+00 0.0000e+00 0.0000e+00
  1.5000e+01 3.6000e+00 0.0000e+00 0.0000e+00 1.3000e+01 2.0000e-01
  2.0000e-01 3.8120e+02 5.2000e+00]
 [0.0000e+00 0.0000e+00 2.6000e+00 0.0000e+00 0.0000e+00 0.0000e+00
  0.0000e+00 0.0000e+00 0.0000e+00 0.0000e+00 0.0000e+00 0.0000e+00
  0.0000e+00 0.0000e+00 6.4440e+02]]---
Accuracy: 89.98 +- 1.10
---
class acc :
	Healthy grass: 90.39 +- 6.26
	Stressed grass: 98.47 +- 1.97
	Synthetic grass: 99.56 +- 0.38
	Trees: 94.59 +- 7.05
	Soil: 99.84 +- 0.12
	Water: 53.73 +- 27.25
	Residential: 92.98 +- 2.99
	Commercial: 80.90 +- 3.67
	Road: 87.64 +- 2.70
	Highway: 89.29 +- 5.35
	Railway: 90.89 +- 4.27
	Parking Lot 1: 79.07 +- 8.78
	Parking Lot 2: 74.65 +- 7.03
	Tennis Court: 90.98 +- 7.98
	Running Track: 99.60 +- 0.49
---
AA: 88.17 +- 2.39
Kappa: 89.16 +- 1.19
