run 1 / 5
Best validation overall accuracy 0.90625
Confusion matrix :
[[1102   55    0   69    0    0    0    0    0    0    0    0    0    0
     0]
 [  62 1162    0    5    0    0    0    0    0    0    0    0    0    0
     0]
 [   0    0  681    0    0    0    0    0    0    0    0    0    0    0
     2]
 [   3    0    0 1197    0    0   14    0    5    0    0    0    0    0
     0]
 [   0    0    0    0 1217    0    0    0    0    0    0    0    0    0
     0]
 [  32    2    5    8   17  126   41    0   83    5    0    0    0    0
     0]
 [   0    0    0    1    0    0 1226    0    9    0    7    0    0    0
     0]
 [   1    0    0    0   13    0  104  863    1   97    0  111    0    1
    28]
 [   0    0    0    0    0    0   37    0 1042   76   60   12    0    0
     0]
 [   0    0    0    0    0    0    0    0    0 1172    5   26    0    0
     0]
 [   0    0    0    0    0    0   22    0    0   57 1131    0    0    0
     0]
 [   0    0    0    0    0    0   59   13   13    9   95 1019    0    0
     0]
 [   0    0    0    0    0    0   23    0   23   10  399    5    0    0
     0]
 [   0    0    0    0    0    0    1    0    0    0    0    0    0  418
     0]
 [   0    0    0    0    0    0    0    0    0    0    0    0    0    0
   647]]---
Accuracy : 88.28%
---
class acc :
	Healthy grass: 89.89
	Stressed grass: 94.55
	Synthetic grass: 99.71
	Trees: 98.20
	Soil: 100.00
	Water: 39.50
	Residential: 98.63
	Commercial: 70.80
	Road: 84.92
	Highway: 97.42
	Railway: 93.47
	Parking Lot 1: 84.35
	Parking Lot 2: 0.00
	Tennis Court: 99.76
	Running Track: 100.00
---
AA: 83.41%
Kappa: 87.30
run 2 / 5
Best validation overall accuracy 0.8671875
Confusion matrix :
[[1191    0    0   35    0    0    0    0    0    0    0    0    0    0
     0]
 [  72 1038    0  119    0    0    0    0    0    0    0    0    0    0
     0]
 [   0    0  675    0    0    0    0    0    0    0    0    0    0    0
     8]
 [  57    0    0 1147    0    0    0    0   15    0    0    0    0    0
     0]
 [   0    0    0    0 1217    0    0    0    0    0    0    0    0    0
     0]
 [  10    1    4   38    8  181   47    0    7   23    0    0    0    0
     0]
 [   0   24    0   17    0    0 1144   49    0    0    9    0    0    0
     0]
 [   0    0    0    0   75    0   56  921   34   47    0   77    0    0
     9]
 [   0   11    0    1   10    0    4    3 1134   23   31   10    0    0
     0]
 [   0    0    0    0    0    0    0    0   76  729  222  176    0    0
     0]
 [   0    3    0    0    0    0    0    0    2   20 1185    0    0    0
     0]
 [   0    0    0    0    0    0   20    0   25    0    0 1163    0    0
     0]
 [   0    0    0    3    0    0    8    0    7   19   46  298    5   74
     0]
 [   0    0    0    0    0    0    1    0    0    0    5    0    0  413
     0]
 [   0    0    0    0    0    0    0    0    0    0    0    0    0    0
   647]]---
Accuracy : 86.84%
---
class acc :
	Healthy grass: 97.15
	Stressed grass: 84.46
	Synthetic grass: 98.83
	Trees: 94.09
	Soil: 100.00
	Water: 56.74
	Residential: 92.04
	Commercial: 75.55
	Road: 92.42
	Highway: 60.60
	Railway: 97.93
	Parking Lot 1: 96.27
	Parking Lot 2: 1.09
	Tennis Court: 98.57
	Running Track: 100.00
---
AA: 83.05%
Kappa: 85.74
run 3 / 5
Best validation overall accuracy 0.9375
Confusion matrix :
[[1031  137    0   58    0    0    0    0    0    0    0    0    0    0
     0]
 [   7 1222    0    0    0    0    0    0    0    0    0    0    0    0
     0]
 [   0    0  671    0    0    0    0    0    0    0    0    0    0    0
    12]
 [   0    0    0 1209    0    0    4    0    6    0    0    0    0    0
     0]
 [   0    0    0    0 1217    0    0    0    0    0    0    0    0    0
     0]
 [  21    0    0   17    1  187   47    0   46    0    0    0    0    0
     0]
 [   0    6    0   14    0    0 1146   75    0    0    2    0    0    0
     0]
 [   4    0    0    0    5    0    8  965   17    0   17  185   10    0
     8]
 [   0    0    0    7    9    0   12    0 1145   29    0   25    0    0
     0]
 [   0    0    0    0    0    0    0    0  153 1013   37    0    0    0
     0]
 [   0    0    0    2    0    0   14    0   32   57 1105    0    0    0
     0]
 [   0    0    0    0    0    0   59    0   19    0   21 1109    0    0
     0]
 [   0    0    5    0    0    0    7    0    0   20    0  168  260    0
     0]
 [   1    0    0    0    0    0    0    1    0    0    0    0    0  417
     0]
 [   0    0    0    0    0    0    0    0    0    0    0    0    0    0
   647]]---
Accuracy : 90.60%
---
class acc :
	Healthy grass: 84.09
	Stressed grass: 99.43
	Synthetic grass: 98.24
	Trees: 99.18
	Soil: 100.00
	Water: 58.62
	Residential: 92.20
	Commercial: 79.16
	Road: 93.32
	Highway: 84.21
	Railway: 91.32
	Parking Lot 1: 91.80
	Parking Lot 2: 56.52
	Tennis Court: 99.52
	Running Track: 100.00
---
AA: 88.51%
Kappa: 89.82
run 4 / 5
Best validation overall accuracy 0.8515625
Confusion matrix :
[[1113   29    0   84    0    0    0    0    0    0    0    0    0    0
     0]
 [  15 1171    0   42    0    0    0    0    0    0    1    0    0    0
     0]
 [   0    0  678    0    0    0    0    0    0    0    0    0    0    0
     5]
 [   7    0    0 1192    0    0   17    0    1    2    0    0    0    0
     0]
 [   0    0    0    0 1217    0    0    0    0    0    0    0    0    0
     0]
 [  24    0    0    6    6  174   46    0   27    0    0    0   36    0
     0]
 [   0    0    0    6    0    0 1175    1   11    0   43    0    0    0
     7]
 [   0    0    7    0   14    0   76  963    0   87   13   31    0    0
    28]
 [   0    6    0    0   15    0   40    0  978  127   52    9    0    0
     0]
 [   0    0    0    0    0    0    0    0    0  975  228    0    0    0
     0]
 [   0    0    0    0    0    0    0    0    0  117 1093    0    0    0
     0]
 [   0    0    0    0    0    0   59    7  179   91   67  802    3    0
     0]
 [   0    0    0    0    0    0   20    4    0   19    0   52  365    0
     0]
 [   0    0    0    0    0    0   35    2    0    0    0    0    0  382
     0]
 [   0    0    0    0    0    0    0    0    0    0    0    0    0    0
   647]]---
Accuracy : 87.75%
---
class acc :
	Healthy grass: 90.78
	Stressed grass: 95.28
	Synthetic grass: 99.27
	Trees: 97.79
	Soil: 100.00
	Water: 54.55
	Residential: 94.53
	Commercial: 79.00
	Road: 79.71
	Highway: 81.05
	Railway: 90.33
	Parking Lot 1: 66.39
	Parking Lot 2: 79.35
	Tennis Court: 91.17
	Running Track: 100.00
---
AA: 86.61%
Kappa: 86.75
run 5 / 5
Best validation overall accuracy 0.9296875
Confusion matrix :
[[1091  111    0   24    0    0    0    0    0    0    0    0    0    0
     0]
 [  71 1158    0    0    0    0    0    0    0    0    0    0    0    0
     0]
 [   0    0  682    0    0    0    0    0    0    0    0    0    0    0
     1]
 [   0   36    0 1171    0    0   11    0    1    0    0    0    0    0
     0]
 [   0    0    0    0 1217    0    0    0    0    0    0    0    0    0
     0]
 [  68    0    0    5    5    0   42    0    6  154    0   39    0    0
     0]
 [   2    3    3    0    0    0 1117   69   10    0   39    0    0    0
     0]
 [   0    0    0    0   34    0   27  936   75   60   25   33    0    0
    29]
 [   0    0    0    0   21    0    4    0 1151   16   26    9    0    0
     0]
 [   0    0    0    0    0    0    0    0   91  967  145    0    0    0
     0]
 [   0    0    0    0    0    0    0    0   28    0 1182    0    0    0
     0]
 [   0    0    0    0   41    0   32   13  169   60   65  817   11    0
     0]
 [   0    0    0    0    0    0    2    0   30   19  118   37  254    0
     0]
 [   0    0    0    0    0    0    0    0    0    0   11    0    0  408
     0]
 [   0    0    2    0    0    0    0    0    0    0    0    0    0    0
   645]]---
Accuracy : 86.88%
---
class acc :
	Healthy grass: 88.99
	Stressed grass: 94.22
	Synthetic grass: 99.85
	Trees: 96.06
	Soil: 100.00
	Water: 0.00
	Residential: 89.86
	Commercial: 76.78
	Road: 93.81
	Highway: 80.38
	Railway: 97.69
	Parking Lot 1: 67.63
	Parking Lot 2: 55.22
	Tennis Court: 97.37
	Running Track: 99.69
---
AA: 82.50%
Kappa: 85.78
Agregated results :
Confusion matrix :
[[1.1056e+03 6.6400e+01 0.0000e+00 5.4000e+01 0.0000e+00 0.0000e+00
  0.0000e+00 0.0000e+00 0.0000e+00 0.0000e+00 0.0000e+00 0.0000e+00
  0.0000e+00 0.0000e+00 0.0000e+00]
 [4.5400e+01 1.1502e+03 0.0000e+00 3.3200e+01 0.0000e+00 0.0000e+00
  0.0000e+00 0.0000e+00 0.0000e+00 0.0000e+00 2.0000e-01 0.0000e+00
  0.0000e+00 0.0000e+00 0.0000e+00]
 [0.0000e+00 0.0000e+00 6.7740e+02 0.0000e+00 0.0000e+00 0.0000e+00
  0.0000e+00 0.0000e+00 0.0000e+00 0.0000e+00 0.0000e+00 0.0000e+00
  0.0000e+00 0.0000e+00 5.6000e+00]
 [1.3400e+01 7.2000e+00 0.0000e+00 1.1832e+03 0.0000e+00 0.0000e+00
  9.2000e+00 0.0000e+00 5.6000e+00 4.0000e-01 0.0000e+00 0.0000e+00
  0.0000e+00 0.0000e+00 0.0000e+00]
 [0.0000e+00 0.0000e+00 0.0000e+00 0.0000e+00 1.2170e+03 0.0000e+00
  0.0000e+00 0.0000e+00 0.0000e+00 0.0000e+00 0.0000e+00 0.0000e+00
  0.0000e+00 0.0000e+00 0.0000e+00]
 [3.1000e+01 6.0000e-01 1.8000e+00 1.4800e+01 7.4000e+00 1.3360e+02
  4.4600e+01 0.0000e+00 3.3800e+01 3.6400e+01 0.0000e+00 7.8000e+00
  7.2000e+00 0.0000e+00 0.0000e+00]
 [4.0000e-01 6.6000e+00 6.0000e-01 7.6000e+00 0.0000e+00 0.0000e+00
  1.1616e+03 3.8800e+01 6.0000e+00 0.0000e+00 2.0000e+01 0.0000e+00
  0.0000e+00 0.0000e+00 1.4000e+00]
 [1.0000e+00 0.0000e+00 1.4000e+00 0.0000e+00 2.8200e+01 0.0000e+00
  5.4200e+01 9.2960e+02 2.5400e+01 5.8200e+01 1.1000e+01 8.7400e+01
  2.0000e+00 2.0000e-01 2.0400e+01]
 [0.0000e+00 3.4000e+00 0.0000e+00 1.6000e+00 1.1000e+01 0.0000e+00
  1.9400e+01 6.0000e-01 1.0900e+03 5.4200e+01 3.3800e+01 1.3000e+01
  0.0000e+00 0.0000e+00 0.0000e+00]
 [0.0000e+00 0.0000e+00 0.0000e+00 0.0000e+00 0.0000e+00 0.0000e+00
  0.0000e+00 0.0000e+00 6.4000e+01 9.7120e+02 1.2740e+02 4.0400e+01
  0.0000e+00 0.0000e+00 0.0000e+00]
 [0.0000e+00 6.0000e-01 0.0000e+00 4.0000e-01 0.0000e+00 0.0000e+00
  7.2000e+00 0.0000e+00 1.2400e+01 5.0200e+01 1.1392e+03 0.0000e+00
  0.0000e+00 0.0000e+00 0.0000e+00]
 [0.0000e+00 0.0000e+00 0.0000e+00 0.0000e+00 8.2000e+00 0.0000e+00
  4.5800e+01 6.6000e+00 8.1000e+01 3.2000e+01 4.9600e+01 9.8200e+02
  2.8000e+00 0.0000e+00 0.0000e+00]
 [0.0000e+00 0.0000e+00 1.0000e+00 6.0000e-01 0.0000e+00 0.0000e+00
  1.2000e+01 8.0000e-01 1.2000e+01 1.7400e+01 1.1260e+02 1.1200e+02
  1.7680e+02 1.4800e+01 0.0000e+00]
 [2.0000e-01 0.0000e+00 0.0000e+00 0.0000e+00 0.0000e+00 0.0000e+00
  7.4000e+00 6.0000e-01 0.0000e+00 0.0000e+00 3.2000e+00 0.0000e+00
  0.0000e+00 4.0760e+02 0.0000e+00]
 [0.0000e+00 0.0000e+00 4.0000e-01 0.0000e+00 0.0000e+00 0.0000e+00
  0.0000e+00 0.0000e+00 0.0000e+00 0.0000e+00 0.0000e+00 0.0000e+00
  0.0000e+00 0.0000e+00 6.4660e+02]]---
Accuracy: 88.07 +- 1.38
---
class acc :
	Healthy grass: 90.18 +- 4.18
	Stressed grass: 93.59 +- 4.93
	Synthetic grass: 99.18 +- 0.59
	Trees: 97.06 +- 1.79
	Soil: 100.00 +- 0.00
	Water: 41.88 +- 22.00
	Residential: 93.45 +- 2.98
	Commercial: 76.26 +- 3.05
	Road: 88.83 +- 5.59
	Highway: 80.73 +- 11.80
	Railway: 94.15 +- 3.16
	Parking Lot 1: 81.29 +- 12.27
	Parking Lot 2: 38.43 +- 32.11
	Tennis Court: 97.28 +- 3.17
	Running Track: 99.94 +- 0.12
---
AA: 84.82 +- 2.34
Kappa: 87.08 +- 1.49
