run 1 / 5
Best validation overall accuracy 0.9296875
Confusion matrix :
[[1084   44    0   98    0    0    0    0    0    0    0    0    0    0
     0]
 [  48 1178    0    3    0    0    0    0    0    0    0    0    0    0
     0]
 [   0    0  665    0    0    0   18    0    0    0    0    0    0    0
     0]
 [   0    0    0 1205    0    0   13    0    1    0    0    0    0    0
     0]
 [   0    0    0    0 1197    0    0    1    0    0    0   19    0    0
     0]
 [   5    0    0    3    0  264   41    6    0    0    0    0    0    0
     0]
 [   0    0    0    0    4    0 1225    1    5    0    8    0    0    0
     0]
 [   0    0  115    0    4    0   65  846   41   18   16   88    0    0
    26]
 [   0    0    0    0    0    0    9    2 1065   66   60   25    0    0
     0]
 [   0    0    0    0    0    0    0    0   72 1123    6    2    0    0
     0]
 [   0    0    0    0   24    0   46    2   27   30 1077    0    4    0
     0]
 [   0    0    0    0    0    0   59    0   85   59    4 1001    0    0
     0]
 [   0    0    0    0    0    0  127   33    0    3    3   25  269    0
     0]
 [   0    0    0    0    0    0    6    0    0    0    0    0    0  413
     0]
 [   0    0    0    0    0    0   11    0    0    0    0    0    0    0
   636]]---
Accuracy : 89.95%
---
class acc :
	Healthy grass: 88.42
	Stressed grass: 95.85
	Synthetic grass: 97.36
	Trees: 98.85
	Soil: 98.36
	Water: 82.76
	Residential: 98.55
	Commercial: 69.40
	Road: 86.80
	Highway: 93.35
	Railway: 89.01
	Parking Lot 1: 82.86
	Parking Lot 2: 58.48
	Tennis Court: 98.57
	Running Track: 98.30
---
AA: 89.13%
Kappa: 89.12
run 2 / 5
Best validation overall accuracy 0.9609375
Confusion matrix :
[[1186   25    0   15    0    0    0    0    0    0    0    0    0    0
     0]
 [  14 1125    0   90    0    0    0    0    0    0    0    0    0    0
     0]
 [   0    0  680    0    0    0    2    0    0    0    0    0    0    0
     1]
 [ 109    0    0 1108    0    0    0    0    2    0    0    0    0    0
     0]
 [   0    0    0    0 1217    0    0    0    0    0    0    0    0    0
     0]
 [   1    0   32    0    1  235   44    6    0    0    0    0    0    0
     0]
 [   0    0   15    0    0    0 1084   95   14    4   12   19    0    0
     0]
 [   0    0    0    0   87    0   31  914   12   18   38  103    2    0
    14]
 [   0    0    0    0   22    0    5    0 1053  111   29    7    0    0
     0]
 [   0    0    0    0    0    0    0    0   10 1130   13   50    0    0
     0]
 [   0    0    8    0    3    0    7   11   16   80 1084    0    1    0
     0]
 [   0    0    1    0    0    0   15    0   52   55    0 1085    0    0
     0]
 [   0    0    0    0    0    0    4    0    0   11    8    0  437    0
     0]
 [   0    0    0    0    0    0    9   76    0    0    0    0    0  334
     0]
 [   0    0    0    0    0    0    0    0    0    0    0    0    0    0
   647]]---
Accuracy : 90.43%
---
class acc :
	Healthy grass: 96.74
	Stressed grass: 91.54
	Synthetic grass: 99.56
	Trees: 90.89
	Soil: 100.00
	Water: 73.67
	Residential: 87.21
	Commercial: 74.98
	Road: 85.82
	Highway: 93.93
	Railway: 89.59
	Parking Lot 1: 89.82
	Parking Lot 2: 95.00
	Tennis Court: 79.71
	Running Track: 100.00
---
AA: 89.90%
Kappa: 89.65
run 3 / 5
Best validation overall accuracy 0.9375
Confusion matrix :
[[ 976  211    0   39    0    0    0    0    0    0    0    0    0    0
     0]
 [  27 1202    0    0    0    0    0    0    0    0    0    0    0    0
     0]
 [   0    0  675    0    0    0    6    0    0    0    0    0    0    0
     2]
 [   0   75    0 1144    0    0    0    0    0    0    0    0    0    0
     0]
 [   0    0    0    0 1217    0    0    0    0    0    0    0    0    0
     0]
 [   0    0   29    0    0  205   40    0    0   39    0    0    6    0
     0]
 [   0    0    3    0    0    0 1137   95    0    0    8    0    0    0
     0]
 [   0    0    6    0    6    0    4  939   12   37    3  198    0    0
    14]
 [   0    0    4    0   20    0   11    0 1099   28   33   31    1    0
     0]
 [   0    0    0    0    0    0    0    0   82 1120    0    1    0    0
     0]
 [   0    0    1    0    2    0   44   14   76  151  909    0   13    0
     0]
 [   0    0    0    0    0    0   60    0   30  197   63  858    0    0
     0]
 [   0    0    0    0    0    0    3    0    0   25    0    0  432    0
     0]
 [   0    0    0    1    0    0    0    1    0    0    0    0    0  417
     0]
 [   0    0    0    0    0    0    0    0    0    0    0    0    0    0
   647]]---
Accuracy : 88.11%
---
class acc :
	Healthy grass: 79.61
	Stressed grass: 97.80
	Synthetic grass: 98.83
	Trees: 93.85
	Soil: 100.00
	Water: 64.26
	Residential: 91.47
	Commercial: 77.03
	Road: 89.57
	Highway: 93.10
	Railway: 75.12
	Parking Lot 1: 71.03
	Parking Lot 2: 93.91
	Tennis Court: 99.52
	Running Track: 100.00
---
AA: 88.34%
Kappa: 87.14
run 4 / 5
Best validation overall accuracy 0.875
Confusion matrix :
[[1094   71    0   61    0    0    0    0    0    0    0    0    0    0
     0]
 [   2 1202    0   25    0    0    0    0    0    0    0    0    0    0
     0]
 [   0    0  680    0    0    0    0    0    0    0    0    0    0    0
     3]
 [   1    0    0 1217    0    0    0    0    1    0    0    0    0    0
     0]
 [   0    0    0    0 1211    0    0    6    0    0    0    0    0    0
     0]
 [   0    0    0    4    0  220   71   18    0    6    0    0    0    0
     0]
 [   0    0    0    0    2    0 1195   12   12    1   12    0    0    4
     5]
 [   0    0    0    0    5    0   58  952   39   74    0   59    0    8
    24]
 [   0    0    0    0   23    0    2    8 1017   82   85    7    3    0
     0]
 [   0    0    0    0    0    0    0    8   56  838  123  178    0    0
     0]
 [   0    0    0    0    0    0    4    0   95  173  923    3   11    0
     1]
 [   0    0    0    0    0    0   66   65  135    4   64  874    0    0
     0]
 [   0    0    0    0    0    0    7    0    0   19    0    6  428    0
     0]
 [   0    0    0    0    0    0    0    1    0    0    0    0    0  416
     2]
 [   0    0    0    0    0    0    0    0    0    0    0    0    0    0
   647]]---
Accuracy : 87.68%
---
class acc :
	Healthy grass: 89.23
	Stressed grass: 97.80
	Synthetic grass: 99.56
	Trees: 99.84
	Soil: 99.51
	Water: 68.97
	Residential: 96.14
	Commercial: 78.10
	Road: 82.89
	Highway: 69.66
	Railway: 76.28
	Parking Lot 1: 72.35
	Parking Lot 2: 93.04
	Tennis Court: 99.28
	Running Track: 100.00
---
AA: 88.18%
Kappa: 86.67
run 5 / 5
Best validation overall accuracy 0.9453125
Confusion matrix :
[[1102   99    0   24    0    0    0    1    0    0    0    0    0    0
     0]
 [  12 1217    0    0    0    0    0    0    0    0    0    0    0    0
     0]
 [   0    0  683    0    0    0    0    0    0    0    0    0    0    0
     0]
 [   1   17    0 1200    0    0    0    0    1    0    0    0    0    0
     0]
 [   0    0    0    0 1217    0    0    0    0    0    0    0    0    0
     0]
 [   0    0   33    0    0  230   47    3    0    0    0    0    3    0
     3]
 [   0    0   19    0    0    0 1081   89   22    7   18    1    0    0
     6]
 [   0    0    4    0    9    0    0 1085   51    0    4   32    1    4
    29]
 [   0    0    0    0   27    0    6    0 1127   16   39   12    0    0
     0]
 [   0    0    0    0    0    0    0    1   86 1090    4   22    0    0
     0]
 [   0    0    0    0    2    0    0    0   40  148 1016    1    3    0
     0]
 [   0    0    0    0   91    0   36   31  151   10   53  836    0    0
     0]
 [   0    0    0    0    0    0    4    0    0   20    0    1  435    0
     0]
 [   0    0    0    0    0    0    0    0    0    0    0    0    0  419
     0]
 [   0    0    0    0    0    0    0    0    0    0    0    0    0    0
   647]]---
Accuracy : 90.88%
---
class acc :
	Healthy grass: 89.89
	Stressed grass: 99.02
	Synthetic grass: 100.00
	Trees: 98.44
	Soil: 100.00
	Water: 72.10
	Residential: 86.97
	Commercial: 89.01
	Road: 91.85
	Highway: 90.61
	Railway: 83.97
	Parking Lot 1: 69.21
	Parking Lot 2: 94.57
	Tennis Court: 100.00
	Running Track: 100.00
---
AA: 91.04%
Kappa: 90.13
Agregated results :
Confusion matrix :
[[1.0884e+03 9.0000e+01 0.0000e+00 4.7400e+01 0.0000e+00 0.0000e+00
  0.0000e+00 2.0000e-01 0.0000e+00 0.0000e+00 0.0000e+00 0.0000e+00
  0.0000e+00 0.0000e+00 0.0000e+00]
 [2.0600e+01 1.1848e+03 0.0000e+00 2.3600e+01 0.0000e+00 0.0000e+00
  0.0000e+00 0.0000e+00 0.0000e+00 0.0000e+00 0.0000e+00 0.0000e+00
  0.0000e+00 0.0000e+00 0.0000e+00]
 [0.0000e+00 0.0000e+00 6.7660e+02 0.0000e+00 0.0000e+00 0.0000e+00
  5.2000e+00 0.0000e+00 0.0000e+00 0.0000e+00 0.0000e+00 0.0000e+00
  0.0000e+00 0.0000e+00 1.2000e+00]
 [2.2200e+01 1.8400e+01 0.0000e+00 1.1748e+03 0.0000e+00 0.0000e+00
  2.6000e+00 0.0000e+00 1.0000e+00 0.0000e+00 0.0000e+00 0.0000e+00
  0.0000e+00 0.0000e+00 0.0000e+00]
 [0.0000e+00 0.0000e+00 0.0000e+00 0.0000e+00 1.2118e+03 0.0000e+00
  0.0000e+00 1.4000e+00 0.0000e+00 0.0000e+00 0.0000e+00 3.8000e+00
  0.0000e+00 0.0000e+00 0.0000e+00]
 [1.2000e+00 0.0000e+00 1.8800e+01 1.4000e+00 2.0000e-01 2.3080e+02
  4.8600e+01 6.6000e+00 0.0000e+00 9.0000e+00 0.0000e+00 0.0000e+00
  1.8000e+00 0.0000e+00 6.0000e-01]
 [0.0000e+00 0.0000e+00 7.4000e+00 0.0000e+00 1.2000e+00 0.0000e+00
  1.1444e+03 5.8400e+01 1.0600e+01 2.4000e+00 1.1600e+01 4.0000e+00
  0.0000e+00 8.0000e-01 2.2000e+00]
 [0.0000e+00 0.0000e+00 2.5000e+01 0.0000e+00 2.2200e+01 0.0000e+00
  3.1600e+01 9.4720e+02 3.1000e+01 2.9400e+01 1.2200e+01 9.6000e+01
  6.0000e-01 2.4000e+00 2.1400e+01]
 [0.0000e+00 0.0000e+00 8.0000e-01 0.0000e+00 1.8400e+01 0.0000e+00
  6.6000e+00 2.0000e+00 1.0722e+03 6.0600e+01 4.9200e+01 1.6400e+01
  8.0000e-01 0.0000e+00 0.0000e+00]
 [0.0000e+00 0.0000e+00 0.0000e+00 0.0000e+00 0.0000e+00 0.0000e+00
  0.0000e+00 1.8000e+00 6.1200e+01 1.0602e+03 2.9200e+01 5.0600e+01
  0.0000e+00 0.0000e+00 0.0000e+00]
 [0.0000e+00 0.0000e+00 1.8000e+00 0.0000e+00 6.2000e+00 0.0000e+00
  2.0200e+01 5.4000e+00 5.0800e+01 1.1640e+02 1.0018e+03 8.0000e-01
  6.4000e+00 0.0000e+00 2.0000e-01]
 [0.0000e+00 0.0000e+00 2.0000e-01 0.0000e+00 1.8200e+01 0.0000e+00
  4.7200e+01 1.9200e+01 9.0600e+01 6.5000e+01 3.6800e+01 9.3080e+02
  0.0000e+00 0.0000e+00 0.0000e+00]
 [0.0000e+00 0.0000e+00 0.0000e+00 0.0000e+00 0.0000e+00 0.0000e+00
  2.9000e+01 6.6000e+00 0.0000e+00 1.5600e+01 2.2000e+00 6.4000e+00
  4.0020e+02 0.0000e+00 0.0000e+00]
 [0.0000e+00 0.0000e+00 0.0000e+00 2.0000e-01 0.0000e+00 0.0000e+00
  3.0000e+00 1.5600e+01 0.0000e+00 0.0000e+00 0.0000e+00 0.0000e+00
  0.0000e+00 3.9980e+02 4.0000e-01]
 [0.0000e+00 0.0000e+00 0.0000e+00 0.0000e+00 0.0000e+00 0.0000e+00
  2.2000e+00 0.0000e+00 0.0000e+00 0.0000e+00 0.0000e+00 0.0000e+00
  0.0000e+00 0.0000e+00 6.4480e+02]]---
Accuracy: 89.41 +- 1.28
---
class acc :
	Healthy grass: 88.78 +- 5.46
	Stressed grass: 96.40 +- 2.64
	Synthetic grass: 99.06 +- 0.93
	Trees: 96.37 +- 3.43
	Soil: 99.57 +- 0.64
	Water: 72.35 +- 6.12
	Residential: 92.07 +- 4.66
	Commercial: 77.70 +- 6.40
	Road: 87.38 +- 3.09
	Highway: 88.13 +- 9.31
	Railway: 82.79 +- 6.12
	Parking Lot 1: 77.05 +- 7.96
	Parking Lot 2: 87.00 +- 14.28
	Tennis Court: 95.42 +- 7.87
	Running Track: 99.66 +- 0.68
---
AA: 89.32 +- 1.06
Kappa: 88.54 +- 1.38
