run 1 / 5
Best validation overall accuracy 0.96875
Confusion matrix :
[[1095   19    0  112    0    0    0    0    0    0    0    0    0    0
     0]
 [  75 1153    0    1    0    0    0    0    0    0    0    0    0    0
     0]
 [   0    0  674    0    0    0    9    0    0    0    0    0    0    0
     0]
 [   6    0    0 1211    0    0    0    0    2    0    0    0    0    0
     0]
 [   0    0    0    0 1215    0    0    2    0    0    0    0    0    0
     0]
 [  13    0    4    1    1  240   44    0    0    1    0    0   15    0
     0]
 [   0    0   26    0    3    0 1180    0    6    0   28    0    0    0
     0]
 [   0    0    3    0    7    0   62  904   55   87    2   67    4    0
    28]
 [   0    0    0    0    0    0    9    0 1093   56   65    4    0    0
     0]
 [   0    0    0    0    2    0    0    0   90 1095   15    1    0    0
     0]
 [   0    0    0    0   19    0    5   17   24   71 1055    0   19    0
     0]
 [   0    0   43    0    0    0   16   45  163   74   20  847    0    0
     0]
 [   0    0    0    0    0    0    3    0    0    5   14    1  437    0
     0]
 [   0    0    0    0    0    0    4    0    0    0    0    0    0  415
     0]
 [   0    0    0    0    0    0    0    0    0    0    0    0    0    0
   647]]---
Accuracy : 90.03%
---
class acc :
	Healthy grass: 89.31
	Stressed grass: 93.82
	Synthetic grass: 98.68
	Trees: 99.34
	Soil: 99.84
	Water: 75.24
	Residential: 94.93
	Commercial: 74.16
	Road: 89.08
	Highway: 91.02
	Railway: 87.19
	Parking Lot 1: 70.12
	Parking Lot 2: 95.00
	Tennis Court: 99.05
	Running Track: 100.00
---
AA: 90.45%
Kappa: 89.22
run 2 / 5
Best validation overall accuracy 0.9453125
Confusion matrix :
[[1158    0    0   68    0    0    0    0    0    0    0    0    0    0
     0]
 [  29 1034    0  166    0    0    0    0    0    0    0    0    0    0
     0]
 [   0    0  616    0    0    0   67    0    0    0    0    0    0    0
     0]
 [  66    0    0 1153    0    0    0    0    0    0    0    0    0    0
     0]
 [   0    0    0    0 1202    0    0    3    0    0    0   12    0    0
     0]
 [   0    0   31    2    0  165   47    6    0   68    0    0    0    0
     0]
 [   0    0    0    0    0    0 1121   93    1    7   21    0    0    0
     0]
 [   0    0    0    0   54    0   34  933   26   42    5  116    0    0
     9]
 [   0    0    0    0   19    0    6    0 1047  112   31   12    0    0
     0]
 [   0    0    0    0    0    0    0    0   11 1095   97    0    0    0
     0]
 [   0    0    0    0    1    0    4    0   30   12 1159    0    4    0
     0]
 [   0    0    0    0    0    0   53    0   69   38    1 1047    0    0
     0]
 [   0    0    0    0    0    0   43    0    5    5   14    1  392    0
     0]
 [   0    0    0    0    0    0    0   16    0    0    0    0    0  403
     0]
 [   0    0    0    0    0    0    0    0    0    0    0    0    0    0
   647]]---
Accuracy : 89.43%
---
class acc :
	Healthy grass: 94.45
	Stressed grass: 84.13
	Synthetic grass: 90.19
	Trees: 94.59
	Soil: 98.77
	Water: 51.72
	Residential: 90.19
	Commercial: 76.54
	Road: 85.33
	Highway: 91.02
	Railway: 95.79
	Parking Lot 1: 86.67
	Parking Lot 2: 85.22
	Tennis Court: 96.18
	Running Track: 100.00
---
AA: 88.05%
Kappa: 88.56
run 3 / 5
Best validation overall accuracy 0.9296875
Confusion matrix :
[[1030  105    0   91    0    0    0    0    0    0    0    0    0    0
     0]
 [  21 1207    0    1    0    0    0    0    0    0    0    0    0    0
     0]
 [   0    0  581    0    0    0  102    0    0    0    0    0    0    0
     0]
 [   0    0    0 1219    0    0    0    0    0    0    0    0    0    0
     0]
 [   0    0    0    0 1217    0    0    0    0    0    0    0    0    0
     0]
 [   0    0    1    0    1  230   78    0    0    0    0    0    9    0
     0]
 [   0    0    0    0    0    0 1156   79    0    0    8    0    0    0
     0]
 [   0    0    0    0   70    0   27  957    6   12    2  133    3    0
     9]
 [   0    0    0    0   20    0   32    0 1100   15   23   37    0    0
     0]
 [   0    0    0    0    0    0    0    0  152  904   38  109    0    0
     0]
 [   0    0    0    0   22    0   63    0   34   28 1044    0   19    0
     0]
 [   0    0    0    0    2    0   60    0   33   49   64 1000    0    0
     0]
 [   0    0    0    0    0    0    3    0    1    0   20   13  423    0
     0]
 [   0    0    0    3    0    0    0    0    0    0    0    0    0  416
     0]
 [   0    0    0    0    0    0    0    0    0    0    0    0    0    0
   647]]---
Accuracy : 89.15%
---
class acc :
	Healthy grass: 84.01
	Stressed grass: 98.21
	Synthetic grass: 85.07
	Trees: 100.00
	Soil: 100.00
	Water: 72.10
	Residential: 93.00
	Commercial: 78.51
	Road: 89.65
	Highway: 75.15
	Railway: 86.28
	Parking Lot 1: 82.78
	Parking Lot 2: 91.96
	Tennis Court: 99.28
	Running Track: 100.00
---
AA: 89.07%
Kappa: 88.26
run 4 / 5
Best validation overall accuracy 0.8671875
Confusion matrix :
[[1123   79    0   24    0    0    0    0    0    0    0    0    0    0
     0]
 [   1 1212    0   16    0    0    0    0    0    0    0    0    0    0
     0]
 [   0    0  680    0    0    0    0    0    0    0    0    0    0    0
     3]
 [  48    0    0 1165    0    0    6    0    0    0    0    0    0    0
     0]
 [   0    0    0    0 1217    0    0    0    0    0    0    0    0    0
     0]
 [  14    0    3    0    0  245   40    6    0   11    0    0    0    0
     0]
 [   0    0    0    0    0    0 1180    0   15    5   34    3    0    0
     6]
 [   0    0    0    0   32    0   51  871   84   44    0  108    1    6
    22]
 [   0    0    0    0   21    0    2    0  990  104   99   11    0    0
     0]
 [   0    0    0    0    0    0    0    0   64  821  126  192    0    0
     0]
 [   0    0    0    0    0    2    1    0   50  113 1036    0    8    0
     0]
 [   0    0    0    0    0    0   59   21  129    9   64  926    0    0
     0]
 [   0    0    0    0    0    0    0    2    0   19    0   36  403    0
     0]
 [   0    0    0    0    0    0    1    1    0    0    2    0    0  412
     3]
 [   0    0    0    0    0    0    0    0    0    0    0    0    0    0
   647]]---
Accuracy : 87.77%
---
class acc :
	Healthy grass: 91.60
	Stressed grass: 98.62
	Synthetic grass: 99.56
	Trees: 95.57
	Soil: 100.00
	Water: 76.80
	Residential: 94.93
	Commercial: 71.45
	Road: 80.68
	Highway: 68.25
	Railway: 85.62
	Parking Lot 1: 76.66
	Parking Lot 2: 87.61
	Tennis Court: 98.33
	Running Track: 100.00
---
AA: 88.38%
Kappa: 86.78
run 5 / 5
Best validation overall accuracy 0.9609375
Confusion matrix :
[[1115   87    0   24    0    0    0    0    0    0    0    0    0    0
     0]
 [   9 1220    0    0    0    0    0    0    0    0    0    0    0    0
     0]
 [   0    0  683    0    0    0    0    0    0    0    0    0    0    0
     0]
 [   2    0    0 1217    0    0    0    0    0    0    0    0    0    0
     0]
 [   0    0    0    0 1195    0    0   22    0    0    0    0    0    0
     0]
 [  15    0   64    0    2  192   40    6    0    0    0    0    0    0
     0]
 [   0    0    3    0    3    0 1108   72   11    2   43    0    0    0
     1]
 [   0    0    0    0   10    0   27 1017   38   41    3   54    0    0
    29]
 [   0    0    0    0   28    0    3    0 1123   24   36   13    0    0
     0]
 [   0    0    0    0    0    0    0    5   58 1107    4   29    0    0
     0]
 [   0    0    0    0    0    0    0    0   29   71 1110    0    0    0
     0]
 [   0    0    0    0   99    0   49   30  154    2   64  810    0    0
     0]
 [   0    0    0    0    0    0    2    0    2   12    8    3  433    0
     0]
 [   0    0    0    0    0    0    1    0    0    0    1    0    0  417
     0]
 [   0    0    0    0    0    0    0    0    0    0    0    0    0    0
   647]]---
Accuracy : 90.94%
---
class acc :
	Healthy grass: 90.95
	Stressed grass: 99.27
	Synthetic grass: 100.00
	Trees: 99.84
	Soil: 98.19
	Water: 60.19
	Residential: 89.14
	Commercial: 83.43
	Road: 91.52
	Highway: 92.02
	Railway: 91.74
	Parking Lot 1: 67.05
	Parking Lot 2: 94.13
	Tennis Court: 99.52
	Running Track: 100.00
---
AA: 90.47%
Kappa: 90.20
Agregated results :
Confusion matrix :
[[1.1042e+03 5.8000e+01 0.0000e+00 6.3800e+01 0.0000e+00 0.0000e+00
  0.0000e+00 0.0000e+00 0.0000e+00 0.0000e+00 0.0000e+00 0.0000e+00
  0.0000e+00 0.0000e+00 0.0000e+00]
 [2.7000e+01 1.1652e+03 0.0000e+00 3.6800e+01 0.0000e+00 0.0000e+00
  0.0000e+00 0.0000e+00 0.0000e+00 0.0000e+00 0.0000e+00 0.0000e+00
  0.0000e+00 0.0000e+00 0.0000e+00]
 [0.0000e+00 0.0000e+00 6.4680e+02 0.0000e+00 0.0000e+00 0.0000e+00
  3.5600e+01 0.0000e+00 0.0000e+00 0.0000e+00 0.0000e+00 0.0000e+00
  0.0000e+00 0.0000e+00 6.0000e-01]
 [2.4400e+01 0.0000e+00 0.0000e+00 1.1930e+03 0.0000e+00 0.0000e+00
  1.2000e+00 0.0000e+00 4.0000e-01 0.0000e+00 0.0000e+00 0.0000e+00
  0.0000e+00 0.0000e+00 0.0000e+00]
 [0.0000e+00 0.0000e+00 0.0000e+00 0.0000e+00 1.2092e+03 0.0000e+00
  0.0000e+00 5.4000e+00 0.0000e+00 0.0000e+00 0.0000e+00 2.4000e+00
  0.0000e+00 0.0000e+00 0.0000e+00]
 [8.4000e+00 0.0000e+00 2.0600e+01 6.0000e-01 8.0000e-01 2.1440e+02
  4.9800e+01 3.6000e+00 0.0000e+00 1.6000e+01 0.0000e+00 0.0000e+00
  4.8000e+00 0.0000e+00 0.0000e+00]
 [0.0000e+00 0.0000e+00 5.8000e+00 0.0000e+00 1.2000e+00 0.0000e+00
  1.1490e+03 4.8800e+01 6.6000e+00 2.8000e+00 2.6800e+01 6.0000e-01
  0.0000e+00 0.0000e+00 1.4000e+00]
 [0.0000e+00 0.0000e+00 6.0000e-01 0.0000e+00 3.4600e+01 0.0000e+00
  4.0200e+01 9.3640e+02 4.1800e+01 4.5200e+01 2.4000e+00 9.5600e+01
  1.6000e+00 1.2000e+00 1.9400e+01]
 [0.0000e+00 0.0000e+00 0.0000e+00 0.0000e+00 1.7600e+01 0.0000e+00
  1.0400e+01 0.0000e+00 1.0706e+03 6.2200e+01 5.0800e+01 1.5400e+01
  0.0000e+00 0.0000e+00 0.0000e+00]
 [0.0000e+00 0.0000e+00 0.0000e+00 0.0000e+00 4.0000e-01 0.0000e+00
  0.0000e+00 1.0000e+00 7.5000e+01 1.0044e+03 5.6000e+01 6.6200e+01
  0.0000e+00 0.0000e+00 0.0000e+00]
 [0.0000e+00 0.0000e+00 0.0000e+00 0.0000e+00 8.4000e+00 4.0000e-01
  1.4600e+01 3.4000e+00 3.3400e+01 5.9000e+01 1.0808e+03 0.0000e+00
  1.0000e+01 0.0000e+00 0.0000e+00]
 [0.0000e+00 0.0000e+00 8.6000e+00 0.0000e+00 2.0200e+01 0.0000e+00
  4.7400e+01 1.9200e+01 1.0960e+02 3.4400e+01 4.2600e+01 9.2600e+02
  0.0000e+00 0.0000e+00 0.0000e+00]
 [0.0000e+00 0.0000e+00 0.0000e+00 0.0000e+00 0.0000e+00 0.0000e+00
  1.0200e+01 4.0000e-01 1.6000e+00 8.2000e+00 1.1200e+01 1.0800e+01
  4.1760e+02 0.0000e+00 0.0000e+00]
 [0.0000e+00 0.0000e+00 0.0000e+00 6.0000e-01 0.0000e+00 0.0000e+00
  1.2000e+00 3.4000e+00 0.0000e+00 0.0000e+00 6.0000e-01 0.0000e+00
  0.0000e+00 4.1260e+02 6.0000e-01]
 [0.0000e+00 0.0000e+00 0.0000e+00 0.0000e+00 0.0000e+00 0.0000e+00
  0.0000e+00 0.0000e+00 0.0000e+00 0.0000e+00 0.0000e+00 0.0000e+00
  0.0000e+00 0.0000e+00 6.4700e+02]]---
Accuracy: 89.46 +- 1.04
---
class acc :
	Healthy grass: 90.07 +- 3.45
	Stressed grass: 94.81 +- 5.67
	Synthetic grass: 94.70 +- 6.01
	Trees: 97.87 +- 2.31
	Soil: 99.36 +- 0.74
	Water: 67.21 +- 9.69
	Residential: 92.44 +- 2.40
	Commercial: 76.82 +- 4.06
	Road: 87.25 +- 3.85
	Highway: 83.49 +- 9.88
	Railway: 89.32 +- 3.88
	Parking Lot 1: 76.66 +- 7.39
	Parking Lot 2: 90.78 +- 3.78
	Tennis Court: 98.47 +- 1.21
	Running Track: 100.00 +- 0.00
---
AA: 89.28 +- 1.01
Kappa: 88.60 +- 1.13
