run 1 / 5
Best validation overall accuracy 0.953125
Confusion matrix :
[[1177    0    0   24    0    0    0    0    0    0    0    0    0    0
     0]
 [ 106 1097    0    1    0    0    0    0    0    0    0    0    0    0
     0]
 [   0    0  667    0    0    0    0    0    0    0    0    0    0    0
     2]
 [   0    0    0 1188    0    0    6    0    0    0    0    0    0    0
     0]
 [   0    0    0    0 1192    0    0    0    0    0    0    0    0    0
     0]
 [   3    0    0    0    0  270   39    0    0    0    0    0    0    0
     0]
 [   0    3    0    0    0    0 1178    0    8    1   18    1    3    0
     5]
 [   0    0    0    0   20    0    0 1012   50   17   34   19    0    0
    42]
 [   0    0    0    0   25    0    9    2 1133    6   27    0    0    0
     0]
 [   0    0    0    0    0    0    0    0    2 1172    2    0    2    0
     0]
 [   0    0    0    0    0    0    0    0   31    0 1154    1    0    0
     0]
 [   0    0    0    0   13    0    0   27   12   89    0 1040    3    0
     0]
 [   0    0    0    0    0    0    0    0    0    0    0    3  447    0
     0]
 [   0    0    0    0    0    0    0    0    0    0    0    0    0  411
     0]
 [   0    0    0    0    0    0    0    0    0    0    0    0    0    0
   634]]---
Accuracy : 95.45%
---
class acc :
	Healthy grass: 98.00
	Stressed grass: 91.11
	Synthetic grass: 99.70
	Trees: 99.50
	Soil: 100.00
	Water: 86.54
	Residential: 96.80
	Commercial: 84.76
	Road: 94.26
	Highway: 99.49
	Railway: 97.30
	Parking Lot 1: 87.84
	Parking Lot 2: 99.33
	Tennis Court: 100.00
	Running Track: 100.00
---
AA: 95.64%
Kappa: 95.08
run 2 / 5
Best validation overall accuracy 0.98046875
Confusion matrix :
[[1201    0    0    0    0    0    0    0    0    0    0    0    0    0
     0]
 [ 195 1009    0    0    0    0    0    0    0    0    0    0    0    0
     0]
 [   0    0  668    0    0    0    0    0    0    0    0    0    0    0
     1]
 [ 124    5    0 1048    0    0    6    0   11    0    0    0    0    0
     0]
 [   0    0    0    0 1192    0    0    0    0    0    0    0    0    0
     0]
 [  30    0    0    3    0  273    6    0    0    0    0    0    0    0
     0]
 [   0    0    0    0    0    0 1190   17    8    0    0    2    0    0
     0]
 [   0    0    0    0    7    0   27 1071    2   16    0   64    0    0
     7]
 [   0    0    0    0    0    0   61    0 1100   13   21    7    0    0
     0]
 [   0    0    0    0    0    0    0    0   17 1155    1    5    0    0
     0]
 [   0    0    0    0    0    0    2    0    7   37 1140    0    0    0
     0]
 [   0    0    0    0    0    0    0    4    3    0    0 1162   15    0
     0]
 [   0    0    0    0    0    0    6    0    0   19    0    5  420    0
     0]
 [   0    0    0    0    0    0    0    0    0    0    0    0    0  411
     0]
 [   0    0    0    0    0    0    0    0    0    0    0    0    0    0
   634]]---
Accuracy : 94.77%
---
class acc :
	Healthy grass: 100.00
	Stressed grass: 83.80
	Synthetic grass: 99.85
	Trees: 87.77
	Soil: 100.00
	Water: 87.50
	Residential: 97.78
	Commercial: 89.70
	Road: 91.51
	Highway: 98.05
	Railway: 96.12
	Parking Lot 1: 98.14
	Parking Lot 2: 93.33
	Tennis Court: 100.00
	Running Track: 100.00
---
AA: 94.90%
Kappa: 94.35
run 3 / 5
Best validation overall accuracy 0.96484375
Confusion matrix :
[[1165   14    0   22    0    0    0    0    0    0    0    0    0    0
     0]
 [  71 1131    0    0    0    0    0    0    2    0    0    0    0    0
     0]
 [   0    0  669    0    0    0    0    0    0    0    0    0    0    0
     0]
 [  24    0    0 1153    0    0   14    0    3    0    0    0    0    0
     0]
 [   0    0    0    0 1192    0    0    0    0    0    0    0    0    0
     0]
 [   2    0    0    0    1  229   80    0    0    0    0    0    0    0
     0]
 [   0    0    0    0    0    0 1175    0    8    0   15    0    0    6
    13]
 [   0    0    0    0    0    0   29 1013    0    0    0   82   40    0
    30]
 [   0    0    0    0    0    0   43    4 1074   23   27   31    0    0
     0]
 [   0    0    0    0    0    0    0    0    0 1151    0   27    0    0
     0]
 [   0    0    0    0    0    0   13    3   28   28 1114    0    0    0
     0]
 [   0    0    0    0    0    0   60    4    2    2   42 1061   13    0
     0]
 [   0    0    0    0    0    0    3    0    0   20    0   15  412    0
     0]
 [   0    0    0    0    0    0    0    0    0    0    0    0    0  411
     0]
 [   0    0    7    0    0    0    0    0    0    0    0    0    0    0
   627]]---
Accuracy : 94.10%
---
class acc :
	Healthy grass: 97.00
	Stressed grass: 93.94
	Synthetic grass: 100.00
	Trees: 96.57
	Soil: 100.00
	Water: 73.40
	Residential: 96.55
	Commercial: 84.84
	Road: 89.35
	Highway: 97.71
	Railway: 93.93
	Parking Lot 1: 89.61
	Parking Lot 2: 91.56
	Tennis Court: 100.00
	Running Track: 98.90
---
AA: 93.56%
Kappa: 93.62
run 4 / 5
Best validation overall accuracy 0.93359375
Confusion matrix :
[[1109   59    0   33    0    0    0    0    0    0    0    0    0    0
     0]
 [   2 1173    0    0    0    0    0    0    0    0   29    0    0    0
     0]
 [   0    0  668    0    0    0    0    0    0    0    0    0    0    0
     1]
 [   0    0    0 1144    0    0   43    0    7    0    0    0    0    0
     0]
 [   0    0    0    0 1192    0    0    0    0    0    0    0    0    0
     0]
 [  18    0    0    0    0  249   43    0    2    0    0    0    0    0
     0]
 [   0    0    0    0    0    0 1179    0    8    0   18    0    5    7
     0]
 [   0    0    7    0    0    0   24 1099    1    0   24   31    0    0
     8]
 [   0    0    0    0    0    0    8    0 1134    6   44    9    0    1
     0]
 [   0    0    0    0    0    0    0   74   15 1057    5   27    0    0
     0]
 [   0    0    0    0    0    0    0    0    0    0 1180    0    6    0
     0]
 [   0    0    0    0    0    0    9   41   12    0   30 1080   12    0
     0]
 [   0    0    0    0    0    0    0    0    1    0    0    0  449    0
     0]
 [   0    0    0    0    0    0    0    0    0    0    0    0    2  409
     0]
 [   0    0    2    0    0    0    0    0    0    0    0    0    0    0
   632]]---
Accuracy : 95.33%
---
class acc :
	Healthy grass: 92.34
	Stressed grass: 97.43
	Synthetic grass: 99.85
	Trees: 95.81
	Soil: 100.00
	Water: 79.81
	Residential: 96.88
	Commercial: 92.04
	Road: 94.34
	Highway: 89.73
	Railway: 99.49
	Parking Lot 1: 91.22
	Parking Lot 2: 99.78
	Tennis Court: 99.51
	Running Track: 99.68
---
AA: 95.19%
Kappa: 94.95
run 5 / 5
Best validation overall accuracy 0.9609375
Confusion matrix :
[[1165    0    0   36    0    0    0    0    0    0    0    0    0    0
     0]
 [  69 1107    0   28    0    0    0    0    0    0    0    0    0    0
     0]
 [   0    0  657    0    0    0    0    0    0    0    0    0    0    0
    12]
 [   1    0    0 1189    0    0    3    0    1    0    0    0    0    0
     0]
 [   0    0    0    0 1191    0    0    1    0    0    0    0    0    0
     0]
 [   8    0    0    4    0  283   11    0    4    0    0    0    2    0
     0]
 [   0    0    0    0    0    0 1162   18   24    0    2    0    8    3
     0]
 [   0    0    0    0    0    0   26 1070    1    9   18   41    0    0
    29]
 [   0    0    0    0    0    0    1   12 1112   43   11   23    0    0
     0]
 [   0    0    0    0    0    0    0    0    1 1144   29    4    0    0
     0]
 [   0    0    0    0    0    0    0    0   26    0 1116    0   44    0
     0]
 [   0    0    0    0    0    0   23   61    2   14    3 1066   15    0
     0]
 [   0    0    0    0    0    0    0    0    0    0    0    5  445    0
     0]
 [   0    0    0    0    0    0    0    0    0    0    0    0    0  411
     0]
 [   0    0    0    0    0    0    0    0    0    0    0    0    0    0
   634]]---
Accuracy : 95.31%
---
class acc :
	Healthy grass: 97.00
	Stressed grass: 91.94
	Synthetic grass: 98.21
	Trees: 99.58
	Soil: 99.92
	Water: 90.71
	Residential: 95.48
	Commercial: 89.61
	Road: 92.51
	Highway: 97.11
	Railway: 94.10
	Parking Lot 1: 90.03
	Parking Lot 2: 98.89
	Tennis Court: 100.00
	Running Track: 100.00
---
AA: 95.67%
Kappa: 94.94
Agregated results :
Confusion matrix :
[[1.1634e+03 1.4600e+01 0.0000e+00 2.3000e+01 0.0000e+00 0.0000e+00
  0.0000e+00 0.0000e+00 0.0000e+00 0.0000e+00 0.0000e+00 0.0000e+00
  0.0000e+00 0.0000e+00 0.0000e+00]
 [8.8600e+01 1.1034e+03 0.0000e+00 5.8000e+00 0.0000e+00 0.0000e+00
  0.0000e+00 0.0000e+00 4.0000e-01 0.0000e+00 5.8000e+00 0.0000e+00
  0.0000e+00 0.0000e+00 0.0000e+00]
 [0.0000e+00 0.0000e+00 6.6580e+02 0.0000e+00 0.0000e+00 0.0000e+00
  0.0000e+00 0.0000e+00 0.0000e+00 0.0000e+00 0.0000e+00 0.0000e+00
  0.0000e+00 0.0000e+00 3.2000e+00]
 [2.9800e+01 1.0000e+00 0.0000e+00 1.1444e+03 0.0000e+00 0.0000e+00
  1.4400e+01 0.0000e+00 4.4000e+00 0.0000e+00 0.0000e+00 0.0000e+00
  0.0000e+00 0.0000e+00 0.0000e+00]
 [0.0000e+00 0.0000e+00 0.0000e+00 0.0000e+00 1.1918e+03 0.0000e+00
  0.0000e+00 2.0000e-01 0.0000e+00 0.0000e+00 0.0000e+00 0.0000e+00
  0.0000e+00 0.0000e+00 0.0000e+00]
 [1.2200e+01 0.0000e+00 0.0000e+00 1.4000e+00 2.0000e-01 2.6080e+02
  3.5800e+01 0.0000e+00 1.2000e+00 0.0000e+00 0.0000e+00 0.0000e+00
  4.0000e-01 0.0000e+00 0.0000e+00]
 [0.0000e+00 6.0000e-01 0.0000e+00 0.0000e+00 0.0000e+00 0.0000e+00
  1.1768e+03 7.0000e+00 1.1200e+01 2.0000e-01 1.0600e+01 6.0000e-01
  3.2000e+00 3.2000e+00 3.6000e+00]
 [0.0000e+00 0.0000e+00 1.4000e+00 0.0000e+00 5.4000e+00 0.0000e+00
  2.1200e+01 1.0530e+03 1.0800e+01 8.4000e+00 1.5200e+01 4.7400e+01
  8.0000e+00 0.0000e+00 2.3200e+01]
 [0.0000e+00 0.0000e+00 0.0000e+00 0.0000e+00 5.0000e+00 0.0000e+00
  2.4400e+01 3.6000e+00 1.1106e+03 1.8200e+01 2.6000e+01 1.4000e+01
  0.0000e+00 2.0000e-01 0.0000e+00]
 [0.0000e+00 0.0000e+00 0.0000e+00 0.0000e+00 0.0000e+00 0.0000e+00
  0.0000e+00 1.4800e+01 7.0000e+00 1.1358e+03 7.4000e+00 1.2600e+01
  4.0000e-01 0.0000e+00 0.0000e+00]
 [0.0000e+00 0.0000e+00 0.0000e+00 0.0000e+00 0.0000e+00 0.0000e+00
  3.0000e+00 6.0000e-01 1.8400e+01 1.3000e+01 1.1408e+03 2.0000e-01
  1.0000e+01 0.0000e+00 0.0000e+00]
 [0.0000e+00 0.0000e+00 0.0000e+00 0.0000e+00 2.6000e+00 0.0000e+00
  1.8400e+01 2.7400e+01 6.2000e+00 2.1000e+01 1.5000e+01 1.0818e+03
  1.1600e+01 0.0000e+00 0.0000e+00]
 [0.0000e+00 0.0000e+00 0.0000e+00 0.0000e+00 0.0000e+00 0.0000e+00
  1.8000e+00 0.0000e+00 2.0000e-01 7.8000e+00 0.0000e+00 5.6000e+00
  4.3460e+02 0.0000e+00 0.0000e+00]
 [0.0000e+00 0.0000e+00 0.0000e+00 0.0000e+00 0.0000e+00 0.0000e+00
  0.0000e+00 0.0000e+00 0.0000e+00 0.0000e+00 0.0000e+00 0.0000e+00
  4.0000e-01 4.1060e+02 0.0000e+00]
 [0.0000e+00 0.0000e+00 1.8000e+00 0.0000e+00 0.0000e+00 0.0000e+00
  0.0000e+00 0.0000e+00 0.0000e+00 0.0000e+00 0.0000e+00 0.0000e+00
  0.0000e+00 0.0000e+00 6.3220e+02]]---
Accuracy: 94.99 +- 0.50
---
class acc :
	Healthy grass: 96.87 +- 2.52
	Stressed grass: 91.64 +- 4.48
	Synthetic grass: 99.52 +- 0.66
	Trees: 95.85 +- 4.31
	Soil: 99.98 +- 0.03
	Water: 83.59 +- 6.21
	Residential: 96.70 +- 0.74
	Commercial: 88.19 +- 2.90
	Road: 92.40 +- 1.86
	Highway: 96.42 +- 3.44
	Railway: 96.19 +- 2.08
	Parking Lot 1: 91.37 +- 3.56
	Parking Lot 2: 96.58 +- 3.43
	Tennis Court: 99.90 +- 0.19
	Running Track: 99.72 +- 0.43
---
AA: 94.99 +- 0.77
Kappa: 94.59 +- 0.55
