run 1 / 5
Best validation overall accuracy 0.9453125
Confusion matrix :
[[1170    5    0   26    0    0    0    0    0    0    0    0    0    0
     0]
 [  11 1193    0    0    0    0    0    0    0    0    0    0    0    0
     0]
 [   0    0  668    0    0    0    0    0    0    0    0    0    0    0
     1]
 [   0    5    0 1188    0    0    0    0    1    0    0    0    0    0
     0]
 [   0    0    0    0 1192    0    0    0    0    0    0    0    0    0
     0]
 [   0    0    0    0    0  273   39    0    0    0    0    0    0    0
     0]
 [   0    0    0    0    1    0 1166    7    2    4   29    5    0    0
     3]
 [   0    0    0    0    5    4   24 1049   14   22   32   24    0    0
    20]
 [   0    0    0    0   20    0    4    0 1050   57   35   36    0    0
     0]
 [   0    0    0    0    2    0    0    0   38 1138    0    0    0    0
     0]
 [   0    0    0    0    3    0    0    0   35    3 1140    0    5    0
     0]
 [   0    0    0    0   12    2   17   15   30  126    0  977    5    0
     0]
 [   0    0    0    0    0    0    0    0    0    0    0    0  450    0
     0]
 [   0    0    0    0    0    0    0    0    0    0    0    0    0  411
     0]
 [   0    0    0    0    0    0    0    0    0    0    0    0    0    0
   634]]---
Accuracy : 94.95%
---
class acc :
	Healthy grass: 97.42
	Stressed grass: 99.09
	Synthetic grass: 99.85
	Trees: 99.50
	Soil: 100.00
	Water: 87.50
	Residential: 95.81
	Commercial: 87.86
	Road: 87.35
	Highway: 96.60
	Railway: 96.12
	Parking Lot 1: 82.52
	Parking Lot 2: 100.00
	Tennis Court: 100.00
	Running Track: 100.00
---
AA: 95.31%
Kappa: 94.54
run 2 / 5
Best validation overall accuracy 0.95703125
Confusion matrix :
[[1201    0    0    0    0    0    0    0    0    0    0    0    0    0
     0]
 [  22  979    0  203    0    0    0    0    0    0    0    0    0    0
     0]
 [   0    0  664    0    0    0    2    0    0    0    0    0    0    0
     3]
 [  87    0    0 1106    0    0    0    0    1    0    0    0    0    0
     0]
 [   0    0    0    0 1192    0    0    0    0    0    0    0    0    0
     0]
 [   4    0    0    0    0  270   38    0    0    0    0    0    0    0
     0]
 [   0    0    0    0    1    0 1188   11    1    0   12    4    0    0
     0]
 [   0   32    0    0    0    0   27  961    0   16    0  151    0    0
     7]
 [   0    0    0    0    0    0   19    0 1112   19   28   24    0    0
     0]
 [   0    0    0    0    0    0    0    0   56 1118    2    2    0    0
     0]
 [   0    0    0    0    0    0   25    0   15   39 1107    0    0    0
     0]
 [   0    0    0    0    0    0   12    3   37    2    0 1124    6    0
     0]
 [   0    0    0    0    0    0    0    0    0    3   16    1  430    0
     0]
 [   0    0    0    0    0    0    0    0    0    0    0    0    0  411
     0]
 [   0    0    0    0    0    0    0    0    0    0    0    0    0    0
   634]]---
Accuracy : 93.55%
---
class acc :
	Healthy grass: 100.00
	Stressed grass: 81.31
	Synthetic grass: 99.25
	Trees: 92.63
	Soil: 100.00
	Water: 86.54
	Residential: 97.62
	Commercial: 80.49
	Road: 92.51
	Highway: 94.91
	Railway: 93.34
	Parking Lot 1: 94.93
	Parking Lot 2: 95.56
	Tennis Court: 100.00
	Running Track: 100.00
---
AA: 93.94%
Kappa: 93.02
run 3 / 5
Best validation overall accuracy 0.96484375
Confusion matrix :
[[1089   97    0   15    0    0    0    0    0    0    0    0    0    0
     0]
 [   2 1202    0    0    0    0    0    0    0    0    0    0    0    0
     0]
 [   0    0  669    0    0    0    0    0    0    0    0    0    0    0
     0]
 [  11   19    0 1163    0    0    0    0    1    0    0    0    0    0
     0]
 [   0    0    0    0 1192    0    0    0    0    0    0    0    0    0
     0]
 [   7    0    0    0    2  254   39    0   10    0    0    0    0    0
     0]
 [   0    2    0    0    0    0 1152   14    2    0   15    0    0   26
     6]
 [   0    0    0    0    1    5   26  971   27    0    5  101   25   24
     9]
 [   0    0    0    0    0    0    8   10 1108   15   39   22    0    0
     0]
 [   0    0    0    0    0    0    0    0   23 1137    8   10    0    0
     0]
 [   0    0    0    0    0    0    0    0   11    9 1166    0    0    0
     0]
 [   0    0    0    0    0    0   60    0   21   44   62  997    0    0
     0]
 [   0    0    0    0    0    0    1    0    0    0   20    2  427    0
     0]
 [   0    0    0    0    0    0    0    0    0    0    0    0    0  411
     0]
 [   0    0    0    0    0    0    0    0    0    0    0    0    0    0
   634]]---
Accuracy : 94.07%
---
class acc :
	Healthy grass: 90.67
	Stressed grass: 99.83
	Synthetic grass: 100.00
	Trees: 97.40
	Soil: 100.00
	Water: 81.41
	Residential: 94.66
	Commercial: 81.32
	Road: 92.18
	Highway: 96.52
	Railway: 98.31
	Parking Lot 1: 84.21
	Parking Lot 2: 94.89
	Tennis Court: 100.00
	Running Track: 100.00
---
AA: 94.09%
Kappa: 93.59
run 4 / 5
Best validation overall accuracy 0.94140625
Confusion matrix :
[[1183    0    0   18    0    0    0    0    0    0    0    0    0    0
     0]
 [  34 1154    0   16    0    0    0    0    0    0    0    0    0    0
     0]
 [   0    0  643    0    0    0   26    0    0    0    0    0    0    0
     0]
 [   3    0    0 1190    0    0    0    0    1    0    0    0    0    0
     0]
 [   0    0    0    0 1192    0    0    0    0    0    0    0    0    0
     0]
 [  26    0    0    0    0  241   39    0    6    0    0    0    0    0
     0]
 [   0    0    0    0    0    0 1190    1   14    0   12    0    0    0
     0]
 [   0    0    0    0    5    0   24 1031    5    0    0  121    0    0
     8]
 [   0    0    0    0   14    0    1    0 1080   42   38   27    0    0
     0]
 [   0    0    0    0    0    0    0    0   23 1117   17   21    0    0
     0]
 [   0    0    0    0    1    0   12    1    5   12 1122    0   33    0
     0]
 [   0    0    0    0    0    0   58    0   64   45   60  957    0    0
     0]
 [   0    0    0    0    0    0    0    0    1    1    0    4  444    0
     0]
 [   0    0    0    0    0    0    2    0    0    0    0    0    0  409
     0]
 [   0    0    0    0    0    0    0    0    0    0    0    0    0    0
   634]]---
Accuracy : 94.17%
---
class acc :
	Healthy grass: 98.50
	Stressed grass: 95.85
	Synthetic grass: 96.11
	Trees: 99.66
	Soil: 100.00
	Water: 77.24
	Residential: 97.78
	Commercial: 86.35
	Road: 89.85
	Highway: 94.82
	Railway: 94.60
	Parking Lot 1: 80.83
	Parking Lot 2: 98.67
	Tennis Court: 99.51
	Running Track: 100.00
---
AA: 93.99%
Kappa: 93.70
run 5 / 5
Best validation overall accuracy 0.953125
Confusion matrix :
[[1141   18    0   42    0    0    0    0    0    0    0    0    0    0
     0]
 [  35 1156    0   13    0    0    0    0    0    0    0    0    0    0
     0]
 [   0    0  653    0    0    0   12    0    0    0    0    0    0    0
     4]
 [   1    0    0 1192    0    0    0    0    1    0    0    0    0    0
     0]
 [   0    0    0    0 1192    0    0    0    0    0    0    0    0    0
     0]
 [  14    0    0    1    1  250   38    0    8    0    0    0    0    0
     0]
 [   0    0    0    0    0    0 1131   55   14    0   13    0    4    0
     0]
 [   0    0    0    0    1    0   32 1090    1    0   12   28    1   20
     9]
 [   0    0    0    0   16    0    0    2 1023   65   61   35    0    0
     0]
 [   0    0    0    0    0    0    0    0    0  974  179   25    0    0
     0]
 [   0    0    0    0    0    0    0    0   23    7 1107    0   49    0
     0]
 [   0    0    0    0    0    0   56   20    1    0   63 1044    0    0
     0]
 [   0    0    0    0    0    0    0    0    0    1   10    1  438    0
     0]
 [   0    0    0    0    0    0    0    0    0    0    0    0    0  411
     0]
 [   0    0    0    0    0    0    0    0    0    0    0    0    0    0
   634]]---
Accuracy : 93.12%
---
class acc :
	Healthy grass: 95.00
	Stressed grass: 96.01
	Synthetic grass: 97.61
	Trees: 99.83
	Soil: 100.00
	Water: 80.13
	Residential: 92.93
	Commercial: 91.29
	Road: 85.11
	Highway: 82.68
	Railway: 93.34
	Parking Lot 1: 88.18
	Parking Lot 2: 97.33
	Tennis Court: 100.00
	Running Track: 100.00
---
AA: 93.30%
Kappa: 92.57
Agregated results :
Confusion matrix :
[[1.1568e+03 2.4000e+01 0.0000e+00 2.0200e+01 0.0000e+00 0.0000e+00
  0.0000e+00 0.0000e+00 0.0000e+00 0.0000e+00 0.0000e+00 0.0000e+00
  0.0000e+00 0.0000e+00 0.0000e+00]
 [2.0800e+01 1.1368e+03 0.0000e+00 4.6400e+01 0.0000e+00 0.0000e+00
  0.0000e+00 0.0000e+00 0.0000e+00 0.0000e+00 0.0000e+00 0.0000e+00
  0.0000e+00 0.0000e+00 0.0000e+00]
 [0.0000e+00 0.0000e+00 6.5940e+02 0.0000e+00 0.0000e+00 0.0000e+00
  8.0000e+00 0.0000e+00 0.0000e+00 0.0000e+00 0.0000e+00 0.0000e+00
  0.0000e+00 0.0000e+00 1.6000e+00]
 [2.0400e+01 4.8000e+00 0.0000e+00 1.1678e+03 0.0000e+00 0.0000e+00
  0.0000e+00 0.0000e+00 1.0000e+00 0.0000e+00 0.0000e+00 0.0000e+00
  0.0000e+00 0.0000e+00 0.0000e+00]
 [0.0000e+00 0.0000e+00 0.0000e+00 0.0000e+00 1.1920e+03 0.0000e+00
  0.0000e+00 0.0000e+00 0.0000e+00 0.0000e+00 0.0000e+00 0.0000e+00
  0.0000e+00 0.0000e+00 0.0000e+00]
 [1.0200e+01 0.0000e+00 0.0000e+00 2.0000e-01 6.0000e-01 2.5760e+02
  3.8600e+01 0.0000e+00 4.8000e+00 0.0000e+00 0.0000e+00 0.0000e+00
  0.0000e+00 0.0000e+00 0.0000e+00]
 [0.0000e+00 4.0000e-01 0.0000e+00 0.0000e+00 4.0000e-01 0.0000e+00
  1.1654e+03 1.7600e+01 6.6000e+00 8.0000e-01 1.6200e+01 1.8000e+00
  8.0000e-01 5.2000e+00 1.8000e+00]
 [0.0000e+00 6.4000e+00 0.0000e+00 0.0000e+00 2.4000e+00 1.8000e+00
  2.6600e+01 1.0204e+03 9.4000e+00 7.6000e+00 9.8000e+00 8.5000e+01
  5.2000e+00 8.8000e+00 1.0600e+01]
 [0.0000e+00 0.0000e+00 0.0000e+00 0.0000e+00 1.0000e+01 0.0000e+00
  6.4000e+00 2.4000e+00 1.0746e+03 3.9600e+01 4.0200e+01 2.8800e+01
  0.0000e+00 0.0000e+00 0.0000e+00]
 [0.0000e+00 0.0000e+00 0.0000e+00 0.0000e+00 4.0000e-01 0.0000e+00
  0.0000e+00 0.0000e+00 2.8000e+01 1.0968e+03 4.1200e+01 1.1600e+01
  0.0000e+00 0.0000e+00 0.0000e+00]
 [0.0000e+00 0.0000e+00 0.0000e+00 0.0000e+00 8.0000e-01 0.0000e+00
  7.4000e+00 2.0000e-01 1.7800e+01 1.4000e+01 1.1284e+03 0.0000e+00
  1.7400e+01 0.0000e+00 0.0000e+00]
 [0.0000e+00 0.0000e+00 0.0000e+00 0.0000e+00 2.4000e+00 4.0000e-01
  4.0600e+01 7.6000e+00 3.0600e+01 4.3400e+01 3.7000e+01 1.0198e+03
  2.2000e+00 0.0000e+00 0.0000e+00]
 [0.0000e+00 0.0000e+00 0.0000e+00 0.0000e+00 0.0000e+00 0.0000e+00
  2.0000e-01 0.0000e+00 2.0000e-01 1.0000e+00 9.2000e+00 1.6000e+00
  4.3780e+02 0.0000e+00 0.0000e+00]
 [0.0000e+00 0.0000e+00 0.0000e+00 0.0000e+00 0.0000e+00 0.0000e+00
  4.0000e-01 0.0000e+00 0.0000e+00 0.0000e+00 0.0000e+00 0.0000e+00
  0.0000e+00 4.1060e+02 0.0000e+00]
 [0.0000e+00 0.0000e+00 0.0000e+00 0.0000e+00 0.0000e+00 0.0000e+00
  0.0000e+00 0.0000e+00 0.0000e+00 0.0000e+00 0.0000e+00 0.0000e+00
  0.0000e+00 0.0000e+00 6.3400e+02]]---
Accuracy: 93.97 +- 0.62
---
class acc :
	Healthy grass: 96.32 +- 3.26
	Stressed grass: 94.42 +- 6.74
	Synthetic grass: 98.57 +- 1.49
	Trees: 97.81 +- 2.73
	Soil: 100.00 +- 0.00
	Water: 82.56 +- 3.89
	Residential: 95.76 +- 1.83
	Commercial: 85.46 +- 4.06
	Road: 89.40 +- 2.84
	Highway: 93.11 +- 5.27
	Railway: 95.14 +- 1.89
	Parking Lot 1: 86.13 +- 5.03
	Parking Lot 2: 97.29 +- 1.90
	Tennis Court: 99.90 +- 0.19
	Running Track: 100.00 +- 0.00
---
AA: 94.12 +- 0.65
Kappa: 93.48 +- 0.67
