run 1 / 5
Best validation overall accuracy 0.94140625
Confusion matrix :
[[1176    1    0   24    0    0    0    0    0    0    0    0    0    0
     0]
 [  27 1177    0    0    0    0    0    0    0    0    0    0    0    0
     0]
 [   0    0  668    0    0    0    0    0    0    0    0    0    0    0
     1]
 [   0    0    0 1194    0    0    0    0    0    0    0    0    0    0
     0]
 [   0    0    0    0 1192    0    0    0    0    0    0    0    0    0
     0]
 [   0    0    0    0    0  273   39    0    0    0    0    0    0    0
     0]
 [   0    0    0    0    3    0 1167    7    1    1   17   21    0    0
     0]
 [   0    0    0    0   14    0   24 1048    7   17   30   18   18    0
    18]
 [   0    0    0    0   21    0    2    5 1048   44   34   48    0    0
     0]
 [   0    0    0    0    0    0    0    0    3 1175    0    0    0    0
     0]
 [   0    0    0    0    6    0    3    0   32   24 1120    0    1    0
     0]
 [   0    0    0    0   99    0    0    7    7    0    0 1067    4    0
     0]
 [   0    0    0    0    0    0    0    0    0    5    0    9  436    0
     0]
 [   0    0    0    0    0    0    0    0    0    0    0    0    0  411
     0]
 [   0    0    0    0    0    0    0    0    0    0    0    0    0    0
   634]]---
Accuracy : 95.55%
---
class acc :
	Healthy grass: 97.92
	Stressed grass: 97.76
	Synthetic grass: 99.85
	Trees: 100.00
	Soil: 100.00
	Water: 87.50
	Residential: 95.89
	Commercial: 87.77
	Road: 87.19
	Highway: 99.75
	Railway: 94.44
	Parking Lot 1: 90.12
	Parking Lot 2: 96.89
	Tennis Court: 100.00
	Running Track: 100.00
---
AA: 95.67%
Kappa: 95.19
run 2 / 5
Best validation overall accuracy 0.96484375
Confusion matrix :
[[1154   24    0   23    0    0    0    0    0    0    0    0    0    0
     0]
 [   4 1025    0  175    0    0    0    0    0    0    0    0    0    0
     0]
 [   0    0  669    0    0    0    0    0    0    0    0    0    0    0
     0]
 [  72    0    0 1121    0    0    0    0    1    0    0    0    0    0
     0]
 [   0    0    0    0 1192    0    0    0    0    0    0    0    0    0
     0]
 [  11    0    0    0    0  300    1    0    0    0    0    0    0    0
     0]
 [   0    0    0    0    0    0 1149   15    6    6   14   27    0    0
     0]
 [   0   32    0    0    0    0   27 1029    1   16    8   74    0    0
     7]
 [   0    0    0    0    0    0   24    0 1036   43   31   68    0    0
     0]
 [   0    0    0    0    0    0    0    0   23 1150    5    0    0    0
     0]
 [   0    0    0    0    0    0    0    0    8    2 1176    0    0    0
     0]
 [   0    0    0    0    0    0    8    1    0   11    0 1164    0    0
     0]
 [   0    0    0    0    0    0    0    0    0    2   18    3  427    0
     0]
 [   0    0    0    0    0    0    0    0    0    0    0    0    0  411
     0]
 [   0    0    0    0    0    0    0    0    0    0    0    0    0    0
   634]]---
Accuracy : 94.52%
---
class acc :
	Healthy grass: 96.09
	Stressed grass: 85.13
	Synthetic grass: 100.00
	Trees: 93.89
	Soil: 100.00
	Water: 96.15
	Residential: 94.41
	Commercial: 86.18
	Road: 86.19
	Highway: 97.62
	Railway: 99.16
	Parking Lot 1: 98.31
	Parking Lot 2: 94.89
	Tennis Court: 100.00
	Running Track: 100.00
---
AA: 95.20%
Kappa: 94.07
run 3 / 5
Best validation overall accuracy 0.96484375
Confusion matrix :
[[1163   10    0   28    0    0    0    0    0    0    0    0    0    0
     0]
 [  13 1191    0    0    0    0    0    0    0    0    0    0    0    0
     0]
 [   0    0  669    0    0    0    0    0    0    0    0    0    0    0
     0]
 [   0    0    0 1193    0    0    0    0    1    0    0    0    0    0
     0]
 [   0    0    0    0 1192    0    0    0    0    0    0    0    0    0
     0]
 [  20    0    0    0    1  238   39    0   14    0    0    0    0    0
     0]
 [   0    0    0    0    0    0 1144   51    9    3    9    0    0    0
     1]
 [   0    0    0    0    4   25   26  990    2    0   23   73   23   11
    17]
 [   0    0    0    0    0    0    0    5 1061  101   17   18    0    0
     0]
 [   0    0    0    0    0    0    0    0    0 1168    2    8    0    0
     0]
 [   0    0    0    0    0    0    0    0   12   34 1140    0    0    0
     0]
 [   0    0    0    0    0    0   52    7   13    9   62 1041    0    0
     0]
 [   0    0    0    0    0    0    0    0    0    5   15    3  427    0
     0]
 [   0    0    0    0    0    0    0    0    0    0    0    0    0  411
     0]
 [   0    0    0    0    0    0    0    0    0    0    0    0    0    0
   634]]---
Accuracy : 94.69%
---
class acc :
	Healthy grass: 96.84
	Stressed grass: 98.92
	Synthetic grass: 100.00
	Trees: 99.92
	Soil: 100.00
	Water: 76.28
	Residential: 94.00
	Commercial: 82.91
	Road: 88.27
	Highway: 99.15
	Railway: 96.12
	Parking Lot 1: 87.92
	Parking Lot 2: 94.89
	Tennis Court: 100.00
	Running Track: 100.00
---
AA: 94.35%
Kappa: 94.26
run 4 / 5
Best validation overall accuracy 0.9375
Confusion matrix :
[[1181    0    0   20    0    0    0    0    0    0    0    0    0    0
     0]
 [ 118 1061    0   25    0    0    0    0    0    0    0    0    0    0
     0]
 [   0    0  668    0    0    0    1    0    0    0    0    0    0    0
     0]
 [  12    0    0 1181    0    0    0    0    1    0    0    0    0    0
     0]
 [   0    0    0    0 1192    0    0    0    0    0    0    0    0    0
     0]
 [  17    0    0    0    0  248   39    0    8    0    0    0    0    0
     0]
 [   1    0    0    0    0    0 1168   13   10    0    9   13    3    0
     0]
 [   0    0    0    0    0   23   25 1054   39    0    1   44    0    0
     8]
 [   0    0    0    0   21    0    1   11 1055   44   58   12    0    0
     0]
 [   0    0    0    0    0    0    0    0    9 1163    0    6    0    0
     0]
 [   0    0    0    0    2    0    1    2    0   10 1095    0   76    0
     0]
 [   0    0    0    0    0    8   13    3  145    2   61  952    0    0
     0]
 [   0    0    0    0    0    0    0    2    0    0    0    1  447    0
     0]
 [   0    0    0    0    0    0    0    0    0    0    0    0    0  411
     0]
 [   0    0    0    0    0    0    0    0    0    0    0    0    0    0
   634]]---
Accuracy : 93.64%
---
class acc :
	Healthy grass: 98.33
	Stressed grass: 88.12
	Synthetic grass: 99.85
	Trees: 98.91
	Soil: 100.00
	Water: 79.49
	Residential: 95.97
	Commercial: 88.27
	Road: 87.77
	Highway: 98.73
	Railway: 92.33
	Parking Lot 1: 80.41
	Parking Lot 2: 99.33
	Tennis Court: 100.00
	Running Track: 100.00
---
AA: 93.83%
Kappa: 93.12
run 5 / 5
Best validation overall accuracy 0.94921875
Confusion matrix :
[[1149   28    0   24    0    0    0    0    0    0    0    0    0    0
     0]
 [   4 1200    0    0    0    0    0    0    0    0    0    0    0    0
     0]
 [   0    0  657    0    0    0    0    0    0    0    0    0    0    1
    11]
 [   9    0    0 1184    0    0    0    0    1    0    0    0    0    0
     0]
 [   0    0    0    0 1192    0    0    0    0    0    0    0    0    0
     0]
 [   4    0    0    0    1  293    7    0    6    1    0    0    0    0
     0]
 [   0    0    0    0    0    0 1108   61   10    0   25    1   12    0
     0]
 [   0    0    0    0    0    0   26 1064    4   16    0   52    3   12
    17]
 [   0    0    0    0    3    0    0    0 1126   23   39   11    0    0
     0]
 [   0    0    0    0    1    0    0    0   57 1004  106   10    0    0
     0]
 [   0    0    0    0    0    0    0    0   30    0 1071    0   85    0
     0]
 [   0    0    0    0    0    0   44   12    4    0   62 1059    3    0
     0]
 [   0    0    0    0    0    0    0    0    0    0    0    1  449    0
     0]
 [   0    0    0    0    0    0    0    0    0    0    0    0    0  411
     0]
 [   0    0    0    0    0    0    0    0    0    0    0    0    0    0
   634]]---
Accuracy : 94.27%
---
class acc :
	Healthy grass: 95.67
	Stressed grass: 99.67
	Synthetic grass: 98.21
	Trees: 99.16
	Soil: 100.00
	Water: 93.91
	Residential: 91.04
	Commercial: 89.11
	Road: 93.68
	Highway: 85.23
	Railway: 90.30
	Parking Lot 1: 89.44
	Parking Lot 2: 99.78
	Tennis Court: 100.00
	Running Track: 100.00
---
AA: 95.01%
Kappa: 93.81
Agregated results :
Confusion matrix :
[[1.1646e+03 1.2600e+01 0.0000e+00 2.3800e+01 0.0000e+00 0.0000e+00
  0.0000e+00 0.0000e+00 0.0000e+00 0.0000e+00 0.0000e+00 0.0000e+00
  0.0000e+00 0.0000e+00 0.0000e+00]
 [3.3200e+01 1.1308e+03 0.0000e+00 4.0000e+01 0.0000e+00 0.0000e+00
  0.0000e+00 0.0000e+00 0.0000e+00 0.0000e+00 0.0000e+00 0.0000e+00
  0.0000e+00 0.0000e+00 0.0000e+00]
 [0.0000e+00 0.0000e+00 6.6620e+02 0.0000e+00 0.0000e+00 0.0000e+00
  2.0000e-01 0.0000e+00 0.0000e+00 0.0000e+00 0.0000e+00 0.0000e+00
  0.0000e+00 2.0000e-01 2.4000e+00]
 [1.8600e+01 0.0000e+00 0.0000e+00 1.1746e+03 0.0000e+00 0.0000e+00
  0.0000e+00 0.0000e+00 8.0000e-01 0.0000e+00 0.0000e+00 0.0000e+00
  0.0000e+00 0.0000e+00 0.0000e+00]
 [0.0000e+00 0.0000e+00 0.0000e+00 0.0000e+00 1.1920e+03 0.0000e+00
  0.0000e+00 0.0000e+00 0.0000e+00 0.0000e+00 0.0000e+00 0.0000e+00
  0.0000e+00 0.0000e+00 0.0000e+00]
 [1.0400e+01 0.0000e+00 0.0000e+00 0.0000e+00 4.0000e-01 2.7040e+02
  2.5000e+01 0.0000e+00 5.6000e+00 2.0000e-01 0.0000e+00 0.0000e+00
  0.0000e+00 0.0000e+00 0.0000e+00]
 [2.0000e-01 0.0000e+00 0.0000e+00 0.0000e+00 6.0000e-01 0.0000e+00
  1.1472e+03 2.9400e+01 7.2000e+00 2.0000e+00 1.4800e+01 1.2400e+01
  3.0000e+00 0.0000e+00 2.0000e-01]
 [0.0000e+00 6.4000e+00 0.0000e+00 0.0000e+00 3.6000e+00 9.6000e+00
  2.5600e+01 1.0370e+03 1.0600e+01 9.8000e+00 1.2400e+01 5.2200e+01
  8.8000e+00 4.6000e+00 1.3400e+01]
 [0.0000e+00 0.0000e+00 0.0000e+00 0.0000e+00 9.0000e+00 0.0000e+00
  5.4000e+00 4.2000e+00 1.0652e+03 5.1000e+01 3.5800e+01 3.1400e+01
  0.0000e+00 0.0000e+00 0.0000e+00]
 [0.0000e+00 0.0000e+00 0.0000e+00 0.0000e+00 2.0000e-01 0.0000e+00
  0.0000e+00 0.0000e+00 1.8400e+01 1.1320e+03 2.2600e+01 4.8000e+00
  0.0000e+00 0.0000e+00 0.0000e+00]
 [0.0000e+00 0.0000e+00 0.0000e+00 0.0000e+00 1.6000e+00 0.0000e+00
  8.0000e-01 4.0000e-01 1.6400e+01 1.4000e+01 1.1204e+03 0.0000e+00
  3.2400e+01 0.0000e+00 0.0000e+00]
 [0.0000e+00 0.0000e+00 0.0000e+00 0.0000e+00 1.9800e+01 1.6000e+00
  2.3400e+01 6.0000e+00 3.3800e+01 4.4000e+00 3.7000e+01 1.0566e+03
  1.4000e+00 0.0000e+00 0.0000e+00]
 [0.0000e+00 0.0000e+00 0.0000e+00 0.0000e+00 0.0000e+00 0.0000e+00
  0.0000e+00 4.0000e-01 0.0000e+00 2.4000e+00 6.6000e+00 3.4000e+00
  4.3720e+02 0.0000e+00 0.0000e+00]
 [0.0000e+00 0.0000e+00 0.0000e+00 0.0000e+00 0.0000e+00 0.0000e+00
  0.0000e+00 0.0000e+00 0.0000e+00 0.0000e+00 0.0000e+00 0.0000e+00
  0.0000e+00 4.1100e+02 0.0000e+00]
 [0.0000e+00 0.0000e+00 0.0000e+00 0.0000e+00 0.0000e+00 0.0000e+00
  0.0000e+00 0.0000e+00 0.0000e+00 0.0000e+00 0.0000e+00 0.0000e+00
  0.0000e+00 0.0000e+00 6.3400e+02]]---
Accuracy: 94.53 +- 0.62
---
class acc :
	Healthy grass: 96.97 +- 1.02
	Stressed grass: 93.92 +- 6.06
	Synthetic grass: 99.58 +- 0.69
	Trees: 98.38 +- 2.28
	Soil: 100.00 +- 0.00
	Water: 86.67 +- 7.78
	Residential: 94.26 +- 1.79
	Commercial: 86.85 +- 2.19
	Road: 88.62 +- 2.62
	Highway: 96.10 +- 5.48
	Railway: 94.47 +- 3.05
	Parking Lot 1: 89.24 +- 5.71
	Parking Lot 2: 97.16 +- 2.10
	Tennis Court: 100.00 +- 0.00
	Running Track: 100.00 +- 0.00
---
AA: 94.81 +- 0.65
Kappa: 94.09 +- 0.67
