run 1 / 5
Best validation overall accuracy 0.9609375
Confusion matrix :
[[1135   42    0   24    0    0    0    0    0    0    0    0    0    0
     0]
 [  12 1192    0    0    0    0    0    0    0    0    0    0    0    0
     0]
 [   0    0  666    0    0    0    0    0    0    0    0    0    0    0
     3]
 [   0   24    0 1169    0    0    0    0    1    0    0    0    0    0
     0]
 [   0    0    0    0 1192    0    0    0    0    0    0    0    0    0
     0]
 [  10    0    0    0    0  263   39    0    0    0    0    0    0    0
     0]
 [   0    0    0    1    0    0 1199    0    1    0    5    3    0    0
     8]
 [   0    0    0    0    9    0   24 1073   34   17   15   11    0    0
    11]
 [   0    0    0    1   20    0    4    0 1137    9   31    0    0    0
     0]
 [   0    0    0    0    0    0    0    0    5 1167    4    0    2    0
     0]
 [   0    0    0    0    0    0    0    0   23    0 1163    0    0    0
     0]
 [   0    0    0    0   69    0    0    0   12   30    0 1068    5    0
     0]
 [   0    0    0    0    0    0    1    0    0    0    0    6  443    0
     0]
 [   0    0    0    0    0    0    0    0    0    0    0    0    0  411
     0]
 [   0    0    0    0    0    0    0    0    0    0    0    0    0    0
   634]]---
Accuracy : 96.42%
---
class acc :
	Healthy grass: 94.50
	Stressed grass: 99.00
	Synthetic grass: 99.55
	Trees: 97.91
	Soil: 100.00
	Water: 84.29
	Residential: 98.52
	Commercial: 89.87
	Road: 94.59
	Highway: 99.07
	Railway: 98.06
	Parking Lot 1: 90.20
	Parking Lot 2: 98.44
	Tennis Court: 100.00
	Running Track: 100.00
---
AA: 96.27%
Kappa: 96.13
run 2 / 5
Best validation overall accuracy 0.9765625
Confusion matrix :
[[1201    0    0    0    0    0    0    0    0    0    0    0    0    0
     0]
 [   7 1031    0  166    0    0    0    0    0    0    0    0    0    0
     0]
 [   0    0  667    0    0    0    0    0    0    0    0    0    0    0
     2]
 [  78    1    0 1107    0    0    1    0    7    0    0    0    0    0
     0]
 [   0    0    0    0 1192    0    0    0    0    0    0    0    0    0
     0]
 [  26    0    0    3    2  262   16    0    0    0    0    3    0    0
     0]
 [   0    0    0    1    0    0 1186   18    9    0    0    3    0    0
     0]
 [   0    0    0    0    9    0    0 1149    0   16    0   13    0    0
     7]
 [   0    0    0    2    2    0   28   20 1109   29    4    4    4    0
     0]
 [   0    0    0    0    0    0    0    0    2 1176    0    0    0    0
     0]
 [   0    0    0    0    0    0    0    0    2   77 1107    0    0    0
     0]
 [   0    0    0    0   16    0    2    0    2    0    0 1147   17    0
     0]
 [   0    0    0    0    0    0    0    0    0   19    0   16  415    0
     0]
 [   0    0    0    0    0    0    0    0    0    0    0    0    0  411
     0]
 [   0    0    0    0    0    0    0    0    0    0    0    0    0    0
   634]]---
Accuracy : 95.61%
---
class acc :
	Healthy grass: 100.00
	Stressed grass: 85.63
	Synthetic grass: 99.70
	Trees: 92.71
	Soil: 100.00
	Water: 83.97
	Residential: 97.45
	Commercial: 96.23
	Road: 92.26
	Highway: 99.83
	Railway: 93.34
	Parking Lot 1: 96.88
	Parking Lot 2: 92.22
	Tennis Court: 100.00
	Running Track: 100.00
---
AA: 95.35%
Kappa: 95.25
run 3 / 5
Best validation overall accuracy 0.96875
Confusion matrix :
[[1115   28    0   57    0    0    0    0    1    0    0    0    0    0
     0]
 [ 101 1101    0    0    0    0    0    0    2    0    0    0    0    0
     0]
 [   0    0  668    0    0    0    0    0    0    0    0    0    0    0
     1]
 [   0    0    0 1175    0    0   18    0    1    0    0    0    0    0
     0]
 [   0    0    0    0 1192    0    0    0    0    0    0    0    0    0
     0]
 [  23    0    0    9    4  213   57    0    6    0    0    0    0    0
     0]
 [   0    1    0    0    0    0 1168   25    8    0    2    0    0   13
     0]
 [   0    0    0    0   58   14    0  973   15    6    7   63   11   19
    28]
 [   0    0    0    0    0    0   11    0 1118   37   27    9    0    0
     0]
 [   0    0    0    0    0    0    0    0    0 1178    0    0    0    0
     0]
 [   0    0    0    0    0    0    0    0   13   35 1138    0    0    0
     0]
 [   0    0   21    0    0    0   36    0    4   35   62 1013   13    0
     0]
 [   0    0    0    0    0    0    2    0    1   20    0   20  407    0
     0]
 [   0    0    0    0    0    0    0    0    0    0    0    0    0  411
     0]
 [   0    0    5    0    0    0    0    0    0    0    0    0    0    0
   629]]---
Accuracy : 93.56%
---
class acc :
	Healthy grass: 92.84
	Stressed grass: 91.45
	Synthetic grass: 99.85
	Trees: 98.41
	Soil: 100.00
	Water: 68.27
	Residential: 95.97
	Commercial: 81.49
	Road: 93.01
	Highway: 100.00
	Railway: 95.95
	Parking Lot 1: 85.56
	Parking Lot 2: 90.44
	Tennis Court: 100.00
	Running Track: 99.21
---
AA: 92.83%
Kappa: 93.04
run 4 / 5
Best validation overall accuracy 0.953125
Confusion matrix :
[[1179    5    0   17    0    0    0    0    0    0    0    0    0    0
     0]
 [  17 1187    0    0    0    0    0    0    0    0    0    0    0    0
     0]
 [   0    0  668    0    0    0    0    0    0    0    0    0    0    0
     1]
 [   1    0    0 1187    0    0    3    0    3    0    0    0    0    0
     0]
 [   0    0    0    0 1192    0    0    0    0    0    0    0    0    0
     0]
 [  29    0    0    1    0  236   39    0    7    0    0    0    0    0
     0]
 [   2    0    0    0    0    0 1183    7   13    0    8    0    4    0
     0]
 [   0    0    0    0    0    0   24 1140    1    0    0   21    0    0
     8]
 [   0    0    0    0   19    0    4   10 1112   29   19    9    0    0
     0]
 [   0    0    0    0    0    0    0    0    0 1176    0    1    1    0
     0]
 [   0    0    0    0    0    0    0    0    0    1 1138    0   47    0
     0]
 [   0    0    0    0    0    0    8   39    8   38   25 1061    5    0
     0]
 [   0    0    0    0    0    0    0    0    1    0    0   20  429    0
     0]
 [   0    0    0    0    0    0    0    0    0    0    0    0    0  411
     0]
 [   0    0    2    0    0    0    0    0    0    0    0    0    0    0
   632]]---
Accuracy : 96.56%
---
class acc :
	Healthy grass: 98.17
	Stressed grass: 98.59
	Synthetic grass: 99.85
	Trees: 99.41
	Soil: 100.00
	Water: 75.64
	Residential: 97.21
	Commercial: 95.48
	Road: 92.51
	Highway: 99.83
	Railway: 95.95
	Parking Lot 1: 89.61
	Parking Lot 2: 95.33
	Tennis Court: 100.00
	Running Track: 99.68
---
AA: 95.82%
Kappa: 96.28
run 5 / 5
Best validation overall accuracy 0.95703125
Confusion matrix :
[[1125   49    0   27    0    0    0    0    0    0    0    0    0    0
     0]
 [  12 1192    0    0    0    0    0    0    0    0    0    0    0    0
     0]
 [   0    0  667    0    0    0    0    0    0    0    0    0    0    0
     2]
 [   1    0    0 1189    0    0    1    0    3    0    0    0    0    0
     0]
 [   0    0    0    0 1192    0    0    0    0    0    0    0    0    0
     0]
 [  14    0    0    3    2  228   58    0    7    0    0    0    0    0
     0]
 [   0    0    0    0    0    0 1184   28    0    0    5    0    0    0
     0]
 [   0    0    0    0    0    0   33 1103    8    4    3   14    0    0
    29]
 [   0    0    0    0   12    0    4    0 1154   32    0    0    0    0
     0]
 [   0    0    0    0    0    0    0    0   22 1156    0    0    0    0
     0]
 [   0    0    0    0    0    0    3   48   23    6 1105    0    1    0
     0]
 [   0    0    0    0    4    0   57   25    7    3   60 1023    5    0
     0]
 [   0    0    0    0    0    0   10    9    0   18    0   71  342    0
     0]
 [   0    0    0    0    0    0    0    0    0    0    0    0    0  411
     0]
 [   0    0    0    0    0    0    0    0    0    0    0    0    0    0
   634]]---
Accuracy : 94.99%
---
class acc :
	Healthy grass: 93.67
	Stressed grass: 99.00
	Synthetic grass: 99.70
	Trees: 99.58
	Soil: 100.00
	Water: 73.08
	Residential: 97.29
	Commercial: 92.38
	Road: 96.01
	Highway: 98.13
	Railway: 93.17
	Parking Lot 1: 86.40
	Parking Lot 2: 76.00
	Tennis Court: 100.00
	Running Track: 100.00
---
AA: 93.63%
Kappa: 94.58
Agregated results :
Confusion matrix :
[[1.1510e+03 2.4800e+01 0.0000e+00 2.5000e+01 0.0000e+00 0.0000e+00
  0.0000e+00 0.0000e+00 2.0000e-01 0.0000e+00 0.0000e+00 0.0000e+00
  0.0000e+00 0.0000e+00 0.0000e+00]
 [2.9800e+01 1.1406e+03 0.0000e+00 3.3200e+01 0.0000e+00 0.0000e+00
  0.0000e+00 0.0000e+00 4.0000e-01 0.0000e+00 0.0000e+00 0.0000e+00
  0.0000e+00 0.0000e+00 0.0000e+00]
 [0.0000e+00 0.0000e+00 6.6720e+02 0.0000e+00 0.0000e+00 0.0000e+00
  0.0000e+00 0.0000e+00 0.0000e+00 0.0000e+00 0.0000e+00 0.0000e+00
  0.0000e+00 0.0000e+00 1.8000e+00]
 [1.6000e+01 5.0000e+00 0.0000e+00 1.1654e+03 0.0000e+00 0.0000e+00
  4.6000e+00 0.0000e+00 3.0000e+00 0.0000e+00 0.0000e+00 0.0000e+00
  0.0000e+00 0.0000e+00 0.0000e+00]
 [0.0000e+00 0.0000e+00 0.0000e+00 0.0000e+00 1.1920e+03 0.0000e+00
  0.0000e+00 0.0000e+00 0.0000e+00 0.0000e+00 0.0000e+00 0.0000e+00
  0.0000e+00 0.0000e+00 0.0000e+00]
 [2.0400e+01 0.0000e+00 0.0000e+00 3.2000e+00 1.6000e+00 2.4040e+02
  4.1800e+01 0.0000e+00 4.0000e+00 0.0000e+00 0.0000e+00 6.0000e-01
  0.0000e+00 0.0000e+00 0.0000e+00]
 [4.0000e-01 2.0000e-01 0.0000e+00 4.0000e-01 0.0000e+00 0.0000e+00
  1.1840e+03 1.5600e+01 6.2000e+00 0.0000e+00 4.0000e+00 1.2000e+00
  8.0000e-01 2.6000e+00 1.6000e+00]
 [0.0000e+00 0.0000e+00 0.0000e+00 0.0000e+00 1.5200e+01 2.8000e+00
  1.6200e+01 1.0876e+03 1.1600e+01 8.6000e+00 5.0000e+00 2.4400e+01
  2.2000e+00 3.8000e+00 1.6600e+01]
 [0.0000e+00 0.0000e+00 0.0000e+00 6.0000e-01 1.0600e+01 0.0000e+00
  1.0200e+01 6.0000e+00 1.1260e+03 2.7200e+01 1.6200e+01 4.4000e+00
  8.0000e-01 0.0000e+00 0.0000e+00]
 [0.0000e+00 0.0000e+00 0.0000e+00 0.0000e+00 0.0000e+00 0.0000e+00
  0.0000e+00 0.0000e+00 5.8000e+00 1.1706e+03 8.0000e-01 2.0000e-01
  6.0000e-01 0.0000e+00 0.0000e+00]
 [0.0000e+00 0.0000e+00 0.0000e+00 0.0000e+00 0.0000e+00 0.0000e+00
  6.0000e-01 9.6000e+00 1.2200e+01 2.3800e+01 1.1302e+03 0.0000e+00
  9.6000e+00 0.0000e+00 0.0000e+00]
 [0.0000e+00 0.0000e+00 4.2000e+00 0.0000e+00 1.7800e+01 0.0000e+00
  2.0600e+01 1.2800e+01 6.6000e+00 2.1200e+01 2.9400e+01 1.0624e+03
  9.0000e+00 0.0000e+00 0.0000e+00]
 [0.0000e+00 0.0000e+00 0.0000e+00 0.0000e+00 0.0000e+00 0.0000e+00
  2.6000e+00 1.8000e+00 4.0000e-01 1.1400e+01 0.0000e+00 2.6600e+01
  4.0720e+02 0.0000e+00 0.0000e+00]
 [0.0000e+00 0.0000e+00 0.0000e+00 0.0000e+00 0.0000e+00 0.0000e+00
  0.0000e+00 0.0000e+00 0.0000e+00 0.0000e+00 0.0000e+00 0.0000e+00
  0.0000e+00 4.1100e+02 0.0000e+00]
 [0.0000e+00 0.0000e+00 1.4000e+00 0.0000e+00 0.0000e+00 0.0000e+00
  0.0000e+00 0.0000e+00 0.0000e+00 0.0000e+00 0.0000e+00 0.0000e+00
  0.0000e+00 0.0000e+00 6.3260e+02]]---
Accuracy: 95.43 +- 1.09
---
class acc :
	Healthy grass: 95.84 +- 2.76
	Stressed grass: 94.73 +- 5.38
	Synthetic grass: 99.73 +- 0.11
	Trees: 97.60 +- 2.52
	Soil: 100.00 +- 0.00
	Water: 77.05 +- 6.25
	Residential: 97.29 +- 0.81
	Commercial: 91.09 +- 5.31
	Road: 93.68 +- 1.42
	Highway: 99.37 +- 0.70
	Railway: 95.30 +- 1.84
	Parking Lot 1: 89.73 +- 3.99
	Parking Lot 2: 90.49 +- 7.74
	Tennis Court: 100.00 +- 0.00
	Running Track: 99.78 +- 0.31
---
AA: 94.78 +- 1.32
Kappa: 95.05 +- 1.18
