run 1 / 5
Best validation overall accuracy 0.95703125
Confusion matrix :
[[1129    6    0   66    0    0    0    0    0    0    0    0    0    0
     0]
 [   9 1189    0    6    0    0    0    0    0    0    0    0    0    0
     0]
 [   0    0  667    0    0    0    2    0    0    0    0    0    0    0
     0]
 [   0    0    0 1191    0    0    2    0    1    0    0    0    0    0
     0]
 [   0    0    0    0 1192    0    0    0    0    0    0    0    0    0
     0]
 [   0    0    0    0    0  273   39    0    0    0    0    0    0    0
     0]
 [   0    0    0    0    1    0 1184   17    0    2    7    0    0    0
     6]
 [   0    0    0    0    6    0   24 1083   24   20   18    0    1    0
    18]
 [   0    0    0    0   19    0   10    5 1044   57   38   29    0    0
     0]
 [   0    0    0    0    0    0    0    0   32 1144    2    0    0    0
     0]
 [   0    0    0    0    0    0    0    0   27    0 1159    0    0    0
     0]
 [   0    0    0    0   28    0   58   53   23  112    0  904    6    0
     0]
 [   0    0    0    0    0    0    1    2    0    0   16    0  431    0
     0]
 [   0    0    0    0    0    0    0    0    0    0    0    0    0  411
     0]
 [   0    0    0    0    0    0    0    0    0    0    0    0    0    0
   634]]---
Accuracy : 94.50%
---
class acc :
	Healthy grass: 94.00
	Stressed grass: 98.75
	Synthetic grass: 99.70
	Trees: 99.75
	Soil: 100.00
	Water: 87.50
	Residential: 97.29
	Commercial: 90.70
	Road: 86.86
	Highway: 97.11
	Railway: 97.72
	Parking Lot 1: 76.35
	Parking Lot 2: 95.78
	Tennis Court: 100.00
	Running Track: 100.00
---
AA: 94.77%
Kappa: 94.06
run 2 / 5
Best validation overall accuracy 0.96875
Confusion matrix :
[[1201    0    0    0    0    0    0    0    0    0    0    0    0    0
     0]
 [   9 1031    0  164    0    0    0    0    0    0    0    0    0    0
     0]
 [   0    0  668    0    0    0    0    0    0    0    0    0    0    0
     1]
 [  79    0    0 1113    0    0    1    0    1    0    0    0    0    0
     0]
 [   0    0    0    0 1192    0    0    0    0    0    0    0    0    0
     0]
 [   0    0    0    0    0  307    5    0    0    0    0    0    0    0
     0]
 [   0    0    0    0    0    0 1161   12    5    5    8   26    0    0
     0]
 [   0    0    0    0    0    0   27 1064    1   16    7   72    0    0
     7]
 [   0    0    0    0    0    0   32    0 1029   21   29   91    0    0
     0]
 [   0    0    0    0    0    0    0    0   31 1116   14   17    0    0
     0]
 [   0    0    0    0    0    0   29    0    0    1 1156    0    0    0
     0]
 [   0    0    0    0    0    0    9    1    4    3    0 1167    0    0
     0]
 [   0    0    0    0    0    0    0    0    0    0   19    2  429    0
     0]
 [   0    0    0    0    0    0    0    0    0    0    0    0    0  411
     0]
 [   0    0    0    0    0    0    0    0    0    0    0    0    0    0
   634]]---
Accuracy : 94.81%
---
class acc :
	Healthy grass: 100.00
	Stressed grass: 85.63
	Synthetic grass: 99.85
	Trees: 93.22
	Soil: 100.00
	Water: 98.40
	Residential: 95.40
	Commercial: 89.11
	Road: 85.61
	Highway: 94.74
	Railway: 97.47
	Parking Lot 1: 98.56
	Parking Lot 2: 95.33
	Tennis Court: 100.00
	Running Track: 100.00
---
AA: 95.55%
Kappa: 94.39
run 3 / 5
Best validation overall accuracy 0.96484375
Confusion matrix :
[[1101   60    0   40    0    0    0    0    0    0    0    0    0    0
     0]
 [   6 1198    0    0    0    0    0    0    0    0    0    0    0    0
     0]
 [   0    0  669    0    0    0    0    0    0    0    0    0    0    0
     0]
 [   1    0    0 1193    0    0    0    0    0    0    0    0    0    0
     0]
 [   0    0    0    0 1192    0    0    0    0    0    0    0    0    0
     0]
 [  18    0    0    1    0  244   39    0   10    0    0    0    0    0
     0]
 [   0    0    0    0    0    0 1159    6   11    0   10    0    0   19
    12]
 [   0    0    0    0   43   25   26  972    3    0    3   65   29   11
    17]
 [   0    0    0    0    0    0    5    0 1137   22   29    9    0    0
     0]
 [   0    0    0    0    0    0    0    0   34 1129    2   13    0    0
     0]
 [   0    0    0    0    0    0    0    0   43    0 1143    0    0    0
     0]
 [   0    0    0    0    0    0   60    0   12   23   62 1027    0    0
     0]
 [   0    0    0    0    0    0    0    0    0    0   20    2  428    0
     0]
 [   0    0    0    0    0    0    0    0    0    0    0    0    0  411
     0]
 [   0    0    3    0    0    0    0    0    0    0    0    0    0    0
   631]]---
Accuracy : 94.50%
---
class acc :
	Healthy grass: 91.67
	Stressed grass: 99.50
	Synthetic grass: 100.00
	Trees: 99.92
	Soil: 100.00
	Water: 78.21
	Residential: 95.23
	Commercial: 81.41
	Road: 94.59
	Highway: 95.84
	Railway: 96.37
	Parking Lot 1: 86.74
	Parking Lot 2: 95.11
	Tennis Court: 100.00
	Running Track: 99.53
---
AA: 94.27%
Kappa: 94.05
run 4 / 5
Best validation overall accuracy 0.93359375
Confusion matrix :
[[1197    4    0    0    0    0    0    0    0    0    0    0    0    0
     0]
 [  15 1189    0    0    0    0    0    0    0    0    0    0    0    0
     0]
 [   0    0  669    0    0    0    0    0    0    0    0    0    0    0
     0]
 [  14    0    0 1177    0    0    2    0    1    0    0    0    0    0
     0]
 [   0    0    0    0 1192    0    0    0    0    0    0    0    0    0
     0]
 [  11    0    0    0    0  255   39    0    7    0    0    0    0    0
     0]
 [   0    0    1    0    0    0 1194    1    5    1   15    0    0    0
     0]
 [   0    0    0    0    0   11   24 1085   17    0    2   47    0    0
     8]
 [   0    0    0    0   21    0    0   18  991   71   57   44    0    0
     0]
 [   0    0    0    0    0    0    0    0   22 1059    6   91    0    0
     0]
 [   0    0    0    0    0    0   27    0    0    3 1094    0   62    0
     0]
 [   0    0    0    0    0    0   31   11   58    8   14 1013   49    0
     0]
 [   0    0    0    0    0    0    0    0    0    0    0    3  447    0
     0]
 [   0    0    0    0    0    0    0    0    0    0    0    0    0  411
     0]
 [   0    0    0    0    0    0    0    0    0    0    0    0    0    0
   634]]---
Accuracy : 94.31%
---
class acc :
	Healthy grass: 99.67
	Stressed grass: 98.75
	Synthetic grass: 100.00
	Trees: 98.58
	Soil: 100.00
	Water: 81.73
	Residential: 98.11
	Commercial: 90.87
	Road: 82.45
	Highway: 89.90
	Railway: 92.24
	Parking Lot 1: 85.56
	Parking Lot 2: 99.33
	Tennis Court: 100.00
	Running Track: 100.00
---
AA: 94.48%
Kappa: 93.85
run 5 / 5
Best validation overall accuracy 0.9453125
Confusion matrix :
[[1115   62    0   24    0    0    0    0    0    0    0    0    0    0
     0]
 [   2 1202    0    0    0    0    0    0    0    0    0    0    0    0
     0]
 [   0    0  665    0    0    0    2    0    0    0    0    0    0    0
     2]
 [   5    0    0 1188    0    0    0    0    1    0    0    0    0    0
     0]
 [   0    0    0    0 1192    0    0    0    0    0    0    0    0    0
     0]
 [  20    0    0    0    1  248   37    0    6    0    0    0    0    0
     0]
 [   0    1    0    0    0    0 1122   63   15    0   12    0    4    0
     0]
 [   0    0    0    0   41    0   26  972   33    0    0   92    1   18
    11]
 [   0    0    0    0    7    0    1    0 1147   13   32    2    0    0
     0]
 [   0    0    0    0    0    0    0    0   60  978  106   34    0    0
     0]
 [   0    0    0    0    0    0    8    0   30    1 1100    0   47    0
     0]
 [   0    0    0    0    1    0   55    5   15    0   62 1046    0    0
     0]
 [   0    0    0    0    0    0    0    0    0    0    0    3  447    0
     0]
 [   0    0    0    0    0    0    0    0    0    0    0    0    0  411
     0]
 [   0    0    0    0    0    0    0    0    0    0    0    0    0    0
   634]]---
Accuracy : 93.34%
---
class acc :
	Healthy grass: 92.84
	Stressed grass: 99.83
	Synthetic grass: 99.40
	Trees: 99.50
	Soil: 100.00
	Water: 79.49
	Residential: 92.19
	Commercial: 81.41
	Road: 95.42
	Highway: 83.02
	Railway: 92.75
	Parking Lot 1: 88.34
	Parking Lot 2: 99.33
	Tennis Court: 100.00
	Running Track: 100.00
---
AA: 93.57%
Kappa: 92.80
Agregated results :
Confusion matrix :
[[1.1486e+03 2.6400e+01 0.0000e+00 2.6000e+01 0.0000e+00 0.0000e+00
  0.0000e+00 0.0000e+00 0.0000e+00 0.0000e+00 0.0000e+00 0.0000e+00
  0.0000e+00 0.0000e+00 0.0000e+00]
 [8.2000e+00 1.1618e+03 0.0000e+00 3.4000e+01 0.0000e+00 0.0000e+00
  0.0000e+00 0.0000e+00 0.0000e+00 0.0000e+00 0.0000e+00 0.0000e+00
  0.0000e+00 0.0000e+00 0.0000e+00]
 [0.0000e+00 0.0000e+00 6.6760e+02 0.0000e+00 0.0000e+00 0.0000e+00
  8.0000e-01 0.0000e+00 0.0000e+00 0.0000e+00 0.0000e+00 0.0000e+00
  0.0000e+00 0.0000e+00 6.0000e-01]
 [1.9800e+01 0.0000e+00 0.0000e+00 1.1724e+03 0.0000e+00 0.0000e+00
  1.0000e+00 0.0000e+00 8.0000e-01 0.0000e+00 0.0000e+00 0.0000e+00
  0.0000e+00 0.0000e+00 0.0000e+00]
 [0.0000e+00 0.0000e+00 0.0000e+00 0.0000e+00 1.1920e+03 0.0000e+00
  0.0000e+00 0.0000e+00 0.0000e+00 0.0000e+00 0.0000e+00 0.0000e+00
  0.0000e+00 0.0000e+00 0.0000e+00]
 [9.8000e+00 0.0000e+00 0.0000e+00 2.0000e-01 2.0000e-01 2.6540e+02
  3.1800e+01 0.0000e+00 4.6000e+00 0.0000e+00 0.0000e+00 0.0000e+00
  0.0000e+00 0.0000e+00 0.0000e+00]
 [0.0000e+00 2.0000e-01 2.0000e-01 0.0000e+00 2.0000e-01 0.0000e+00
  1.1640e+03 1.9800e+01 7.2000e+00 1.6000e+00 1.0400e+01 5.2000e+00
  8.0000e-01 3.8000e+00 3.6000e+00]
 [0.0000e+00 0.0000e+00 0.0000e+00 0.0000e+00 1.8000e+01 7.2000e+00
  2.5400e+01 1.0352e+03 1.5600e+01 7.2000e+00 6.0000e+00 5.5200e+01
  6.2000e+00 5.8000e+00 1.2200e+01]
 [0.0000e+00 0.0000e+00 0.0000e+00 0.0000e+00 9.4000e+00 0.0000e+00
  9.6000e+00 4.6000e+00 1.0696e+03 3.6800e+01 3.7000e+01 3.5000e+01
  0.0000e+00 0.0000e+00 0.0000e+00]
 [0.0000e+00 0.0000e+00 0.0000e+00 0.0000e+00 0.0000e+00 0.0000e+00
  0.0000e+00 0.0000e+00 3.5800e+01 1.0852e+03 2.6000e+01 3.1000e+01
  0.0000e+00 0.0000e+00 0.0000e+00]
 [0.0000e+00 0.0000e+00 0.0000e+00 0.0000e+00 0.0000e+00 0.0000e+00
  1.2800e+01 0.0000e+00 2.0000e+01 1.0000e+00 1.1304e+03 0.0000e+00
  2.1800e+01 0.0000e+00 0.0000e+00]
 [0.0000e+00 0.0000e+00 0.0000e+00 0.0000e+00 5.8000e+00 0.0000e+00
  4.2600e+01 1.4000e+01 2.2400e+01 2.9200e+01 2.7600e+01 1.0314e+03
  1.1000e+01 0.0000e+00 0.0000e+00]
 [0.0000e+00 0.0000e+00 0.0000e+00 0.0000e+00 0.0000e+00 0.0000e+00
  2.0000e-01 4.0000e-01 0.0000e+00 0.0000e+00 1.1000e+01 2.0000e+00
  4.3640e+02 0.0000e+00 0.0000e+00]
 [0.0000e+00 0.0000e+00 0.0000e+00 0.0000e+00 0.0000e+00 0.0000e+00
  0.0000e+00 0.0000e+00 0.0000e+00 0.0000e+00 0.0000e+00 0.0000e+00
  0.0000e+00 4.1100e+02 0.0000e+00]
 [0.0000e+00 0.0000e+00 6.0000e-01 0.0000e+00 0.0000e+00 0.0000e+00
  0.0000e+00 0.0000e+00 0.0000e+00 0.0000e+00 0.0000e+00 0.0000e+00
  0.0000e+00 0.0000e+00 6.3340e+02]]---
Accuracy: 94.29 +- 0.50
---
class acc :
	Healthy grass: 95.64 +- 3.51
	Stressed grass: 96.50 +- 5.45
	Synthetic grass: 99.79 +- 0.22
	Trees: 98.19 +- 2.53
	Soil: 100.00 +- 0.00
	Water: 85.06 +- 7.39
	Residential: 95.65 +- 2.05
	Commercial: 86.70 +- 4.37
	Road: 88.99 +- 5.13
	Highway: 92.12 +- 5.16
	Railway: 95.31 +- 2.35
	Parking Lot 1: 87.11 +- 7.09
	Parking Lot 2: 96.98 +- 1.94
	Tennis Court: 100.00 +- 0.00
	Running Track: 99.91 +- 0.19
---
AA: 94.53 +- 0.65
Kappa: 93.83 +- 0.54
