run 1 / 5
Best validation overall accuracy 0.9453125
Confusion matrix :
[[1174    3    0   24    0    0    0    0    0    0    0    0    0    0
     0]
 [  26 1178    0    0    0    0    0    0    0    0    0    0    0    0
     0]
 [   0    0  664    0    0    0    5    0    0    0    0    0    0    0
     0]
 [   0    0    0 1190    0    0    3    0    1    0    0    0    0    0
     0]
 [   0    0    0    0 1192    0    0    0    0    0    0    0    0    0
     0]
 [   1    0    0    0    0  272   39    0    0    0    0    0    0    0
     0]
 [   0    0    0    0    1    0 1159   30    0    0   15   10    2    0
     0]
 [   0    0    0    0    5    0   24 1053   25   22   29   18    0    0
    18]
 [   0    0    0    0   19    0    1    6 1033   50   48   42    3    0
     0]
 [   0    0    0    0    0    0    0    0   65  977  124   12    0    0
     0]
 [   0    0    0    0    1    0    9    0   27    0 1148    0    1    0
     0]
 [   0    0    0    0    0    0    4   42   14   99    0 1006   19    0
     0]
 [   0    0    0    0    0    0    0    0    0    0   13    4  433    0
     0]
 [   0    0    0    0    0    0    2    0    0    0    0    0    0  409
     0]
 [   0    0    0    0    0    0    0    0    0    0    0    0    0    0
   634]]---
Accuracy : 93.72%
---
class acc :
	Healthy grass: 97.75
	Stressed grass: 97.84
	Synthetic grass: 99.25
	Trees: 99.66
	Soil: 100.00
	Water: 87.18
	Residential: 95.23
	Commercial: 88.19
	Road: 85.94
	Highway: 82.94
	Railway: 96.80
	Parking Lot 1: 84.97
	Parking Lot 2: 96.22
	Tennis Court: 99.51
	Running Track: 100.00
---
AA: 94.10%
Kappa: 93.21
run 2 / 5
Best validation overall accuracy 0.96484375
Confusion matrix :
[[1167   34    0    0    0    0    0    0    0    0    0    0    0    0
     0]
 [   4 1149    0   51    0    0    0    0    0    0    0    0    0    0
     0]
 [   0    0  667    0    0    0    0    0    0    0    0    0    0    0
     2]
 [  80    0    0 1113    0    0    0    0    1    0    0    0    0    0
     0]
 [   0    0    0    0 1192    0    0    0    0    0    0    0    0    0
     0]
 [   7    0    0    0    0  305    0    0    0    0    0    0    0    0
     0]
 [   0    0    0    1    0   21 1058    6   18   14   34   64    1    0
     0]
 [   0    0    0    0    1    0   27 1072    0   16    0   66    5    0
     7]
 [   0    0    0    0    0    1    1    0 1143   23   29    5    0    0
     0]
 [   0    0    0    0    0    0    0    0   64 1114    0    0    0    0
     0]
 [   0    0    0    0    0    0    0    0   23   21 1141    0    1    0
     0]
 [   0    0    0    0    2    0    3    0   28    0    0 1147    4    0
     0]
 [   0    0    0    0    0    0    0    0    0    5   14    0  431    0
     0]
 [   0    0    0    0    0    0    0    0    0    0    0    0    0  411
     0]
 [   0    0    0    0    0    0    0    0    0    0    0    0    0    0
   634]]---
Accuracy : 95.26%
---
class acc :
	Healthy grass: 97.17
	Stressed grass: 95.43
	Synthetic grass: 99.70
	Trees: 93.22
	Soil: 100.00
	Water: 97.76
	Residential: 86.94
	Commercial: 89.78
	Road: 95.09
	Highway: 94.57
	Railway: 96.21
	Parking Lot 1: 96.88
	Parking Lot 2: 95.78
	Tennis Court: 100.00
	Running Track: 100.00
---
AA: 95.90%
Kappa: 94.88
run 3 / 5
Best validation overall accuracy 0.96875
Confusion matrix :
[[1159    8    0   34    0    0    0    0    0    0    0    0    0    0
     0]
 [  83 1121    0    0    0    0    0    0    0    0    0    0    0    0
     0]
 [   0    0  669    0    0    0    0    0    0    0    0    0    0    0
     0]
 [   0    0    0 1193    0    0    0    0    1    0    0    0    0    0
     0]
 [   0    0    0    0 1192    0    0    0    0    0    0    0    0    0
     0]
 [   9    0    3    3    2  246   39    0    6    4    0    0    0    0
     0]
 [   0    1    2    0    1    0 1144    8    4    9   13    0    0   23
    12]
 [   0    5    0    0   18    0   26  981    6   17   31   82    0    8
    20]
 [   0    0    0    0    0    0    2    0 1075   74   23   28    0    0
     0]
 [   0    0    0    0    0    0    0    0   13 1149    0   16    0    0
     0]
 [   0    0    0    0    0    0   11    0   16   33 1126    0    0    0
     0]
 [   0    0    0    0    0    0   60    3   10   29   62 1020    0    0
     0]
 [   0    0    0    0    0    0    0    0    0    4   24    1  421    0
     0]
 [   0    0    0    0    0    0    1    0    0    0    0    0    0  410
     0]
 [   0    0    0    0    0    0    0    0    0    0    0    0    0    0
   634]]---
Accuracy : 93.85%
---
class acc :
	Healthy grass: 96.50
	Stressed grass: 93.11
	Synthetic grass: 100.00
	Trees: 99.92
	Soil: 100.00
	Water: 78.85
	Residential: 94.00
	Commercial: 82.16
	Road: 89.43
	Highway: 97.54
	Railway: 94.94
	Parking Lot 1: 86.15
	Parking Lot 2: 93.56
	Tennis Court: 99.76
	Running Track: 100.00
---
AA: 93.73%
Kappa: 93.35
run 4 / 5
Best validation overall accuracy 0.94140625
Confusion matrix :
[[1185    1    0   15    0    0    0    0    0    0    0    0    0    0
     0]
 [  11 1193    0    0    0    0    0    0    0    0    0    0    0    0
     0]
 [   0    0  649    0    0    0   20    0    0    0    0    0    0    0
     0]
 [  13    1    0 1178    0    0    0    0    2    0    0    0    0    0
     0]
 [   0    0    0    0 1192    0    0    0    0    0    0    0    0    0
     0]
 [  17    0    0    1    0  245   39    1    9    0    0    0    0    0
     0]
 [   0    0    0    0    0    0 1179    1   12    0   11   14    0    0
     0]
 [   0    0    0    0    4    0   40 1039   42    0    1   60    0    0
     8]
 [   0    0    0    0   21    0    3    2  951  104   36   85    0    0
     0]
 [   0    0    0    0    0    0    0    0    2 1112    0   64    0    0
     0]
 [   0    0    0    0    0    0    6    0    2    3 1109    7   59    0
     0]
 [   0    0    0    0    0    0   13    7    5    0    2 1157    0    0
     0]
 [   0    0    0    0    0    0    0    7    0    0    0    4  439    0
     0]
 [   0    0    0    0    0    0    0    0    0    0    0    0    0  411
     0]
 [   0    0    0    0    0    0    0    0    0    0    0    0    0    0
   634]]---
Accuracy : 94.77%
---
class acc :
	Healthy grass: 98.67
	Stressed grass: 99.09
	Synthetic grass: 97.01
	Trees: 98.66
	Soil: 100.00
	Water: 78.53
	Residential: 96.88
	Commercial: 87.02
	Road: 79.12
	Highway: 94.40
	Railway: 93.51
	Parking Lot 1: 97.72
	Parking Lot 2: 97.56
	Tennis Court: 100.00
	Running Track: 100.00
---
AA: 94.54%
Kappa: 94.34
run 5 / 5
Best validation overall accuracy 0.953125
Confusion matrix :
[[1167    8    0   26    0    0    0    0    0    0    0    0    0    0
     0]
 [   5 1199    0    0    0    0    0    0    0    0    0    0    0    0
     0]
 [   0    0  667    0    0    0    0    0    0    0    0    0    0    0
     2]
 [   3    0    0 1190    0    0    0    0    1    0    0    0    0    0
     0]
 [   0    0    0    0 1192    0    0    0    0    0    0    0    0    0
     0]
 [  12    0    0    0    2  254   38    0    6    0    0    0    0    0
     0]
 [   0    0    0    0    0    0 1128   64    8    0   12    0    5    0
     0]
 [   0    0    0    0    0    0   26 1069   20    0    1   41    8   17
    12]
 [   0    0    0    0    1    0    2    0 1146   10   40    1    2    0
     0]
 [   0    0    0    0    0    0    0    0   49 1079   35   15    0    0
     0]
 [   0    0    0    0    0    0    8    0   29    0 1118    0   31    0
     0]
 [   0    0    0    0    0    0   56    0   15    3   62 1048    0    0
     0]
 [   0    0    0    0    0    0    0    0    0    0    0    1  449    0
     0]
 [   0    0    0    0    0    0    0    0    0    0    0    0    0  411
     0]
 [   0    0    0    0    0    0    0    0    0    0    0    0    0    0
   634]]---
Accuracy : 95.31%
---
class acc :
	Healthy grass: 97.17
	Stressed grass: 99.58
	Synthetic grass: 99.70
	Trees: 99.66
	Soil: 100.00
	Water: 81.41
	Residential: 92.69
	Commercial: 89.53
	Road: 95.34
	Highway: 91.60
	Railway: 94.27
	Parking Lot 1: 88.51
	Parking Lot 2: 99.78
	Tennis Court: 100.00
	Running Track: 100.00
---
AA: 95.28%
Kappa: 94.93
Agregated results :
Confusion matrix :
[[1.1704e+03 1.0800e+01 0.0000e+00 1.9800e+01 0.0000e+00 0.0000e+00
  0.0000e+00 0.0000e+00 0.0000e+00 0.0000e+00 0.0000e+00 0.0000e+00
  0.0000e+00 0.0000e+00 0.0000e+00]
 [2.5800e+01 1.1680e+03 0.0000e+00 1.0200e+01 0.0000e+00 0.0000e+00
  0.0000e+00 0.0000e+00 0.0000e+00 0.0000e+00 0.0000e+00 0.0000e+00
  0.0000e+00 0.0000e+00 0.0000e+00]
 [0.0000e+00 0.0000e+00 6.6320e+02 0.0000e+00 0.0000e+00 0.0000e+00
  5.0000e+00 0.0000e+00 0.0000e+00 0.0000e+00 0.0000e+00 0.0000e+00
  0.0000e+00 0.0000e+00 8.0000e-01]
 [1.9200e+01 2.0000e-01 0.0000e+00 1.1728e+03 0.0000e+00 0.0000e+00
  6.0000e-01 0.0000e+00 1.2000e+00 0.0000e+00 0.0000e+00 0.0000e+00
  0.0000e+00 0.0000e+00 0.0000e+00]
 [0.0000e+00 0.0000e+00 0.0000e+00 0.0000e+00 1.1920e+03 0.0000e+00
  0.0000e+00 0.0000e+00 0.0000e+00 0.0000e+00 0.0000e+00 0.0000e+00
  0.0000e+00 0.0000e+00 0.0000e+00]
 [9.2000e+00 0.0000e+00 6.0000e-01 8.0000e-01 8.0000e-01 2.6440e+02
  3.1000e+01 2.0000e-01 4.2000e+00 8.0000e-01 0.0000e+00 0.0000e+00
  0.0000e+00 0.0000e+00 0.0000e+00]
 [0.0000e+00 2.0000e-01 4.0000e-01 2.0000e-01 4.0000e-01 4.2000e+00
  1.1336e+03 2.1800e+01 8.4000e+00 4.6000e+00 1.7000e+01 1.7600e+01
  1.6000e+00 4.6000e+00 2.4000e+00]
 [0.0000e+00 1.0000e+00 0.0000e+00 0.0000e+00 5.6000e+00 0.0000e+00
  2.8600e+01 1.0428e+03 1.8600e+01 1.1000e+01 1.2400e+01 5.3400e+01
  2.6000e+00 5.0000e+00 1.3000e+01]
 [0.0000e+00 0.0000e+00 0.0000e+00 0.0000e+00 8.2000e+00 2.0000e-01
  1.8000e+00 1.6000e+00 1.0696e+03 5.2200e+01 3.5200e+01 3.2200e+01
  1.0000e+00 0.0000e+00 0.0000e+00]
 [0.0000e+00 0.0000e+00 0.0000e+00 0.0000e+00 0.0000e+00 0.0000e+00
  0.0000e+00 0.0000e+00 3.8600e+01 1.0862e+03 3.1800e+01 2.1400e+01
  0.0000e+00 0.0000e+00 0.0000e+00]
 [0.0000e+00 0.0000e+00 0.0000e+00 0.0000e+00 2.0000e-01 0.0000e+00
  6.8000e+00 0.0000e+00 1.9400e+01 1.1400e+01 1.1284e+03 1.4000e+00
  1.8400e+01 0.0000e+00 0.0000e+00]
 [0.0000e+00 0.0000e+00 0.0000e+00 0.0000e+00 4.0000e-01 0.0000e+00
  2.7200e+01 1.0400e+01 1.4400e+01 2.6200e+01 2.5200e+01 1.0756e+03
  4.6000e+00 0.0000e+00 0.0000e+00]
 [0.0000e+00 0.0000e+00 0.0000e+00 0.0000e+00 0.0000e+00 0.0000e+00
  0.0000e+00 1.4000e+00 0.0000e+00 1.8000e+00 1.0200e+01 2.0000e+00
  4.3460e+02 0.0000e+00 0.0000e+00]
 [0.0000e+00 0.0000e+00 0.0000e+00 0.0000e+00 0.0000e+00 0.0000e+00
  6.0000e-01 0.0000e+00 0.0000e+00 0.0000e+00 0.0000e+00 0.0000e+00
  0.0000e+00 4.1040e+02 0.0000e+00]
 [0.0000e+00 0.0000e+00 0.0000e+00 0.0000e+00 0.0000e+00 0.0000e+00
  0.0000e+00 0.0000e+00 0.0000e+00 0.0000e+00 0.0000e+00 0.0000e+00
  0.0000e+00 0.0000e+00 6.3400e+02]]---
Accuracy: 94.58 +- 0.68
---
class acc :
	Healthy grass: 97.45 +- 0.73
	Stressed grass: 97.01 +- 2.42
	Synthetic grass: 99.13 +- 1.09
	Trees: 98.22 +- 2.54
	Soil: 100.00 +- 0.00
	Water: 84.74 +- 7.21
	Residential: 93.15 +- 3.40
	Commercial: 87.34 +- 2.77
	Road: 88.99 +- 6.07
	Highway: 92.21 +- 5.00
	Railway: 95.14 +- 1.21
	Parking Lot 1: 90.84 +- 5.40
	Parking Lot 2: 96.58 +- 2.05
	Tennis Court: 99.85 +- 0.19
	Running Track: 100.00 +- 0.00
---
AA: 94.71 +- 0.79
Kappa: 94.14 +- 0.73
