run 1 / 5
Best validation overall accuracy 0.95703125
Confusion matrix :
[[1105   70    0   24    0    0    0    2    0    0    0    0    0    0
     0]
 [   3 1201    0    0    0    0    0    0    0    0    0    0    0    0
     0]
 [   0    0  669    0    0    0    0    0    0    0    0    0    0    0
     0]
 [   8   12    0 1162    0    0    9    0    3    0    0    0    0    0
     0]
 [   0    0    0    0 1192    0    0    0    0    0    0    0    0    0
     0]
 [   2    0    0    0    0  271   39    0    0    0    0    0    0    0
     0]
 [   0    0    0    0    0    0 1207    0    0    0   10    0    0    0
     0]
 [   0    0    0    0   15    0   18 1086    0   17   25   11    2    0
    20]
 [   0    0    0    0   25    0   32   12 1081   15   34    3    0    0
     0]
 [   0    0    0    0    0    0    0    0    2 1107   66    0    3    0
     0]
 [   0    0    0    0    0    0    5    0   14    5 1162    0    0    0
     0]
 [   0    0    0    0   48    0   19   24   16   51    0 1013   13    0
     0]
 [   0    0    0    0    0    0    2    0    0    0    8    0  440    0
     0]
 [   0    0    0    0    0    0    0    0    0    0    0    0    0  411
     0]
 [   0    0    2    0    0    0    0    0    0    0    0    0    0    0
   632]]---
Accuracy : 95.22%
---
class acc :
	Healthy grass: 92.01
	Stressed grass: 99.75
	Synthetic grass: 100.00
	Trees: 97.32
	Soil: 100.00
	Water: 86.86
	Residential: 99.18
	Commercial: 90.95
	Road: 89.93
	Highway: 93.97
	Railway: 97.98
	Parking Lot 1: 85.56
	Parking Lot 2: 97.78
	Tennis Court: 100.00
	Running Track: 99.68
---
AA: 95.40%
Kappa: 94.84
run 2 / 5
Best validation overall accuracy 0.9765625
Confusion matrix :
[[1168    8    0   25    0    0    0    0    0    0    0    0    0    0
     0]
 [   3 1136    0   65    0    0    0    0    0    0    0    0    0    0
     0]
 [   0    0  666    0    0    0    0    0    0    0    0    0    0    0
     3]
 [  23    5    0 1155    0    0    0    0   11    0    0    0    0    0
     0]
 [   0    0    0    0 1192    0    0    0    0    0    0    0    0    0
     0]
 [  12    0    0    8    0  292    0    0    0    0    0    0    0    0
     0]
 [   0    0    0    8    0   18 1152    4    9    0    5   21    0    0
     0]
 [   0    0    0    0    2    0   11 1029    5   16   24   84    0   16
     7]
 [   0    0    0    0    0    0   11    0 1107    6   31    4   43    0
     0]
 [   0    0    0    0    0    0    0    0   31 1127    0   20    0    0
     0]
 [   0    0    0    0    0    0    1    0   10    1 1174    0    0    0
     0]
 [   0    0    0    0    0    0    0    2    1    0    0 1166   15    0
     0]
 [   0    0    0    0    0    0    0    0    0   19    0    5  426    0
     0]
 [   0    0    0    0    0    0    0    0    0    0    0    0    0  411
     0]
 [   0    0    0    0    0    0    0    0    0    0    0    0    0    0
   634]]---
Accuracy : 95.89%
---
class acc :
	Healthy grass: 97.25
	Stressed grass: 94.35
	Synthetic grass: 99.55
	Trees: 96.73
	Soil: 100.00
	Water: 93.59
	Residential: 94.66
	Commercial: 86.18
	Road: 92.10
	Highway: 95.67
	Railway: 98.99
	Parking Lot 1: 98.48
	Parking Lot 2: 94.67
	Tennis Court: 100.00
	Running Track: 100.00
---
AA: 96.15%
Kappa: 95.56
run 3 / 5
Best validation overall accuracy 0.97265625
Confusion matrix :
[[1131    6    0   64    0    0    0    0    0    0    0    0    0    0
     0]
 [  67 1130    0    0    0    0    0    0    7    0    0    0    0    0
     0]
 [   0    0  669    0    0    0    0    0    0    0    0    0    0    0
     0]
 [   0    0    0 1191    0    0    3    0    0    0    0    0    0    0
     0]
 [   0    0    0    0 1178    0    0   13    0    0    0    1    0    0
     0]
 [   1    0    0    1    0  242   68    0    0    0    0    0    0    0
     0]
 [   0    0    0    0    0    0 1166   24    7    0   17    0    0    3
     0]
 [   0    0    0    0    0    0   26 1022    1    0    0   86   31   19
     9]
 [   0    0    0    0    0    0   49    0 1090   14   40    9    0    0
     0]
 [   0    0    0    0    0    0    0    0    0 1173    0    5    0    0
     0]
 [   0    0    0    0    0    0    1    0   28    1 1156    0    0    0
     0]
 [   0    0    0    0    0    0   55    0    4    8   70 1033   14    0
     0]
 [   0    0    0    0    0    0    0    0    0   22    0    6  422    0
     0]
 [   0    0    0    0    0    0    0    0    0    0    0    0    2  409
     0]
 [   0    0   14    0    0    0    0    0    0    0    0    0    0    0
   620]]---
Accuracy : 94.48%
---
class acc :
	Healthy grass: 94.17
	Stressed grass: 93.85
	Synthetic grass: 100.00
	Trees: 99.75
	Soil: 98.83
	Water: 77.56
	Residential: 95.81
	Commercial: 85.59
	Road: 90.68
	Highway: 99.58
	Railway: 97.47
	Parking Lot 1: 87.25
	Parking Lot 2: 93.78
	Tennis Court: 99.51
	Running Track: 97.79
---
AA: 94.11%
Kappa: 94.03
run 4 / 5
Best validation overall accuracy 0.94140625
Confusion matrix :
[[1143   42    0   16    0    0    0    0    0    0    0    0    0    0
     0]
 [  35 1169    0    0    0    0    0    0    0    0    0    0    0    0
     0]
 [   0    0  669    0    0    0    0    0    0    0    0    0    0    0
     0]
 [  21    0    0 1161    0    0    7    0    5    0    0    0    0    0
     0]
 [   0    0    0    0 1192    0    0    0    0    0    0    0    0    0
     0]
 [  20    0    0    2    1  242   39    0    0    0    0    0    8    0
     0]
 [   1    0    4    0    0    0 1145   48    3    0   16    0    0    0
     0]
 [   0    0    0    0    0    0   24 1043   40    0    0   79    0    0
     8]
 [   0    0    0    0   20    0    4    0 1026   68   53   31    0    0
     0]
 [   0    0    0    0    0    0    0    0    0 1168   10    0    0    0
     0]
 [   0    0    0    0    0    0    0   15    0    1 1141    0   29    0
     0]
 [   0    0    0    0    0    0    7    8   37   11   66 1052    3    0
     0]
 [   0    0    0    0    0    0    0    2    0    1    0    6  441    0
     0]
 [   0    0    0    0    0    0    0    3    0    0    2    0    0  406
     0]
 [   0    0    0    0    0    0    0    0    0    0    0    0    0    0
   634]]---
Accuracy : 94.48%
---
class acc :
	Healthy grass: 95.17
	Stressed grass: 97.09
	Synthetic grass: 100.00
	Trees: 97.24
	Soil: 100.00
	Water: 77.56
	Residential: 94.08
	Commercial: 87.35
	Road: 85.36
	Highway: 99.15
	Railway: 96.21
	Parking Lot 1: 88.85
	Parking Lot 2: 98.00
	Tennis Court: 98.78
	Running Track: 100.00
---
AA: 94.32%
Kappa: 94.03
run 5 / 5
Best validation overall accuracy 0.97265625
Confusion matrix :
[[1154   23    0   24    0    0    0    0    0    0    0    0    0    0
     0]
 [   3 1201    0    0    0    0    0    0    0    0    0    0    0    0
     0]
 [   0    0  667    0    0    0    0    0    0    0    0    0    0    0
     2]
 [   8    0    0 1176    0    0    6    0    4    0    0    0    0    0
     0]
 [   0    0    0    0 1191    0    1    0    0    0    0    0    0    0
     0]
 [  12    0    0    4    0  270   22    0    0    0    0    0    4    0
     0]
 [   0    0    0    1    0    0 1172   30    2    0    9    0    1    2
     0]
 [   0    0    0    0    7    0   28 1098    0    0    4   26    2    1
    28]
 [   0    0    0    0   21    0    6    0 1145   20   10    0    0    0
     0]
 [   0    0    0    0    0    0    0    0    0 1162   14    0    2    0
     0]
 [   0    0    3    0    0    0    4    0   30    1 1084    0   64    0
     0]
 [   0    0    0    0    3    0   34    9    6    4   38 1057   13   20
     0]
 [   0    0    0    0    0    0    0    0    0    0    0    2  448    0
     0]
 [   0    0    0    0    0    0    0    0    0    0    0    0    0  411
     0]
 [   0    0    0    0    0    0    0    0    0    0    0    0    0    0
   634]]---
Accuracy : 96.13%
---
class acc :
	Healthy grass: 96.09
	Stressed grass: 99.75
	Synthetic grass: 99.70
	Trees: 98.49
	Soil: 99.92
	Water: 86.54
	Residential: 96.30
	Commercial: 91.96
	Road: 95.26
	Highway: 98.64
	Railway: 91.40
	Parking Lot 1: 89.27
	Parking Lot 2: 99.56
	Tennis Court: 100.00
	Running Track: 100.00
---
AA: 96.19%
Kappa: 95.82
Agregated results :
Confusion matrix :
[[1.1402e+03 2.9800e+01 0.0000e+00 3.0600e+01 0.0000e+00 0.0000e+00
  0.0000e+00 4.0000e-01 0.0000e+00 0.0000e+00 0.0000e+00 0.0000e+00
  0.0000e+00 0.0000e+00 0.0000e+00]
 [2.2200e+01 1.1674e+03 0.0000e+00 1.3000e+01 0.0000e+00 0.0000e+00
  0.0000e+00 0.0000e+00 1.4000e+00 0.0000e+00 0.0000e+00 0.0000e+00
  0.0000e+00 0.0000e+00 0.0000e+00]
 [0.0000e+00 0.0000e+00 6.6800e+02 0.0000e+00 0.0000e+00 0.0000e+00
  0.0000e+00 0.0000e+00 0.0000e+00 0.0000e+00 0.0000e+00 0.0000e+00
  0.0000e+00 0.0000e+00 1.0000e+00]
 [1.2000e+01 3.4000e+00 0.0000e+00 1.1690e+03 0.0000e+00 0.0000e+00
  5.0000e+00 0.0000e+00 4.6000e+00 0.0000e+00 0.0000e+00 0.0000e+00
  0.0000e+00 0.0000e+00 0.0000e+00]
 [0.0000e+00 0.0000e+00 0.0000e+00 0.0000e+00 1.1890e+03 0.0000e+00
  2.0000e-01 2.6000e+00 0.0000e+00 0.0000e+00 0.0000e+00 2.0000e-01
  0.0000e+00 0.0000e+00 0.0000e+00]
 [9.4000e+00 0.0000e+00 0.0000e+00 3.0000e+00 2.0000e-01 2.6340e+02
  3.3600e+01 0.0000e+00 0.0000e+00 0.0000e+00 0.0000e+00 0.0000e+00
  2.4000e+00 0.0000e+00 0.0000e+00]
 [2.0000e-01 0.0000e+00 8.0000e-01 1.8000e+00 0.0000e+00 3.6000e+00
  1.1684e+03 2.1200e+01 4.2000e+00 0.0000e+00 1.1400e+01 4.2000e+00
  2.0000e-01 1.0000e+00 0.0000e+00]
 [0.0000e+00 0.0000e+00 0.0000e+00 0.0000e+00 4.8000e+00 0.0000e+00
  2.1400e+01 1.0556e+03 9.2000e+00 6.6000e+00 1.0600e+01 5.7200e+01
  7.0000e+00 7.2000e+00 1.4400e+01]
 [0.0000e+00 0.0000e+00 0.0000e+00 0.0000e+00 1.3200e+01 0.0000e+00
  2.0400e+01 2.4000e+00 1.0898e+03 2.4600e+01 3.3600e+01 9.4000e+00
  8.6000e+00 0.0000e+00 0.0000e+00]
 [0.0000e+00 0.0000e+00 0.0000e+00 0.0000e+00 0.0000e+00 0.0000e+00
  0.0000e+00 0.0000e+00 6.6000e+00 1.1474e+03 1.8000e+01 5.0000e+00
  1.0000e+00 0.0000e+00 0.0000e+00]
 [0.0000e+00 0.0000e+00 6.0000e-01 0.0000e+00 0.0000e+00 0.0000e+00
  2.2000e+00 3.0000e+00 1.6400e+01 1.8000e+00 1.1434e+03 0.0000e+00
  1.8600e+01 0.0000e+00 0.0000e+00]
 [0.0000e+00 0.0000e+00 0.0000e+00 0.0000e+00 1.0200e+01 0.0000e+00
  2.3000e+01 8.6000e+00 1.2800e+01 1.4800e+01 3.4800e+01 1.0642e+03
  1.1600e+01 4.0000e+00 0.0000e+00]
 [0.0000e+00 0.0000e+00 0.0000e+00 0.0000e+00 0.0000e+00 0.0000e+00
  4.0000e-01 4.0000e-01 0.0000e+00 8.4000e+00 1.6000e+00 3.8000e+00
  4.3540e+02 0.0000e+00 0.0000e+00]
 [0.0000e+00 0.0000e+00 0.0000e+00 0.0000e+00 0.0000e+00 0.0000e+00
  0.0000e+00 6.0000e-01 0.0000e+00 0.0000e+00 4.0000e-01 0.0000e+00
  4.0000e-01 4.0960e+02 0.0000e+00]
 [0.0000e+00 0.0000e+00 3.2000e+00 0.0000e+00 0.0000e+00 0.0000e+00
  0.0000e+00 0.0000e+00 0.0000e+00 0.0000e+00 0.0000e+00 0.0000e+00
  0.0000e+00 0.0000e+00 6.3080e+02]]---
Accuracy: 95.24 +- 0.69
---
class acc :
	Healthy grass: 94.94 +- 1.78
	Stressed grass: 96.96 +- 2.53
	Synthetic grass: 99.85 +- 0.19
	Trees: 97.91 +- 1.09
	Soil: 99.75 +- 0.46
	Water: 84.42 +- 6.14
	Residential: 96.01 +- 1.77
	Commercial: 88.41 +- 2.57
	Road: 90.67 +- 3.22
	Highway: 97.40 +- 2.19
	Railway: 96.41 +- 2.66
	Parking Lot 1: 89.88 +- 4.49
	Parking Lot 2: 96.76 +- 2.18
	Tennis Court: 99.66 +- 0.48
	Running Track: 99.50 +- 0.86
---
AA: 95.23 +- 0.88
Kappa: 94.86 +- 0.74
