run 1 / 5
Best validation overall accuracy 0.94140625
Confusion matrix :
[[1164   13    0   24    0    0    0    0    0    0    0    0    0    0
     0]
 [   7 1197    0    0    0    0    0    0    0    0    0    0    0    0
     0]
 [   0    0  669    0    0    0    0    0    0    0    0    0    0    0
     0]
 [   0    0    0 1179    0    0   14    0    1    0    0    0    0    0
     0]
 [   0    0    0    0 1192    0    0    0    0    0    0    0    0    0
     0]
 [   2    0    0    0    0  271   39    0    0    0    0    0    0    0
     0]
 [   0    0    0    0    0    0 1187   12    0    0   18    0    0    0
     0]
 [   0    0    0    0    6    0   24 1008   75   21   25   25    1    0
     9]
 [   0    0    0    0    2    0    2    0 1079   62   35   22    0    0
     0]
 [   0    0    0    0    0    0    0    0   92 1083    3    0    0    0
     0]
 [   0    0    0    0    0    0    7    0   35   15 1128    0    1    0
     0]
 [   0    0    0    0    0    0   57    0  127  171    0  829    0    0
     0]
 [   0    0    0    0    0    0    1    0    0    1    4    0  444    0
     0]
 [   0    0    0    0    0    0    0    1    0    0    0    0    0  410
     0]
 [   0    0    0    0    0    0    0    0    0    0    0    0    0    0
   634]]---
Accuracy : 93.39%
---
class acc :
	Healthy grass: 96.92
	Stressed grass: 99.42
	Synthetic grass: 100.00
	Trees: 98.74
	Soil: 100.00
	Water: 86.86
	Residential: 97.53
	Commercial: 84.42
	Road: 89.77
	Highway: 91.94
	Railway: 95.11
	Parking Lot 1: 70.02
	Parking Lot 2: 98.67
	Tennis Court: 99.76
	Running Track: 100.00
---
AA: 93.94%
Kappa: 92.85
run 2 / 5
Best validation overall accuracy 0.9609375
Confusion matrix :
[[1059  139    0    3    0    0    0    0    0    0    0    0    0    0
     0]
 [   1 1148    0   55    0    0    0    0    0    0    0    0    0    0
     0]
 [   0    0  667    0    0    0    0    0    0    0    0    0    0    0
     2]
 [  70    3    0 1120    0    0    0    0    1    0    0    0    0    0
     0]
 [   0    0    0    0 1192    0    0    0    0    0    0    0    0    0
     0]
 [   1    0    0    0    0  310    0    0    0    0    0    0    1    0
     0]
 [   0    0    0    0    0    0 1194    4    5    1    4    0    8    1
     0]
 [   0    0    0    0    0    0   27 1082    1   16    0   29    0   32
     7]
 [   0    0    0    0    0    3   19    0 1091   39   25   15   10    0
     0]
 [   0    0    0    0    0    0    0    0   21 1157    0    0    0    0
     0]
 [   0    0    0    0    0    0   19    0   19   36 1112    0    0    0
     0]
 [   0    0    0    0    0    0   31    8   15    3    0 1092   35    0
     0]
 [   0    0    0    0    0    0    0    0    0    7   12    0  431    0
     0]
 [   0    0    0    0    0    0    0    0    0    0    0    0    0  411
     0]
 [   0    0    0    0    0    0    0    0    0    0    0    0    0    0
   634]]---
Accuracy : 94.95%
---
class acc :
	Healthy grass: 88.18
	Stressed grass: 95.35
	Synthetic grass: 99.70
	Trees: 93.80
	Soil: 100.00
	Water: 99.36
	Residential: 98.11
	Commercial: 90.62
	Road: 90.77
	Highway: 98.22
	Railway: 93.76
	Parking Lot 1: 92.23
	Parking Lot 2: 95.78
	Tennis Court: 100.00
	Running Track: 100.00
---
AA: 95.72%
Kappa: 94.55
run 3 / 5
Best validation overall accuracy 0.96484375
Confusion matrix :
[[1169   18    0   14    0    0    0    0    0    0    0    0    0    0
     0]
 [ 110 1094    0    0    0    0    0    0    0    0    0    0    0    0
     0]
 [   0    0  669    0    0    0    0    0    0    0    0    0    0    0
     0]
 [  14    0    0 1179    0    0    0    0    1    0    0    0    0    0
     0]
 [   0    0    0    0 1192    0    0    0    0    0    0    0    0    0
     0]
 [  13    0    0    1    1  246   39    0   12    0    0    0    0    0
     0]
 [   0    2    0    0    0    0 1140    0    8    0    6    0    0   55
     6]
 [   0    0    0    0   27   25   26 1011    6    0    5   65    1   19
     9]
 [   0    0    0    0    0    0   28    4 1105   28   30    7    0    0
     0]
 [   0    0    0    0    0    0    0    0   17 1123    5   33    0    0
     0]
 [   0    0    0    0    0    0   26    0   17    9 1134    0    0    0
     0]
 [   0    0    0    0    0    0   60    7   10    0   62 1045    0    0
     0]
 [   0    0    0    0    0    0    3    0    0    1   19    2  425    0
     0]
 [   0    0    0    0    0    0    0    0    0    0    0    0    0  411
     0]
 [   0    0    0    0    0    0    0    0    0    0    0    0    0    0
   634]]---
Accuracy : 94.10%
---
class acc :
	Healthy grass: 97.34
	Stressed grass: 90.86
	Synthetic grass: 100.00
	Trees: 98.74
	Soil: 100.00
	Water: 78.85
	Residential: 93.67
	Commercial: 84.67
	Road: 91.93
	Highway: 95.33
	Railway: 95.62
	Parking Lot 1: 88.26
	Parking Lot 2: 94.44
	Tennis Court: 100.00
	Running Track: 100.00
---
AA: 93.98%
Kappa: 93.62
run 4 / 5
Best validation overall accuracy 0.9375
Confusion matrix :
[[1189    2    0   10    0    0    0    0    0    0    0    0    0    0
     0]
 [   8 1196    0    0    0    0    0    0    0    0    0    0    0    0
     0]
 [   0    0  665    0    0    0    4    0    0    0    0    0    0    0
     0]
 [  10    0    0 1182    0    0    0    0    2    0    0    0    0    0
     0]
 [   0    0    0    0 1191    0    0    0    0    0    0    1    0    0
     0]
 [  19    0    0    0    0  246   39    0    8    0    0    0    0    0
     0]
 [   0    0    2    0    0    0 1180   10    8    0    8    2    1    0
     6]
 [   0    0    0    0    2   19   24 1058   41    0    0   42    0    0
     8]
 [   0    0    0    0   21    0    3    3 1078   27   51   19    0    0
     0]
 [   0    0    0    0    0    0    0    0   70 1094    6    8    0    0
     0]
 [   1    0    0    0    0    0   14    0    0    7 1069    0   95    0
     0]
 [   0    0    0    0    0    3   18    0  123   15   63  962    0    0
     0]
 [   0    0    0    0    0    0    0    0    0    0    0    2  448    0
     0]
 [   0    0    0    0    0    0    0    0    0    0    0    0    0  411
     0]
 [   0    0    0    0    0    0    0    0    0    0    0    0    0    0
   634]]---
Accuracy : 94.28%
---
class acc :
	Healthy grass: 99.00
	Stressed grass: 99.34
	Synthetic grass: 99.40
	Trees: 98.99
	Soil: 99.92
	Water: 78.85
	Residential: 96.96
	Commercial: 88.61
	Road: 89.68
	Highway: 92.87
	Railway: 90.13
	Parking Lot 1: 81.25
	Parking Lot 2: 99.56
	Tennis Court: 100.00
	Running Track: 100.00
---
AA: 94.30%
Kappa: 93.82
run 5 / 5
Best validation overall accuracy 0.9453125
Confusion matrix :
[[1161   15    0   25    0    0    0    0    0    0    0    0    0    0
     0]
 [  18 1186    0    0    0    0    0    0    0    0    0    0    0    0
     0]
 [   0    0  663    0    0    0    2    0    0    0    0    0    0    0
     4]
 [  12    0    0 1181    0    0    0    0    1    0    0    0    0    0
     0]
 [   0    0    0    0 1192    0    0    0    0    0    0    0    0    0
     0]
 [   6    0    0   13    1  242   38    0   12    0    0    0    0    0
     0]
 [   0    0    1    0    0    0 1155   40   11    0   10    0    0    0
     0]
 [   0    0    0    0    0    0   26 1065    5   22    6   41    0   18
    11]
 [   0    0    0    0   20    0    4    5 1081   33   35   24    0    0
     0]
 [   0    0    0    0    0    0    0    0   47 1017   99   15    0    0
     0]
 [   0    0    0    0    0    0    1    0   30    0 1153    0    2    0
     0]
 [   0    0    0    0    0    0   56   13    0   70   62  983    0    0
     0]
 [   0    0    0    0    0    0    0    1    0    0   19   10  420    0
     0]
 [   0    0    0    0    0    0    0    0    0    0    0    0    0  411
     0]
 [   0    0    0    0    0    0    0    0    0    0    0    0    0    0
   634]]---
Accuracy : 93.87%
---
class acc :
	Healthy grass: 96.67
	Stressed grass: 98.50
	Synthetic grass: 99.10
	Trees: 98.91
	Soil: 100.00
	Water: 77.56
	Residential: 94.91
	Commercial: 89.20
	Road: 89.93
	Highway: 86.33
	Railway: 97.22
	Parking Lot 1: 83.02
	Parking Lot 2: 93.33
	Tennis Court: 100.00
	Running Track: 100.00
---
AA: 93.65%
Kappa: 93.37
Agregated results :
Confusion matrix :
[[1.1484e+03 3.7400e+01 0.0000e+00 1.5200e+01 0.0000e+00 0.0000e+00
  0.0000e+00 0.0000e+00 0.0000e+00 0.0000e+00 0.0000e+00 0.0000e+00
  0.0000e+00 0.0000e+00 0.0000e+00]
 [2.8800e+01 1.1642e+03 0.0000e+00 1.1000e+01 0.0000e+00 0.0000e+00
  0.0000e+00 0.0000e+00 0.0000e+00 0.0000e+00 0.0000e+00 0.0000e+00
  0.0000e+00 0.0000e+00 0.0000e+00]
 [0.0000e+00 0.0000e+00 6.6660e+02 0.0000e+00 0.0000e+00 0.0000e+00
  1.2000e+00 0.0000e+00 0.0000e+00 0.0000e+00 0.0000e+00 0.0000e+00
  0.0000e+00 0.0000e+00 1.2000e+00]
 [2.1200e+01 6.0000e-01 0.0000e+00 1.1682e+03 0.0000e+00 0.0000e+00
  2.8000e+00 0.0000e+00 1.2000e+00 0.0000e+00 0.0000e+00 0.0000e+00
  0.0000e+00 0.0000e+00 0.0000e+00]
 [0.0000e+00 0.0000e+00 0.0000e+00 0.0000e+00 1.1918e+03 0.0000e+00
  0.0000e+00 0.0000e+00 0.0000e+00 0.0000e+00 0.0000e+00 2.0000e-01
  0.0000e+00 0.0000e+00 0.0000e+00]
 [8.2000e+00 0.0000e+00 0.0000e+00 2.8000e+00 4.0000e-01 2.6300e+02
  3.1000e+01 0.0000e+00 6.4000e+00 0.0000e+00 0.0000e+00 0.0000e+00
  2.0000e-01 0.0000e+00 0.0000e+00]
 [0.0000e+00 4.0000e-01 6.0000e-01 0.0000e+00 0.0000e+00 0.0000e+00
  1.1712e+03 1.3200e+01 6.4000e+00 2.0000e-01 9.2000e+00 4.0000e-01
  1.8000e+00 1.1200e+01 2.4000e+00]
 [0.0000e+00 0.0000e+00 0.0000e+00 0.0000e+00 7.0000e+00 8.8000e+00
  2.5400e+01 1.0448e+03 2.5600e+01 1.1800e+01 7.2000e+00 4.0400e+01
  4.0000e-01 1.3800e+01 8.8000e+00]
 [0.0000e+00 0.0000e+00 0.0000e+00 0.0000e+00 8.6000e+00 6.0000e-01
  1.1200e+01 2.4000e+00 1.0868e+03 3.7800e+01 3.5200e+01 1.7400e+01
  2.0000e+00 0.0000e+00 0.0000e+00]
 [0.0000e+00 0.0000e+00 0.0000e+00 0.0000e+00 0.0000e+00 0.0000e+00
  0.0000e+00 0.0000e+00 4.9400e+01 1.0948e+03 2.2600e+01 1.1200e+01
  0.0000e+00 0.0000e+00 0.0000e+00]
 [2.0000e-01 0.0000e+00 0.0000e+00 0.0000e+00 0.0000e+00 0.0000e+00
  1.3400e+01 0.0000e+00 2.0200e+01 1.3400e+01 1.1192e+03 0.0000e+00
  1.9600e+01 0.0000e+00 0.0000e+00]
 [0.0000e+00 0.0000e+00 0.0000e+00 0.0000e+00 0.0000e+00 6.0000e-01
  4.4400e+01 5.6000e+00 5.5000e+01 5.1800e+01 3.7400e+01 9.8220e+02
  7.0000e+00 0.0000e+00 0.0000e+00]
 [0.0000e+00 0.0000e+00 0.0000e+00 0.0000e+00 0.0000e+00 0.0000e+00
  8.0000e-01 2.0000e-01 0.0000e+00 1.8000e+00 1.0800e+01 2.8000e+00
  4.3360e+02 0.0000e+00 0.0000e+00]
 [0.0000e+00 0.0000e+00 0.0000e+00 0.0000e+00 0.0000e+00 0.0000e+00
  0.0000e+00 2.0000e-01 0.0000e+00 0.0000e+00 0.0000e+00 0.0000e+00
  0.0000e+00 4.1080e+02 0.0000e+00]
 [0.0000e+00 0.0000e+00 0.0000e+00 0.0000e+00 0.0000e+00 0.0000e+00
  0.0000e+00 0.0000e+00 0.0000e+00 0.0000e+00 0.0000e+00 0.0000e+00
  0.0000e+00 0.0000e+00 6.3400e+02]]---
Accuracy: 94.12 +- 0.51
---
class acc :
	Healthy grass: 95.62 +- 3.81
	Stressed grass: 96.69 +- 3.27
	Synthetic grass: 99.64 +- 0.35
	Trees: 97.84 +- 2.02
	Soil: 99.98 +- 0.03
	Water: 84.29 +- 8.22
	Residential: 96.24 +- 1.68
	Commercial: 87.50 +- 2.50
	Road: 90.42 +- 0.85
	Highway: 92.94 +- 3.96
	Railway: 94.37 +- 2.39
	Parking Lot 1: 82.96 +- 7.54
	Parking Lot 2: 96.36 +- 2.40
	Tennis Court: 99.95 +- 0.10
	Running Track: 100.00 +- 0.00
---
AA: 94.32 +- 0.73
Kappa: 93.64 +- 0.56
