run 1 / 5
Best validation overall accuracy 0.95703125
Confusion matrix :
[[1175    2    0   24    0    0    0    0    0    0    0    0    0    0
     0]
 [  46 1158    0    0    0    0    0    0    0    0    0    0    0    0
     0]
 [   0    0  667    0    0    0    0    0    0    0    0    0    0    0
     2]
 [   2    0    0 1190    0    0    1    0    1    0    0    0    0    0
     0]
 [   0    0    0    0 1192    0    0    0    0    0    0    0    0    0
     0]
 [   0    0    0    1    0  273   38    0    0    0    0    0    0    0
     0]
 [   0    0    0    0    3    0 1156   35    3    3   15    2    0    0
     0]
 [   0    0    0    0   14    0   24 1085   19   17   17    0    0    0
    18]
 [   0    0    0    0   19    0    2    4 1089   48   36    4    0    0
     0]
 [   0    0    0    0    3    0    0    0  161 1014    0    0    0    0
     0]
 [   0    0    0    0    0    0   11    0   18   22 1129    0    6    0
     0]
 [   0    0    0    0    0    0   10  102   23   97    0  942   10    0
     0]
 [   0    0    0    0    0    0    0    0    1    0    0    0  449    0
     0]
 [   0    0    0    0    0    0    0    0    0    0    0    0    0  411
     0]
 [   0    0    0    0    0    0    0    0    0    0    0    0    0    0
   634]]---
Accuracy : 94.01%
---
class acc :
	Healthy grass: 97.84
	Stressed grass: 96.18
	Synthetic grass: 99.70
	Trees: 99.66
	Soil: 100.00
	Water: 87.50
	Residential: 94.99
	Commercial: 90.87
	Road: 90.60
	Highway: 86.08
	Railway: 95.19
	Parking Lot 1: 79.56
	Parking Lot 2: 99.78
	Tennis Court: 100.00
	Running Track: 100.00
---
AA: 94.53%
Kappa: 93.53
run 2 / 5
Best validation overall accuracy 0.96484375
Confusion matrix :
[[1164    0    0   37    0    0    0    0    0    0    0    0    0    0
     0]
 [   4 1028    0  172    0    0    0    0    0    0    0    0    0    0
     0]
 [   0    0  669    0    0    0    0    0    0    0    0    0    0    0
     0]
 [   2    0    0 1191    0    0    0    0    1    0    0    0    0    0
     0]
 [   0    0    0    0 1191    0    0    1    0    0    0    0    0    0
     0]
 [   4    0    0   12    0  293    3    0    0    0    0    0    0    0
     0]
 [   0    0    5    5    0    0 1148   26    8    1   17    7    0    0
     0]
 [   0    0    0    0    0    0   27 1059    2   16    0   83    0    0
     7]
 [   0    0    0    1    0    0   15    0 1077   47   32   30    0    0
     0]
 [   0    0    0    0    0    0    0    0   33 1136    0    9    0    0
     0]
 [   0    0    8    0    0    0    0    0   31   26 1121    0    0    0
     0]
 [   0    0    0    0    0    0   31    0   48    9    0 1094    2    0
     0]
 [   0    0    0    0    0    0    0    0    0   15    4    0  431    0
     0]
 [   0    0    0    0    0    0    0    0    0    0    0    0    0  411
     0]
 [   0    0    0    0    0    0    0    0    0    0    0    0    0    0
   634]]---
Accuracy : 94.59%
---
class acc :
	Healthy grass: 96.92
	Stressed grass: 85.38
	Synthetic grass: 100.00
	Trees: 99.75
	Soil: 99.92
	Water: 93.91
	Residential: 94.33
	Commercial: 88.69
	Road: 89.60
	Highway: 96.43
	Railway: 94.52
	Parking Lot 1: 92.40
	Parking Lot 2: 95.78
	Tennis Court: 100.00
	Running Track: 100.00
---
AA: 95.18%
Kappa: 94.15
run 3 / 5
Best validation overall accuracy 0.96484375
Confusion matrix :
[[1062   70    0   69    0    0    0    0    0    0    0    0    0    0
     0]
 [   2 1202    0    0    0    0    0    0    0    0    0    0    0    0
     0]
 [   0    0  669    0    0    0    0    0    0    0    0    0    0    0
     0]
 [   0    0    0 1193    0    0    0    0    1    0    0    0    0    0
     0]
 [   0    0    0    0 1192    0    0    0    0    0    0    0    0    0
     0]
 [   5    0    0    1    0  250   39    0   10    0    0    0    7    0
     0]
 [   0    2    0    0    0    0 1158    0    9    0    9    0    0   17
    22]
 [   0    0    0    0   18   25   26 1000    0    0    7   63   27    8
    20]
 [   0    0    0    0    0    0    9    1 1059   71   33   29    0    0
     0]
 [   0    0    0    0    0    0    0    0    4 1138    0   36    0    0
     0]
 [   0    0    0    0    0    0    2    0   31   28 1124    0    1    0
     0]
 [   0    0    0    0    0    0   60    1    0   11   61 1051    0    0
     0]
 [   0    0    0    0    0    0    1    0    0   10   13    3  423    0
     0]
 [   0    0    0    0    0    0    0    0    0    0    0    0    0  411
     0]
 [   0    0    0    0    0    0    0    0    0    0    0    0    0    0
   634]]---
Accuracy : 94.03%
---
class acc :
	Healthy grass: 88.43
	Stressed grass: 99.83
	Synthetic grass: 100.00
	Trees: 99.92
	Soil: 100.00
	Water: 80.13
	Residential: 95.15
	Commercial: 83.75
	Road: 88.10
	Highway: 96.60
	Railway: 94.77
	Parking Lot 1: 88.77
	Parking Lot 2: 94.00
	Tennis Court: 100.00
	Running Track: 100.00
---
AA: 93.96%
Kappa: 93.54
run 4 / 5
Best validation overall accuracy 0.94140625
Confusion matrix :
[[1201    0    0    0    0    0    0    0    0    0    0    0    0    0
     0]
 [  65 1139    0    0    0    0    0    0    0    0    0    0    0    0
     0]
 [   0    0  664    0    0    0    5    0    0    0    0    0    0    0
     0]
 [  75    0    0 1116    0    0    0    0    3    0    0    0    0    0
     0]
 [   0    0    0    0 1192    0    0    0    0    0    0    0    0    0
     0]
 [  15    0    0    0    0  251   38    0    8    0    0    0    0    0
     0]
 [   0    0    2    0    0    0 1131   29   24    0    9   22    0    0
     0]
 [   0    0    0    0   11    0   24 1077   40    0    1   33    0    0
     8]
 [   0    0    0    0   23    0    0   25 1084   40   20   10    0    0
     0]
 [   0    0    0    0    0    0    0    0   42 1110    2   24    0    0
     0]
 [   0    0    0    0    0    0    0    6    1    0 1127    0   52    0
     0]
 [   0    0    0    0    0    0   10   66  122    0    2  984    0    0
     0]
 [   0    0    0    0    0    0    0    0    1    0    0    2  447    0
     0]
 [   0    0    0    0    0    0    0    0    0    0    0    0    0  411
     0]
 [   0    0    0    0    0    0    0    0    0    0    0    0    0    0
   634]]---
Accuracy : 94.04%
---
class acc :
	Healthy grass: 100.00
	Stressed grass: 94.60
	Synthetic grass: 99.25
	Trees: 93.47
	Soil: 100.00
	Water: 80.45
	Residential: 92.93
	Commercial: 90.20
	Road: 90.18
	Highway: 94.23
	Railway: 95.03
	Parking Lot 1: 83.11
	Parking Lot 2: 99.33
	Tennis Court: 100.00
	Running Track: 100.00
---
AA: 94.19%
Kappa: 93.56
run 5 / 5
Best validation overall accuracy 0.94140625
Confusion matrix :
[[1157   18    0   26    0    0    0    0    0    0    0    0    0    0
     0]
 [  29 1175    0    0    0    0    0    0    0    0    0    0    0    0
     0]
 [   0    0  661    0    0    0    0    0    0    0    0    0    0    0
     8]
 [   5    0    0 1189    0    0    0    0    0    0    0    0    0    0
     0]
 [   0    0    0    0 1192    0    0    0    0    0    0    0    0    0
     0]
 [   6    0    0    0    1  262   37    0    6    0    0    0    0    0
     0]
 [   0    0    0    0    0    0 1092   92   18    0    9    3    1    0
     2]
 [   0    0    0    0    0    0    2 1080    5    0    0   44    1   53
     9]
 [   0    0    0    0    0    0    0    9 1151   23    1   18    0    0
     0]
 [   0    0    0    0    3    0    0    0   64 1101    2    7    1    0
     0]
 [   0    0    0    0    0    0    0   22   39    0 1064    0   61    0
     0]
 [   0    0    0    0    0    0   51    2    6   12   62 1051    0    0
     0]
 [   0    0    0    0    0    0    0    0    0    0    0    2  448    0
     0]
 [   0    0    0    0    0    0    0    0    0    0    0    0    0  411
     0]
 [   0    0    0    0    0    0    0    0    0    0    0    0    0    0
   634]]---
Accuracy : 94.73%
---
class acc :
	Healthy grass: 96.34
	Stressed grass: 97.59
	Synthetic grass: 98.80
	Trees: 99.58
	Soil: 100.00
	Water: 83.97
	Residential: 89.73
	Commercial: 90.45
	Road: 95.76
	Highway: 93.46
	Railway: 89.71
	Parking Lot 1: 88.77
	Parking Lot 2: 99.56
	Tennis Court: 100.00
	Running Track: 100.00
---
AA: 94.91%
Kappa: 94.31
Agregated results :
Confusion matrix :
[[1.1518e+03 1.8000e+01 0.0000e+00 3.1200e+01 0.0000e+00 0.0000e+00
  0.0000e+00 0.0000e+00 0.0000e+00 0.0000e+00 0.0000e+00 0.0000e+00
  0.0000e+00 0.0000e+00 0.0000e+00]
 [2.9200e+01 1.1404e+03 0.0000e+00 3.4400e+01 0.0000e+00 0.0000e+00
  0.0000e+00 0.0000e+00 0.0000e+00 0.0000e+00 0.0000e+00 0.0000e+00
  0.0000e+00 0.0000e+00 0.0000e+00]
 [0.0000e+00 0.0000e+00 6.6600e+02 0.0000e+00 0.0000e+00 0.0000e+00
  1.0000e+00 0.0000e+00 0.0000e+00 0.0000e+00 0.0000e+00 0.0000e+00
  0.0000e+00 0.0000e+00 2.0000e+00]
 [1.6800e+01 0.0000e+00 0.0000e+00 1.1758e+03 0.0000e+00 0.0000e+00
  2.0000e-01 0.0000e+00 1.2000e+00 0.0000e+00 0.0000e+00 0.0000e+00
  0.0000e+00 0.0000e+00 0.0000e+00]
 [0.0000e+00 0.0000e+00 0.0000e+00 0.0000e+00 1.1918e+03 0.0000e+00
  0.0000e+00 2.0000e-01 0.0000e+00 0.0000e+00 0.0000e+00 0.0000e+00
  0.0000e+00 0.0000e+00 0.0000e+00]
 [6.0000e+00 0.0000e+00 0.0000e+00 2.8000e+00 2.0000e-01 2.6580e+02
  3.1000e+01 0.0000e+00 4.8000e+00 0.0000e+00 0.0000e+00 0.0000e+00
  1.4000e+00 0.0000e+00 0.0000e+00]
 [0.0000e+00 4.0000e-01 1.4000e+00 1.0000e+00 6.0000e-01 0.0000e+00
  1.1370e+03 3.6400e+01 1.2400e+01 8.0000e-01 1.1800e+01 6.8000e+00
  2.0000e-01 3.4000e+00 4.8000e+00]
 [0.0000e+00 0.0000e+00 0.0000e+00 0.0000e+00 8.6000e+00 5.0000e+00
  2.0600e+01 1.0602e+03 1.3200e+01 6.6000e+00 5.0000e+00 4.4600e+01
  5.6000e+00 1.2200e+01 1.2400e+01]
 [0.0000e+00 0.0000e+00 0.0000e+00 2.0000e-01 8.4000e+00 0.0000e+00
  5.2000e+00 7.8000e+00 1.0920e+03 4.5800e+01 2.4400e+01 1.8200e+01
  0.0000e+00 0.0000e+00 0.0000e+00]
 [0.0000e+00 0.0000e+00 0.0000e+00 0.0000e+00 1.2000e+00 0.0000e+00
  0.0000e+00 0.0000e+00 6.0800e+01 1.0998e+03 8.0000e-01 1.5200e+01
  2.0000e-01 0.0000e+00 0.0000e+00]
 [0.0000e+00 0.0000e+00 1.6000e+00 0.0000e+00 0.0000e+00 0.0000e+00
  2.6000e+00 5.6000e+00 2.4000e+01 1.5200e+01 1.1130e+03 0.0000e+00
  2.4000e+01 0.0000e+00 0.0000e+00]
 [0.0000e+00 0.0000e+00 0.0000e+00 0.0000e+00 0.0000e+00 0.0000e+00
  3.2400e+01 3.4200e+01 3.9800e+01 2.5800e+01 2.5000e+01 1.0244e+03
  2.4000e+00 0.0000e+00 0.0000e+00]
 [0.0000e+00 0.0000e+00 0.0000e+00 0.0000e+00 0.0000e+00 0.0000e+00
  2.0000e-01 0.0000e+00 4.0000e-01 5.0000e+00 3.4000e+00 1.4000e+00
  4.3960e+02 0.0000e+00 0.0000e+00]
 [0.0000e+00 0.0000e+00 0.0000e+00 0.0000e+00 0.0000e+00 0.0000e+00
  0.0000e+00 0.0000e+00 0.0000e+00 0.0000e+00 0.0000e+00 0.0000e+00
  0.0000e+00 4.1100e+02 0.0000e+00]
 [0.0000e+00 0.0000e+00 0.0000e+00 0.0000e+00 0.0000e+00 0.0000e+00
  0.0000e+00 0.0000e+00 0.0000e+00 0.0000e+00 0.0000e+00 0.0000e+00
  0.0000e+00 0.0000e+00 6.3400e+02]]---
Accuracy: 94.28 +- 0.31
---
class acc :
	Healthy grass: 95.90 +- 3.94
	Stressed grass: 94.72 +- 4.97
	Synthetic grass: 99.55 +- 0.46
	Trees: 98.48 +- 2.51
	Soil: 99.98 +- 0.03
	Water: 85.19 +- 5.12
	Residential: 93.43 +- 2.01
	Commercial: 88.79 +- 2.63
	Road: 90.85 +- 2.60
	Highway: 93.36 +- 3.84
	Railway: 93.84 +- 2.08
	Parking Lot 1: 86.52 +- 4.58
	Parking Lot 2: 97.69 +- 2.36
	Tennis Court: 100.00 +- 0.00
	Running Track: 100.00 +- 0.00
---
AA: 94.55 +- 0.45
Kappa: 93.82 +- 0.34
