run 1 / 5
Best validation overall accuracy 0.9453125
Confusion matrix :
[[1165   12    0   24    0    0    0    0    0    0    0    0    0    0
     0]
 [  23 1181    0    0    0    0    0    0    0    0    0    0    0    0
     0]
 [   0    0  669    0    0    0    0    0    0    0    0    0    0    0
     0]
 [   2   35    0 1156    0    0    0    0    1    0    0    0    0    0
     0]
 [   0    0    0    0 1192    0    0    0    0    0    0    0    0    0
     0]
 [   0    0    0    0    0  273   39    0    0    0    0    0    0    0
     0]
 [   0    0    0    0    2    0 1199    6    7    0    3    0    0    0
     0]
 [   0    0    0    0   13    0   24 1008   78   17   16   20    0    0
    18]
 [   0    0    0    0   27    0    7    0 1096   31   39    2    0    0
     0]
 [   0    0    0    0    2    0    0    0  151 1024    1    0    0    0
     0]
 [   0    0    0    0    2    0   12    0   32    0 1139    0    1    0
     0]
 [   0    0    0    0   99    0   58    0  178   12    0  837    0    0
     0]
 [   0    0    0    0    0    0    0    0    3    0   12    1  434    0
     0]
 [   0    0    0    0    0    0    2    0    0    0    0    0    0  409
     0]
 [   0    0    0    0    0    0    0    0    0    0    0    0    0    0
   634]]---
Accuracy : 92.99%
---
class acc :
	Healthy grass: 97.00
	Stressed grass: 98.09
	Synthetic grass: 100.00
	Trees: 96.82
	Soil: 100.00
	Water: 87.50
	Residential: 98.52
	Commercial: 84.42
	Road: 91.18
	Highway: 86.93
	Railway: 96.04
	Parking Lot 1: 70.69
	Parking Lot 2: 96.44
	Tennis Court: 99.51
	Running Track: 100.00
---
AA: 93.54%
Kappa: 92.42
run 2 / 5
Best validation overall accuracy 0.96875
Confusion matrix :
[[1201    0    0    0    0    0    0    0    0    0    0    0    0    0
     0]
 [   8 1101    0   95    0    0    0    0    0    0    0    0    0    0
     0]
 [   0    0  669    0    0    0    0    0    0    0    0    0    0    0
     0]
 [ 120    0    0 1072    0    0    1    0    1    0    0    0    0    0
     0]
 [   0    0    0    0 1192    0    0    0    0    0    0    0    0    0
     0]
 [   2    0    0    0    0  303    7    0    0    0    0    0    0    0
     0]
 [   0    0    0    0    0    0 1191    4    4    0   14    4    0    0
     0]
 [   0    0    0    0    0    0   27 1049   16    0    0   95    0    0
     7]
 [   0    0    0    0    0    0   17    0 1067   52   31   35    0    0
     0]
 [   0    0    0    0    0    0    0    0   23 1143    0   12    0    0
     0]
 [   0    0    0    0    0    0   23    0   23    0 1138    0    2    0
     0]
 [   0    0    0    0    0    0   28   11   11   24    0 1104    6    0
     0]
 [   0    0    0    0    0    0    0    0    0    5   14    2  429    0
     0]
 [   0    0    0    0    0    0    0    0    0    0    0    0    0  411
     0]
 [   0    0    0    0    0    0    0    0    0    0    0    0    0    0
   634]]---
Accuracy : 94.98%
---
class acc :
	Healthy grass: 100.00
	Stressed grass: 91.45
	Synthetic grass: 100.00
	Trees: 89.78
	Soil: 100.00
	Water: 97.12
	Residential: 97.86
	Commercial: 87.86
	Road: 88.77
	Highway: 97.03
	Railway: 95.95
	Parking Lot 1: 93.24
	Parking Lot 2: 95.33
	Tennis Court: 100.00
	Running Track: 100.00
---
AA: 95.63%
Kappa: 94.57
run 3 / 5
Best validation overall accuracy 0.96484375
Confusion matrix :
[[1101   31    0   69    0    0    0    0    0    0    0    0    0    0
     0]
 [   7 1197    0    0    0    0    0    0    0    0    0    0    0    0
     0]
 [   0    0  669    0    0    0    0    0    0    0    0    0    0    0
     0]
 [   0    0    0 1194    0    0    0    0    0    0    0    0    0    0
     0]
 [   0    0    0    0 1192    0    0    0    0    0    0    0    0    0
     0]
 [  10    0    0    0    2  245   39    0   16    0    0    0    0    0
     0]
 [   0    0   18    0    3    0 1129   15   12    0    9    0    0   31
     0]
 [   0    0    0    0   63   25   26  991    0    0    3   49    9    1
    27]
 [   0    0    0    0    0    0    4    4 1105   71   12    6    0    0
     0]
 [   0    0    0    0    0    0    0    0   14 1149   10    5    0    0
     0]
 [   0    0   14    0    0    0    2    0    9   13 1148    0    0    0
     0]
 [   0    0    0    0    0    0   60   22   13   21   63 1003    2    0
     0]
 [   0    0    0    0    0    0    0    0    0    1   20    0  429    0
     0]
 [   0    0    0    0    0    0    0    0    0    0    0    0    0  411
     0]
 [   0    0    0    0    0    0    0    0    0    0    0    0    0    0
   634]]---
Accuracy : 94.24%
---
class acc :
	Healthy grass: 91.67
	Stressed grass: 99.42
	Synthetic grass: 100.00
	Trees: 100.00
	Soil: 100.00
	Water: 78.53
	Residential: 92.77
	Commercial: 83.00
	Road: 91.93
	Highway: 97.54
	Railway: 96.80
	Parking Lot 1: 84.71
	Parking Lot 2: 95.33
	Tennis Court: 100.00
	Running Track: 100.00
---
AA: 94.11%
Kappa: 93.77
run 4 / 5
Best validation overall accuracy 0.94140625
Confusion matrix :
[[1162   18    0   21    0    0    0    0    0    0    0    0    0    0
     0]
 [   5 1199    0    0    0    0    0    0    0    0    0    0    0    0
     0]
 [   0    0  669    0    0    0    0    0    0    0    0    0    0    0
     0]
 [   0    0    0 1193    0    0    0    0    1    0    0    0    0    0
     0]
 [   0    0    0    0 1192    0    0    0    0    0    0    0    0    0
     0]
 [  13    0    0    0    0  254   39    1    5    0    0    0    0    0
     0]
 [   0    0    3    0    0    0 1191    0   13    0    4    0    6    0
     0]
 [   0    0    0    0    1   17   39 1066    1    0    2   60    0    0
     8]
 [   0    0    1    0   17    0    3    0 1077   23   45   33    3    0
     0]
 [   0    0    0    0    0    0    0    0    6 1100   38   30    4    0
     0]
 [   0    0    0    0    0    0    0    0    0    0 1128    0   58    0
     0]
 [   0    0    0    0    0    0   28   47    7    0   16 1086    0    0
     0]
 [   0    0    0    0    0    0    0    0    0    0    0    0  450    0
     0]
 [   0    0    0    0    0    0    0    0    0    0    0    0    0  411
     0]
 [   0    0    0    0    0    0    0    0    0    0    0    0    0    0
   634]]---
Accuracy : 95.73%
---
class acc :
	Healthy grass: 96.75
	Stressed grass: 99.58
	Synthetic grass: 100.00
	Trees: 99.92
	Soil: 100.00
	Water: 81.41
	Residential: 97.86
	Commercial: 89.28
	Road: 89.60
	Highway: 93.38
	Railway: 95.11
	Parking Lot 1: 91.72
	Parking Lot 2: 100.00
	Tennis Court: 100.00
	Running Track: 100.00
---
AA: 95.64%
Kappa: 95.39
run 5 / 5
Best validation overall accuracy 0.94140625
Confusion matrix :
[[1157   20    0   24    0    0    0    0    0    0    0    0    0    0
     0]
 [   8 1196    0    0    0    0    0    0    0    0    0    0    0    0
     0]
 [   0    0  668    0    0    0    0    0    0    0    0    0    0    0
     1]
 [  26    0    0 1166    0    0    0    0    2    0    0    0    0    0
     0]
 [   0    0    0    0 1192    0    0    0    0    0    0    0    0    0
     0]
 [  10    0    4    0    1  257   34    0    6    0    0    0    0    0
     0]
 [   0    0    0    0    0    0 1121   57   15    0   17    0    1    3
     3]
 [   0    0    0    0    0    0   26 1052   22    0   20   43    2    3
    26]
 [   0    0    0    0    0    0    0    1 1142   20   34    5    0    0
     0]
 [   0    0    0    0    0    0    0    0   53 1112    1   12    0    0
     0]
 [   0    0    0    0    0    0    0    0   30    3 1131    0   22    0
     0]
 [   0    0    0    0    0    0   43   11   10    0   62 1057    1    0
     0]
 [   0    0    0    0    0    0    0    0    0    2    3    4  441    0
     0]
 [   0    0    0    0    0    0    0    0    0    0    0    0    0  411
     0]
 [   0    0    0    0    0    0    0    0    0    0    0    0    0    0
   634]]---
Accuracy : 95.21%
---
class acc :
	Healthy grass: 96.34
	Stressed grass: 99.34
	Synthetic grass: 99.85
	Trees: 97.65
	Soil: 100.00
	Water: 82.37
	Residential: 92.11
	Commercial: 88.11
	Road: 95.01
	Highway: 94.40
	Railway: 95.36
	Parking Lot 1: 89.27
	Parking Lot 2: 98.00
	Tennis Court: 100.00
	Running Track: 100.00
---
AA: 95.19%
Kappa: 94.82
Agregated results :
Confusion matrix :
[[1.1572e+03 1.6200e+01 0.0000e+00 2.7600e+01 0.0000e+00 0.0000e+00
  0.0000e+00 0.0000e+00 0.0000e+00 0.0000e+00 0.0000e+00 0.0000e+00
  0.0000e+00 0.0000e+00 0.0000e+00]
 [1.0200e+01 1.1748e+03 0.0000e+00 1.9000e+01 0.0000e+00 0.0000e+00
  0.0000e+00 0.0000e+00 0.0000e+00 0.0000e+00 0.0000e+00 0.0000e+00
  0.0000e+00 0.0000e+00 0.0000e+00]
 [0.0000e+00 0.0000e+00 6.6880e+02 0.0000e+00 0.0000e+00 0.0000e+00
  0.0000e+00 0.0000e+00 0.0000e+00 0.0000e+00 0.0000e+00 0.0000e+00
  0.0000e+00 0.0000e+00 2.0000e-01]
 [2.9600e+01 7.0000e+00 0.0000e+00 1.1562e+03 0.0000e+00 0.0000e+00
  2.0000e-01 0.0000e+00 1.0000e+00 0.0000e+00 0.0000e+00 0.0000e+00
  0.0000e+00 0.0000e+00 0.0000e+00]
 [0.0000e+00 0.0000e+00 0.0000e+00 0.0000e+00 1.1920e+03 0.0000e+00
  0.0000e+00 0.0000e+00 0.0000e+00 0.0000e+00 0.0000e+00 0.0000e+00
  0.0000e+00 0.0000e+00 0.0000e+00]
 [7.0000e+00 0.0000e+00 8.0000e-01 0.0000e+00 6.0000e-01 2.6640e+02
  3.1600e+01 2.0000e-01 5.4000e+00 0.0000e+00 0.0000e+00 0.0000e+00
  0.0000e+00 0.0000e+00 0.0000e+00]
 [0.0000e+00 0.0000e+00 4.2000e+00 0.0000e+00 1.0000e+00 0.0000e+00
  1.1662e+03 1.6400e+01 1.0200e+01 0.0000e+00 9.4000e+00 8.0000e-01
  1.4000e+00 6.8000e+00 6.0000e-01]
 [0.0000e+00 0.0000e+00 0.0000e+00 0.0000e+00 1.5400e+01 8.4000e+00
  2.8400e+01 1.0332e+03 2.3400e+01 3.4000e+00 8.2000e+00 5.3400e+01
  2.2000e+00 8.0000e-01 1.7200e+01]
 [0.0000e+00 0.0000e+00 2.0000e-01 0.0000e+00 8.8000e+00 0.0000e+00
  6.2000e+00 1.0000e+00 1.0974e+03 3.9400e+01 3.2200e+01 1.6200e+01
  6.0000e-01 0.0000e+00 0.0000e+00]
 [0.0000e+00 0.0000e+00 0.0000e+00 0.0000e+00 4.0000e-01 0.0000e+00
  0.0000e+00 0.0000e+00 4.9400e+01 1.1056e+03 1.0000e+01 1.1800e+01
  8.0000e-01 0.0000e+00 0.0000e+00]
 [0.0000e+00 0.0000e+00 2.8000e+00 0.0000e+00 4.0000e-01 0.0000e+00
  7.4000e+00 0.0000e+00 1.8800e+01 3.2000e+00 1.1368e+03 0.0000e+00
  1.6600e+01 0.0000e+00 0.0000e+00]
 [0.0000e+00 0.0000e+00 0.0000e+00 0.0000e+00 1.9800e+01 0.0000e+00
  4.3400e+01 1.8200e+01 4.3800e+01 1.1400e+01 2.8200e+01 1.0174e+03
  1.8000e+00 0.0000e+00 0.0000e+00]
 [0.0000e+00 0.0000e+00 0.0000e+00 0.0000e+00 0.0000e+00 0.0000e+00
  0.0000e+00 0.0000e+00 6.0000e-01 1.6000e+00 9.8000e+00 1.4000e+00
  4.3660e+02 0.0000e+00 0.0000e+00]
 [0.0000e+00 0.0000e+00 0.0000e+00 0.0000e+00 0.0000e+00 0.0000e+00
  4.0000e-01 0.0000e+00 0.0000e+00 0.0000e+00 0.0000e+00 0.0000e+00
  0.0000e+00 4.1060e+02 0.0000e+00]
 [0.0000e+00 0.0000e+00 0.0000e+00 0.0000e+00 0.0000e+00 0.0000e+00
  0.0000e+00 0.0000e+00 0.0000e+00 0.0000e+00 0.0000e+00 0.0000e+00
  0.0000e+00 0.0000e+00 6.3400e+02]]---
Accuracy: 94.63 +- 0.95
---
class acc :
	Healthy grass: 96.35 +- 2.68
	Stressed grass: 97.57 +- 3.11
	Synthetic grass: 99.97 +- 0.06
	Trees: 96.83 +- 3.74
	Soil: 100.00 +- 0.00
	Water: 85.38 +- 6.54
	Residential: 95.83 +- 2.78
	Commercial: 86.53 +- 2.40
	Road: 91.30 +- 2.17
	Highway: 93.85 +- 3.80
	Railway: 95.85 +- 0.59
	Parking Lot 1: 85.93 +- 8.15
	Parking Lot 2: 97.02 +- 1.78
	Tennis Court: 99.90 +- 0.19
	Running Track: 100.00 +- 0.00
---
AA: 94.82 +- 0.85
Kappa: 94.19 +- 1.03
