run 1 / 5
Best validation overall accuracy 0.9453125
Confusion matrix :
[[1057   19    0  125    0    0    0    0    0    0    0    0    0    0
     0]
 [   9 1190    0    5    0    0    0    0    0    0    0    0    0    0
     0]
 [   0    0  666    0    0    0    0    2    0    0    0    0    0    0
     1]
 [   0    0    0 1191    0    0    2    0    1    0    0    0    0    0
     0]
 [   0    0    0    0 1180    0    0   12    0    0    0    0    0    0
     0]
 [   0    0    0    0    0  273   39    0    0    0    0    0    0    0
     0]
 [   0    0    0    0    0    0 1156   33    0    9   15    4    0    0
     0]
 [   0    0    0    0    0    0   24 1072   13   18   13   36    0    0
    18]
 [   0    0    0    0   19    0    6    0 1036   40   33   68    0    0
     0]
 [   0    0    0    0    0    0    0    0   73  849   56  200    0    0
     0]
 [   0    0    0    0    0    0    0    0   35    0 1151    0    0    0
     0]
 [   0    0    0    0    1    0   57   15   28    0    0 1083    0    0
     0]
 [   0    0    0    0    0    0    1    2    0    0   14    3  430    0
     0]
 [   0    0    0    0    0    0    2    0    0    0    0    0    0  409
     0]
 [   0    0    0    0    0    0    0    0    0    0    0    0    0    0
   634]]---
Accuracy : 92.72%
---
class acc :
	Healthy grass: 88.01
	Stressed grass: 98.84
	Synthetic grass: 99.55
	Trees: 99.75
	Soil: 98.99
	Water: 87.50
	Residential: 94.99
	Commercial: 89.78
	Road: 86.19
	Highway: 72.07
	Railway: 97.05
	Parking Lot 1: 91.47
	Parking Lot 2: 95.56
	Tennis Court: 99.51
	Running Track: 100.00
---
AA: 93.28%
Kappa: 92.12
run 2 / 5
Best validation overall accuracy 0.96484375
Confusion matrix :
[[1200    0    0    1    0    0    0    0    0    0    0    0    0    0
     0]
 [  10 1003    0  191    0    0    0    0    0    0    0    0    0    0
     0]
 [   0    0  668    0    0    0    0    0    0    0    0    0    0    0
     1]
 [  82    0    0 1111    0    0    0    0    1    0    0    0    0    0
     0]
 [   0    0    0    0 1192    0    0    0    0    0    0    0    0    0
     0]
 [   3    0    0    0    3  305    1    0    0    0    0    0    0    0
     0]
 [   0    0    0    0    0    0 1172    7   12    0    6   20    0    0
     0]
 [   0    0    0    0    0    0   27 1116    0   16    6   22    0    0
     7]
 [   0    0    0    0    0    0   20   13 1056   32   31   50    0    0
     0]
 [   0    0    0    0    0    0    0    0   53 1100    2   23    0    0
     0]
 [   0    0    0    0    0    0   12    0   14   25 1135    0    0    0
     0]
 [   0    0    0    0    0    0   12   43    0    2    0 1127    0    0
     0]
 [   0    0    0    0    0    0    0    0    0    9   10    0  431    0
     0]
 [   0    0    0    0    0    0    0    0    0    0    0    0    0  411
     0]
 [   0    0    0    0    0    0    0    0    0    0    0    0    0    0
   634]]---
Accuracy : 94.68%
---
class acc :
	Healthy grass: 99.92
	Stressed grass: 83.31
	Synthetic grass: 99.85
	Trees: 93.05
	Soil: 100.00
	Water: 97.76
	Residential: 96.30
	Commercial: 93.47
	Road: 87.85
	Highway: 93.38
	Railway: 95.70
	Parking Lot 1: 95.19
	Parking Lot 2: 95.78
	Tennis Court: 100.00
	Running Track: 100.00
---
AA: 95.44%
Kappa: 94.25
run 3 / 5
Best validation overall accuracy 0.96484375
Confusion matrix :
[[1154   20    0   27    0    0    0    0    0    0    0    0    0    0
     0]
 [  19 1185    0    0    0    0    0    0    0    0    0    0    0    0
     0]
 [   0    0  669    0    0    0    0    0    0    0    0    0    0    0
     0]
 [   6    0    0 1187    0    0    0    0    1    0    0    0    0    0
     0]
 [   0    0    0    0 1192    0    0    0    0    0    0    0    0    0
     0]
 [  24    0    0    0    2  234   39    0   13    0    0    0    0    0
     0]
 [   0    0    0    0    8    0 1157    9    9    0    8    0    0   26
     0]
 [   0    0    0    0   12    0   26 1041    0    0    7   51   29   19
     9]
 [   0    0    0    0    0    0    6   14  997  105   32   48    0    0
     0]
 [   0    0    0    0    0    0    0    0    0 1150    3   25    0    0
     0]
 [   0    0    0    0    0    0    5    0    7   16 1157    0    1    0
     0]
 [   0    0    0    0    0    0   60    0    0    5   62 1053    4    0
     0]
 [   0    0    0    0    0    0    0    0    0    3   17    1  429    0
     0]
 [   0    0    0    0    0    0    0    0    0    0    0    0    0  411
     0]
 [   0    0    0    0    0    0    0    0    0    0    0    0    0    0
   634]]---
Accuracy : 94.61%
---
class acc :
	Healthy grass: 96.09
	Stressed grass: 98.42
	Synthetic grass: 100.00
	Trees: 99.41
	Soil: 100.00
	Water: 75.00
	Residential: 95.07
	Commercial: 87.19
	Road: 82.95
	Highway: 97.62
	Railway: 97.55
	Parking Lot 1: 88.94
	Parking Lot 2: 95.33
	Tennis Court: 100.00
	Running Track: 100.00
---
AA: 94.24%
Kappa: 94.17
run 4 / 5
Best validation overall accuracy 0.9453125
Confusion matrix :
[[1191    0    0   10    0    0    0    0    0    0    0    0    0    0
     0]
 [  53 1151    0    0    0    0    0    0    0    0    0    0    0    0
     0]
 [   0    0  669    0    0    0    0    0    0    0    0    0    0    0
     0]
 [  37    0    0 1154    0    0    2    0    1    0    0    0    0    0
     0]
 [   0    0    0    0 1192    0    0    0    0    0    0    0    0    0
     0]
 [  18    0    0    1    0  248   39    0    6    0    0    0    0    0
     0]
 [   1    0    0    0    0    0 1179   25    4    0    8    0    0    0
     0]
 [   0    0    0    0    6    0   24 1045    2    0    2  106    0    0
     9]
 [   0    0    0    0   21    0    5   15 1058    3   66   34    0    0
     0]
 [   0    0    0    0    0    0    0    0   34 1058    1   82    3    0
     0]
 [   0    0    0    0    1    0    9    0    0    0 1083    0   93    0
     0]
 [   0    0    0    0    0    0   58    6   57    0   56 1007    0    0
     0]
 [   0    0    0    0    0    0    0    5    0    0    0    0  445    0
     0]
 [   0    0    0    0    0    0    2    0    0    0    0    0    0  409
     0]
 [   0    0    0    0    0    0    0    0    0    0    0    0    0    0
   634]]---
Accuracy : 93.73%
---
class acc :
	Healthy grass: 99.17
	Stressed grass: 95.60
	Synthetic grass: 100.00
	Trees: 96.65
	Soil: 100.00
	Water: 79.49
	Residential: 96.88
	Commercial: 87.52
	Road: 88.02
	Highway: 89.81
	Railway: 91.32
	Parking Lot 1: 85.05
	Parking Lot 2: 98.89
	Tennis Court: 99.51
	Running Track: 100.00
---
AA: 93.86%
Kappa: 93.22
run 5 / 5
Best validation overall accuracy 0.94921875
Confusion matrix :
[[1171    6    0   24    0    0    0    0    0    0    0    0    0    0
     0]
 [  35 1169    0    0    0    0    0    0    0    0    0    0    0    0
     0]
 [   0    0  656    0    0    0   11    0    0    0    0    0    0    0
     2]
 [   4    0    0 1189    0    0    0    0    1    0    0    0    0    0
     0]
 [   0    0    0    0 1192    0    0    0    0    0    0    0    0    0
     0]
 [  18    0    0    0    0  250   38    0    6    0    0    0    0    0
     0]
 [   0    0    0    0    0    0 1151   46    9    0    1   10    0    0
     0]
 [   0    0    0    0   19    0   32 1039   11    0    9   50    5   10
    19]
 [   0    0    0    0    0    0    2    0 1143   25   15   17    0    0
     0]
 [   0    0    0    0    0    0    0    2   58 1099    0   19    0    0
     0]
 [   0    0    0    0    0    0   20    6   27    0 1101    0   32    0
     0]
 [   0    0    0    0    0    0   56   11    5    5   62 1045    0    0
     0]
 [   0    0    0    0    0    0    0    0    0    0    0   10  440    0
     0]
 [   0    0    0    0    0    0    0    0    0    0    0    0    0  411
     0]
 [   0    0    0    0    0    0    0    0    0    0    0    0    0    0
   634]]---
Accuracy : 94.88%
---
class acc :
	Healthy grass: 97.50
	Stressed grass: 97.09
	Synthetic grass: 98.06
	Trees: 99.58
	Soil: 100.00
	Water: 80.13
	Residential: 94.58
	Commercial: 87.02
	Road: 95.09
	Highway: 93.29
	Railway: 92.83
	Parking Lot 1: 88.26
	Parking Lot 2: 97.78
	Tennis Court: 100.00
	Running Track: 100.00
---
AA: 94.75%
Kappa: 94.47
Agregated results :
Confusion matrix :
[[1.1546e+03 9.0000e+00 0.0000e+00 3.7400e+01 0.0000e+00 0.0000e+00
  0.0000e+00 0.0000e+00 0.0000e+00 0.0000e+00 0.0000e+00 0.0000e+00
  0.0000e+00 0.0000e+00 0.0000e+00]
 [2.5200e+01 1.1396e+03 0.0000e+00 3.9200e+01 0.0000e+00 0.0000e+00
  0.0000e+00 0.0000e+00 0.0000e+00 0.0000e+00 0.0000e+00 0.0000e+00
  0.0000e+00 0.0000e+00 0.0000e+00]
 [0.0000e+00 0.0000e+00 6.6560e+02 0.0000e+00 0.0000e+00 0.0000e+00
  2.2000e+00 4.0000e-01 0.0000e+00 0.0000e+00 0.0000e+00 0.0000e+00
  0.0000e+00 0.0000e+00 8.0000e-01]
 [2.5800e+01 0.0000e+00 0.0000e+00 1.1664e+03 0.0000e+00 0.0000e+00
  8.0000e-01 0.0000e+00 1.0000e+00 0.0000e+00 0.0000e+00 0.0000e+00
  0.0000e+00 0.0000e+00 0.0000e+00]
 [0.0000e+00 0.0000e+00 0.0000e+00 0.0000e+00 1.1896e+03 0.0000e+00
  0.0000e+00 2.4000e+00 0.0000e+00 0.0000e+00 0.0000e+00 0.0000e+00
  0.0000e+00 0.0000e+00 0.0000e+00]
 [1.2600e+01 0.0000e+00 0.0000e+00 2.0000e-01 1.0000e+00 2.6200e+02
  3.1200e+01 0.0000e+00 5.0000e+00 0.0000e+00 0.0000e+00 0.0000e+00
  0.0000e+00 0.0000e+00 0.0000e+00]
 [2.0000e-01 0.0000e+00 0.0000e+00 0.0000e+00 1.6000e+00 0.0000e+00
  1.1630e+03 2.4000e+01 6.8000e+00 1.8000e+00 7.6000e+00 6.8000e+00
  0.0000e+00 5.2000e+00 0.0000e+00]
 [0.0000e+00 0.0000e+00 0.0000e+00 0.0000e+00 7.4000e+00 0.0000e+00
  2.6600e+01 1.0626e+03 5.2000e+00 6.8000e+00 7.4000e+00 5.3000e+01
  6.8000e+00 5.8000e+00 1.2400e+01]
 [0.0000e+00 0.0000e+00 0.0000e+00 0.0000e+00 8.0000e+00 0.0000e+00
  7.8000e+00 8.4000e+00 1.0580e+03 4.1000e+01 3.5400e+01 4.3400e+01
  0.0000e+00 0.0000e+00 0.0000e+00]
 [0.0000e+00 0.0000e+00 0.0000e+00 0.0000e+00 0.0000e+00 0.0000e+00
  0.0000e+00 4.0000e-01 4.3600e+01 1.0512e+03 1.2400e+01 6.9800e+01
  6.0000e-01 0.0000e+00 0.0000e+00]
 [0.0000e+00 0.0000e+00 0.0000e+00 0.0000e+00 2.0000e-01 0.0000e+00
  9.2000e+00 1.2000e+00 1.6600e+01 8.2000e+00 1.1254e+03 0.0000e+00
  2.5200e+01 0.0000e+00 0.0000e+00]
 [0.0000e+00 0.0000e+00 0.0000e+00 0.0000e+00 2.0000e-01 0.0000e+00
  4.8600e+01 1.5000e+01 1.8000e+01 2.4000e+00 3.6000e+01 1.0630e+03
  8.0000e-01 0.0000e+00 0.0000e+00]
 [0.0000e+00 0.0000e+00 0.0000e+00 0.0000e+00 0.0000e+00 0.0000e+00
  2.0000e-01 1.4000e+00 0.0000e+00 2.4000e+00 8.2000e+00 2.8000e+00
  4.3500e+02 0.0000e+00 0.0000e+00]
 [0.0000e+00 0.0000e+00 0.0000e+00 0.0000e+00 0.0000e+00 0.0000e+00
  8.0000e-01 0.0000e+00 0.0000e+00 0.0000e+00 0.0000e+00 0.0000e+00
  0.0000e+00 4.1020e+02 0.0000e+00]
 [0.0000e+00 0.0000e+00 0.0000e+00 0.0000e+00 0.0000e+00 0.0000e+00
  0.0000e+00 0.0000e+00 0.0000e+00 0.0000e+00 0.0000e+00 0.0000e+00
  0.0000e+00 0.0000e+00 6.3400e+02]]---
Accuracy: 94.12 +- 0.81
---
class acc :
	Healthy grass: 96.14 +- 4.28
	Stressed grass: 94.65 +- 5.78
	Synthetic grass: 99.49 +- 0.74
	Trees: 97.69 +- 2.58
	Soil: 99.80 +- 0.40
	Water: 83.97 +- 7.97
	Residential: 95.56 +- 0.87
	Commercial: 88.99 +- 2.45
	Road: 88.02 +- 3.98
	Highway: 89.24 +- 8.93
	Railway: 94.89 +- 2.43
	Parking Lot 1: 89.78 +- 3.39
	Parking Lot 2: 96.67 +- 1.41
	Tennis Court: 99.81 +- 0.24
	Running Track: 100.00 +- 0.00
---
AA: 94.31 +- 0.74
Kappa: 93.65 +- 0.87
