run 1 / 5
Best validation overall accuracy 0.9375
Confusion matrix :
[[1164   11    0   26    0    0    0    0    0    0    0    0    0    0
     0]
 [  13 1191    0    0    0    0    0    0    0    0    0    0    0    0
     0]
 [   0    0  668    0    0    0    0    0    0    0    0    0    0    0
     1]
 [   0    0    0 1194    0    0    0    0    0    0    0    0    0    0
     0]
 [   0    0    0    0 1192    0    0    0    0    0    0    0    0    0
     0]
 [   0    0    0    0    0  273   39    0    0    0    0    0    0    0
     0]
 [   0    0    0    0    3    0 1173   11    0    5   21    0    0    0
     4]
 [   0    0    0    0   12    0   24 1046   26   20   29   19    0    0
    18]
 [   0    0    0    0   19    0    4    0 1052   63   36   28    0    0
     0]
 [   0    0    0    0    0    0    0    0   64 1114    0    0    0    0
     0]
 [   0    0    0    0    1    0    0    0   31    0 1154    0    0    0
     0]
 [   0    0    0    0   52    0   10    4   43   55    0 1020    0    0
     0]
 [   0    0    0    0    0    0    1    0    0    0   18    4  427    0
     0]
 [   0    0    0    0    0    0    1    0    0    0    0    0    0  410
     0]
 [   0    0    0    0    0    0    0    0    0    0    0    0    0    0
   634]]---
Accuracy : 95.04%
---
class acc :
	Healthy grass: 96.92
	Stressed grass: 98.92
	Synthetic grass: 99.85
	Trees: 100.00
	Soil: 100.00
	Water: 87.50
	Residential: 96.38
	Commercial: 87.60
	Road: 87.52
	Highway: 94.57
	Railway: 97.30
	Parking Lot 1: 86.15
	Parking Lot 2: 94.89
	Tennis Court: 99.76
	Running Track: 100.00
---
AA: 95.16%
Kappa: 94.63
run 2 / 5
Best validation overall accuracy 0.96484375
Confusion matrix :
[[1130    0    0   71    0    0    0    0    0    0    0    0    0    0
     0]
 [   4 1008    0  192    0    0    0    0    0    0    0    0    0    0
     0]
 [   0    0  666    0    0    0    0    0    0    0    0    0    0    0
     3]
 [  37    0    0 1156    0    0    0    0    1    0    0    0    0    0
     0]
 [   0    0    0    0 1192    0    0    0    0    0    0    0    0    0
     0]
 [   0    0    0    1    0  310    1    0    0    0    0    0    0    0
     0]
 [   0    0    0    0    0    1 1157   23   15    7    3   10    0    0
     1]
 [   0    0    0    0    0    0   26 1094    0   16    0   50    0    1
     7]
 [   0    0    0    0    0    0    7    0  998   50   32  115    0    0
     0]
 [   0    0    0    0    0    0    0    0   21 1157    0    0    0    0
     0]
 [   0    0    0    0    0    0   18    0   19   26 1123    0    0    0
     0]
 [   0    0    0    0    0    0   16    1    0   20    0 1147    0    0
     0]
 [   0    0    0    0    0    0    0    0    0   11    8    2  429    0
     0]
 [   0    0    0    0    0    0    0    0    0    0    0    0    0  411
     0]
 [   0    0    0    0    0    0    0    0    0    0    0    0    0    0
   634]]---
Accuracy : 94.34%
---
class acc :
	Healthy grass: 94.09
	Stressed grass: 83.72
	Synthetic grass: 99.55
	Trees: 96.82
	Soil: 100.00
	Water: 99.36
	Residential: 95.07
	Commercial: 91.62
	Road: 83.03
	Highway: 98.22
	Railway: 94.69
	Parking Lot 1: 96.88
	Parking Lot 2: 95.33
	Tennis Court: 100.00
	Running Track: 100.00
---
AA: 95.22%
Kappa: 93.89
run 3 / 5
Best validation overall accuracy 0.96484375
Confusion matrix :
[[1055   96    0   50    0    0    0    0    0    0    0    0    0    0
     0]
 [   2 1202    0    0    0    0    0    0    0    0    0    0    0    0
     0]
 [   0    0  669    0    0    0    0    0    0    0    0    0    0    0
     0]
 [   0    1    0 1192    0    0    0    0    1    0    0    0    0    0
     0]
 [   0    0    0    0 1163    0    0    0    0    0    0   29    0    0
     0]
 [   4    0    0    0    1  230   39    0   38    0    0    0    0    0
     0]
 [   0    0    0    0    0    0 1085    0   12   11   18   27    0   55
     9]
 [   0    0    0    0   33   25   26  824   16   30   31  181    0   19
     9]
 [   0    0    0    0    0    0    0    0 1126   38   26   12    0    0
     0]
 [   0    0    0    0    0    0    0    0   19 1120   22   17    0    0
     0]
 [   0    0    0    0    0    0    0    0   19    7 1160    0    0    0
     0]
 [   0    0    0    0    0    0    9   21   23   46   62 1023    0    0
     0]
 [   0    0    0    0    0    0    0    0    0    0   20    2  428    0
     0]
 [   0    0    0    0    0    0    0    0    0    0    0    0    0  411
     0]
 [   0    0    0    0    0    0    0    0    0    0    0    0    0    0
   634]]---
Accuracy : 92.33%
---
class acc :
	Healthy grass: 87.84
	Stressed grass: 99.83
	Synthetic grass: 100.00
	Trees: 99.83
	Soil: 97.57
	Water: 73.72
	Residential: 89.15
	Commercial: 69.01
	Road: 93.68
	Highway: 95.08
	Railway: 97.81
	Parking Lot 1: 86.40
	Parking Lot 2: 95.11
	Tennis Court: 100.00
	Running Track: 100.00
---
AA: 92.34%
Kappa: 91.71
run 4 / 5
Best validation overall accuracy 0.9375
Confusion matrix :
[[1145   39    0   17    0    0    0    0    0    0    0    0    0    0
     0]
 [   5 1199    0    0    0    0    0    0    0    0    0    0    0    0
     0]
 [   0    0  668    0    0    0    1    0    0    0    0    0    0    0
     0]
 [   7    0    0 1186    0    0    0    0    1    0    0    0    0    0
     0]
 [   0    0    0    0 1192    0    0    0    0    0    0    0    0    0
     0]
 [  17    0    0    2    0  241   39    0   13    0    0    0    0    0
     0]
 [   1    0    1    0    0    0 1158    1    8    0   16   26    6    0
     0]
 [   0    0    0    0    0   25   24 1046   41    0    0   50    0    0
     8]
 [   0    0    0    0   21    0    1   18 1063   36   53   10    0    0
     0]
 [   0    0    0    0    0    0    0    0   30 1114    0   32    2    0
     0]
 [   0    0    0    0    0    0    0    0    0    0 1085    0  101    0
     0]
 [   0    0    0    0    0    0    6   24   97    0   39 1018    0    0
     0]
 [   0    0    0    0    0    0    0    0    0    0    0    1  449    0
     0]
 [   0    0    0    0    0    0    0    0    0    0    0    0    0  411
     0]
 [   0    0    0    0    0    0    0    0    0    0    0    0    0    0
   634]]---
Accuracy : 94.32%
---
class acc :
	Healthy grass: 95.34
	Stressed grass: 99.58
	Synthetic grass: 99.85
	Trees: 99.33
	Soil: 100.00
	Water: 77.24
	Residential: 95.15
	Commercial: 87.60
	Road: 88.44
	Highway: 94.57
	Railway: 91.48
	Parking Lot 1: 85.98
	Parking Lot 2: 99.78
	Tennis Court: 100.00
	Running Track: 100.00
---
AA: 94.29%
Kappa: 93.86
run 5 / 5
Best validation overall accuracy 0.95703125
Confusion matrix :
[[1130   47    0   24    0    0    0    0    0    0    0    0    0    0
     0]
 [   3 1201    0    0    0    0    0    0    0    0    0    0    0    0
     0]
 [   0    0  649    0    0    0   12    0    0    0    0    0    0    0
     8]
 [  14    1    0 1178    0    0    0    0    1    0    0    0    0    0
     0]
 [   0    0    0    0 1192    0    0    0    0    0    0    0    0    0
     0]
 [  17    0    0    1    2  248   38    0    6    0    0    0    0    0
     0]
 [   0    0    0    0    0    0 1140   53    9    0   13    2    0    0
     0]
 [   0    0    0    0    0    0   26 1084    6    0    7   42    0    6
    23]
 [   0    0    0    0    0    0    2    0 1102   49   41    8    0    0
     0]
 [   0    0    0    0    0    0    0    0   25  931  189   33    0    0
     0]
 [   0    0    0    0    0    0    0    0   19    0 1166    0    1    0
     0]
 [   0    0    0    0    1    0   52    5   15    4   62 1045    0    0
     0]
 [   0    0    0    0    0    0    0    0    0    0   23    5  422    0
     0]
 [   0    0    0    0    0    0    0    0    0    0    0    0    0  411
     0]
 [   0    0    0    0    0    0    0    0    0    0    0    0    0    0
   634]]---
Accuracy : 93.80%
---
class acc :
	Healthy grass: 94.09
	Stressed grass: 99.75
	Synthetic grass: 97.01
	Trees: 98.66
	Soil: 100.00
	Water: 79.49
	Residential: 93.67
	Commercial: 90.79
	Road: 91.68
	Highway: 79.03
	Railway: 98.31
	Parking Lot 1: 88.26
	Parking Lot 2: 93.78
	Tennis Court: 100.00
	Running Track: 100.00
---
AA: 93.63%
Kappa: 93.29
Agregated results :
Confusion matrix :
[[1.1248e+03 3.8600e+01 0.0000e+00 3.7600e+01 0.0000e+00 0.0000e+00
  0.0000e+00 0.0000e+00 0.0000e+00 0.0000e+00 0.0000e+00 0.0000e+00
  0.0000e+00 0.0000e+00 0.0000e+00]
 [5.4000e+00 1.1602e+03 0.0000e+00 3.8400e+01 0.0000e+00 0.0000e+00
  0.0000e+00 0.0000e+00 0.0000e+00 0.0000e+00 0.0000e+00 0.0000e+00
  0.0000e+00 0.0000e+00 0.0000e+00]
 [0.0000e+00 0.0000e+00 6.6400e+02 0.0000e+00 0.0000e+00 0.0000e+00
  2.6000e+00 0.0000e+00 0.0000e+00 0.0000e+00 0.0000e+00 0.0000e+00
  0.0000e+00 0.0000e+00 2.4000e+00]
 [1.1600e+01 4.0000e-01 0.0000e+00 1.1812e+03 0.0000e+00 0.0000e+00
  0.0000e+00 0.0000e+00 8.0000e-01 0.0000e+00 0.0000e+00 0.0000e+00
  0.0000e+00 0.0000e+00 0.0000e+00]
 [0.0000e+00 0.0000e+00 0.0000e+00 0.0000e+00 1.1862e+03 0.0000e+00
  0.0000e+00 0.0000e+00 0.0000e+00 0.0000e+00 0.0000e+00 5.8000e+00
  0.0000e+00 0.0000e+00 0.0000e+00]
 [7.6000e+00 0.0000e+00 0.0000e+00 8.0000e-01 6.0000e-01 2.6040e+02
  3.1200e+01 0.0000e+00 1.1400e+01 0.0000e+00 0.0000e+00 0.0000e+00
  0.0000e+00 0.0000e+00 0.0000e+00]
 [2.0000e-01 0.0000e+00 2.0000e-01 0.0000e+00 6.0000e-01 2.0000e-01
  1.1426e+03 1.7600e+01 8.8000e+00 4.6000e+00 1.4200e+01 1.3000e+01
  1.2000e+00 1.1000e+01 2.8000e+00]
 [0.0000e+00 0.0000e+00 0.0000e+00 0.0000e+00 9.0000e+00 1.0000e+01
  2.5200e+01 1.0188e+03 1.7800e+01 1.3200e+01 1.3400e+01 6.8400e+01
  0.0000e+00 5.2000e+00 1.3000e+01]
 [0.0000e+00 0.0000e+00 0.0000e+00 0.0000e+00 8.0000e+00 0.0000e+00
  2.8000e+00 3.6000e+00 1.0682e+03 4.7200e+01 3.7600e+01 3.4600e+01
  0.0000e+00 0.0000e+00 0.0000e+00]
 [0.0000e+00 0.0000e+00 0.0000e+00 0.0000e+00 0.0000e+00 0.0000e+00
  0.0000e+00 0.0000e+00 3.1800e+01 1.0872e+03 4.2200e+01 1.6400e+01
  4.0000e-01 0.0000e+00 0.0000e+00]
 [0.0000e+00 0.0000e+00 0.0000e+00 0.0000e+00 2.0000e-01 0.0000e+00
  3.6000e+00 0.0000e+00 1.7600e+01 6.6000e+00 1.1376e+03 0.0000e+00
  2.0400e+01 0.0000e+00 0.0000e+00]
 [0.0000e+00 0.0000e+00 0.0000e+00 0.0000e+00 1.0600e+01 0.0000e+00
  1.8600e+01 1.1000e+01 3.5600e+01 2.5000e+01 3.2600e+01 1.0506e+03
  0.0000e+00 0.0000e+00 0.0000e+00]
 [0.0000e+00 0.0000e+00 0.0000e+00 0.0000e+00 0.0000e+00 0.0000e+00
  2.0000e-01 0.0000e+00 0.0000e+00 2.2000e+00 1.3800e+01 2.8000e+00
  4.3100e+02 0.0000e+00 0.0000e+00]
 [0.0000e+00 0.0000e+00 0.0000e+00 0.0000e+00 0.0000e+00 0.0000e+00
  2.0000e-01 0.0000e+00 0.0000e+00 0.0000e+00 0.0000e+00 0.0000e+00
  0.0000e+00 4.1080e+02 0.0000e+00]
 [0.0000e+00 0.0000e+00 0.0000e+00 0.0000e+00 0.0000e+00 0.0000e+00
  0.0000e+00 0.0000e+00 0.0000e+00 0.0000e+00 0.0000e+00 0.0000e+00
  0.0000e+00 0.0000e+00 6.3400e+02]]---
Accuracy: 93.97 +- 0.91
---
class acc :
	Healthy grass: 93.66 +- 3.09
	Stressed grass: 96.36 +- 6.33
	Synthetic grass: 99.25 +- 1.13
	Trees: 98.93 +- 1.15
	Soil: 99.51 +- 0.97
	Water: 83.46 +- 9.15
	Residential: 93.89 +- 2.52
	Commercial: 85.33 +- 8.32
	Road: 88.87 +- 3.66
	Highway: 92.29 +- 6.77
	Railway: 95.92 +- 2.55
	Parking Lot 1: 88.73 +- 4.15
	Parking Lot 2: 95.78 +- 2.07
	Tennis Court: 99.95 +- 0.10
	Running Track: 100.00 +- 0.00
---
AA: 94.13 +- 1.07
Kappa: 93.48 +- 0.98
