run 1 / 5
Best validation overall accuracy 0.9453125
Confusion matrix :
[[1169    0    0   32    0    0    0    0    0    0    0    0    0    0
     0]
 [  18 1185    0    1    0    0    0    0    0    0    0    0    0    0
     0]
 [   0    0  669    0    0    0    0    0    0    0    0    0    0    0
     0]
 [   0    0    0 1191    0    0    2    0    1    0    0    0    0    0
     0]
 [   0    0    0    0 1192    0    0    0    0    0    0    0    0    0
     0]
 [   0    0    0    0    0  273   39    0    0    0    0    0    0    0
     0]
 [   0    0    1    0    0    0 1193    3    9    3    7    0    0    0
     1]
 [   0    0    0    0   10    0   24 1071   33   11   27    2    0    0
    16]
 [   0    0    0    0   19    0   14    2 1062   47   34   24    0    0
     0]
 [   0    0    0    0    0    0    0    0   70 1105    2    0    1    0
     0]
 [   0    0    0    0    2    0   21    0   47    1 1113    0    2    0
     0]
 [   0    0    0    0   31    0   58   85   11    1    0  998    0    0
     0]
 [   0    0    0    0    0    0    1    5    0    1    7    0  436    0
     0]
 [   0    0    0    0    0    0    2    0    0    0    0    0    0  409
     0]
 [   0    0    0    0    0    0    0    0    0    0    0    0    0    0
   634]]---
Accuracy : 94.95%
---
class acc :
	Healthy grass: 97.34
	Stressed grass: 98.42
	Synthetic grass: 100.00
	Trees: 99.75
	Soil: 100.00
	Water: 87.50
	Residential: 98.03
	Commercial: 89.70
	Road: 88.35
	Highway: 93.80
	Railway: 93.84
	Parking Lot 1: 84.29
	Parking Lot 2: 96.89
	Tennis Court: 99.51
	Running Track: 100.00
---
AA: 95.16%
Kappa: 94.54
run 2 / 5
Best validation overall accuracy 0.96484375
Confusion matrix :
[[1200    1    0    0    0    0    0    0    0    0    0    0    0    0
     0]
 [   5 1114    0   85    0    0    0    0    0    0    0    0    0    0
     0]
 [   0    0  667    0    0    0    0    0    0    0    0    0    0    0
     2]
 [ 105    0    0 1088    0    0    0    0    1    0    0    0    0    0
     0]
 [   0    0    0    0 1192    0    0    0    0    0    0    0    0    0
     0]
 [  10    0    0    0    1  293    0    0    0    0    0    8    0    0
     0]
 [   0    0    0    0    0    0 1167    6    5    2   11   26    0    0
     0]
 [   0    0    0    0    0    0   27 1072    1   16    3   67    0    1
     7]
 [   0    0    0    0    0    0   31    0 1098   30   29   14    0    0
     0]
 [   0    0    0    0    0    0    0    0   32 1135    0   11    0    0
     0]
 [   0    0    0    0    0    0   17    0   25  114 1030    0    0    0
     0]
 [   0    0    0    0    0    0   11    0   21    7    0 1143    2    0
     0]
 [   0    0    0    0    0    0    0    0    0   19    0    3  428    0
     0]
 [   0    0    0    0    0    0    0    0    0    0    0    0    0  411
     0]
 [   0    0    0    0    0    0    0    0    0    0    0    0    0    0
   634]]---
Accuracy : 94.76%
---
class acc :
	Healthy grass: 99.92
	Stressed grass: 92.52
	Synthetic grass: 99.70
	Trees: 91.12
	Soil: 100.00
	Water: 93.91
	Residential: 95.89
	Commercial: 89.78
	Road: 91.35
	Highway: 96.35
	Railway: 86.85
	Parking Lot 1: 96.54
	Parking Lot 2: 95.11
	Tennis Court: 100.00
	Running Track: 100.00
---
AA: 95.27%
Kappa: 94.33
run 3 / 5
Best validation overall accuracy 0.96484375
Confusion matrix :
[[1191    7    0    3    0    0    0    0    0    0    0    0    0    0
     0]
 [  28 1160    0   16    0    0    0    0    0    0    0    0    0    0
     0]
 [   0    0  669    0    0    0    0    0    0    0    0    0    0    0
     0]
 [  19    0    0 1175    0    0    0    0    0    0    0    0    0    0
     0]
 [   0    0    0    0 1191    0    0    0    0    0    0    1    0    0
     0]
 [   2    0    0    0    0  220   40    0   49    1    0    0    0    0
     0]
 [   0    0    0    0    0    0 1110    8   12    4   36   11    1   26
     9]
 [   0    0    0    0   68    6   26  930   13    8   39   66    3   24
    11]
 [   0    0    0    0    9    0    2    2 1032   99   33   25    0    0
     0]
 [   0    0    0    0    0    0    0    0   14 1135   15   14    0    0
     0]
 [   0    0    0    0    0    0    0    0    4   20 1162    0    0    0
     0]
 [   0    0    0    0    0    0   18    9   19   47   62 1029    0    0
     0]
 [   0    0    0    0    0    0    0    0    0    0   20    3  427    0
     0]
 [   0    0    0    0    0    0    0    0    0    0    0    0    0  411
     0]
 [   0    0    0    0    0    0    0    0    0    0    0    0    0    0
   634]]---
Accuracy : 93.40%
---
class acc :
	Healthy grass: 99.17
	Stressed grass: 96.35
	Synthetic grass: 100.00
	Trees: 98.41
	Soil: 99.92
	Water: 70.51
	Residential: 91.21
	Commercial: 77.89
	Road: 85.86
	Highway: 96.35
	Railway: 97.98
	Parking Lot 1: 86.91
	Parking Lot 2: 94.89
	Tennis Court: 100.00
	Running Track: 100.00
---
AA: 93.03%
Kappa: 92.87
run 4 / 5
Best validation overall accuracy 0.93359375
Confusion matrix :
[[1183    2    0   16    0    0    0    0    0    0    0    0    0    0
     0]
 [  18 1185    0    1    0    0    0    0    0    0    0    0    0    0
     0]
 [   0    0  650    0    0    0   19    0    0    0    0    0    0    0
     0]
 [   0    0    0 1192    0    0    1    0    1    0    0    0    0    0
     0]
 [   0    0    0    0 1192    0    0    0    0    0    0    0    0    0
     0]
 [  21    0    0    0    0  246   39    0    6    0    0    0    0    0
     0]
 [   0    0    0    0    0    0 1201    0    2    0   13    1    0    0
     0]
 [   0    0    0    0    0    0   32 1076   15    0    0   55    2    0
    14]
 [   0    1    0    0   21    0    5    0 1047   62   41   25    0    0
     0]
 [   0    0    0    0    0    0    0    0   14 1123    3   38    0    0
     0]
 [   0    0    0    0    0    0   20    0    0    0 1144    0   22    0
     0]
 [   0    0    0    0    0    0   58    6   96   14   53  957    0    0
     0]
 [   0    0    0    0    0    0    1   16    0    0    6   14  413    0
     0]
 [   0    0    0    0    0    0    2    0    0    0    0    0    0  409
     0]
 [   0    0    0    0    0    0    0    0    0    0    0    0    0    0
   634]]---
Accuracy : 94.62%
---
class acc :
	Healthy grass: 98.50
	Stressed grass: 98.42
	Synthetic grass: 97.16
	Trees: 99.83
	Soil: 100.00
	Water: 78.85
	Residential: 98.69
	Commercial: 90.12
	Road: 87.10
	Highway: 95.33
	Railway: 96.46
	Parking Lot 1: 80.83
	Parking Lot 2: 91.78
	Tennis Court: 99.51
	Running Track: 100.00
---
AA: 94.17%
Kappa: 94.18
run 5 / 5
Best validation overall accuracy 0.9453125
Confusion matrix :
[[1177    0    0   24    0    0    0    0    0    0    0    0    0    0
     0]
 [  36 1168    0    0    0    0    0    0    0    0    0    0    0    0
     0]
 [   0    0  669    0    0    0    0    0    0    0    0    0    0    0
     0]
 [  11    0    0 1182    0    0    0    0    1    0    0    0    0    0
     0]
 [   0    0    0    0 1192    0    0    0    0    0    0    0    0    0
     0]
 [  11    0   28    0    1  257    9    0    6    0    0    0    0    0
     0]
 [   0    0    3    0    0    0 1110   61   10    0   25    8    0    0
     0]
 [   0    0    0    0    0    0   26 1069   17    0    9   41    3    0
    29]
 [   0    0    0    0   21    0    0    0 1136   38    0    7    0    0
     0]
 [   0    0    0    0    0    0    0    0   58 1120    0    0    0    0
     0]
 [   0    0    1    0    0    0    0    0   31   39 1112    0    3    0
     0]
 [   0    0    0    0   52    0   36    0   20    0   62 1014    0    0
     0]
 [   0    0    0    0    0    0    0    0    0    1   17   20  412    0
     0]
 [   0    0    0    0    0    0    0    0    0    0    0    0    0  411
     0]
 [   0    0    0    0    0    0    0    0    0    0    0    0    0    0
   634]]---
Accuracy : 94.70%
---
class acc :
	Healthy grass: 98.00
	Stressed grass: 97.01
	Synthetic grass: 100.00
	Trees: 98.99
	Soil: 100.00
	Water: 82.37
	Residential: 91.21
	Commercial: 89.53
	Road: 94.51
	Highway: 95.08
	Railway: 93.76
	Parking Lot 1: 85.64
	Parking Lot 2: 91.56
	Tennis Court: 100.00
	Running Track: 100.00
---
AA: 94.51%
Kappa: 94.27
Agregated results :
Confusion matrix :
[[1.1840e+03 2.0000e+00 0.0000e+00 1.5000e+01 0.0000e+00 0.0000e+00
  0.0000e+00 0.0000e+00 0.0000e+00 0.0000e+00 0.0000e+00 0.0000e+00
  0.0000e+00 0.0000e+00 0.0000e+00]
 [2.1000e+01 1.1624e+03 0.0000e+00 2.0600e+01 0.0000e+00 0.0000e+00
  0.0000e+00 0.0000e+00 0.0000e+00 0.0000e+00 0.0000e+00 0.0000e+00
  0.0000e+00 0.0000e+00 0.0000e+00]
 [0.0000e+00 0.0000e+00 6.6480e+02 0.0000e+00 0.0000e+00 0.0000e+00
  3.8000e+00 0.0000e+00 0.0000e+00 0.0000e+00 0.0000e+00 0.0000e+00
  0.0000e+00 0.0000e+00 4.0000e-01]
 [2.7000e+01 0.0000e+00 0.0000e+00 1.1656e+03 0.0000e+00 0.0000e+00
  6.0000e-01 0.0000e+00 8.0000e-01 0.0000e+00 0.0000e+00 0.0000e+00
  0.0000e+00 0.0000e+00 0.0000e+00]
 [0.0000e+00 0.0000e+00 0.0000e+00 0.0000e+00 1.1918e+03 0.0000e+00
  0.0000e+00 0.0000e+00 0.0000e+00 0.0000e+00 0.0000e+00 2.0000e-01
  0.0000e+00 0.0000e+00 0.0000e+00]
 [8.8000e+00 0.0000e+00 5.6000e+00 0.0000e+00 4.0000e-01 2.5780e+02
  2.5400e+01 0.0000e+00 1.2200e+01 2.0000e-01 0.0000e+00 1.6000e+00
  0.0000e+00 0.0000e+00 0.0000e+00]
 [0.0000e+00 0.0000e+00 8.0000e-01 0.0000e+00 0.0000e+00 0.0000e+00
  1.1562e+03 1.5600e+01 7.6000e+00 1.8000e+00 1.8400e+01 9.2000e+00
  2.0000e-01 5.2000e+00 2.0000e+00]
 [0.0000e+00 0.0000e+00 0.0000e+00 0.0000e+00 1.5600e+01 1.2000e+00
  2.7000e+01 1.0436e+03 1.5800e+01 7.0000e+00 1.5600e+01 4.6200e+01
  1.6000e+00 5.0000e+00 1.5400e+01]
 [0.0000e+00 2.0000e-01 0.0000e+00 0.0000e+00 1.4000e+01 0.0000e+00
  1.0400e+01 8.0000e-01 1.0750e+03 5.5200e+01 2.7400e+01 1.9000e+01
  0.0000e+00 0.0000e+00 0.0000e+00]
 [0.0000e+00 0.0000e+00 0.0000e+00 0.0000e+00 0.0000e+00 0.0000e+00
  0.0000e+00 0.0000e+00 3.7600e+01 1.1236e+03 4.0000e+00 1.2600e+01
  2.0000e-01 0.0000e+00 0.0000e+00]
 [0.0000e+00 0.0000e+00 2.0000e-01 0.0000e+00 4.0000e-01 0.0000e+00
  1.1600e+01 0.0000e+00 2.1400e+01 3.4800e+01 1.1122e+03 0.0000e+00
  5.4000e+00 0.0000e+00 0.0000e+00]
 [0.0000e+00 0.0000e+00 0.0000e+00 0.0000e+00 1.6600e+01 0.0000e+00
  3.6200e+01 2.0000e+01 3.3400e+01 1.3800e+01 3.5400e+01 1.0282e+03
  4.0000e-01 0.0000e+00 0.0000e+00]
 [0.0000e+00 0.0000e+00 0.0000e+00 0.0000e+00 0.0000e+00 0.0000e+00
  4.0000e-01 4.2000e+00 0.0000e+00 4.2000e+00 1.0000e+01 8.0000e+00
  4.2320e+02 0.0000e+00 0.0000e+00]
 [0.0000e+00 0.0000e+00 0.0000e+00 0.0000e+00 0.0000e+00 0.0000e+00
  8.0000e-01 0.0000e+00 0.0000e+00 0.0000e+00 0.0000e+00 0.0000e+00
  0.0000e+00 4.1020e+02 0.0000e+00]
 [0.0000e+00 0.0000e+00 0.0000e+00 0.0000e+00 0.0000e+00 0.0000e+00
  0.0000e+00 0.0000e+00 0.0000e+00 0.0000e+00 0.0000e+00 0.0000e+00
  0.0000e+00 0.0000e+00 6.3400e+02]]---
Accuracy: 94.49 +- 0.55
---
class acc :
	Healthy grass: 98.58 +- 0.90
	Stressed grass: 96.54 +- 2.17
	Synthetic grass: 99.37 +- 1.11
	Trees: 97.62 +- 3.29
	Soil: 99.98 +- 0.03
	Water: 82.63 +- 7.90
	Residential: 95.00 +- 3.23
	Commercial: 87.40 +- 4.76
	Road: 89.43 +- 3.12
	Highway: 95.38 +- 0.94
	Railway: 93.78 +- 3.82
	Parking Lot 1: 86.84 +- 5.26
	Parking Lot 2: 94.04 +- 2.06
	Tennis Court: 99.81 +- 0.24
	Running Track: 100.00 +- 0.00
---
AA: 94.43 +- 0.81
Kappa: 94.04 +- 0.60
