run 1 / 5
Best validation overall accuracy 0.95703125
Confusion matrix :
[[1177    0    0   24    0    0    0    0    0    0    0    0    0    0
     0]
 [  25 1179    0    0    0    0    0    0    0    0    0    0    0    0
     0]
 [   0    0  666    0    0    0    0    0    0    0    0    0    0    0
     3]
 [   0    0    0 1183    0    0   11    0    0    0    0    0    0    0
     0]
 [   0    0    0    0 1192    0    0    0    0    0    0    0    0    0
     0]
 [  16    0    0    0    0  257   39    0    0    0    0    0    0    0
     0]
 [   0    0    0    0    0    0 1208    0    3    0    4    0    0    0
     2]
 [   0    0    0    0    8    0   24 1083    0   17   32   11    1    0
    18]
 [   0    0    0    0    4    0   13    0 1080   33   31   41    0    0
     0]
 [   0    0    0    0    0    0    0    0    7 1170    0    0    1    0
     0]
 [   0    0    0    0    0    0    0    0    2    0 1184    0    0    0
     0]
 [   0    0    0    0   24    0    0   19    0   79    0 1049   13    0
     0]
 [   0    0    0    0    0    0    5    0    0    1   13    0  431    0
     0]
 [   0    0    0    0    0    0    0    0    0    0    0    0    0  411
     0]
 [   0    0    0    0    0    0    0    0    0    0    0    0    0    0
   634]]---
Accuracy : 96.37%
---
class acc :
	Healthy grass: 98.00
	Stressed grass: 97.92
	Synthetic grass: 99.55
	Trees: 99.08
	Soil: 100.00
	Water: 82.37
	Residential: 99.26
	Commercial: 90.70
	Road: 89.85
	Highway: 99.32
	Railway: 99.83
	Parking Lot 1: 88.60
	Parking Lot 2: 95.78
	Tennis Court: 100.00
	Running Track: 100.00
---
AA: 96.02%
Kappa: 96.07
run 2 / 5
Best validation overall accuracy 0.98046875
Confusion matrix :
[[1200    1    0    0    0    0    0    0    0    0    0    0    0    0
     0]
 [   8 1103    0   93    0    0    0    0    0    0    0    0    0    0
     0]
 [   0    0  666    0    0    0    0    0    0    0    0    0    0    0
     3]
 [  85    1    0 1099    0    0    2    0    7    0    0    0    0    0
     0]
 [   0    0    0    0 1192    0    0    0    0    0    0    0    0    0
     0]
 [  29    0    0    0    0  267   16    0    0    0    0    0    0    0
     0]
 [   0    0    0    3    0    0 1191    4    9    0    0   10    0    0
     0]
 [   0    0    0    0    7    0   27 1104    1   16    0   32    0    0
     7]
 [   0    0    0    5    0    0   46    0 1120   11   17    3    0    0
     0]
 [   0    0    0    0    0    0    0    0    2 1158    0   18    0    0
     0]
 [   0    0    0    0    0    0    0    0    8    4 1166    8    0    0
     0]
 [   0    0    0    0    0    0    0    0    2    0    0 1165   17    0
     0]
 [   0    0    0    0    0    0    0    0    0   19    0   16  415    0
     0]
 [   0    0    0    0    0    0    0    0    0    0    0    0    0  411
     0]
 [   0    0    0    0    0    0    0    0    0    0    0    0    0    0
   634]]---
Accuracy : 96.28%
---
class acc :
	Healthy grass: 99.92
	Stressed grass: 91.61
	Synthetic grass: 99.55
	Trees: 92.04
	Soil: 100.00
	Water: 85.58
	Residential: 97.86
	Commercial: 92.46
	Road: 93.18
	Highway: 98.30
	Railway: 98.31
	Parking Lot 1: 98.40
	Parking Lot 2: 92.22
	Tennis Court: 100.00
	Running Track: 100.00
---
AA: 95.96%
Kappa: 95.98
run 3 / 5
Best validation overall accuracy 0.97265625
Confusion matrix :
[[1200    1    0    0    0    0    0    0    0    0    0    0    0    0
     0]
 [  25 1177    0    0    0    0    0    0    2    0    0    0    0    0
     0]
 [   0    0  669    0    0    0    0    0    0    0    0    0    0    0
     0]
 [  15    0    0 1177    0    0    0    0    2    0    0    0    0    0
     0]
 [   0    0    0    0 1192    0    0    0    0    0    0    0    0    0
     0]
 [  29    0    0    3    1  234   39    0    6    0    0    0    0    0
     0]
 [   0    1   15    0    2    0 1155   25    9    0   10    0    0    0
     0]
 [   0    0    0    0   60   25    0 1022    0    3    0   52    4   12
    16]
 [   0    0    0    0    0    0    0    2 1158   25   13    4    0    0
     0]
 [   0    0    0    0    0    0    0    0    0 1178    0    0    0    0
     0]
 [   0    0    0    0    0    0    0    0    0   10 1176    0    0    0
     0]
 [   0    0   33    0    0    0   18    0    2   43   62 1015   11    0
     0]
 [   0    0    0    0    0    0    0    0    0   20    0   31  399    0
     0]
 [   0    0    0    0    0    0    0    0    0    0    0    0    0  411
     0]
 [   0    0   15    0    0    0    0    0    0    0    0    0    0    0
   619]]---
Accuracy : 95.52%
---
class acc :
	Healthy grass: 99.92
	Stressed grass: 97.76
	Synthetic grass: 100.00
	Trees: 98.58
	Soil: 100.00
	Water: 75.00
	Residential: 94.91
	Commercial: 85.59
	Road: 96.34
	Highway: 100.00
	Railway: 99.16
	Parking Lot 1: 85.73
	Parking Lot 2: 88.67
	Tennis Court: 100.00
	Running Track: 97.63
---
AA: 94.62%
Kappa: 95.16
run 4 / 5
Best validation overall accuracy 0.94140625
Confusion matrix :
[[1141   40    0   20    0    0    0    0    0    0    0    0    0    0
     0]
 [   4 1200    0    0    0    0    0    0    0    0    0    0    0    0
     0]
 [   0    0  663    0    0    0    0    0    0    0    0    0    0    0
     6]
 [   0    0    0 1179    0    0   12    0    3    0    0    0    0    0
     0]
 [   0    0    0    0 1192    0    0    0    0    0    0    0    0    0
     0]
 [  30    0    0    4    0  233   39    0    6    0    0    0    0    0
     0]
 [   0    0    0    0    0    0 1192    0   20    0    2    0    3    0
     0]
 [   0    0    0    0    0    0   24 1138    3    0    0   21    0    0
     8]
 [   0    4    0    0   15    0    4    0 1093   37   19   30    0    0
     0]
 [   0    0    0    0    0    0    0    0    0 1178    0    0    0    0
     0]
 [   0    0    0    0    0    0    1    0    0   25 1135    0   25    0
     0]
 [   0    0    0    0    0    0    8    2  165   52   29  914   14    0
     0]
 [   0    0    0    0    0    0    0    0    0    0    0    0  450    0
     0]
 [   0    0    0    0    0    0    0    0    0    0    0    0    0  411
     0]
 [   0    0    0    0    0    0    0    0    0    0    0    0    0    0
   634]]---
Accuracy : 95.32%
---
class acc :
	Healthy grass: 95.00
	Stressed grass: 99.67
	Synthetic grass: 99.10
	Trees: 98.74
	Soil: 100.00
	Water: 74.68
	Residential: 97.95
	Commercial: 95.31
	Road: 90.93
	Highway: 100.00
	Railway: 95.70
	Parking Lot 1: 77.20
	Parking Lot 2: 100.00
	Tennis Court: 100.00
	Running Track: 100.00
---
AA: 94.95%
Kappa: 94.94
run 5 / 5
Best validation overall accuracy 0.96875
Confusion matrix :
[[1151   26    0   24    0    0    0    0    0    0    0    0    0    0
     0]
 [  21 1183    0    0    0    0    0    0    0    0    0    0    0    0
     0]
 [   0    0  666    0    0    0    0    0    0    0    0    0    0    0
     3]
 [   3    0    0 1187    0    0    4    0    0    0    0    0    0    0
     0]
 [   0    0    0    0 1192    0    0    0    0    0    0    0    0    0
     0]
 [  36    0   14    1    2  253    0    0    6    0    0    0    0    0
     0]
 [   0    0    0    2    0    3 1198    0    0    0    1    0    6    0
     7]
 [   0    0    0    0    0    0   21 1015    0    9   14   98    0   28
     9]
 [   0    0    0    0   21    0    2    0 1076   38    5   60    0    0
     0]
 [   0    0    0    0    0    0    0    0   30 1140    8    0    0    0
     0]
 [   0    0    0    0    0    0    2    0    5    8 1171    0    0    0
     0]
 [   0    0    0    0    0    0    1    0    3    0   62 1110    8    0
     0]
 [   0    0    0    0    0    0    0    0    0    0   18   70  362    0
     0]
 [   0    0    0    0    0    0    0    0    0    0    0    0    0  411
     0]
 [   0    0    0    0    0    0    0    0    0    0    0    0    0    0
   634]]---
Accuracy : 95.29%
---
class acc :
	Healthy grass: 95.84
	Stressed grass: 98.26
	Synthetic grass: 99.55
	Trees: 99.41
	Soil: 100.00
	Water: 81.09
	Residential: 98.44
	Commercial: 85.01
	Road: 89.52
	Highway: 96.77
	Railway: 98.74
	Parking Lot 1: 93.75
	Parking Lot 2: 80.44
	Tennis Court: 100.00
	Running Track: 100.00
---
AA: 94.45%
Kappa: 94.91
Agregated results :
Confusion matrix :
[[1.1738e+03 1.3600e+01 0.0000e+00 1.3600e+01 0.0000e+00 0.0000e+00
  0.0000e+00 0.0000e+00 0.0000e+00 0.0000e+00 0.0000e+00 0.0000e+00
  0.0000e+00 0.0000e+00 0.0000e+00]
 [1.6600e+01 1.1684e+03 0.0000e+00 1.8600e+01 0.0000e+00 0.0000e+00
  0.0000e+00 0.0000e+00 4.0000e-01 0.0000e+00 0.0000e+00 0.0000e+00
  0.0000e+00 0.0000e+00 0.0000e+00]
 [0.0000e+00 0.0000e+00 6.6600e+02 0.0000e+00 0.0000e+00 0.0000e+00
  0.0000e+00 0.0000e+00 0.0000e+00 0.0000e+00 0.0000e+00 0.0000e+00
  0.0000e+00 0.0000e+00 3.0000e+00]
 [2.0600e+01 2.0000e-01 0.0000e+00 1.1650e+03 0.0000e+00 0.0000e+00
  5.8000e+00 0.0000e+00 2.4000e+00 0.0000e+00 0.0000e+00 0.0000e+00
  0.0000e+00 0.0000e+00 0.0000e+00]
 [0.0000e+00 0.0000e+00 0.0000e+00 0.0000e+00 1.1920e+03 0.0000e+00
  0.0000e+00 0.0000e+00 0.0000e+00 0.0000e+00 0.0000e+00 0.0000e+00
  0.0000e+00 0.0000e+00 0.0000e+00]
 [2.8000e+01 0.0000e+00 2.8000e+00 1.6000e+00 6.0000e-01 2.4880e+02
  2.6600e+01 0.0000e+00 3.6000e+00 0.0000e+00 0.0000e+00 0.0000e+00
  0.0000e+00 0.0000e+00 0.0000e+00]
 [0.0000e+00 2.0000e-01 3.0000e+00 1.0000e+00 4.0000e-01 6.0000e-01
  1.1888e+03 5.8000e+00 8.2000e+00 0.0000e+00 3.4000e+00 2.0000e+00
  1.8000e+00 0.0000e+00 1.8000e+00]
 [0.0000e+00 0.0000e+00 0.0000e+00 0.0000e+00 1.5000e+01 5.0000e+00
  1.9200e+01 1.0724e+03 8.0000e-01 9.0000e+00 9.2000e+00 4.2800e+01
  1.0000e+00 8.0000e+00 1.1600e+01]
 [0.0000e+00 8.0000e-01 0.0000e+00 1.0000e+00 8.0000e+00 0.0000e+00
  1.3000e+01 4.0000e-01 1.1054e+03 2.8800e+01 1.7000e+01 2.7600e+01
  0.0000e+00 0.0000e+00 0.0000e+00]
 [0.0000e+00 0.0000e+00 0.0000e+00 0.0000e+00 0.0000e+00 0.0000e+00
  0.0000e+00 0.0000e+00 7.8000e+00 1.1648e+03 1.6000e+00 3.6000e+00
  2.0000e-01 0.0000e+00 0.0000e+00]
 [0.0000e+00 0.0000e+00 0.0000e+00 0.0000e+00 0.0000e+00 0.0000e+00
  6.0000e-01 0.0000e+00 3.0000e+00 9.4000e+00 1.1664e+03 1.6000e+00
  5.0000e+00 0.0000e+00 0.0000e+00]
 [0.0000e+00 0.0000e+00 6.6000e+00 0.0000e+00 4.8000e+00 0.0000e+00
  5.4000e+00 4.2000e+00 3.4400e+01 3.4800e+01 3.0600e+01 1.0506e+03
  1.2600e+01 0.0000e+00 0.0000e+00]
 [0.0000e+00 0.0000e+00 0.0000e+00 0.0000e+00 0.0000e+00 0.0000e+00
  1.0000e+00 0.0000e+00 0.0000e+00 8.0000e+00 6.2000e+00 2.3400e+01
  4.1140e+02 0.0000e+00 0.0000e+00]
 [0.0000e+00 0.0000e+00 0.0000e+00 0.0000e+00 0.0000e+00 0.0000e+00
  0.0000e+00 0.0000e+00 0.0000e+00 0.0000e+00 0.0000e+00 0.0000e+00
  0.0000e+00 4.1100e+02 0.0000e+00]
 [0.0000e+00 0.0000e+00 3.0000e+00 0.0000e+00 0.0000e+00 0.0000e+00
  0.0000e+00 0.0000e+00 0.0000e+00 0.0000e+00 0.0000e+00 0.0000e+00
  0.0000e+00 0.0000e+00 6.3100e+02]]---
Accuracy: 95.76 +- 0.47
---
class acc :
	Healthy grass: 97.74 +- 2.03
	Stressed grass: 97.04 +- 2.80
	Synthetic grass: 99.55 +- 0.28
	Trees: 97.57 +- 2.78
	Soil: 100.00 +- 0.00
	Water: 79.74 +- 4.26
	Residential: 97.68 +- 1.47
	Commercial: 89.82 +- 3.97
	Road: 91.96 +- 2.54
	Highway: 98.88 +- 1.22
	Railway: 98.35 +- 1.42
	Parking Lot 1: 88.73 +- 7.22
	Parking Lot 2: 91.42 +- 6.65
	Tennis Court: 100.00 +- 0.00
	Running Track: 99.53 +- 0.95
---
AA: 95.20 +- 0.66
Kappa: 95.41 +- 0.51
