run 1 / 5
Best validation overall accuracy 0.94140625
Confusion matrix :
[[1177    0    0   24    0    0    0    0    0    0    0    0    0    0
     0]
 [  51 1139    0   14    0    0    0    0    0    0    0    0    0    0
     0]
 [   0    0  669    0    0    0    0    0    0    0    0    0    0    0
     0]
 [   0    0    0 1194    0    0    0    0    0    0    0    0    0    0
     0]
 [   0    0    0    0 1192    0    0    0    0    0    0    0    0    0
     0]
 [   0    0    0    0    0  273   39    0    0    0    0    0    0    0
     0]
 [   0    0    0    0    1    0 1174    0    0    2   28   12    0    0
     0]
 [   0    0    0    0    4    0   24  994   21   17   88   28    0    0
    18]
 [   0    0    0    0   19    0    5    6 1003   51   32   86    0    0
     0]
 [   0    0    0    0    0    0    0    0   34 1140    3    0    1    0
     0]
 [   0    0    0    0    1    0    0    0   37    0 1140    1    7    0
     0]
 [   0    0    0    0   50    0    4    5    3    5    0 1117    0    0
     0]
 [   0    0    0    0    0    0    0    0    0    0    0    0  450    0
     0]
 [   0    0    0    0    0    0    2    0    0    0    0    0    0  409
     0]
 [   0    0    0    0    0    0    0    0    0    0    0    0    0    0
   634]]---
Accuracy : 94.99%
---
class acc :
	Healthy grass: 98.00
	Stressed grass: 94.60
	Synthetic grass: 100.00
	Trees: 100.00
	Soil: 100.00
	Water: 87.50
	Residential: 96.47
	Commercial: 83.25
	Road: 83.44
	Highway: 96.77
	Railway: 96.12
	Parking Lot 1: 94.34
	Parking Lot 2: 100.00
	Tennis Court: 99.51
	Running Track: 100.00
---
AA: 95.33%
Kappa: 94.58
run 2 / 5
Best validation overall accuracy 0.96484375
Confusion matrix :
[[1201    0    0    0    0    0    0    0    0    0    0    0    0    0
     0]
 [  24 1012    0  168    0    0    0    0    0    0    0    0    0    0
     0]
 [   0    0  668    0    0    0    0    0    0    0    0    0    0    0
     1]
 [  80    0    0 1113    0    0    0    0    1    0    0    0    0    0
     0]
 [   0    0    0    0 1192    0    0    0    0    0    0    0    0    0
     0]
 [  10    0   29    0    2  245   15    0    1    1    0    9    0    0
     0]
 [   0    0    1    0    2    0 1151   19    3    2   32    5    2    0
     0]
 [   0    0    0    0    0    0   27 1073    2   16    0   69    0    0
     7]
 [   0    0    0    0    0    0    4    0 1103   30   31   34    0    0
     0]
 [   0    0    0    0    0    0    0    0   41 1134    3    0    0    0
     0]
 [   0    0    0    0    0    0    0    0   15    4 1166    0    1    0
     0]
 [   0    0    0    0    0    0   32   10    5    2    0 1135    0    0
     0]
 [   0    0    0    0    0    0    0    0    0    2   18    4  426    0
     0]
 [   0    0    0    0    0    0    0    0    0    0    0    0    0  411
     0]
 [   0    0    0    0    0    0    0    0    0    0    0    0    0    0
   634]]---
Accuracy : 94.70%
---
class acc :
	Healthy grass: 100.00
	Stressed grass: 84.05
	Synthetic grass: 99.85
	Trees: 93.22
	Soil: 100.00
	Water: 78.53
	Residential: 94.58
	Commercial: 89.87
	Road: 91.76
	Highway: 96.26
	Railway: 98.31
	Parking Lot 1: 95.86
	Parking Lot 2: 94.67
	Tennis Court: 100.00
	Running Track: 100.00
---
AA: 94.46%
Kappa: 94.27
run 3 / 5
Best validation overall accuracy 0.96484375
Confusion matrix :
[[1061   95    0   45    0    0    0    0    0    0    0    0    0    0
     0]
 [   4 1200    0    0    0    0    0    0    0    0    0    0    0    0
     0]
 [   0    0  669    0    0    0    0    0    0    0    0    0    0    0
     0]
 [   0    6    0 1187    0    0    0    0    1    0    0    0    0    0
     0]
 [   0    0    0    0 1191    0    0    0    1    0    0    0    0    0
     0]
 [  10    0    0    0    0  240   39    0   23    0    0    0    0    0
     0]
 [   0    1    2    0    6    0 1111    0    9    0   30    0    0   58
     0]
 [   0    0    0    0   26   25   26 1004    0    0    2   61   22   17
    11]
 [   0    0    0    0    0    0    2   14 1038  105   30   13    0    0
     0]
 [   0    0    0    0    0    0    0    0    0 1177    0    1    0    0
     0]
 [   0    0    0    0    0    0    0    0    0   12 1174    0    0    0
     0]
 [   0    0    0    0    0    0   60    1    4   48   62 1009    0    0
     0]
 [   0    0    0    0    0    0    0    0    0    5   16    0  429    0
     0]
 [   0    0    0    0    0    0    0    0    0    0    0    0    0  411
     0]
 [   0    0    6    0    0    0    0    0    0    0    0    0    0    0
   628]]---
Accuracy : 93.77%
---
class acc :
	Healthy grass: 88.34
	Stressed grass: 99.67
	Synthetic grass: 100.00
	Trees: 99.41
	Soil: 99.92
	Water: 76.92
	Residential: 91.29
	Commercial: 84.09
	Road: 86.36
	Highway: 99.92
	Railway: 98.99
	Parking Lot 1: 85.22
	Parking Lot 2: 95.33
	Tennis Court: 100.00
	Running Track: 99.05
---
AA: 93.63%
Kappa: 93.27
run 4 / 5
Best validation overall accuracy 0.9375
Confusion matrix :
[[1199    2    0    0    0    0    0    0    0    0    0    0    0    0
     0]
 [  13 1191    0    0    0    0    0    0    0    0    0    0    0    0
     0]
 [   0    0  666    0    0    0    3    0    0    0    0    0    0    0
     0]
 [  40    0    0 1153    0    0    0    0    1    0    0    0    0    0
     0]
 [   0    0    0    0 1192    0    0    0    0    0    0    0    0    0
     0]
 [  11    0    0    0    0  256   38    0    7    0    0    0    0    0
     0]
 [   1    0    1    0    0    0 1150    7   17    0    8   31    0    0
     2]
 [   0    0    0    0    0    0   24 1095   19    0    0   47    1    0
     8]
 [   0    0    0    0   21    0    0   29 1009   74   28   41    0    0
     0]
 [   0    0    0    0    0    0    0    0   10 1151    0   16    1    0
     0]
 [   0    0    0    0    0    0    3    2    3   22 1078    0   78    0
     0]
 [   0    0    0    0    0   61    8   30    4    0   23 1053    5    0
     0]
 [   0    0    0    0    0    0    0    7    0    0    0    0  443    0
     0]
 [   0    0    0    0    0    0    0    0    0    0    0    0    0  411
     0]
 [   0    0    0    0    0    0    0    0    0    0    0    0    0    0
   634]]---
Accuracy : 94.82%
---
class acc :
	Healthy grass: 99.83
	Stressed grass: 98.92
	Synthetic grass: 99.55
	Trees: 96.57
	Soil: 100.00
	Water: 82.05
	Residential: 94.49
	Commercial: 91.71
	Road: 83.94
	Highway: 97.71
	Railway: 90.89
	Parking Lot 1: 88.94
	Parking Lot 2: 98.44
	Tennis Court: 100.00
	Running Track: 100.00
---
AA: 94.87%
Kappa: 94.40
run 5 / 5
Best validation overall accuracy 0.94140625
Confusion matrix :
[[1148   29    0   24    0    0    0    0    0    0    0    0    0    0
     0]
 [  11 1193    0    0    0    0    0    0    0    0    0    0    0    0
     0]
 [   0    0  666    0    0    0    0    0    0    0    0    0    0    0
     3]
 [  27    1    0 1164    0    0    0    0    2    0    0    0    0    0
     0]
 [   0    0    0    0 1192    0    0    0    0    0    0    0    0    0
     0]
 [  13    0    0    0    0  266   27    0    6    0    0    0    0    0
     0]
 [   0    0    0    0    0    0 1122   68   10    0   13    4    0    0
     0]
 [   0    0    0    0    0    0   26 1063    7    0    9   44   16   12
    17]
 [   0    0    0    0    0    0    0    1 1117   16   68    0    0    0
     0]
 [   0    0    0    0    0    0    0    0   33  996  132   17    0    0
     0]
 [   0    0    0    0    0    0    2    0   16    0 1092    0   76    0
     0]
 [   0    0    0    0    0    0   56    2    8   16   62 1040    0    0
     0]
 [   0    0    0    0    0    0    0    0    0    0    0    6  444    0
     0]
 [   0    0    0    0    0    0    0    0    0    0    0    0    0  411
     0]
 [   0    0    0    0    0    0    0    0    0    0    0    0    0    0
   634]]---
Accuracy : 93.90%
---
class acc :
	Healthy grass: 95.59
	Stressed grass: 99.09
	Synthetic grass: 99.55
	Trees: 97.49
	Soil: 100.00
	Water: 85.26
	Residential: 92.19
	Commercial: 89.03
	Road: 92.93
	Highway: 84.55
	Railway: 92.07
	Parking Lot 1: 87.84
	Parking Lot 2: 98.67
	Tennis Court: 100.00
	Running Track: 100.00
---
AA: 94.28%
Kappa: 93.41
Agregated results :
Confusion matrix :
[[1.1572e+03 2.5200e+01 0.0000e+00 1.8600e+01 0.0000e+00 0.0000e+00
  0.0000e+00 0.0000e+00 0.0000e+00 0.0000e+00 0.0000e+00 0.0000e+00
  0.0000e+00 0.0000e+00 0.0000e+00]
 [2.0600e+01 1.1470e+03 0.0000e+00 3.6400e+01 0.0000e+00 0.0000e+00
  0.0000e+00 0.0000e+00 0.0000e+00 0.0000e+00 0.0000e+00 0.0000e+00
  0.0000e+00 0.0000e+00 0.0000e+00]
 [0.0000e+00 0.0000e+00 6.6760e+02 0.0000e+00 0.0000e+00 0.0000e+00
  6.0000e-01 0.0000e+00 0.0000e+00 0.0000e+00 0.0000e+00 0.0000e+00
  0.0000e+00 0.0000e+00 8.0000e-01]
 [2.9400e+01 1.4000e+00 0.0000e+00 1.1622e+03 0.0000e+00 0.0000e+00
  0.0000e+00 0.0000e+00 1.0000e+00 0.0000e+00 0.0000e+00 0.0000e+00
  0.0000e+00 0.0000e+00 0.0000e+00]
 [0.0000e+00 0.0000e+00 0.0000e+00 0.0000e+00 1.1918e+03 0.0000e+00
  0.0000e+00 0.0000e+00 2.0000e-01 0.0000e+00 0.0000e+00 0.0000e+00
  0.0000e+00 0.0000e+00 0.0000e+00]
 [8.8000e+00 0.0000e+00 5.8000e+00 0.0000e+00 4.0000e-01 2.5600e+02
  3.1600e+01 0.0000e+00 7.4000e+00 2.0000e-01 0.0000e+00 1.8000e+00
  0.0000e+00 0.0000e+00 0.0000e+00]
 [2.0000e-01 2.0000e-01 8.0000e-01 0.0000e+00 1.8000e+00 0.0000e+00
  1.1416e+03 1.8800e+01 7.8000e+00 8.0000e-01 2.2200e+01 1.0400e+01
  4.0000e-01 1.1600e+01 4.0000e-01]
 [0.0000e+00 0.0000e+00 0.0000e+00 0.0000e+00 6.0000e+00 5.0000e+00
  2.5400e+01 1.0458e+03 9.8000e+00 6.6000e+00 1.9800e+01 4.9800e+01
  7.8000e+00 5.8000e+00 1.2200e+01]
 [0.0000e+00 0.0000e+00 0.0000e+00 0.0000e+00 8.0000e+00 0.0000e+00
  2.2000e+00 1.0000e+01 1.0540e+03 5.5200e+01 3.7800e+01 3.4800e+01
  0.0000e+00 0.0000e+00 0.0000e+00]
 [0.0000e+00 0.0000e+00 0.0000e+00 0.0000e+00 0.0000e+00 0.0000e+00
  0.0000e+00 0.0000e+00 2.3600e+01 1.1196e+03 2.7600e+01 6.8000e+00
  4.0000e-01 0.0000e+00 0.0000e+00]
 [0.0000e+00 0.0000e+00 0.0000e+00 0.0000e+00 2.0000e-01 0.0000e+00
  1.0000e+00 4.0000e-01 1.4200e+01 7.6000e+00 1.1300e+03 2.0000e-01
  3.2400e+01 0.0000e+00 0.0000e+00]
 [0.0000e+00 0.0000e+00 0.0000e+00 0.0000e+00 1.0000e+01 1.2200e+01
  3.2000e+01 9.6000e+00 4.8000e+00 1.4200e+01 2.9400e+01 1.0708e+03
  1.0000e+00 0.0000e+00 0.0000e+00]
 [0.0000e+00 0.0000e+00 0.0000e+00 0.0000e+00 0.0000e+00 0.0000e+00
  0.0000e+00 1.4000e+00 0.0000e+00 1.4000e+00 6.8000e+00 2.0000e+00
  4.3840e+02 0.0000e+00 0.0000e+00]
 [0.0000e+00 0.0000e+00 0.0000e+00 0.0000e+00 0.0000e+00 0.0000e+00
  4.0000e-01 0.0000e+00 0.0000e+00 0.0000e+00 0.0000e+00 0.0000e+00
  0.0000e+00 4.1060e+02 0.0000e+00]
 [0.0000e+00 0.0000e+00 1.2000e+00 0.0000e+00 0.0000e+00 0.0000e+00
  0.0000e+00 0.0000e+00 0.0000e+00 0.0000e+00 0.0000e+00 0.0000e+00
  0.0000e+00 0.0000e+00 6.3280e+02]]---
Accuracy: 94.44 +- 0.50
---
class acc :
	Healthy grass: 96.35 +- 4.31
	Stressed grass: 95.27 +- 5.89
	Synthetic grass: 99.79 +- 0.20
	Trees: 97.34 +- 2.41
	Soil: 99.98 +- 0.03
	Water: 82.05 +- 3.97
	Residential: 93.80 +- 1.85
	Commercial: 87.59 +- 3.33
	Road: 87.69 +- 3.95
	Highway: 95.04 +- 5.39
	Railway: 95.28 +- 3.26
	Parking Lot 1: 90.44 +- 4.02
	Parking Lot 2: 97.42 +- 2.06
	Tennis Court: 99.90 +- 0.19
	Running Track: 99.81 +- 0.38
---
AA: 94.52 +- 0.57
Kappa: 93.99 +- 0.54
