run 1 / 5
Best validation overall accuracy 0.94140625
Confusion matrix :
[[1176    0    0   25    0    0    0    0    0    0    0    0    0    0
     0]
 [  34 1170    0    0    0    0    0    0    0    0    0    0    0    0
     0]
 [   0    0  669    0    0    0    0    0    0    0    0    0    0    0
     0]
 [   0    0    0 1187    0    0    6    0    1    0    0    0    0    0
     0]
 [   0    0    0    0 1192    0    0    0    0    0    0    0    0    0
     0]
 [   0    0    0    0    0  273   39    0    0    0    0    0    0    0
     0]
 [   0    0    0    0    6    0 1160   40    5    0    5    1    0    0
     0]
 [   0    0    0    0    9    1   24 1072   29   17    4   20    0    0
    18]
 [   0    0    0    0    5    0    4    0 1073   38   31   51    0    0
     0]
 [   0    0    0    0    0    0    0    0   64 1110    0    4    0    0
     0]
 [   0    0    0    0    0    0   43    3   36   19 1078    0    7    0
     0]
 [   0    0    0    0   28    0   12    5   42    7    0 1090    0    0
     0]
 [   0    0    0    0    0    0    1    0    0    3    0    0  446    0
     0]
 [   0    0    0    0    0    0    1    1    0    0    0    0    0  409
     0]
 [   0    0    0    0    0    0    0    0    0    0    0    0    0    0
   634]]---
Accuracy : 95.22%
---
class acc :
	Healthy grass: 97.92
	Stressed grass: 97.18
	Synthetic grass: 100.00
	Trees: 99.41
	Soil: 100.00
	Water: 87.50
	Residential: 95.32
	Commercial: 89.78
	Road: 89.27
	Highway: 94.23
	Railway: 90.89
	Parking Lot 1: 92.06
	Parking Lot 2: 99.11
	Tennis Court: 99.51
	Running Track: 100.00
---
AA: 95.48%
Kappa: 94.84
run 2 / 5
Best validation overall accuracy 0.95703125
Confusion matrix :
[[1186   15    0    0    0    0    0    0    0    0    0    0    0    0
     0]
 [   4 1139    0   61    0    0    0    0    0    0    0    0    0    0
     0]
 [   0    0  669    0    0    0    0    0    0    0    0    0    0    0
     0]
 [  83    0    0 1110    0    0    0    0    1    0    0    0    0    0
     0]
 [   0    0    0    0 1192    0    0    0    0    0    0    0    0    0
     0]
 [   5    0    3    0    1  303    0    0    0    0    0    0    0    0
     0]
 [   0    1    6    1    0    3 1100   10    6    6    8   76    0    0
     0]
 [   0   12    0    0    2    0   27 1071   14   16    0   37    8    0
     7]
 [   0    0    0    1    0    2    3    0 1095   33   31   37    0    0
     0]
 [   0    0    0    0    0    0    0    0   37 1139    0    2    0    0
     0]
 [   0    0    4    0    0    0   10    0   32   28 1111    0    1    0
     0]
 [   0    0    0    0    0    0    2   13   33    7    0 1121    8    0
     0]
 [   0    0    0    0    0    0    0    0    0    7   12    1  430    0
     0]
 [   0    0    0    0    0    0    0    0    0    0    0    0    0  411
     0]
 [   0    0    0    0    0    0    0    0    0    0    0    0    0    0
   634]]---
Accuracy : 95.03%
---
class acc :
	Healthy grass: 98.75
	Stressed grass: 94.60
	Synthetic grass: 100.00
	Trees: 92.96
	Soil: 100.00
	Water: 97.12
	Residential: 90.39
	Commercial: 89.70
	Road: 91.10
	Highway: 96.69
	Railway: 93.68
	Parking Lot 1: 94.68
	Parking Lot 2: 95.56
	Tennis Court: 100.00
	Running Track: 100.00
---
AA: 95.68%
Kappa: 94.63
run 3 / 5
Best validation overall accuracy 0.96484375
Confusion matrix :
[[1173   27    0    1    0    0    0    0    0    0    0    0    0    0
     0]
 [  17 1187    0    0    0    0    0    0    0    0    0    0    0    0
     0]
 [   0    0  669    0    0    0    0    0    0    0    0    0    0    0
     0]
 [  25    0    0 1168    0    0    0    0    1    0    0    0    0    0
     0]
 [   0    0    0    0 1178    0    0    0    0    0    0   14    0    0
     0]
 [  12    0   24    0    1  230   39    0    6    0    0    0    0    0
     0]
 [   0    1    1    0    7    0 1144   13    4    0   12    0    0   23
    12]
 [   0    0    0    0   26   25   26 1003    0    0    5   64   17    9
    19]
 [   0    0    0    0    0    0   10   15 1075   57   34   11    0    0
     0]
 [   0    0    0    0    0    0    0    0    0 1159    0   19    0    0
     0]
 [   0    0    0    0    0    0   10    0   32   14 1130    0    0    0
     0]
 [   0    0    0    0    0    0   60    3    3   11   62 1041    4    0
     0]
 [   0    0    0    0    0    0    0    0    0    6   14    0  430    0
     0]
 [   0    0    0    0    0    0    0    0    0    0    0    0    2  409
     0]
 [   0    0    0    0    0    0    0    0    0    0    0    0    0    0
   634]]---
Accuracy : 94.47%
---
class acc :
	Healthy grass: 97.67
	Stressed grass: 98.59
	Synthetic grass: 100.00
	Trees: 97.82
	Soil: 98.83
	Water: 73.72
	Residential: 94.00
	Commercial: 84.00
	Road: 89.43
	Highway: 98.39
	Railway: 95.28
	Parking Lot 1: 87.92
	Parking Lot 2: 95.56
	Tennis Court: 99.51
	Running Track: 100.00
---
AA: 94.05%
Kappa: 94.02
run 4 / 5
Best validation overall accuracy 0.94140625
Confusion matrix :
[[1159   20    0   22    0    0    0    0    0    0    0    0    0    0
     0]
 [   5 1192    0    7    0    0    0    0    0    0    0    0    0    0
     0]
 [   0    0  667    0    0    0    2    0    0    0    0    0    0    0
     0]
 [   0    0    0 1193    0    0    0    0    1    0    0    0    0    0
     0]
 [   0    0    0    0 1192    0    0    0    0    0    0    0    0    0
     0]
 [  16    0    0    0    0  251   39    0    6    0    0    0    0    0
     0]
 [   0    0    7    0    0    0 1165    3   10    0   25    3    1    0
     3]
 [   0    0    0    0    0   19   24 1030   60    0    2   51    0    0
     8]
 [   0    0    0    0   21    0    9    0 1113   22   28    9    0    0
     0]
 [   0    0    0    0    0    0    0    0    5 1170    3    0    0    0
     0]
 [   0    0    0    0    0    0    0    0    1    0 1174    0   11    0
     0]
 [   0    0    0    0    0   12   20    7  116   33   56  940    0    0
     0]
 [   0    0    0    0    0    0    0    1    1    0    3    2  443    0
     0]
 [   0    0    0    0    0    0    0    0    0    0    0    0    0  411
     0]
 [   0    0    0    0    0    0    0    0    0    0    0    0    0    0
   634]]---
Accuracy : 95.19%
---
class acc :
	Healthy grass: 96.50
	Stressed grass: 99.00
	Synthetic grass: 99.70
	Trees: 99.92
	Soil: 100.00
	Water: 80.45
	Residential: 95.73
	Commercial: 86.26
	Road: 92.60
	Highway: 99.32
	Railway: 98.99
	Parking Lot 1: 79.39
	Parking Lot 2: 98.44
	Tennis Court: 100.00
	Running Track: 100.00
---
AA: 95.09%
Kappa: 94.80
run 5 / 5
Best validation overall accuracy 0.94921875
Confusion matrix :
[[1177    0    0   24    0    0    0    0    0    0    0    0    0    0
     0]
 [  12 1192    0    0    0    0    0    0    0    0    0    0    0    0
     0]
 [   0    0  667    0    0    0    0    0    0    0    0    0    0    0
     2]
 [   9    0    0 1184    0    0    0    0    1    0    0    0    0    0
     0]
 [   0    0    0    0 1192    0    0    0    0    0    0    0    0    0
     0]
 [   7    0    0    0    1  274   24    0    6    0    0    0    0    0
     0]
 [   0    0    0    0    0    0 1135   56   10    0   13    3    0    0
     0]
 [   0    0    0    0   10    0   26 1061    5    0    4   35   24    3
    26]
 [   0    0    0    0   10    0    0    0 1139   15   25   13    0    0
     0]
 [   0    0    0    0    0    0    0    0   53  995  112   18    0    0
     0]
 [   0    0    0    0    0    0    1    0   27    0 1090    0   68    0
     0]
 [   0    0    0    0   71    0   56    0   12    0   62  981    2    0
     0]
 [   0    0    0    0    0    0    0    0    0    0    0    2  448    0
     0]
 [   0    0    0    0    0    0    0    0    0    0    0    0    0  411
     0]
 [   0    0    0    0    0    0    0    0    0    0    0    0    0    0
   634]]---
Accuracy : 94.12%
---
class acc :
	Healthy grass: 98.00
	Stressed grass: 99.00
	Synthetic grass: 99.70
	Trees: 99.16
	Soil: 100.00
	Water: 87.82
	Residential: 93.26
	Commercial: 88.86
	Road: 94.76
	Highway: 84.47
	Railway: 91.91
	Parking Lot 1: 82.85
	Parking Lot 2: 99.56
	Tennis Court: 100.00
	Running Track: 100.00
---
AA: 94.62%
Kappa: 93.65
Agregated results :
Confusion matrix :
[[1.1742e+03 1.2400e+01 0.0000e+00 1.4400e+01 0.0000e+00 0.0000e+00
  0.0000e+00 0.0000e+00 0.0000e+00 0.0000e+00 0.0000e+00 0.0000e+00
  0.0000e+00 0.0000e+00 0.0000e+00]
 [1.4400e+01 1.1760e+03 0.0000e+00 1.3600e+01 0.0000e+00 0.0000e+00
  0.0000e+00 0.0000e+00 0.0000e+00 0.0000e+00 0.0000e+00 0.0000e+00
  0.0000e+00 0.0000e+00 0.0000e+00]
 [0.0000e+00 0.0000e+00 6.6820e+02 0.0000e+00 0.0000e+00 0.0000e+00
  4.0000e-01 0.0000e+00 0.0000e+00 0.0000e+00 0.0000e+00 0.0000e+00
  0.0000e+00 0.0000e+00 4.0000e-01]
 [2.3400e+01 0.0000e+00 0.0000e+00 1.1684e+03 0.0000e+00 0.0000e+00
  1.2000e+00 0.0000e+00 1.0000e+00 0.0000e+00 0.0000e+00 0.0000e+00
  0.0000e+00 0.0000e+00 0.0000e+00]
 [0.0000e+00 0.0000e+00 0.0000e+00 0.0000e+00 1.1892e+03 0.0000e+00
  0.0000e+00 0.0000e+00 0.0000e+00 0.0000e+00 0.0000e+00 2.8000e+00
  0.0000e+00 0.0000e+00 0.0000e+00]
 [8.0000e+00 0.0000e+00 5.4000e+00 0.0000e+00 6.0000e-01 2.6620e+02
  2.8200e+01 0.0000e+00 3.6000e+00 0.0000e+00 0.0000e+00 0.0000e+00
  0.0000e+00 0.0000e+00 0.0000e+00]
 [0.0000e+00 4.0000e-01 2.8000e+00 2.0000e-01 2.6000e+00 6.0000e-01
  1.1408e+03 2.4400e+01 7.0000e+00 1.2000e+00 1.2600e+01 1.6600e+01
  2.0000e-01 4.6000e+00 3.0000e+00]
 [0.0000e+00 2.4000e+00 0.0000e+00 0.0000e+00 9.4000e+00 9.0000e+00
  2.5400e+01 1.0474e+03 2.1600e+01 6.6000e+00 3.0000e+00 4.1400e+01
  9.8000e+00 2.4000e+00 1.5600e+01]
 [0.0000e+00 0.0000e+00 0.0000e+00 2.0000e-01 7.2000e+00 4.0000e-01
  5.2000e+00 3.0000e+00 1.0990e+03 3.3000e+01 2.9800e+01 2.4200e+01
  0.0000e+00 0.0000e+00 0.0000e+00]
 [0.0000e+00 0.0000e+00 0.0000e+00 0.0000e+00 0.0000e+00 0.0000e+00
  0.0000e+00 0.0000e+00 3.1800e+01 1.1146e+03 2.3000e+01 8.6000e+00
  0.0000e+00 0.0000e+00 0.0000e+00]
 [0.0000e+00 0.0000e+00 8.0000e-01 0.0000e+00 0.0000e+00 0.0000e+00
  1.2800e+01 6.0000e-01 2.5600e+01 1.2200e+01 1.1166e+03 0.0000e+00
  1.7400e+01 0.0000e+00 0.0000e+00]
 [0.0000e+00 0.0000e+00 0.0000e+00 0.0000e+00 1.9800e+01 2.4000e+00
  3.0000e+01 5.6000e+00 4.1200e+01 1.1600e+01 3.6000e+01 1.0346e+03
  2.8000e+00 0.0000e+00 0.0000e+00]
 [0.0000e+00 0.0000e+00 0.0000e+00 0.0000e+00 0.0000e+00 0.0000e+00
  2.0000e-01 2.0000e-01 2.0000e-01 3.2000e+00 5.8000e+00 1.0000e+00
  4.3940e+02 0.0000e+00 0.0000e+00]
 [0.0000e+00 0.0000e+00 0.0000e+00 0.0000e+00 0.0000e+00 0.0000e+00
  2.0000e-01 2.0000e-01 0.0000e+00 0.0000e+00 0.0000e+00 0.0000e+00
  4.0000e-01 4.1020e+02 0.0000e+00]
 [0.0000e+00 0.0000e+00 0.0000e+00 0.0000e+00 0.0000e+00 0.0000e+00
  0.0000e+00 0.0000e+00 0.0000e+00 0.0000e+00 0.0000e+00 0.0000e+00
  0.0000e+00 0.0000e+00 6.3400e+02]]---
Accuracy: 94.81 +- 0.44
---
class acc :
	Healthy grass: 97.77 +- 0.73
	Stressed grass: 97.67 +- 1.68
	Synthetic grass: 99.88 +- 0.15
	Trees: 97.86 +- 2.54
	Soil: 99.77 +- 0.47
	Water: 85.32 +- 7.85
	Residential: 93.74 +- 1.90
	Commercial: 87.72 +- 2.25
	Road: 91.43 +- 2.06
	Highway: 94.62 +- 5.36
	Railway: 94.15 +- 2.85
	Parking Lot 1: 87.38 +- 5.65
	Parking Lot 2: 97.64 +- 1.74
	Tennis Court: 99.81 +- 0.24
	Running Track: 100.00 +- 0.00
---
AA: 94.98 +- 0.59
Kappa: 94.39 +- 0.47
