run 1 / 5
Best validation overall accuracy 0.9609375
Confusion matrix :
[[1159   17    0   24    0    0    0    0    1    0    0    0    0    0
     0]
 [  40 1164    0    0    0    0    0    0    0    0    0    0    0    0
     0]
 [   0    0  668    0    0    0    0    0    0    0    0    0    0    0
     1]
 [   0    0    0 1168    0    0   26    0    0    0    0    0    0    0
     0]
 [   0    0    0    0 1192    0    0    0    0    0    0    0    0    0
     0]
 [  17    0    0    0    0  256   39    0    0    0    0    0    0    0
     0]
 [   0    0    0    0    0    0 1194    0   18    0    0    5    0    0
     0]
 [   0    0    0    0    8    0   17 1090   16   17    3   11    5    5
    22]
 [   0    0    0    0    0    0   13    0 1147   39    3    0    0    0
     0]
 [   0    0    0    0    0    0    0    0    0 1178    0    0    0    0
     0]
 [   0    0    0    0    0    0   18    0    0   35 1133    0    0    0
     0]
 [   0    0    0    0    0    0    0   21   15   86    0 1049   13    0
     0]
 [   0    0    0    0    0    0    6    0    0   18    0    6  420    0
     0]
 [   0    0    0    0    0    0    0    0    0    0    0    0    0  411
     0]
 [   0    0    0    0    0    0    0    0    0    0    0    0    0    0
   634]]---
Accuracy : 96.08%
---
class acc :
	Healthy grass: 96.50
	Stressed grass: 96.68
	Synthetic grass: 99.85
	Trees: 97.82
	Soil: 100.00
	Water: 82.05
	Residential: 98.11
	Commercial: 91.29
	Road: 95.42
	Highway: 100.00
	Railway: 95.53
	Parking Lot 1: 88.60
	Parking Lot 2: 93.33
	Tennis Court: 100.00
	Running Track: 100.00
---
AA: 95.68%
Kappa: 95.77
run 2 / 5
Best validation overall accuracy 0.9765625
Confusion matrix :
[[1201    0    0    0    0    0    0    0    0    0    0    0    0    0
     0]
 [  11 1018    0  175    0    0    0    0    0    0    0    0    0    0
     0]
 [   0    0  667    0    0    0    0    0    0    0    0    0    0    0
     2]
 [  70    1    0 1116    0    0    0    0    7    0    0    0    0    0
     0]
 [   0    0    0    0 1192    0    0    0    0    0    0    0    0    0
     0]
 [  30    0   18    1    0  254    7    0    2    0    0    0    0    0
     0]
 [   0    0    0    2    0    0 1199    2    9    0    0    5    0    0
     0]
 [   0    0    0    0    0    0   12 1137    0   16    0   22    0    0
     7]
 [   0    0    0    0    0    0   29    0 1158   10    2    3    0    0
     0]
 [   0    0    0    0    0    0    0    0   30 1136    0   12    0    0
     0]
 [   0    0    0    0    0    0    4    0    9    3 1170    0    0    0
     0]
 [   0    0    0    0    0    0   11    0    4    0    0 1152   17    0
     0]
 [   0    0    0    0    0    0    0    0    0   19    0   20  411    0
     0]
 [   0    0    0    0    0    0    0    0    0    0    0    0    0  411
     0]
 [   0    0    0    0    0    0    0    0    0    0    0    0    0    0
   634]]---
Accuracy : 96.04%
---
class acc :
	Healthy grass: 100.00
	Stressed grass: 84.55
	Synthetic grass: 99.70
	Trees: 93.47
	Soil: 100.00
	Water: 81.41
	Residential: 98.52
	Commercial: 95.23
	Road: 96.34
	Highway: 96.43
	Railway: 98.65
	Parking Lot 1: 97.30
	Parking Lot 2: 91.33
	Tennis Court: 100.00
	Running Track: 100.00
---
AA: 95.53%
Kappa: 95.71
run 3 / 5
Best validation overall accuracy 0.96484375
Confusion matrix :
[[1096   42    0   63    0    0    0    0    0    0    0    0    0    0
     0]
 [  10 1189    0    0    0    0    0    0    5    0    0    0    0    0
     0]
 [   0    0  669    0    0    0    0    0    0    0    0    0    0    0
     0]
 [   0    0    0 1193    0    0    0    0    1    0    0    0    0    0
     0]
 [   0    0    0    0 1192    0    0    0    0    0    0    0    0    0
     0]
 [   8    0    0    2    0  241   55    0    6    0    0    0    0    0
     0]
 [   0    0    0    0    0    0 1206    0    8    0    0    0    0    0
     3]
 [   0    0    0    0   12   19   43 1011    0    0    5   48   28   13
    15]
 [   0    0    0    0    0    0   10    5 1152   30    3    2    0    0
     0]
 [   0    0    0    0    0    0    0    0   13 1146    0   19    0    0
     0]
 [   0    0    0    0    0    0    0    0    0   24 1162    0    0    0
     0]
 [   0    0    0    0    0    0   60    0    4    0   63 1043   14    0
     0]
 [   0    0    0    0    0    0    0    0    0   20    0    8  422    0
     0]
 [   0    0    0    0    0    0    0    0    0    0    0    0    0  411
     0]
 [   0    0    0    0    0    0    0    0    0    0    0    0    0    0
   634]]---
Accuracy : 95.42%
---
class acc :
	Healthy grass: 91.26
	Stressed grass: 98.75
	Synthetic grass: 100.00
	Trees: 99.92
	Soil: 100.00
	Water: 77.24
	Residential: 99.10
	Commercial: 84.67
	Road: 95.84
	Highway: 97.28
	Railway: 97.98
	Parking Lot 1: 88.09
	Parking Lot 2: 93.78
	Tennis Court: 100.00
	Running Track: 100.00
---
AA: 94.93%
Kappa: 95.05
run 4 / 5
Best validation overall accuracy 0.9453125
Confusion matrix :
[[1182    2    0   17    0    0    0    0    0    0    0    0    0    0
     0]
 [  16 1188    0    0    0    0    0    0    0    0    0    0    0    0
     0]
 [   0    0  667    0    0    0    0    0    0    0    0    0    0    0
     2]
 [   7    0    0 1177    0    0    3    0    7    0    0    0    0    0
     0]
 [   0    0    0    0 1192    0    0    0    0    0    0    0    0    0
     0]
 [  30    0    0    7    0  230   39    0    6    0    0    0    0    0
     0]
 [   0    0    0    3    0    0 1196    0    3    0    0    0   15    0
     0]
 [   0    0    0    0    3    0   25 1061   41    0    0   32   24    0
     8]
 [   0    1    0    0    0    0    9    0 1118    3   43    9   19    0
     0]
 [   0    0    0    0    0    0    0    0   14 1148    0    0   16    0
     0]
 [   0    0    0    0    0    0    0    0    0    0 1163    0   23    0
     0]
 [   0    0    0    0    0    0   14    3  175   20   61  898   13    0
     0]
 [   0    0    0    0    0    0    0    0    2    0    0    0  448    0
     0]
 [   0    0    0    0    0    0    0    0    0    0    0    0    0  411
     0]
 [   0    0    0    0    0    0    0    0    0    0    0    0    0    0
   634]]---
Accuracy : 95.04%
---
class acc :
	Healthy grass: 98.42
	Stressed grass: 98.67
	Synthetic grass: 99.70
	Trees: 98.58
	Soil: 100.00
	Water: 73.72
	Residential: 98.27
	Commercial: 88.86
	Road: 93.01
	Highway: 97.45
	Railway: 98.06
	Parking Lot 1: 75.84
	Parking Lot 2: 99.56
	Tennis Court: 100.00
	Running Track: 100.00
---
AA: 94.68%
Kappa: 94.64
run 5 / 5
Best validation overall accuracy 0.96484375
Confusion matrix :
[[1092   84    0   25    0    0    0    0    0    0    0    0    0    0
     0]
 [   0 1204    0    0    0    0    0    0    0    0    0    0    0    0
     0]
 [   0    0  668    0    0    0    0    0    0    0    0    0    0    0
     1]
 [   1    0    0 1191    0    0    1    0    1    0    0    0    0    0
     0]
 [   0    0    0    0 1192    0    0    0    0    0    0    0    0    0
     0]
 [  12    0    0    4    1  251   38    0    6    0    0    0    0    0
     0]
 [   0    1    0    1    0    0 1168   38    0    0    5    0    4    0
     0]
 [   0    0    0    0   46    0   26 1021    0    0    0   72    0   20
     9]
 [   0    0    0    0   21    0    0    4 1073   68    0   34    2    0
     0]
 [   0    0    0    0    0    0    0    0   33 1106    6   33    0    0
     0]
 [   0    0    0    0    0    0    0    0   19    0 1138    0   29    0
     0]
 [   0    0    0    0    5    0   27    1    1    2    0 1122   26    0
     0]
 [   0    0    0    0    0    0    0    0    0    0    0   20  430    0
     0]
 [   0    0    0    0    0    0    0    0    0    0    0    0    0  411
     0]
 [   0    0    2    0    0    0    0    0    0    0    0    0    0    0
   632]]---
Accuracy : 94.95%
---
class acc :
	Healthy grass: 90.92
	Stressed grass: 100.00
	Synthetic grass: 99.85
	Trees: 99.75
	Soil: 100.00
	Water: 80.45
	Residential: 95.97
	Commercial: 85.51
	Road: 89.27
	Highway: 93.89
	Railway: 95.95
	Parking Lot 1: 94.76
	Parking Lot 2: 95.56
	Tennis Court: 100.00
	Running Track: 99.68
---
AA: 94.77%
Kappa: 94.54
Agregated results :
Confusion matrix :
[[1.1460e+03 2.9000e+01 0.0000e+00 2.5800e+01 0.0000e+00 0.0000e+00
  0.0000e+00 0.0000e+00 2.0000e-01 0.0000e+00 0.0000e+00 0.0000e+00
  0.0000e+00 0.0000e+00 0.0000e+00]
 [1.5400e+01 1.1526e+03 0.0000e+00 3.5000e+01 0.0000e+00 0.0000e+00
  0.0000e+00 0.0000e+00 1.0000e+00 0.0000e+00 0.0000e+00 0.0000e+00
  0.0000e+00 0.0000e+00 0.0000e+00]
 [0.0000e+00 0.0000e+00 6.6780e+02 0.0000e+00 0.0000e+00 0.0000e+00
  0.0000e+00 0.0000e+00 0.0000e+00 0.0000e+00 0.0000e+00 0.0000e+00
  0.0000e+00 0.0000e+00 1.2000e+00]
 [1.5600e+01 2.0000e-01 0.0000e+00 1.1690e+03 0.0000e+00 0.0000e+00
  6.0000e+00 0.0000e+00 3.2000e+00 0.0000e+00 0.0000e+00 0.0000e+00
  0.0000e+00 0.0000e+00 0.0000e+00]
 [0.0000e+00 0.0000e+00 0.0000e+00 0.0000e+00 1.1920e+03 0.0000e+00
  0.0000e+00 0.0000e+00 0.0000e+00 0.0000e+00 0.0000e+00 0.0000e+00
  0.0000e+00 0.0000e+00 0.0000e+00]
 [1.9400e+01 0.0000e+00 3.6000e+00 2.8000e+00 2.0000e-01 2.4640e+02
  3.5600e+01 0.0000e+00 4.0000e+00 0.0000e+00 0.0000e+00 0.0000e+00
  0.0000e+00 0.0000e+00 0.0000e+00]
 [0.0000e+00 2.0000e-01 0.0000e+00 1.2000e+00 0.0000e+00 0.0000e+00
  1.1926e+03 8.0000e+00 7.6000e+00 0.0000e+00 1.0000e+00 2.0000e+00
  3.8000e+00 0.0000e+00 6.0000e-01]
 [0.0000e+00 0.0000e+00 0.0000e+00 0.0000e+00 1.3800e+01 3.8000e+00
  2.4600e+01 1.0640e+03 1.1400e+01 6.6000e+00 1.6000e+00 3.7000e+01
  1.1400e+01 7.6000e+00 1.2200e+01]
 [0.0000e+00 2.0000e-01 0.0000e+00 0.0000e+00 4.2000e+00 0.0000e+00
  1.2200e+01 1.8000e+00 1.1296e+03 3.0000e+01 1.0200e+01 9.6000e+00
  4.2000e+00 0.0000e+00 0.0000e+00]
 [0.0000e+00 0.0000e+00 0.0000e+00 0.0000e+00 0.0000e+00 0.0000e+00
  0.0000e+00 0.0000e+00 1.8000e+01 1.1428e+03 1.2000e+00 1.2800e+01
  3.2000e+00 0.0000e+00 0.0000e+00]
 [0.0000e+00 0.0000e+00 0.0000e+00 0.0000e+00 0.0000e+00 0.0000e+00
  4.4000e+00 0.0000e+00 5.6000e+00 1.2400e+01 1.1532e+03 0.0000e+00
  1.0400e+01 0.0000e+00 0.0000e+00]
 [0.0000e+00 0.0000e+00 0.0000e+00 0.0000e+00 1.0000e+00 0.0000e+00
  2.2400e+01 5.0000e+00 3.9800e+01 2.1600e+01 2.4800e+01 1.0528e+03
  1.6600e+01 0.0000e+00 0.0000e+00]
 [0.0000e+00 0.0000e+00 0.0000e+00 0.0000e+00 0.0000e+00 0.0000e+00
  1.2000e+00 0.0000e+00 4.0000e-01 1.1400e+01 0.0000e+00 1.0800e+01
  4.2620e+02 0.0000e+00 0.0000e+00]
 [0.0000e+00 0.0000e+00 0.0000e+00 0.0000e+00 0.0000e+00 0.0000e+00
  0.0000e+00 0.0000e+00 0.0000e+00 0.0000e+00 0.0000e+00 0.0000e+00
  0.0000e+00 4.1100e+02 0.0000e+00]
 [0.0000e+00 0.0000e+00 4.0000e-01 0.0000e+00 0.0000e+00 0.0000e+00
  0.0000e+00 0.0000e+00 0.0000e+00 0.0000e+00 0.0000e+00 0.0000e+00
  0.0000e+00 0.0000e+00 6.3360e+02]]---
Accuracy: 95.51 +- 0.48
---
class acc :
	Healthy grass: 95.42 +- 3.71
	Stressed grass: 95.73 +- 5.69
	Synthetic grass: 99.82 +- 0.11
	Trees: 97.91 +- 2.35
	Soil: 100.00 +- 0.00
	Water: 78.97 +- 3.10
	Residential: 98.00 +- 1.06
	Commercial: 89.11 +- 3.87
	Road: 93.98 +- 2.62
	Highway: 97.01 +- 1.96
	Railway: 97.23 +- 1.25
	Parking Lot 1: 88.92 +- 7.43
	Parking Lot 2: 94.71 +- 2.77
	Tennis Court: 100.00 +- 0.00
	Running Track: 99.94 +- 0.13
---
AA: 95.12 +- 0.41
Kappa: 95.14 +- 0.52
