run 1 / 5
Best validation overall accuracy 0.9453125
Confusion matrix :
[[1174    3    0   24    0    0    0    0    0    0    0    0    0    0
     0]
 [   9 1195    0    0    0    0    0    0    0    0    0    0    0    0
     0]
 [   0    0  667    0    0    0    2    0    0    0    0    0    0    0
     0]
 [   0    0    0 1190    0    0    3    0    1    0    0    0    0    0
     0]
 [   0    0    0    0 1192    0    0    0    0    0    0    0    0    0
     0]
 [   0    0    0    0    0  273   39    0    0    0    0    0    0    0
     0]
 [   0    0    0    0    0    0 1188    5    1    3    8    3    0    0
     9]
 [   0    0    0    0   16    0   24 1048   19   17   23   19   10    0
    18]
 [   0    0    0    0   24    0    0    3 1026   53   73   23    0    0
     0]
 [   0    0    0    0    0    0    0    0    0 1174    4    0    0    0
     0]
 [   0    0    0    0    1    0    0    0   31    0 1150    0    4    0
     0]
 [   0    0    0    0   99    0   36   13   11    0    0 1013   12    0
     0]
 [   0    0    0    0    0    0    1    0    0    0   15    0  434    0
     0]
 [   0    0    0    0    0    0    0    0    0    0    0    0    0  411
     0]
 [   0    0    0    0    0    0    0    0    0    0    0    0    0    0
   634]]---
Accuracy : 95.43%
---
class acc :
	Healthy grass: 97.75
	Stressed grass: 99.25
	Synthetic grass: 99.70
	Trees: 99.66
	Soil: 100.00
	Water: 87.50
	Residential: 97.62
	Commercial: 87.77
	Road: 85.36
	Highway: 99.66
	Railway: 96.96
	Parking Lot 1: 85.56
	Parking Lot 2: 96.44
	Tennis Court: 100.00
	Running Track: 100.00
---
AA: 95.55%
Kappa: 95.06
run 2 / 5
Best validation overall accuracy 0.96875
Confusion matrix :
[[1190   11    0    0    0    0    0    0    0    0    0    0    0    0
     0]
 [   4 1069    0  131    0    0    0    0    0    0    0    0    0    0
     0]
 [   0    0  665    0    0    0    0    0    0    0    0    0    0    0
     4]
 [  70    0    0 1123    0    0    0    0    1    0    0    0    0    0
     0]
 [   0    0    0    0 1192    0    0    0    0    0    0    0    0    0
     0]
 [   2    0    0    0    0  310    0    0    0    0    0    0    0    0
     0]
 [   0    0    0    0    0    0 1137    6   17   18   23   12    4    0
     0]
 [   0    0    0    0    0    0   27 1077    0   16    0   67    0    0
     7]
 [   0    0    0    0    0    0    2    0 1117   24   31   27    1    0
     0]
 [   0    0    0    0    0    0    0    0   28 1122   20    8    0    0
     0]
 [   0    0    0    0    0    0    0    0   18    0 1168    0    0    0
     0]
 [   0    0    0    0    0    0   13    3   10    6    0 1143    9    0
     0]
 [   0    0    0    0    0    0    0    0    0    1   18    0  431    0
     0]
 [   0    0    0    0    0    0    0    0    0    0    0    0    0  411
     0]
 [   0    0    0    0    0    0    0    0    0    0    0    0    0    0
   634]]---
Accuracy : 95.57%
---
class acc :
	Healthy grass: 99.08
	Stressed grass: 88.79
	Synthetic grass: 99.40
	Trees: 94.05
	Soil: 100.00
	Water: 99.36
	Residential: 93.43
	Commercial: 90.20
	Road: 92.93
	Highway: 95.25
	Railway: 98.48
	Parking Lot 1: 96.54
	Parking Lot 2: 95.78
	Tennis Court: 100.00
	Running Track: 100.00
---
AA: 96.22%
Kappa: 95.21
run 3 / 5
Best validation overall accuracy 0.95703125
Confusion matrix :
[[1141   39    0   21    0    0    0    0    0    0    0    0    0    0
     0]
 [  12 1192    0    0    0    0    0    0    0    0    0    0    0    0
     0]
 [   0    0  669    0    0    0    0    0    0    0    0    0    0    0
     0]
 [   2    0    0 1191    0    0    0    0    1    0    0    0    0    0
     0]
 [   0    0    0    0 1192    0    0    0    0    0    0    0    0    0
     0]
 [  11    0    0    1    2  226   40    0   32    0    0    0    0    0
     0]
 [   0    0    0    0    4    0 1154    0   10    0    8    0    0   28
    13]
 [   4    0    0    0   53    0   26 1006    1    0   11   47   18   17
    11]
 [   0    0    0    0    0    0    5    7 1113   40   27   10    0    0
     0]
 [   0    0    0    0    0    0    0    4    4 1124    8   38    0    0
     0]
 [   0    0    0    0    0    0    0    0   28    0 1158    0    0    0
     0]
 [   0    0    0    0    0    0   60   42    7    3   60 1010    2    0
     0]
 [   0    0    0    0    0    0    0    0    0    1   19    0  430    0
     0]
 [   0    0    0    0    0    0    0    0    0    0    0    0    0  411
     0]
 [   0    0    0    0    0    0    0    0    0    0    0    0    0    0
   634]]---
Accuracy : 94.61%
---
class acc :
	Healthy grass: 95.00
	Stressed grass: 99.00
	Synthetic grass: 100.00
	Trees: 99.75
	Soil: 100.00
	Water: 72.44
	Residential: 94.82
	Commercial: 84.25
	Road: 92.60
	Highway: 95.42
	Railway: 97.64
	Parking Lot 1: 85.30
	Parking Lot 2: 95.56
	Tennis Court: 100.00
	Running Track: 100.00
---
AA: 94.12%
Kappa: 94.18
run 4 / 5
Best validation overall accuracy 0.94140625
Confusion matrix :
[[1180    5    0   16    0    0    0    0    0    0    0    0    0    0
     0]
 [   7 1197    0    0    0    0    0    0    0    0    0    0    0    0
     0]
 [   0    0  668    0    0    0    0    0    0    0    0    0    1    0
     0]
 [   2    0    0 1189    0    0    0    0    3    0    0    0    0    0
     0]
 [   0    0    0    0 1192    0    0    0    0    0    0    0    0    0
     0]
 [  11    0    0    0    0  254   39    1    7    0    0    0    0    0
     0]
 [   0    0   12    0    0    0 1119   26   18    0   20   15    7    0
     0]
 [   0    0    0    0    0    0   24 1058   43    0    2   50    0    0
    17]
 [   0    0    0    0   17    0    0    1 1104   17   40   23    0    0
     0]
 [   0    0    0    0    0    0    0    0   88 1053    6   31    0    0
     0]
 [   0    0    0    0    0    0    0    0    1    8 1103    0   74    0
     0]
 [   0    0    0    0    0    0   11    0  120    0   33 1020    0    0
     0]
 [   0    0    0    0    0    0    0    5    0    1    0    0  444    0
     0]
 [   0    0    0    0    0    0    0    0    0    0    0    0    0  411
     0]
 [   0    0    0    0    0    0    0    0    0    0    0    0    0    0
   634]]---
Accuracy : 94.44%
---
class acc :
	Healthy grass: 98.25
	Stressed grass: 99.42
	Synthetic grass: 99.85
	Trees: 99.58
	Soil: 100.00
	Water: 81.41
	Residential: 91.95
	Commercial: 88.61
	Road: 91.85
	Highway: 89.39
	Railway: 93.00
	Parking Lot 1: 86.15
	Parking Lot 2: 98.67
	Tennis Court: 100.00
	Running Track: 100.00
---
AA: 94.54%
Kappa: 93.99
run 5 / 5
Best validation overall accuracy 0.9453125
Confusion matrix :
[[1165   12    0   24    0    0    0    0    0    0    0    0    0    0
     0]
 [   6 1198    0    0    0    0    0    0    0    0    0    0    0    0
     0]
 [   0    0  665    0    0    0    0    0    0    0    0    0    0    0
     4]
 [  10    0    0 1184    0    0    0    0    0    0    0    0    0    0
     0]
 [   0    0    0    0 1192    0    0    0    0    0    0    0    0    0
     0]
 [  11    0    0    0    1  283   11    0    6    0    0    0    0    0
     0]
 [   0    0    0    0    0    0 1125   52   15    2   12    7    0    0
     4]
 [   0    4    0    0    0    0   26 1060    8    0    3   42   22   10
    19]
 [   0    0    0    0    3    0    0   10 1119   41    0   29    0    0
     0]
 [   0    0    0    0    0    0    0    0   55 1122    0    1    0    0
     0]
 [   0    0    0    0    0    0    0    0   34   32 1061    0   59    0
     0]
 [   0    0    0    0    0    0   50   16    0    2   62 1052    2    0
     0]
 [   0    0    0    0    0    0    0    0    0    2    0    3  445    0
     0]
 [   0    0    0    0    0    0    0    0    0    0    0    0    0  411
     0]
 [   0    0    0    0    0    0    0    0    0    0    0    0    0    0
   634]]---
Accuracy : 95.07%
---
class acc :
	Healthy grass: 97.00
	Stressed grass: 99.50
	Synthetic grass: 99.40
	Trees: 99.16
	Soil: 100.00
	Water: 90.71
	Residential: 92.44
	Commercial: 88.78
	Road: 93.09
	Highway: 95.25
	Railway: 89.46
	Parking Lot 1: 88.85
	Parking Lot 2: 98.89
	Tennis Court: 100.00
	Running Track: 100.00
---
AA: 95.50%
Kappa: 94.67
Agregated results :
Confusion matrix :
[[1.1700e+03 1.4000e+01 0.0000e+00 1.7000e+01 0.0000e+00 0.0000e+00
  0.0000e+00 0.0000e+00 0.0000e+00 0.0000e+00 0.0000e+00 0.0000e+00
  0.0000e+00 0.0000e+00 0.0000e+00]
 [7.6000e+00 1.1702e+03 0.0000e+00 2.6200e+01 0.0000e+00 0.0000e+00
  0.0000e+00 0.0000e+00 0.0000e+00 0.0000e+00 0.0000e+00 0.0000e+00
  0.0000e+00 0.0000e+00 0.0000e+00]
 [0.0000e+00 0.0000e+00 6.6680e+02 0.0000e+00 0.0000e+00 0.0000e+00
  4.0000e-01 0.0000e+00 0.0000e+00 0.0000e+00 0.0000e+00 0.0000e+00
  2.0000e-01 0.0000e+00 1.6000e+00]
 [1.6800e+01 0.0000e+00 0.0000e+00 1.1754e+03 0.0000e+00 0.0000e+00
  6.0000e-01 0.0000e+00 1.2000e+00 0.0000e+00 0.0000e+00 0.0000e+00
  0.0000e+00 0.0000e+00 0.0000e+00]
 [0.0000e+00 0.0000e+00 0.0000e+00 0.0000e+00 1.1920e+03 0.0000e+00
  0.0000e+00 0.0000e+00 0.0000e+00 0.0000e+00 0.0000e+00 0.0000e+00
  0.0000e+00 0.0000e+00 0.0000e+00]
 [7.0000e+00 0.0000e+00 0.0000e+00 2.0000e-01 6.0000e-01 2.6920e+02
  2.5800e+01 2.0000e-01 9.0000e+00 0.0000e+00 0.0000e+00 0.0000e+00
  0.0000e+00 0.0000e+00 0.0000e+00]
 [0.0000e+00 0.0000e+00 2.4000e+00 0.0000e+00 8.0000e-01 0.0000e+00
  1.1446e+03 1.7800e+01 1.2200e+01 4.6000e+00 1.4200e+01 7.4000e+00
  2.2000e+00 5.6000e+00 5.2000e+00]
 [8.0000e-01 8.0000e-01 0.0000e+00 0.0000e+00 1.3800e+01 0.0000e+00
  2.5400e+01 1.0498e+03 1.4200e+01 6.6000e+00 7.8000e+00 4.5000e+01
  1.0000e+01 5.4000e+00 1.4400e+01]
 [0.0000e+00 0.0000e+00 0.0000e+00 0.0000e+00 8.8000e+00 0.0000e+00
  1.4000e+00 4.2000e+00 1.0958e+03 3.5000e+01 3.4200e+01 2.2400e+01
  2.0000e-01 0.0000e+00 0.0000e+00]
 [0.0000e+00 0.0000e+00 0.0000e+00 0.0000e+00 0.0000e+00 0.0000e+00
  0.0000e+00 8.0000e-01 3.5000e+01 1.1190e+03 7.6000e+00 1.5600e+01
  0.0000e+00 0.0000e+00 0.0000e+00]
 [0.0000e+00 0.0000e+00 0.0000e+00 0.0000e+00 2.0000e-01 0.0000e+00
  0.0000e+00 0.0000e+00 2.2400e+01 8.0000e+00 1.1280e+03 0.0000e+00
  2.7400e+01 0.0000e+00 0.0000e+00]
 [0.0000e+00 0.0000e+00 0.0000e+00 0.0000e+00 1.9800e+01 0.0000e+00
  3.4000e+01 1.4800e+01 2.9600e+01 2.2000e+00 3.1000e+01 1.0476e+03
  5.0000e+00 0.0000e+00 0.0000e+00]
 [0.0000e+00 0.0000e+00 0.0000e+00 0.0000e+00 0.0000e+00 0.0000e+00
  2.0000e-01 1.0000e+00 0.0000e+00 1.0000e+00 1.0400e+01 6.0000e-01
  4.3680e+02 0.0000e+00 0.0000e+00]
 [0.0000e+00 0.0000e+00 0.0000e+00 0.0000e+00 0.0000e+00 0.0000e+00
  0.0000e+00 0.0000e+00 0.0000e+00 0.0000e+00 0.0000e+00 0.0000e+00
  0.0000e+00 4.1100e+02 0.0000e+00]
 [0.0000e+00 0.0000e+00 0.0000e+00 0.0000e+00 0.0000e+00 0.0000e+00
  0.0000e+00 0.0000e+00 0.0000e+00 0.0000e+00 0.0000e+00 0.0000e+00
  0.0000e+00 0.0000e+00 6.3400e+02]]---
Accuracy: 95.02 +- 0.44
---
class acc :
	Healthy grass: 97.42 +- 1.38
	Stressed grass: 97.19 +- 4.21
	Synthetic grass: 99.67 +- 0.24
	Trees: 98.44 +- 2.20
	Soil: 100.00 +- 0.00
	Water: 86.28 +- 9.03
	Residential: 94.05 +- 2.04
	Commercial: 87.92 +- 1.99
	Road: 91.16 +- 2.93
	Highway: 94.99 +- 3.27
	Railway: 95.11 +- 3.39
	Parking Lot 1: 88.48 +- 4.22
	Parking Lot 2: 97.07 +- 1.43
	Tennis Court: 100.00 +- 0.00
	Running Track: 100.00 +- 0.00
---
AA: 95.19 +- 0.76
Kappa: 94.62 +- 0.48
