run 1 / 5
Best validation overall accuracy 0.96875
Confusion matrix :
[[1147   11    0   18    0    0    0    0    0    0    0    0    0    0
     0]
 [  31 1148    0    0    0    0    0    0    0    0    0    0    0    0
     0]
 [   0    0  655    0    0    0    0    0    0    0    0    0    0    0
     0]
 [   0    0    0 1168    0    0    0    0    1    0    0    0    0    0
     0]
 [   0    0    0    0 1168    0    0    0    0    0    0    0    0    0
     0]
 [   0    0    0    0    0  263   36    0    4    0    0    3    0    0
     0]
 [   0    0    0    0    0    1 1146    0   22    1    1   20    1    0
     0]
 [   0    0    0    0   57    0   50 1026    4   17    0    6    0    0
     9]
 [   0    0    0    0    0    0    3    7 1101   53    1   12    0    0
     0]
 [   0    0    0    0    0    0    0    0    0 1154    0    0    0    0
     0]
 [   0    0    0    0    3    0   17    0   31   72 1037    0    1    0
     0]
 [   0    0    0    0    0    5   13   16   23   15    0 1081    6    0
     0]
 [   0    0    0    0    0    0    0    0    0   18    0    4  419    0
     0]
 [   0    0    0    0    0    0    0    0    0    0    0    0    0  402
     0]
 [   0    0    0    0    0    0    0    0    0    0    0    0    0    0
   620]]---
Accuracy : 95.80%
---
class acc :
	Healthy grass: 97.53
	Stressed grass: 97.37
	Synthetic grass: 100.00
	Trees: 99.91
	Soil: 100.00
	Water: 85.95
	Residential: 96.14
	Commercial: 87.77
	Road: 93.54
	Highway: 100.00
	Railway: 89.32
	Parking Lot 1: 93.27
	Parking Lot 2: 95.01
	Tennis Court: 100.00
	Running Track: 100.00
---
AA: 95.72%
Kappa: 95.46
run 2 / 5
Best validation overall accuracy 0.9665178571428571
Confusion matrix :
[[1168    8    0    0    0    0    0    0    0    0    0    0    0    0
     0]
 [  10 1169    0    0    0    0    0    0    0    0    0    0    0    0
     0]
 [   0    0  655    0    0    0    0    0    0    0    0    0    0    0
     0]
 [  70    0    0 1098    0    0    0    0    1    0    0    0    0    0
     0]
 [   0    0    0    0 1168    0    0    0    0    0    0    0    0    0
     0]
 [   2    0    0    0    0  266   38    0    0    0    0    0    0    0
     0]
 [   0    0    0    0    0    0 1158    8   17    0    8    1    0    0
     0]
 [   0    0    0    0    7    9    0 1061    8    0   10   51   14    0
     9]
 [   0    0    0    0    0    0    4    0 1080   45   25   23    0    0
     0]
 [   0    0    0    0    0    0    0    0   18 1127    6    3    0    0
     0]
 [   0    0    0    0    0    0    0    0    6    2 1152    0    1    0
     0]
 [   0    0    0    0    0    0   35    4    2   69    0 1049    0    0
     0]
 [   0    0    0    0    0    0    0    0    0    1    8    3  429    0
     0]
 [   0    0    0    0    0    0    0    0    0    0    0    0    0  402
     0]
 [   0    0    0    0    0    0    0    0    0    0    0    0    0    0
   620]]---
Accuracy : 96.28%
---
class acc :
	Healthy grass: 99.32
	Stressed grass: 99.15
	Synthetic grass: 100.00
	Trees: 93.93
	Soil: 100.00
	Water: 86.93
	Residential: 97.15
	Commercial: 90.76
	Road: 91.76
	Highway: 97.66
	Railway: 99.22
	Parking Lot 1: 90.51
	Parking Lot 2: 97.28
	Tennis Court: 100.00
	Running Track: 100.00
---
AA: 96.24%
Kappa: 95.97
run 3 / 5
Best validation overall accuracy 0.9598214285714286
Confusion matrix :
[[1000   70    0  106    0    0    0    0    0    0    0    0    0    0
     0]
 [   0 1167    0   12    0    0    0    0    0    0    0    0    0    0
     0]
 [   0    0  655    0    0    0    0    0    0    0    0    0    0    0
     0]
 [   0    0    0 1169    0    0    0    0    0    0    0    0    0    0
     0]
 [   0    0    0    0 1168    0    0    0    0    0    0    0    0    0
     0]
 [   0    0    0    0    0  300    0    2    4    0    0    0    0    0
     0]
 [   0    0    0    0    0    0 1167    0   13    0    2   10    0    0
     0]
 [   0    0    0    0    0    0   23 1010    2    0   48   58    0   19
     9]
 [   0    0    0    0    0    0    2    0 1089   31   28   27    0    0
     0]
 [   0    0    0    0    3    0    0    0    0 1040    4  107    0    0
     0]
 [   0    0    0    0    0    0   14    0    0    0 1126   21    0    0
     0]
 [   0    0    0    0    0    0   52    0   10    4    0 1093    0    0
     0]
 [   0    0    0    0    0    0    0    0    0    0    2    1  438    0
     0]
 [   0    0    0    0    0    0    0    0    0    0    0    0    0  402
     0]
 [   0    0    0    0    0    0    0    0    0    0    0    0    0    0
   620]]---
Accuracy : 95.16%
---
class acc :
	Healthy grass: 85.03
	Stressed grass: 98.98
	Synthetic grass: 100.00
	Trees: 100.00
	Soil: 100.00
	Water: 98.04
	Residential: 97.90
	Commercial: 86.40
	Road: 92.52
	Highway: 90.12
	Railway: 96.99
	Parking Lot 1: 94.31
	Parking Lot 2: 99.32
	Tennis Court: 100.00
	Running Track: 100.00
---
AA: 95.97%
Kappa: 94.77
run 4 / 5
Best validation overall accuracy 0.9732142857142857
Confusion matrix :
[[1148    5    0   23    0    0    0    0    0    0    0    0    0    0
     0]
 [   7 1172    0    0    0    0    0    0    0    0    0    0    0    0
     0]
 [   0    0  655    0    0    0    0    0    0    0    0    0    0    0
     0]
 [   2    2    0 1164    0    0    0    0    1    0    0    0    0    0
     0]
 [   0    0    0    0 1168    0    0    0    0    0    0    0    0    0
     0]
 [   0    0    0    0    0  261   39    1    5    0    0    0    0    0
     0]
 [   0    0    0    0    0    0 1182    7    0    0    0    3    0    0
     0]
 [   0    0    0    0    0    0    0 1092    0    0   15   35    0   14
    13]
 [   0    0    0    0   11    0    0    0 1092   36   25   13    0    0
     0]
 [   0    0    0    0    0    0    0    0   52 1100    2    0    0    0
     0]
 [   0    0    0    0    0    0    0    0    0    0 1159    0    2    0
     0]
 [   0    0    0    0    0    0   17   16    3    0   49 1074    0    0
     0]
 [   0    0    0    0    0    0    0    0    0    0    0    0  441    0
     0]
 [   0    0    0    0    0    0    0    0    0    0    0    0    0  402
     0]
 [   0    0    0    0    0    0    0    0    0    0    0    0    0    0
   620]]---
Accuracy : 97.18%
---
class acc :
	Healthy grass: 97.62
	Stressed grass: 99.41
	Synthetic grass: 100.00
	Trees: 99.57
	Soil: 100.00
	Water: 85.29
	Residential: 99.16
	Commercial: 93.41
	Road: 92.78
	Highway: 95.32
	Railway: 99.83
	Parking Lot 1: 92.67
	Parking Lot 2: 100.00
	Tennis Court: 100.00
	Running Track: 100.00
---
AA: 97.00%
Kappa: 96.95
run 5 / 5
Best validation overall accuracy 0.9754464285714286
Confusion matrix :
[[1176    0    0    0    0    0    0    0    0    0    0    0    0    0
     0]
 [  11 1168    0    0    0    0    0    0    0    0    0    0    0    0
     0]
 [   0    0  655    0    0    0    0    0    0    0    0    0    0    0
     0]
 [  27    1    0 1141    0    0    0    0    0    0    0    0    0    0
     0]
 [   0    0    0    0 1168    0    0    0    0    0    0    0    0    0
     0]
 [   1    0    0    0    0  299    0    0    6    0    0    0    0    0
     0]
 [   0    0    0    0    0    0 1107    1    7   13   16   36   12    0
     0]
 [   0    0    0    0    0    0    0 1062   13    0    0   37   28   14
    15]
 [   0    1    2    0    0    0   18    0 1092   27   37    0    0    0
     0]
 [   0    0    0    0    0    0    0    0    2 1141    0   11    0    0
     0]
 [   0    0    0    0    0    0    0    1    0    0 1147    0   13    0
     0]
 [   0    0    0    0    0    0    2   69    8    4   17 1057    2    0
     0]
 [   0    0    0    0    0    0    0    0    0    0    0    0  441    0
     0]
 [   0    0    0    0    0    0    0    0    0    0    0    0    0  402
     0]
 [   0    0    0    0    0    0    0    0    0    0    0    0    0    0
   620]]---
Accuracy : 96.80%
---
class acc :
	Healthy grass: 100.00
	Stressed grass: 99.07
	Synthetic grass: 100.00
	Trees: 97.60
	Soil: 100.00
	Water: 97.71
	Residential: 92.87
	Commercial: 90.85
	Road: 92.78
	Highway: 98.87
	Railway: 98.79
	Parking Lot 1: 91.20
	Parking Lot 2: 100.00
	Tennis Court: 100.00
	Running Track: 100.00
---
AA: 97.32%
Kappa: 96.54
Agregated results :
Confusion matrix :
[[1.1278e+03 1.8800e+01 0.0000e+00 2.9400e+01 0.0000e+00 0.0000e+00
  0.0000e+00 0.0000e+00 0.0000e+00 0.0000e+00 0.0000e+00 0.0000e+00
  0.0000e+00 0.0000e+00 0.0000e+00]
 [1.1800e+01 1.1648e+03 0.0000e+00 2.4000e+00 0.0000e+00 0.0000e+00
  0.0000e+00 0.0000e+00 0.0000e+00 0.0000e+00 0.0000e+00 0.0000e+00
  0.0000e+00 0.0000e+00 0.0000e+00]
 [0.0000e+00 0.0000e+00 6.5500e+02 0.0000e+00 0.0000e+00 0.0000e+00
  0.0000e+00 0.0000e+00 0.0000e+00 0.0000e+00 0.0000e+00 0.0000e+00
  0.0000e+00 0.0000e+00 0.0000e+00]
 [1.9800e+01 6.0000e-01 0.0000e+00 1.1480e+03 0.0000e+00 0.0000e+00
  0.0000e+00 0.0000e+00 6.0000e-01 0.0000e+00 0.0000e+00 0.0000e+00
  0.0000e+00 0.0000e+00 0.0000e+00]
 [0.0000e+00 0.0000e+00 0.0000e+00 0.0000e+00 1.1680e+03 0.0000e+00
  0.0000e+00 0.0000e+00 0.0000e+00 0.0000e+00 0.0000e+00 0.0000e+00
  0.0000e+00 0.0000e+00 0.0000e+00]
 [6.0000e-01 0.0000e+00 0.0000e+00 0.0000e+00 0.0000e+00 2.7780e+02
  2.2600e+01 6.0000e-01 3.8000e+00 0.0000e+00 0.0000e+00 6.0000e-01
  0.0000e+00 0.0000e+00 0.0000e+00]
 [0.0000e+00 0.0000e+00 0.0000e+00 0.0000e+00 0.0000e+00 2.0000e-01
  1.1520e+03 3.2000e+00 1.1800e+01 2.8000e+00 5.4000e+00 1.4000e+01
  2.6000e+00 0.0000e+00 0.0000e+00]
 [0.0000e+00 0.0000e+00 0.0000e+00 0.0000e+00 1.2800e+01 1.8000e+00
  1.4600e+01 1.0502e+03 5.4000e+00 3.4000e+00 1.4600e+01 3.7400e+01
  8.4000e+00 9.4000e+00 1.1000e+01]
 [0.0000e+00 2.0000e-01 4.0000e-01 0.0000e+00 2.2000e+00 0.0000e+00
  5.4000e+00 1.4000e+00 1.0908e+03 3.8400e+01 2.3200e+01 1.5000e+01
  0.0000e+00 0.0000e+00 0.0000e+00]
 [0.0000e+00 0.0000e+00 0.0000e+00 0.0000e+00 6.0000e-01 0.0000e+00
  0.0000e+00 0.0000e+00 1.4400e+01 1.1124e+03 2.4000e+00 2.4200e+01
  0.0000e+00 0.0000e+00 0.0000e+00]
 [0.0000e+00 0.0000e+00 0.0000e+00 0.0000e+00 6.0000e-01 0.0000e+00
  6.2000e+00 2.0000e-01 7.4000e+00 1.4800e+01 1.1242e+03 4.2000e+00
  3.4000e+00 0.0000e+00 0.0000e+00]
 [0.0000e+00 0.0000e+00 0.0000e+00 0.0000e+00 0.0000e+00 1.0000e+00
  2.3800e+01 2.1000e+01 9.2000e+00 1.8400e+01 1.3200e+01 1.0708e+03
  1.6000e+00 0.0000e+00 0.0000e+00]
 [0.0000e+00 0.0000e+00 0.0000e+00 0.0000e+00 0.0000e+00 0.0000e+00
  0.0000e+00 0.0000e+00 0.0000e+00 3.8000e+00 2.0000e+00 1.6000e+00
  4.3360e+02 0.0000e+00 0.0000e+00]
 [0.0000e+00 0.0000e+00 0.0000e+00 0.0000e+00 0.0000e+00 0.0000e+00
  0.0000e+00 0.0000e+00 0.0000e+00 0.0000e+00 0.0000e+00 0.0000e+00
  0.0000e+00 4.0200e+02 0.0000e+00]
 [0.0000e+00 0.0000e+00 0.0000e+00 0.0000e+00 0.0000e+00 0.0000e+00
  0.0000e+00 0.0000e+00 0.0000e+00 0.0000e+00 0.0000e+00 0.0000e+00
  0.0000e+00 0.0000e+00 6.2000e+02]]---
Accuracy: 96.24 +- 0.72
---
class acc :
	Healthy grass: 95.90 +- 5.52
	Stressed grass: 98.80 +- 0.73
	Synthetic grass: 100.00 +- 0.00
	Trees: 98.20 +- 2.31
	Soil: 100.00 +- 0.00
	Water: 90.78 +- 5.81
	Residential: 96.64 +- 2.13
	Commercial: 89.84 +- 2.48
	Road: 92.68 +- 0.57
	Highway: 96.40 +- 3.50
	Railway: 96.83 +- 3.87
	Parking Lot 1: 92.39 +- 1.38
	Parking Lot 2: 98.32 +- 1.93
	Tennis Court: 100.00 +- 0.00
	Running Track: 100.00 +- 0.00
---
AA: 96.45 +- 0.61
Kappa: 95.94 +- 0.77
