run 1 / 5
Best validation overall accuracy 0.9642857142857143
Confusion matrix :
[[1145   14    0   17    0    0    0    0    0    0    0    0    0    0
     0]
 [  22 1157    0    0    0    0    0    0    0    0    0    0    0    0
     0]
 [   0    0  655    0    0    0    0    0    0    0    0    0    0    0
     0]
 [   0    0    0 1158    0    0   11    0    0    0    0    0    0    0
     0]
 [   0    0    0    0 1168    0    0    0    0    0    0    0    0    0
     0]
 [   0    0    0    0    0  262   39    0    5    0    0    0    0    0
     0]
 [   0    0    0    0    0    0 1164    7   10    0    1   10    0    0
     0]
 [   0    0    0    0   81    3   28 1019    1   17    0    9    2    0
     9]
 [   0    1    0    0    0    0    4    1 1087   23   24   37    0    0
     0]
 [   0    0    0    0    0    0    0    0    1 1153    0    0    0    0
     0]
 [   0    0    0    0    3    0    5    0   30    0 1123    0    0    0
     0]
 [   0    0    0    0    3    0   48   15    0    1    0 1092    0    0
     0]
 [   0    0    0    0    0    0    0    0    0    2   16    3  420    0
     0]
 [   0    0    0    0    0    0    0    0    0    0    0    0    0  402
     0]
 [   0    0    0    0    0    0    0    0    0    0    0    0    0    0
   620]]---
Accuracy : 96.44%
---
class acc :
	Healthy grass: 97.36
	Stressed grass: 98.13
	Synthetic grass: 100.00
	Trees: 99.06
	Soil: 100.00
	Water: 85.62
	Residential: 97.65
	Commercial: 87.17
	Road: 92.35
	Highway: 99.91
	Railway: 96.73
	Parking Lot 1: 94.22
	Parking Lot 2: 95.24
	Tennis Court: 100.00
	Running Track: 100.00
---
AA: 96.23%
Kappa: 96.15
run 2 / 5
Best validation overall accuracy 0.96875
Confusion matrix :
[[1172    4    0    0    0    0    0    0    0    0    0    0    0    0
     0]
 [   9 1170    0    0    0    0    0    0    0    0    0    0    0    0
     0]
 [   0    0  655    0    0    0    0    0    0    0    0    0    0    0
     0]
 [  70    0    0 1098    0    0    0    0    1    0    0    0    0    0
     0]
 [   0    0    0    0 1168    0    0    0    0    0    0    0    0    0
     0]
 [   4    0    0    0    0  264   38    0    0    0    0    0    0    0
     0]
 [   0    0    0    0    0    0 1162    7   22    0    0    0    0    0
     1]
 [   0    0    0    0    3    5    0 1099    1    0   35   26    0    0
     0]
 [   0    0    0    0    0    0    0    0 1025   66   15   71    0    0
     0]
 [   0    0    0    0    0    0    0    0    4 1148    2    0    0    0
     0]
 [   0    0    0    0    0    0   18    0   12    6 1124    0    1    0
     0]
 [   0    0    0    0   26    0   56    4    0    0    0 1071    2    0
     0]
 [   0    0    0    0    0    0    0    0    0    0    3    1  437    0
     0]
 [   0    0    0    0    0    0    0    0    0    0    0    0    0  402
     0]
 [   0    0    0    0    0    0    0    0    0    0    0    0    0    0
   620]]---
Accuracy : 96.37%
---
class acc :
	Healthy grass: 99.66
	Stressed grass: 99.24
	Synthetic grass: 100.00
	Trees: 93.93
	Soil: 100.00
	Water: 86.27
	Residential: 97.48
	Commercial: 94.01
	Road: 87.09
	Highway: 99.48
	Railway: 96.81
	Parking Lot 1: 92.41
	Parking Lot 2: 99.09
	Tennis Court: 100.00
	Running Track: 100.00
---
AA: 96.36%
Kappa: 96.07
run 3 / 5
Best validation overall accuracy 0.9598214285714286
Confusion matrix :
[[1016  102    0   58    0    0    0    0    0    0    0    0    0    0
     0]
 [   1 1178    0    0    0    0    0    0    0    0    0    0    0    0
     0]
 [   0    0  655    0    0    0    0    0    0    0    0    0    0    0
     0]
 [   5    0    0 1163    0    0    0    0    1    0    0    0    0    0
     0]
 [   0    0    0    0 1168    0    0    0    0    0    0    0    0    0
     0]
 [   0    0    4    0    0  296    0    2    4    0    0    0    0    0
     0]
 [   0    0    0    0    0    2 1160    0   13    0    9    0    8    0
     0]
 [   0    0    0    0    0    0   23 1027    6    0   33   51    1   18
    10]
 [   0    0    0    0    0    0    0    0 1077   57   29   14    0    0
     0]
 [   0    0    0    0    0    0    0    0    2 1147    0    3    2    0
     0]
 [   0    0    0    0    1    0    6    0    2    0 1152    0    0    0
     0]
 [   0    0    0    0    0    0   60    0    3   28    0 1068    0    0
     0]
 [   0    0    0    0    0    0    0    0    0    0    0    0  441    0
     0]
 [   0    0    0    0    0    0    0    0    0    0    0    0    0  402
     0]
 [   0    0    0    0    0    0    0    0    0    0    0    0    0    0
   620]]---
Accuracy : 96.05%
---
class acc :
	Healthy grass: 86.39
	Stressed grass: 99.92
	Synthetic grass: 100.00
	Trees: 99.49
	Soil: 100.00
	Water: 96.73
	Residential: 97.32
	Commercial: 87.85
	Road: 91.50
	Highway: 99.39
	Railway: 99.22
	Parking Lot 1: 92.15
	Parking Lot 2: 100.00
	Tennis Court: 100.00
	Running Track: 100.00
---
AA: 96.66%
Kappa: 95.73
run 4 / 5
Best validation overall accuracy 0.96875
Confusion matrix :
[[1132   14    0   30    0    0    0    0    0    0    0    0    0    0
     0]
 [   9 1170    0    0    0    0    0    0    0    0    0    0    0    0
     0]
 [   0    0  655    0    0    0    0    0    0    0    0    0    0    0
     0]
 [   3    0    0 1165    0    0    0    0    1    0    0    0    0    0
     0]
 [   0    0    0    0 1167    0    0    0    0    0    0    1    0    0
     0]
 [   0    0    0    0    0  261   39    0    6    0    0    0    0    0
     0]
 [   0    0    0    0    0    0 1171   11    0    0    4    6    0    0
     0]
 [   0    0    0    0    0    0    0 1074   18    0   16   30    4    6
    21]
 [   0    0    0    0   21    0    0    0 1115   26    0   15    0    0
     0]
 [   0    0    0    0    0    0    0    0   19 1113    5   14    3    0
     0]
 [   0    0    0    0    0    0    0    0    1    0 1150    0   10    0
     0]
 [   0    0    0    0    0    0   15    2   14    0   61 1067    0    0
     0]
 [   0    0    0    0    0    0    0    0    0    0    0    0  441    0
     0]
 [   0    0    0    0    0    0    0    0    0    0    0    0    0  402
     0]
 [   0    0    0    0    0    0    0    0    0    0    0    0    0    0
   620]]---
Accuracy : 96.99%
---
class acc :
	Healthy grass: 96.26
	Stressed grass: 99.24
	Synthetic grass: 100.00
	Trees: 99.66
	Soil: 99.91
	Water: 85.29
	Residential: 98.24
	Commercial: 91.87
	Road: 94.73
	Highway: 96.45
	Railway: 99.05
	Parking Lot 1: 92.06
	Parking Lot 2: 100.00
	Tennis Court: 100.00
	Running Track: 100.00
---
AA: 96.85%
Kappa: 96.75
run 5 / 5
Best validation overall accuracy 0.9709821428571429
Confusion matrix :
[[1162    0    0   14    0    0    0    0    0    0    0    0    0    0
     0]
 [  17 1162    0    0    0    0    0    0    0    0    0    0    0    0
     0]
 [   0    0  655    0    0    0    0    0    0    0    0    0    0    0
     0]
 [  15    0    0 1154    0    0    0    0    0    0    0    0    0    0
     0]
 [   0    0    0    0 1168    0    0    0    0    0    0    0    0    0
     0]
 [   4    0    0    0    0  296    0    0    6    0    0    0    0    0
     0]
 [   0    0    0    0    0    0 1148    5    9    9   15    0    0    0
     6]
 [   0   33    0    0    0    0    0 1042   23    0    0   42    0    9
    20]
 [   0    0    0    0    0    0    0    0 1120   25   32    0    0    0
     0]
 [   0    0    0    0    0    0    0    0    0 1128   15   11    0    0
     0]
 [   0    0    0    0    0    0    0    0    0    0 1159    0    2    0
     0]
 [   0    0    0    0    0    0   57   26   13    0   48 1015    0    0
     0]
 [   0    0    0    0    0    0    0    0    0    4    7    1  429    0
     0]
 [   0    0    0    0    0    0    0    0    0    0    0    0    0  402
     0]
 [   0    0    0    0    0    0    0    0    0    0    0    0    0    0
   620]]---
Accuracy : 96.69%
---
class acc :
	Healthy grass: 98.81
	Stressed grass: 98.56
	Synthetic grass: 100.00
	Trees: 98.72
	Soil: 100.00
	Water: 96.73
	Residential: 96.31
	Commercial: 89.14
	Road: 95.16
	Highway: 97.75
	Railway: 99.83
	Parking Lot 1: 87.58
	Parking Lot 2: 97.28
	Tennis Court: 100.00
	Running Track: 100.00
---
AA: 97.06%
Kappa: 96.42
Agregated results :
Confusion matrix :
[[1.1254e+03 2.6800e+01 0.0000e+00 2.3800e+01 0.0000e+00 0.0000e+00
  0.0000e+00 0.0000e+00 0.0000e+00 0.0000e+00 0.0000e+00 0.0000e+00
  0.0000e+00 0.0000e+00 0.0000e+00]
 [1.1600e+01 1.1674e+03 0.0000e+00 0.0000e+00 0.0000e+00 0.0000e+00
  0.0000e+00 0.0000e+00 0.0000e+00 0.0000e+00 0.0000e+00 0.0000e+00
  0.0000e+00 0.0000e+00 0.0000e+00]
 [0.0000e+00 0.0000e+00 6.5500e+02 0.0000e+00 0.0000e+00 0.0000e+00
  0.0000e+00 0.0000e+00 0.0000e+00 0.0000e+00 0.0000e+00 0.0000e+00
  0.0000e+00 0.0000e+00 0.0000e+00]
 [1.8600e+01 0.0000e+00 0.0000e+00 1.1476e+03 0.0000e+00 0.0000e+00
  2.2000e+00 0.0000e+00 6.0000e-01 0.0000e+00 0.0000e+00 0.0000e+00
  0.0000e+00 0.0000e+00 0.0000e+00]
 [0.0000e+00 0.0000e+00 0.0000e+00 0.0000e+00 1.1678e+03 0.0000e+00
  0.0000e+00 0.0000e+00 0.0000e+00 0.0000e+00 0.0000e+00 2.0000e-01
  0.0000e+00 0.0000e+00 0.0000e+00]
 [1.6000e+00 0.0000e+00 8.0000e-01 0.0000e+00 0.0000e+00 2.7580e+02
  2.3200e+01 4.0000e-01 4.2000e+00 0.0000e+00 0.0000e+00 0.0000e+00
  0.0000e+00 0.0000e+00 0.0000e+00]
 [0.0000e+00 0.0000e+00 0.0000e+00 0.0000e+00 0.0000e+00 4.0000e-01
  1.1610e+03 6.0000e+00 1.0800e+01 1.8000e+00 5.8000e+00 3.2000e+00
  1.6000e+00 0.0000e+00 1.4000e+00]
 [0.0000e+00 6.6000e+00 0.0000e+00 0.0000e+00 1.6800e+01 1.6000e+00
  1.0200e+01 1.0522e+03 9.8000e+00 3.4000e+00 1.6800e+01 3.1600e+01
  1.4000e+00 6.6000e+00 1.2000e+01]
 [0.0000e+00 2.0000e-01 0.0000e+00 0.0000e+00 4.2000e+00 0.0000e+00
  8.0000e-01 2.0000e-01 1.0848e+03 3.9400e+01 2.0000e+01 2.7400e+01
  0.0000e+00 0.0000e+00 0.0000e+00]
 [0.0000e+00 0.0000e+00 0.0000e+00 0.0000e+00 0.0000e+00 0.0000e+00
  0.0000e+00 0.0000e+00 5.2000e+00 1.1378e+03 4.4000e+00 5.6000e+00
  1.0000e+00 0.0000e+00 0.0000e+00]
 [0.0000e+00 0.0000e+00 0.0000e+00 0.0000e+00 8.0000e-01 0.0000e+00
  5.8000e+00 0.0000e+00 9.0000e+00 1.2000e+00 1.1416e+03 0.0000e+00
  2.6000e+00 0.0000e+00 0.0000e+00]
 [0.0000e+00 0.0000e+00 0.0000e+00 0.0000e+00 5.8000e+00 0.0000e+00
  4.7200e+01 9.4000e+00 6.0000e+00 5.8000e+00 2.1800e+01 1.0626e+03
  4.0000e-01 0.0000e+00 0.0000e+00]
 [0.0000e+00 0.0000e+00 0.0000e+00 0.0000e+00 0.0000e+00 0.0000e+00
  0.0000e+00 0.0000e+00 0.0000e+00 1.2000e+00 5.2000e+00 1.0000e+00
  4.3360e+02 0.0000e+00 0.0000e+00]
 [0.0000e+00 0.0000e+00 0.0000e+00 0.0000e+00 0.0000e+00 0.0000e+00
  0.0000e+00 0.0000e+00 0.0000e+00 0.0000e+00 0.0000e+00 0.0000e+00
  0.0000e+00 4.0200e+02 0.0000e+00]
 [0.0000e+00 0.0000e+00 0.0000e+00 0.0000e+00 0.0000e+00 0.0000e+00
  0.0000e+00 0.0000e+00 0.0000e+00 0.0000e+00 0.0000e+00 0.0000e+00
  0.0000e+00 0.0000e+00 6.2000e+02]]---
Accuracy: 96.51 +- 0.32
---
class acc :
	Healthy grass: 95.70 +- 4.80
	Stressed grass: 99.02 +- 0.62
	Synthetic grass: 100.00 +- 0.00
	Trees: 98.17 +- 2.15
	Soil: 99.98 +- 0.03
	Water: 90.13 +- 5.40
	Residential: 97.40 +- 0.63
	Commercial: 90.01 +- 2.57
	Road: 92.17 +- 2.89
	Highway: 98.60 +- 1.30
	Railway: 98.33 +- 1.30
	Parking Lot 1: 91.68 +- 2.20
	Parking Lot 2: 98.32 +- 1.83
	Tennis Court: 100.00 +- 0.00
	Running Track: 100.00 +- 0.00
---
AA: 96.63 +- 0.30
Kappa: 96.22 +- 0.34
