run 1 / 5
Best validation overall accuracy 0.96875
Confusion matrix :
[[1144   16    0   16    0    0    0    0    0    0    0    0    0    0
     0]
 [   9 1170    0    0    0    0    0    0    0    0    0    0    0    0
     0]
 [   0    0  655    0    0    0    0    0    0    0    0    0    0    0
     0]
 [   0    0    0 1169    0    0    0    0    0    0    0    0    0    0
     0]
 [   0    0    0    0 1168    0    0    0    0    0    0    0    0    0
     0]
 [   0    0    0    0    0  262   39    0    5    0    0    0    0    0
     0]
 [   0    0    0    0    0    0 1141    9   23    0    6    7    6    0
     0]
 [   0    0    0    0   57    0   50 1025    1   17    4    5    1    0
     9]
 [   0    0    0    0    0    0    2    0 1123   30   22    0    0    0
     0]
 [   0    0    0    0    0    0    0    0    0 1154    0    0    0    0
     0]
 [   0    0    0    0    2    0    0    0   30    3 1125    0    1    0
     0]
 [   0    0    0    0    3    0   17   35   11   40    0 1034   19    0
     0]
 [   0    0    0    0    0    0    0    0    0    3   15    0  423    0
     0]
 [   0    0    0    0    0    0    0    0    0    0    0    0    0  402
     0]
 [   0    0    0    0    0    0    0    0    0    0    0    0    0    0
   620]]---
Accuracy : 96.37%
---
class acc :
	Healthy grass: 97.28
	Stressed grass: 99.24
	Synthetic grass: 100.00
	Trees: 100.00
	Soil: 100.00
	Water: 85.62
	Residential: 95.72
	Commercial: 87.68
	Road: 95.41
	Highway: 100.00
	Railway: 96.90
	Parking Lot 1: 89.21
	Parking Lot 2: 95.92
	Tennis Court: 100.00
	Running Track: 100.00
---
AA: 96.20%
Kappa: 96.07
run 2 / 5
Best validation overall accuracy 0.9709821428571429
Confusion matrix :
[[1147   29    0    0    0    0    0    0    0    0    0    0    0    0
     0]
 [   6 1173    0    0    0    0    0    0    0    0    0    0    0    0
     0]
 [   0    0  655    0    0    0    0    0    0    0    0    0    0    0
     0]
 [  70    0    0 1098    0    0    0    0    1    0    0    0    0    0
     0]
 [   0    0    0    0 1168    0    0    0    0    0    0    0    0    0
     0]
 [   2    0    0    0    0  266   38    0    0    0    0    0    0    0
     0]
 [   0    0    0    0    0    0 1172    7    8    0    0    0    0    0
     5]
 [   0    0    0    0    5    7    0 1103   14    1   15   12    3    0
     9]
 [   0    0    0    0    0    0    2   14 1074   61    9   17    0    0
     0]
 [   0    0    0    0    0    0    0    0   26 1127    0    1    0    0
     0]
 [   0    0    0    0    0    0   12    0   12    2 1134    0    1    0
     0]
 [   0    0    0    0    0    0   56    9    2   77    0 1015    0    0
     0]
 [   0    0    0    0    0    0    0    0    0    8    9    3  421    0
     0]
 [   0    0    0    0    0    0    0    0    0    0    0    0    0  402
     0]
 [   0    0    0    0    0    0    0    0    0    0    0    0    0    0
   620]]---
Accuracy : 96.09%
---
class acc :
	Healthy grass: 97.53
	Stressed grass: 99.49
	Synthetic grass: 100.00
	Trees: 93.93
	Soil: 100.00
	Water: 86.93
	Residential: 98.32
	Commercial: 94.35
	Road: 91.25
	Highway: 97.66
	Railway: 97.67
	Parking Lot 1: 87.58
	Parking Lot 2: 95.46
	Tennis Court: 100.00
	Running Track: 100.00
---
AA: 96.01%
Kappa: 95.77
run 3 / 5
Best validation overall accuracy 0.9620535714285714
Confusion matrix :
[[1027   60    0   89    0    0    0    0    0    0    0    0    0    0
     0]
 [   4 1174    0    1    0    0    0    0    0    0    0    0    0    0
     0]
 [   0    0  655    0    0    0    0    0    0    0    0    0    0    0
     0]
 [   7    0    0 1161    0    0    0    0    1    0    0    0    0    0
     0]
 [   0    0    0    0 1168    0    0    0    0    0    0    0    0    0
     0]
 [   0    0    0    0    0  287   13    0    6    0    0    0    0    0
     0]
 [   0    0    0    0    0    0 1173    0    8    0    3    8    0    0
     0]
 [   0    0    0    0    0    0   28 1016   22    0   20   55    0   18
    10]
 [   0    0    0    0    0    0    1    0 1098   29   29   20    0    0
     0]
 [   0    0    0    0    0    0    0    0    1 1120    1   32    0    0
     0]
 [   0    0    0    0    0    0   12    0    0    4 1145    0    0    0
     0]
 [   0    0    0    0    0    0   60    0    4   13    0 1082    0    0
     0]
 [   0    0    0    0    0    0    0    0    0    1   11    3  426    0
     0]
 [   0    0    0    0    0    0    0    0    0    0    0    0    0  402
     0]
 [   0    0    0    0    0    0    0    0    0    0    0    0    0    0
   620]]---
Accuracy : 95.94%
---
class acc :
	Healthy grass: 87.33
	Stressed grass: 99.58
	Synthetic grass: 100.00
	Trees: 99.32
	Soil: 100.00
	Water: 93.79
	Residential: 98.41
	Commercial: 86.91
	Road: 93.29
	Highway: 97.05
	Railway: 98.62
	Parking Lot 1: 93.36
	Parking Lot 2: 96.60
	Tennis Court: 100.00
	Running Track: 100.00
---
AA: 96.28%
Kappa: 95.61
run 4 / 5
Best validation overall accuracy 0.96875
Confusion matrix :
[[1092   60    0   24    0    0    0    0    0    0    0    0    0    0
     0]
 [   3 1176    0    0    0    0    0    0    0    0    0    0    0    0
     0]
 [   0    0  655    0    0    0    0    0    0    0    0    0    0    0
     0]
 [   0    9    0 1158    0    0    0    0    2    0    0    0    0    0
     0]
 [   0    0    0    0 1168    0    0    0    0    0    0    0    0    0
     0]
 [   0    0    0    0    0  261   39    0    6    0    0    0    0    0
     0]
 [   0    0    0    0    0    0 1181   11    0    0    0    0    0    0
     0]
 [   0    0    0    0    0    0    0 1078    3    0   15   42    4    3
    24]
 [   0    0    0    0   21    0    0    0 1043   63    4   46    0    0
     0]
 [   0    0    0    0    0    0    0    1   36 1117    0    0    0    0
     0]
 [   0    0    0    0    0    0    0    0    5    7 1139    0   10    0
     0]
 [   0    0    0    0    0    0   38   24    3    0   46 1048    0    0
     0]
 [   0    0    0    0    0    0    1    0    0    0    0    0  440    0
     0]
 [   0    0    0    0    0    0    0    0    0    0    0    0    0  402
     0]
 [   0    0    0    0    0    0    0    0    0    0    0    0    0    0
   620]]---
Accuracy : 96.11%
---
class acc :
	Healthy grass: 92.86
	Stressed grass: 99.75
	Synthetic grass: 100.00
	Trees: 99.06
	Soil: 100.00
	Water: 85.29
	Residential: 99.08
	Commercial: 92.22
	Road: 88.62
	Highway: 96.79
	Railway: 98.11
	Parking Lot 1: 90.42
	Parking Lot 2: 99.77
	Tennis Court: 100.00
	Running Track: 100.00
---
AA: 96.13%
Kappa: 95.79
run 5 / 5
Best validation overall accuracy 0.9709821428571429
Confusion matrix :
[[1137    6    0   33    0    0    0    0    0    0    0    0    0    0
     0]
 [   9 1170    0    0    0    0    0    0    0    0    0    0    0    0
     0]
 [   0    0  654    0    0    0    0    0    0    0    0    0    0    0
     1]
 [   9    0    0 1160    0    0    0    0    0    0    0    0    0    0
     0]
 [   0    0    0    0 1168    0    0    0    0    0    0    0    0    0
     0]
 [   0    0    0    0    0  298    2    0    6    0    0    0    0    0
     0]
 [   0    0    0    0    0    0 1178    0   13    0    1    0    0    0
     0]
 [   0   33    0    0    0    0    0 1062    4    0    0   40    1   13
    16]
 [   0    0    0    0    1    0   35    0 1110    3   28    0    0    0
     0]
 [   0    0    0    0    0    0    0    0   31 1077   29   17    0    0
     0]
 [   0    0    0    0    0    0   11    0    3    0 1143    0    4    0
     0]
 [   0    0    0    0    0    0   35   43   29    2   27 1023    0    0
     0]
 [   0    0    0    0    0    0    0    0    0    0   17    2  422    0
     0]
 [   0    0    0    0    0    0    0    0    0    0    0    0    0  402
     0]
 [   0    0    0    0    0    0    0    0    0    0    0    0    0    0
   620]]---
Accuracy : 96.43%
---
class acc :
	Healthy grass: 96.68
	Stressed grass: 99.24
	Synthetic grass: 99.85
	Trees: 99.23
	Soil: 100.00
	Water: 97.39
	Residential: 98.83
	Commercial: 90.85
	Road: 94.31
	Highway: 93.33
	Railway: 98.45
	Parking Lot 1: 88.27
	Parking Lot 2: 95.69
	Tennis Court: 100.00
	Running Track: 100.00
---
AA: 96.81%
Kappa: 96.14
Agregated results :
Confusion matrix :
[[1.1094e+03 3.4200e+01 0.0000e+00 3.2400e+01 0.0000e+00 0.0000e+00
  0.0000e+00 0.0000e+00 0.0000e+00 0.0000e+00 0.0000e+00 0.0000e+00
  0.0000e+00 0.0000e+00 0.0000e+00]
 [6.2000e+00 1.1726e+03 0.0000e+00 2.0000e-01 0.0000e+00 0.0000e+00
  0.0000e+00 0.0000e+00 0.0000e+00 0.0000e+00 0.0000e+00 0.0000e+00
  0.0000e+00 0.0000e+00 0.0000e+00]
 [0.0000e+00 0.0000e+00 6.5480e+02 0.0000e+00 0.0000e+00 0.0000e+00
  0.0000e+00 0.0000e+00 0.0000e+00 0.0000e+00 0.0000e+00 0.0000e+00
  0.0000e+00 0.0000e+00 2.0000e-01]
 [1.7200e+01 1.8000e+00 0.0000e+00 1.1492e+03 0.0000e+00 0.0000e+00
  0.0000e+00 0.0000e+00 8.0000e-01 0.0000e+00 0.0000e+00 0.0000e+00
  0.0000e+00 0.0000e+00 0.0000e+00]
 [0.0000e+00 0.0000e+00 0.0000e+00 0.0000e+00 1.1680e+03 0.0000e+00
  0.0000e+00 0.0000e+00 0.0000e+00 0.0000e+00 0.0000e+00 0.0000e+00
  0.0000e+00 0.0000e+00 0.0000e+00]
 [4.0000e-01 0.0000e+00 0.0000e+00 0.0000e+00 0.0000e+00 2.7480e+02
  2.6200e+01 0.0000e+00 4.6000e+00 0.0000e+00 0.0000e+00 0.0000e+00
  0.0000e+00 0.0000e+00 0.0000e+00]
 [0.0000e+00 0.0000e+00 0.0000e+00 0.0000e+00 0.0000e+00 0.0000e+00
  1.1690e+03 5.4000e+00 1.0400e+01 0.0000e+00 2.0000e+00 3.0000e+00
  1.2000e+00 0.0000e+00 1.0000e+00]
 [0.0000e+00 6.6000e+00 0.0000e+00 0.0000e+00 1.2400e+01 1.4000e+00
  1.5600e+01 1.0568e+03 8.8000e+00 3.6000e+00 1.0800e+01 3.0800e+01
  1.8000e+00 6.8000e+00 1.3600e+01]
 [0.0000e+00 0.0000e+00 0.0000e+00 0.0000e+00 4.4000e+00 0.0000e+00
  8.0000e+00 2.8000e+00 1.0896e+03 3.7200e+01 1.8400e+01 1.6600e+01
  0.0000e+00 0.0000e+00 0.0000e+00]
 [0.0000e+00 0.0000e+00 0.0000e+00 0.0000e+00 0.0000e+00 0.0000e+00
  0.0000e+00 2.0000e-01 1.8800e+01 1.1190e+03 6.0000e+00 1.0000e+01
  0.0000e+00 0.0000e+00 0.0000e+00]
 [0.0000e+00 0.0000e+00 0.0000e+00 0.0000e+00 4.0000e-01 0.0000e+00
  7.0000e+00 0.0000e+00 1.0000e+01 3.2000e+00 1.1372e+03 0.0000e+00
  3.2000e+00 0.0000e+00 0.0000e+00]
 [0.0000e+00 0.0000e+00 0.0000e+00 0.0000e+00 6.0000e-01 0.0000e+00
  4.1200e+01 2.2200e+01 9.8000e+00 2.6400e+01 1.4600e+01 1.0404e+03
  3.8000e+00 0.0000e+00 0.0000e+00]
 [0.0000e+00 0.0000e+00 0.0000e+00 0.0000e+00 0.0000e+00 0.0000e+00
  2.0000e-01 0.0000e+00 0.0000e+00 2.4000e+00 1.0400e+01 1.6000e+00
  4.2640e+02 0.0000e+00 0.0000e+00]
 [0.0000e+00 0.0000e+00 0.0000e+00 0.0000e+00 0.0000e+00 0.0000e+00
  0.0000e+00 0.0000e+00 0.0000e+00 0.0000e+00 0.0000e+00 0.0000e+00
  0.0000e+00 4.0200e+02 0.0000e+00]
 [0.0000e+00 0.0000e+00 0.0000e+00 0.0000e+00 0.0000e+00 0.0000e+00
  0.0000e+00 0.0000e+00 0.0000e+00 0.0000e+00 0.0000e+00 0.0000e+00
  0.0000e+00 0.0000e+00 6.2000e+02]]---
Accuracy: 96.19 +- 0.19
---
class acc :
	Healthy grass: 94.34 +- 3.89
	Stressed grass: 99.46 +- 0.20
	Synthetic grass: 99.97 +- 0.06
	Trees: 98.31 +- 2.21
	Soil: 100.00 +- 0.00
	Water: 89.80 +- 4.89
	Residential: 98.07 +- 1.21
	Commercial: 90.40 +- 2.78
	Road: 92.57 +- 2.41
	Highway: 96.97 +- 2.14
	Railway: 97.95 +- 0.62
	Parking Lot 1: 89.77 +- 2.03
	Parking Lot 2: 96.69 +- 1.59
	Tennis Court: 100.00 +- 0.00
	Running Track: 100.00 +- 0.00
---
AA: 96.29 +- 0.27
Kappa: 95.88 +- 0.20
