run 1 / 5
Best validation overall accuracy 0.96875
Confusion matrix :
[[1161    4    0   11    0    0    0    0    0    0    0    0    0    0
     0]
 [  35 1143    0    1    0    0    0    0    0    0    0    0    0    0
     0]
 [   0    0  655    0    0    0    0    0    0    0    0    0    0    0
     0]
 [   0    0    0 1169    0    0    0    0    0    0    0    0    0    0
     0]
 [   0    0    0    0 1168    0    0    0    0    0    0    0    0    0
     0]
 [   0    0    0    0    0  265   39    0    2    0    0    0    0    0
     0]
 [   0    0    0    0    0    0 1148   12   19    0   11    2    0    0
     0]
 [   0    0    0    0   54    0   48 1030    1   17    0   10    0    0
     9]
 [   0    0    0    0    0    0    4   19 1062   30   25   37    0    0
     0]
 [   0    0    0    0    0    0    0    0    0 1151    3    0    0    0
     0]
 [   0    0    0    0    1    0    0    0   30    0 1129    0    1    0
     0]
 [   0    0    0    0    0    0   57   46    0    9    0 1047    0    0
     0]
 [   0    0    0    0    0    0    0    0    0    0   18    0  423    0
     0]
 [   0    0    0    0    0    0    0    0    0    0    0    0    0  402
     0]
 [   0    0    0    0    0    0    0    0    0    0    0    0    0    0
   620]]---
Accuracy : 96.07%
---
class acc :
	Healthy grass: 98.72
	Stressed grass: 96.95
	Synthetic grass: 100.00
	Trees: 100.00
	Soil: 100.00
	Water: 86.60
	Residential: 96.31
	Commercial: 88.11
	Road: 90.23
	Highway: 99.74
	Railway: 97.24
	Parking Lot 1: 90.34
	Parking Lot 2: 95.92
	Tennis Court: 100.00
	Running Track: 100.00
---
AA: 96.01%
Kappa: 95.75
run 2 / 5
Best validation overall accuracy 0.9709821428571429
Confusion matrix :
[[1171    0    0    5    0    0    0    0    0    0    0    0    0    0
     0]
 [  26 1153    0    0    0    0    0    0    0    0    0    0    0    0
     0]
 [   0    0  655    0    0    0    0    0    0    0    0    0    0    0
     0]
 [  70    0    0 1099    0    0    0    0    0    0    0    0    0    0
     0]
 [   0    0    0    0 1168    0    0    0    0    0    0    0    0    0
     0]
 [   0    0    0    0    0  267   37    0    1    0    0    0    0    1
     0]
 [   2    0    0    0    0    0 1161   12   16    0    0    0    0    0
     1]
 [   0    0    0    0    4    0    0 1108    1    0   30   25    1    0
     0]
 [   0    0    0    0    0    0    0    2 1050   47   41   37    0    0
     0]
 [   0    0    0    0    1    0    0    0   10 1093   23   26    1    0
     0]
 [   0    0    0    0    0    0    7    0    4    1 1147    0    2    0
     0]
 [   0    0    0    0    0    0   51   13    0    4    0 1091    0    0
     0]
 [   0    0    0    0    0    0    0    0    0    0   11    1  429    0
     0]
 [   0    0    0    0    0    0    0    0    0    0    0    0    0  402
     0]
 [   0    0    0    0    0    0    0    0    0    0    0    0    0    0
   620]]---
Accuracy : 96.36%
---
class acc :
	Healthy grass: 99.57
	Stressed grass: 97.79
	Synthetic grass: 100.00
	Trees: 94.01
	Soil: 100.00
	Water: 87.25
	Residential: 97.40
	Commercial: 94.78
	Road: 89.21
	Highway: 94.71
	Railway: 98.79
	Parking Lot 1: 94.13
	Parking Lot 2: 97.28
	Tennis Court: 100.00
	Running Track: 100.00
---
AA: 96.33%
Kappa: 96.07
run 3 / 5
Best validation overall accuracy 0.9598214285714286
Confusion matrix :
[[1012  106    0   58    0    0    0    0    0    0    0    0    0    0
     0]
 [   1 1178    0    0    0    0    0    0    0    0    0    0    0    0
     0]
 [   0    0  642    0    0    0   13    0    0    0    0    0    0    0
     0]
 [   0    0    0 1168    0    0    0    0    1    0    0    0    0    0
     0]
 [   0    0    0    0 1168    0    0    0    0    0    0    0    0    0
     0]
 [   0    0    0    0    0  285   15    0    6    0    0    0    0    0
     0]
 [   0    0    0    0    0    0 1174    0   10    0    8    0    0    0
     0]
 [   0    0    0    0    0    0   30 1003   15    0   47   46    0   19
     9]
 [   0    0    0    0    0    0    0    0 1068   56   46    7    0    0
     0]
 [   0    0    0    0    0    0    0    0    0 1118   11   25    0    0
     0]
 [   0    0    0    0    0    0    7    0    0    0 1153    0    1    0
     0]
 [   0    0    0    0    0    0   60    0   10    2    0 1087    0    0
     0]
 [   0    0    0    0    0    0    0    0    0    1   18    0  422    0
     0]
 [   0    0    0    0    0    0    0    0    0    0    0    0    0  402
     0]
 [   0    0    0    0    0    0    0    0    0    0    0    0    0    0
   620]]---
Accuracy : 95.55%
---
class acc :
	Healthy grass: 86.05
	Stressed grass: 99.92
	Synthetic grass: 98.02
	Trees: 99.91
	Soil: 100.00
	Water: 93.14
	Residential: 98.49
	Commercial: 85.80
	Road: 90.74
	Highway: 96.88
	Railway: 99.31
	Parking Lot 1: 93.79
	Parking Lot 2: 95.69
	Tennis Court: 100.00
	Running Track: 100.00
---
AA: 95.85%
Kappa: 95.19
run 4 / 5
Best validation overall accuracy 0.96875
Confusion matrix :
[[1093   59    0   24    0    0    0    0    0    0    0    0    0    0
     0]
 [   6 1173    0    0    0    0    0    0    0    0    0    0    0    0
     0]
 [   0    0  655    0    0    0    0    0    0    0    0    0    0    0
     0]
 [   0    0    0 1168    0    0    0    0    1    0    0    0    0    0
     0]
 [   0    0    0    0 1168    0    0    0    0    0    0    0    0    0
     0]
 [   0    0    0    0    0  261   39    0    6    0    0    0    0    0
     0]
 [   0    0    0    0    0    0 1174    2    0    0    0   16    0    0
     0]
 [   0    0    0    0    0    0    0 1071   10    0   18   43    0    2
    25]
 [   0    0    0    0   21    0    0    0 1101   20    1   34    0    0
     0]
 [   0    0    0    0    0    0    0    0   11 1114    8   21    0    0
     0]
 [   0    0    0    0    0    0    0    0    0    0 1160    0    1    0
     0]
 [   0    0    0    0    0    0   24    5    3    0   61 1066    0    0
     0]
 [   0    0    0    0    0    0    0    2    0    0    0    1  438    0
     0]
 [   0    0    0    0    0    0    0    0    0    0    0    0    0  402
     0]
 [   0    0    0    0    0    0    0    0    0    0    0    0    0    0
   620]]---
Accuracy : 96.72%
---
class acc :
	Healthy grass: 92.94
	Stressed grass: 99.49
	Synthetic grass: 100.00
	Trees: 99.91
	Soil: 100.00
	Water: 85.29
	Residential: 98.49
	Commercial: 91.62
	Road: 93.54
	Highway: 96.53
	Railway: 99.91
	Parking Lot 1: 91.98
	Parking Lot 2: 99.32
	Tennis Court: 100.00
	Running Track: 100.00
---
AA: 96.60%
Kappa: 96.45
run 5 / 5
Best validation overall accuracy 0.9776785714285714
Confusion matrix :
[[1169    1    0    6    0    0    0    0    0    0    0    0    0    0
     0]
 [  12 1167    0    0    0    0    0    0    0    0    0    0    0    0
     0]
 [   0    0  654    0    0    0    0    0    0    0    0    0    0    0
     1]
 [  11    0    0 1157    0    0    0    0    1    0    0    0    0    0
     0]
 [   0    0    0    0 1168    0    0    0    0    0    0    0    0    0
     0]
 [   0    0    0    0    0  300    0    2    4    0    0    0    0    0
     0]
 [   0    0    0    0    0    0 1151   11   13    7    9    0    1    0
     0]
 [   0    0    0    0    1    0    0 1093    1    0    0   41    1   23
     9]
 [   0    0    0    0    0    0   10    4 1102   20   41    0    0    0
     0]
 [   0    0    0    0    0    0    0    0    0 1141    1   12    0    0
     0]
 [   0    0    0    0    0    0    0    0    0    3 1153    0    5    0
     0]
 [   0    0    0    0    0    0   14   30    4    0   45 1063    3    0
     0]
 [   0    0    0    0    0    0    0    1    0    4    5    2  429    0
     0]
 [   0    0    0    0    0    0    0    0    0    0    0    0    0  402
     0]
 [   0    0    0    0    0    0    0    0    0    0    0    0    0    0
   620]]---
Accuracy : 97.46%
---
class acc :
	Healthy grass: 99.40
	Stressed grass: 98.98
	Synthetic grass: 99.85
	Trees: 98.97
	Soil: 100.00
	Water: 98.04
	Residential: 96.56
	Commercial: 93.50
	Road: 93.63
	Highway: 98.87
	Railway: 99.31
	Parking Lot 1: 91.72
	Parking Lot 2: 97.28
	Tennis Court: 100.00
	Running Track: 100.00
---
AA: 97.74%
Kappa: 97.25
Agregated results :
Confusion matrix :
[[1.1212e+03 3.4000e+01 0.0000e+00 2.0800e+01 0.0000e+00 0.0000e+00
  0.0000e+00 0.0000e+00 0.0000e+00 0.0000e+00 0.0000e+00 0.0000e+00
  0.0000e+00 0.0000e+00 0.0000e+00]
 [1.6000e+01 1.1628e+03 0.0000e+00 2.0000e-01 0.0000e+00 0.0000e+00
  0.0000e+00 0.0000e+00 0.0000e+00 0.0000e+00 0.0000e+00 0.0000e+00
  0.0000e+00 0.0000e+00 0.0000e+00]
 [0.0000e+00 0.0000e+00 6.5220e+02 0.0000e+00 0.0000e+00 0.0000e+00
  2.6000e+00 0.0000e+00 0.0000e+00 0.0000e+00 0.0000e+00 0.0000e+00
  0.0000e+00 0.0000e+00 2.0000e-01]
 [1.6200e+01 0.0000e+00 0.0000e+00 1.1522e+03 0.0000e+00 0.0000e+00
  0.0000e+00 0.0000e+00 6.0000e-01 0.0000e+00 0.0000e+00 0.0000e+00
  0.0000e+00 0.0000e+00 0.0000e+00]
 [0.0000e+00 0.0000e+00 0.0000e+00 0.0000e+00 1.1680e+03 0.0000e+00
  0.0000e+00 0.0000e+00 0.0000e+00 0.0000e+00 0.0000e+00 0.0000e+00
  0.0000e+00 0.0000e+00 0.0000e+00]
 [0.0000e+00 0.0000e+00 0.0000e+00 0.0000e+00 0.0000e+00 2.7560e+02
  2.6000e+01 4.0000e-01 3.8000e+00 0.0000e+00 0.0000e+00 0.0000e+00
  0.0000e+00 2.0000e-01 0.0000e+00]
 [4.0000e-01 0.0000e+00 0.0000e+00 0.0000e+00 0.0000e+00 0.0000e+00
  1.1616e+03 7.4000e+00 1.1600e+01 1.4000e+00 5.6000e+00 3.6000e+00
  2.0000e-01 0.0000e+00 2.0000e-01]
 [0.0000e+00 0.0000e+00 0.0000e+00 0.0000e+00 1.1800e+01 0.0000e+00
  1.5600e+01 1.0610e+03 5.6000e+00 3.4000e+00 1.9000e+01 3.3000e+01
  4.0000e-01 8.8000e+00 1.0400e+01]
 [0.0000e+00 0.0000e+00 0.0000e+00 0.0000e+00 4.2000e+00 0.0000e+00
  2.8000e+00 5.0000e+00 1.0766e+03 3.4600e+01 3.0800e+01 2.3000e+01
  0.0000e+00 0.0000e+00 0.0000e+00]
 [0.0000e+00 0.0000e+00 0.0000e+00 0.0000e+00 2.0000e-01 0.0000e+00
  0.0000e+00 0.0000e+00 4.2000e+00 1.1234e+03 9.2000e+00 1.6800e+01
  2.0000e-01 0.0000e+00 0.0000e+00]
 [0.0000e+00 0.0000e+00 0.0000e+00 0.0000e+00 2.0000e-01 0.0000e+00
  2.8000e+00 0.0000e+00 6.8000e+00 8.0000e-01 1.1484e+03 0.0000e+00
  2.0000e+00 0.0000e+00 0.0000e+00]
 [0.0000e+00 0.0000e+00 0.0000e+00 0.0000e+00 0.0000e+00 0.0000e+00
  4.1200e+01 1.8800e+01 3.4000e+00 3.0000e+00 2.1200e+01 1.0708e+03
  6.0000e-01 0.0000e+00 0.0000e+00]
 [0.0000e+00 0.0000e+00 0.0000e+00 0.0000e+00 0.0000e+00 0.0000e+00
  0.0000e+00 6.0000e-01 0.0000e+00 1.0000e+00 1.0400e+01 8.0000e-01
  4.2820e+02 0.0000e+00 0.0000e+00]
 [0.0000e+00 0.0000e+00 0.0000e+00 0.0000e+00 0.0000e+00 0.0000e+00
  0.0000e+00 0.0000e+00 0.0000e+00 0.0000e+00 0.0000e+00 0.0000e+00
  0.0000e+00 4.0200e+02 0.0000e+00]
 [0.0000e+00 0.0000e+00 0.0000e+00 0.0000e+00 0.0000e+00 0.0000e+00
  0.0000e+00 0.0000e+00 0.0000e+00 0.0000e+00 0.0000e+00 0.0000e+00
  0.0000e+00 0.0000e+00 6.2000e+02]]---
Accuracy: 96.43 +- 0.64
---
class acc :
	Healthy grass: 95.34 +- 5.25
	Stressed grass: 98.63 +- 1.10
	Synthetic grass: 99.57 +- 0.78
	Trees: 98.56 +- 2.31
	Soil: 100.00 +- 0.00
	Water: 90.07 +- 4.81
	Residential: 97.45 +- 0.92
	Commercial: 90.76 +- 3.35
	Road: 91.47 +- 1.80
	Highway: 97.35 +- 1.78
	Railway: 98.91 +- 0.91
	Parking Lot 1: 92.39 +- 1.40
	Parking Lot 2: 97.10 +- 1.29
	Tennis Court: 100.00 +- 0.00
	Running Track: 100.00 +- 0.00
---
AA: 96.51 +- 0.67
Kappa: 96.14 +- 0.69
