run 1 / 5
Best validation overall accuracy 0.96875
Confusion matrix :
[[1171    0    0    5    0    0    0    0    0    0    0    0    0    0
     0]
 [  64 1115    0    0    0    0    0    0    0    0    0    0    0    0
     0]
 [   0    0  651    0    0    0    0    0    0    0    0    0    0    0
     4]
 [  16    0    0 1151    0    0    1    0    1    0    0    0    0    0
     0]
 [   0    0    0    0 1168    0    0    0    0    0    0    0    0    0
     0]
 [   0    0    0    0    0  264   42    0    0    0    0    0    0    0
     0]
 [   0    0    0    0    0    0 1151    0   34    0    0    2    5    0
     0]
 [   1    0    0    0   66    0   48 1002    5   17    4    0    6    0
    20]
 [   0    0    0    0    3    0    9    0 1115   24   21    5    0    0
     0]
 [   0    0    0    0    0    0    0    0    0 1152    2    0    0    0
     0]
 [   0    0    0    0    2    0    0    0   29    0 1126    0    4    0
     0]
 [   0    0    0    0    0    0   35    0   15    1    0 1092   16    0
     0]
 [   0    0    0    0    0    0    4    0    0    1   17    0  419    0
     0]
 [   0    0    0    0    0    0    0    0    0    0    0    0    1  401
     0]
 [   0    0    0    0    0    0    0    0    0    0    0    0    0    0
   620]]---
Accuracy : 96.25%
---
class acc :
	Healthy grass: 99.57
	Stressed grass: 94.57
	Synthetic grass: 99.39
	Trees: 98.46
	Soil: 100.00
	Water: 86.27
	Residential: 96.56
	Commercial: 85.71
	Road: 94.73
	Highway: 99.83
	Railway: 96.99
	Parking Lot 1: 94.22
	Parking Lot 2: 95.01
	Tennis Court: 99.75
	Running Track: 100.00
---
AA: 96.07%
Kappa: 95.94
run 2 / 5
Best validation overall accuracy 0.9754464285714286
Confusion matrix :
[[1163    0    0   13    0    0    0    0    0    0    0    0    0    0
     0]
 [   7 1172    0    0    0    0    0    0    0    0    0    0    0    0
     0]
 [   0    0  654    0    0    0    0    0    0    0    0    0    0    0
     1]
 [  70    0    0 1098    0    0    0    0    1    0    0    0    0    0
     0]
 [   0    0    0    0 1168    0    0    0    0    0    0    0    0    0
     0]
 [  10    0    0    0    0  258   38    0    0    0    0    0    0    0
     0]
 [   0    0    0    2    0    0 1178    0    8    0    0    0    4    0
     0]
 [   0    0    0    0    8    1    0 1099    1    0   12   45    3    0
     0]
 [   0    0    0    0    0    0    5    0 1089   29    0   54    0    0
     0]
 [   0    0    0    0    0    0    0    0    4 1131    0   19    0    0
     0]
 [   0    0    0    0    0    0    9    0   28   18 1097    0    9    0
     0]
 [   0    0    0    0   18    0   31    0    2    1    0 1092   13    2
     0]
 [   0    0    0    0    0    0    0    0    0   11    0    4  426    0
     0]
 [   0    0    0    0    0    0    0    0    0    0    0    0    0  402
     0]
 [   0    0    0    0    0    0    0    0    0    0    0    0    0    0
   620]]---
Accuracy : 96.60%
---
class acc :
	Healthy grass: 98.89
	Stressed grass: 99.41
	Synthetic grass: 99.85
	Trees: 93.93
	Soil: 100.00
	Water: 84.31
	Residential: 98.83
	Commercial: 94.01
	Road: 92.52
	Highway: 98.01
	Railway: 94.49
	Parking Lot 1: 94.22
	Parking Lot 2: 96.60
	Tennis Court: 100.00
	Running Track: 100.00
---
AA: 96.34%
Kappa: 96.32
run 3 / 5
Best validation overall accuracy 0.9665178571428571
Confusion matrix :
[[ 981  141    0   53    0    0    1    0    0    0    0    0    0    0
     0]
 [   0 1179    0    0    0    0    0    0    0    0    0    0    0    0
     0]
 [   0    0  653    0    0    0    0    0    0    0    0    0    0    0
     2]
 [   0    0    0 1168    0    0    1    0    0    0    0    0    0    0
     0]
 [   0    0    0    0 1168    0    0    0    0    0    0    0    0    0
     0]
 [   0    0    0    0    0  262   44    0    0    0    0    0    0    0
     0]
 [   0    0    0    0    0    0 1151    5   14    0    1    9    1   11
     0]
 [   0    0    0    0    6    0    0 1034    5    4   30   33   20    0
    37]
 [   0    0    0    0    0    0    6    0 1115   26   21    9    0    0
     0]
 [   0    0    0    0    0    0    0    0    7 1119    1   27    0    0
     0]
 [   0    0    0    0    0    0    8    0    9   31 1111    2    0    0
     0]
 [   0    0    0    0    0    0   42    9   11    6    0 1082    9    0
     0]
 [   0    0    0    0    0    0    0    0    0   19    0   26  396    0
     0]
 [   0    0    0    0    0    0    0    0    0    0    0    0    0  402
     0]
 [   0    0    0    0    0    0    0    0    0    0    0    0    0    0
   620]]---
Accuracy : 95.14%
---
class acc :
	Healthy grass: 83.42
	Stressed grass: 100.00
	Synthetic grass: 99.69
	Trees: 99.91
	Soil: 100.00
	Water: 85.62
	Residential: 96.56
	Commercial: 88.45
	Road: 94.73
	Highway: 96.97
	Railway: 95.69
	Parking Lot 1: 93.36
	Parking Lot 2: 89.80
	Tennis Court: 100.00
	Running Track: 100.00
---
AA: 94.95%
Kappa: 94.74
run 4 / 5
Best validation overall accuracy 0.9709821428571429
Confusion matrix :
[[1151    2    0   23    0    0    0    0    0    0    0    0    0    0
     0]
 [  40 1139    0    0    0    0    0    0    0    0    0    0    0    0
     0]
 [   0    0  654    0    0    0    0    0    0    0    0    0    0    0
     1]
 [   0    1    0 1163    0    0    3    0    2    0    0    0    0    0
     0]
 [   0    0    0    0 1168    0    0    0    0    0    0    0    0    0
     0]
 [   0    0    0    0    0  263   39    0    4    0    0    0    0    0
     0]
 [   0    0    0    0    0    0 1188    0    0    1    0    3    0    0
     0]
 [   0    0    0    0    3    0    0 1074   30    0   15   20    0   17
    10]
 [   0   21    0    0    0    0    8    0 1137   11    0    0    0    0
     0]
 [   0    0    0    0    0    0    0    0   30 1122    0    0    2    0
     0]
 [   0    0    0    0    0    0    0    0    0    0 1161    0    0    0
     0]
 [   0    0    0    0    0    0    0   50    9    0   11 1076   13    0
     0]
 [   0    0    0    0    0    0    0    0    0    1    0    1  439    0
     0]
 [   0    0    0    0    0    0    0    0    0    0    0    0    0  402
     0]
 [   0    0    0    0    0    0    0    0    0    0    0    0    0    0
   620]]---
Accuracy : 97.37%
---
class acc :
	Healthy grass: 97.87
	Stressed grass: 96.61
	Synthetic grass: 99.85
	Trees: 99.49
	Soil: 100.00
	Water: 85.95
	Residential: 99.66
	Commercial: 91.87
	Road: 96.60
	Highway: 97.23
	Railway: 100.00
	Parking Lot 1: 92.84
	Parking Lot 2: 99.55
	Tennis Court: 100.00
	Running Track: 100.00
---
AA: 97.17%
Kappa: 97.16
run 5 / 5
Best validation overall accuracy 0.9732142857142857
Confusion matrix :
[[1078   14    0   84    0    0    0    0    0    0    0    0    0    0
     0]
 [  10 1169    0    0    0    0    0    0    0    0    0    0    0    0
     0]
 [   0    0  654    0    0    0    0    0    0    0    0    0    0    0
     1]
 [   6    0    0 1160    0    0    3    0    0    0    0    0    0    0
     0]
 [   0    0    0    0 1165    0    0    2    0    0    1    0    0    0
     0]
 [   1    0    0    7    0  297    0    0    1    0    0    0    0    0
     0]
 [   0    0    0    0    0   14 1167    0    8    0    2    0    1    0
     0]
 [   0    0    0    0    0    0    0 1063    0    0    0   62   15    0
    29]
 [   0    0    0    0    9    0   39    0 1124    4    1    0    0    0
     0]
 [   0    0    0    0    0    0    0    0   27 1076   50    0    1    0
     0]
 [   0    0    0    0    0    0    0    0   13    0 1148    0    0    0
     0]
 [   0    0    0    0    0    0   11   28    0    0   33 1069   18    0
     0]
 [   0    0    0    0    0    0    0    0    0    0    0    0  441    0
     0]
 [   0    0    0    0    0    0    0    0    0    0    0    0    0  402
     0]
 [   0    0    0    0    0    0    0    0    0    0    0    0    0    0
   620]]---
Accuracy : 96.50%
---
class acc :
	Healthy grass: 91.67
	Stressed grass: 99.15
	Synthetic grass: 99.85
	Trees: 99.23
	Soil: 99.74
	Water: 97.06
	Residential: 97.90
	Commercial: 90.93
	Road: 95.50
	Highway: 93.24
	Railway: 98.88
	Parking Lot 1: 92.23
	Parking Lot 2: 100.00
	Tennis Court: 100.00
	Running Track: 100.00
---
AA: 97.03%
Kappa: 96.21
Agregated results :
Confusion matrix :
[[1.1088e+03 3.1400e+01 0.0000e+00 3.5600e+01 0.0000e+00 0.0000e+00
  2.0000e-01 0.0000e+00 0.0000e+00 0.0000e+00 0.0000e+00 0.0000e+00
  0.0000e+00 0.0000e+00 0.0000e+00]
 [2.4200e+01 1.1548e+03 0.0000e+00 0.0000e+00 0.0000e+00 0.0000e+00
  0.0000e+00 0.0000e+00 0.0000e+00 0.0000e+00 0.0000e+00 0.0000e+00
  0.0000e+00 0.0000e+00 0.0000e+00]
 [0.0000e+00 0.0000e+00 6.5320e+02 0.0000e+00 0.0000e+00 0.0000e+00
  0.0000e+00 0.0000e+00 0.0000e+00 0.0000e+00 0.0000e+00 0.0000e+00
  0.0000e+00 0.0000e+00 1.8000e+00]
 [1.8400e+01 2.0000e-01 0.0000e+00 1.1480e+03 0.0000e+00 0.0000e+00
  1.6000e+00 0.0000e+00 8.0000e-01 0.0000e+00 0.0000e+00 0.0000e+00
  0.0000e+00 0.0000e+00 0.0000e+00]
 [0.0000e+00 0.0000e+00 0.0000e+00 0.0000e+00 1.1674e+03 0.0000e+00
  0.0000e+00 4.0000e-01 0.0000e+00 0.0000e+00 2.0000e-01 0.0000e+00
  0.0000e+00 0.0000e+00 0.0000e+00]
 [2.2000e+00 0.0000e+00 0.0000e+00 1.4000e+00 0.0000e+00 2.6880e+02
  3.2600e+01 0.0000e+00 1.0000e+00 0.0000e+00 0.0000e+00 0.0000e+00
  0.0000e+00 0.0000e+00 0.0000e+00]
 [0.0000e+00 0.0000e+00 0.0000e+00 4.0000e-01 0.0000e+00 2.8000e+00
  1.1670e+03 1.0000e+00 1.2800e+01 2.0000e-01 6.0000e-01 2.8000e+00
  2.2000e+00 2.2000e+00 0.0000e+00]
 [2.0000e-01 0.0000e+00 0.0000e+00 0.0000e+00 1.6600e+01 2.0000e-01
  9.6000e+00 1.0544e+03 8.2000e+00 4.2000e+00 1.2200e+01 3.2000e+01
  8.8000e+00 3.4000e+00 1.9200e+01]
 [0.0000e+00 4.2000e+00 0.0000e+00 0.0000e+00 2.4000e+00 0.0000e+00
  1.3400e+01 0.0000e+00 1.1160e+03 1.8800e+01 8.6000e+00 1.3600e+01
  0.0000e+00 0.0000e+00 0.0000e+00]
 [0.0000e+00 0.0000e+00 0.0000e+00 0.0000e+00 0.0000e+00 0.0000e+00
  0.0000e+00 0.0000e+00 1.3600e+01 1.1200e+03 1.0600e+01 9.2000e+00
  6.0000e-01 0.0000e+00 0.0000e+00]
 [0.0000e+00 0.0000e+00 0.0000e+00 0.0000e+00 4.0000e-01 0.0000e+00
  3.4000e+00 0.0000e+00 1.5800e+01 9.8000e+00 1.1286e+03 4.0000e-01
  2.6000e+00 0.0000e+00 0.0000e+00]
 [0.0000e+00 0.0000e+00 0.0000e+00 0.0000e+00 3.6000e+00 0.0000e+00
  2.3800e+01 1.7400e+01 7.4000e+00 1.6000e+00 8.8000e+00 1.0822e+03
  1.3800e+01 4.0000e-01 0.0000e+00]
 [0.0000e+00 0.0000e+00 0.0000e+00 0.0000e+00 0.0000e+00 0.0000e+00
  8.0000e-01 0.0000e+00 0.0000e+00 6.4000e+00 3.4000e+00 6.2000e+00
  4.2420e+02 0.0000e+00 0.0000e+00]
 [0.0000e+00 0.0000e+00 0.0000e+00 0.0000e+00 0.0000e+00 0.0000e+00
  0.0000e+00 0.0000e+00 0.0000e+00 0.0000e+00 0.0000e+00 0.0000e+00
  2.0000e-01 4.0180e+02 0.0000e+00]
 [0.0000e+00 0.0000e+00 0.0000e+00 0.0000e+00 0.0000e+00 0.0000e+00
  0.0000e+00 0.0000e+00 0.0000e+00 0.0000e+00 0.0000e+00 0.0000e+00
  0.0000e+00 0.0000e+00 6.2000e+02]]---
Accuracy: 96.37 +- 0.72
---
class acc :
	Healthy grass: 94.29 +- 6.12
	Stressed grass: 97.95 +- 2.05
	Synthetic grass: 99.73 +- 0.18
	Trees: 98.20 +- 2.19
	Soil: 99.95 +- 0.10
	Water: 87.84 +- 4.66
	Residential: 97.90 +- 1.23
	Commercial: 90.20 +- 2.87
	Road: 94.82 +- 1.34
	Highway: 97.05 +- 2.15
	Railway: 97.21 +- 2.02
	Parking Lot 1: 93.37 +- 0.78
	Parking Lot 2: 96.19 +- 3.69
	Tennis Court: 99.95 +- 0.10
	Running Track: 100.00 +- 0.00
---
AA: 96.31 +- 0.80
Kappa: 96.08 +- 0.78
