run 1 / 5
Best validation overall accuracy 0.9732142857142857
Confusion matrix :
[[1147   12    0   17    0    0    0    0    0    0    0    0    0    0
     0]
 [   9 1170    0    0    0    0    0    0    0    0    0    0    0    0
     0]
 [   0    0  655    0    0    0    0    0    0    0    0    0    0    0
     0]
 [   1    0    0 1166    0    0    1    0    1    0    0    0    0    0
     0]
 [   0    0    0    0 1168    0    0    0    0    0    0    0    0    0
     0]
 [   0    0    0    0    0  265   39    0    0    0    0    0    2    0
     0]
 [   0    0    0    0    0    0 1144    0   21    1   16   10    0    0
     0]
 [   0    0    0    0   62   24   49  994    0   17    2   12    0    0
     9]
 [   0    0    0    0    0    0    3    2 1096   31   18   27    0    0
     0]
 [   0    0    0    0    0    0    0    0    0 1154    0    0    0    0
     0]
 [   0    0    0    0    0    0    0    0   30    1 1129    0    1    0
     0]
 [   0    0    0    0    0    0    2    4    0    2    0 1151    0    0
     0]
 [   0    0    0    0    0    0    0    0    0    9    9    6  417    0
     0]
 [   0    0    0    0    0    0    0    0    0    0    0    0    0  402
     0]
 [   0    0    0    0    0    0    0    0    0    0    0    0    0    0
   620]]---
Accuracy : 96.81%
---
class acc :
	Healthy grass: 97.53
	Stressed grass: 99.24
	Synthetic grass: 100.00
	Trees: 99.74
	Soil: 100.00
	Water: 86.60
	Residential: 95.97
	Commercial: 85.03
	Road: 93.12
	Highway: 100.00
	Railway: 97.24
	Parking Lot 1: 99.31
	Parking Lot 2: 94.56
	Tennis Court: 100.00
	Running Track: 100.00
---
AA: 96.56%
Kappa: 96.56
run 2 / 5
Best validation overall accuracy 0.96875
Confusion matrix :
[[1176    0    0    0    0    0    0    0    0    0    0    0    0    0
     0]
 [  45 1134    0    0    0    0    0    0    0    0    0    0    0    0
     0]
 [   0    0  655    0    0    0    0    0    0    0    0    0    0    0
     0]
 [ 137    0    0 1031    0    0    1    0    0    0    0    0    0    0
     0]
 [   0    0    0    0 1168    0    0    0    0    0    0    0    0    0
     0]
 [  12    0    0    0    0  256   38    0    0    0    0    0    0    0
     0]
 [   0    0    0    0    0    0 1174    5   10    0    0    0    0    0
     3]
 [   0    0    0    0    1   19    0 1070   13    0   11   41    6    0
     8]
 [   0    0    0    0    0    0    0    6 1105   35   21   10    0    0
     0]
 [   0    0    0    0    0    0    0    0   28 1122    4    0    0    0
     0]
 [   0    0    0    0    0    0   15    0   12   11 1122    0    1    0
     0]
 [   0    0    0    0   23    0   53    4    4    0    0 1075    0    0
     0]
 [   0    0    0    0    0    0    0    0    0    0    8    3  430    0
     0]
 [   0    0    0    0    0    0    0    0    0    0    0    0    0  402
     0]
 [   0    0    0    0    0    0    0    0    0    0    0    0    0    0
   620]]---
Accuracy : 95.84%
---
class acc :
	Healthy grass: 100.00
	Stressed grass: 96.18
	Synthetic grass: 100.00
	Trees: 88.20
	Soil: 100.00
	Water: 83.66
	Residential: 98.49
	Commercial: 91.53
	Road: 93.88
	Highway: 97.23
	Railway: 96.64
	Parking Lot 1: 92.75
	Parking Lot 2: 97.51
	Tennis Court: 100.00
	Running Track: 100.00
---
AA: 95.74%
Kappa: 95.50
run 3 / 5
Best validation overall accuracy 0.9553571428571429
Confusion matrix :
[[1035  119    0   22    0    0    0    0    0    0    0    0    0    0
     0]
 [   1 1178    0    0    0    0    0    0    0    0    0    0    0    0
     0]
 [   0    0  655    0    0    0    0    0    0    0    0    0    0    0
     0]
 [  36    0    0 1132    0    0    0    0    1    0    0    0    0    0
     0]
 [   0    0    0    0 1160    0    0    8    0    0    0    0    0    0
     0]
 [   0    0    1    0    0  298    1    4    2    0    0    0    0    0
     0]
 [   0    0    0    0    0    0 1163    0   10    0    7    3    0    0
     9]
 [   0    0    0    0    0    0   34 1005   26    0   20   48    1   20
    15]
 [   0    0    0    0    0    0    2    0 1052   58   29   36    0    0
     0]
 [   0    0    0    0    0    0    0    0    3 1113    2   36    0    0
     0]
 [   0    0    0    0    1    0   13    0    0    9 1136    0    2    0
     0]
 [   0    0    0    0    0    0   60    0    6    0    0 1093    0    0
     0]
 [   0    0    0    0    0    0    0    0    0    2    6    1  432    0
     0]
 [   0    0    0    0    0    0    0    0    0    0    0    0    0  402
     0]
 [   0    0    0    0    0    0    1    0    0    0    0    0    0    0
   619]]---
Accuracy : 95.36%
---
class acc :
	Healthy grass: 88.01
	Stressed grass: 99.92
	Synthetic grass: 100.00
	Trees: 96.83
	Soil: 99.32
	Water: 97.39
	Residential: 97.57
	Commercial: 85.97
	Road: 89.38
	Highway: 96.45
	Railway: 97.85
	Parking Lot 1: 94.31
	Parking Lot 2: 97.96
	Tennis Court: 100.00
	Running Track: 99.84
---
AA: 96.05%
Kappa: 94.99
run 4 / 5
Best validation overall accuracy 0.9732142857142857
Confusion matrix :
[[1087   65    0   24    0    0    0    0    0    0    0    0    0    0
     0]
 [   0 1179    0    0    0    0    0    0    0    0    0    0    0    0
     0]
 [   0    0  655    0    0    0    0    0    0    0    0    0    0    0
     0]
 [   0    2    0 1167    0    0    0    0    0    0    0    0    0    0
     0]
 [   0    0    0    0 1168    0    0    0    0    0    0    0    0    0
     0]
 [   0    0    0    0    0  261   39    0    6    0    0    0    0    0
     0]
 [   0    0    0    0    0    0 1190    0    0    0    0    2    0    0
     0]
 [   0    0    0    0    0    0    0 1062    4    0    7   69    0   13
    14]
 [   0    0    0    0   15    0    0    0 1040   67    3   52    0    0
     0]
 [   0    0    0    0    0    0    0    0   18 1131    5    0    0    0
     0]
 [   0    0    0    0    0    0    0    0    0    0 1161    0    0    0
     0]
 [   0    0    0    0    0    0   24    6    0    0   59 1070    0    0
     0]
 [   0    0    0    0    0    0    0    0    0    0    0    0  441    0
     0]
 [   0    0    0    0    0    0    0    0    0    0    0    0    0  402
     0]
 [   0    0    0    0    0    0    0    0    0    0    0    0    0    0
   620]]---
Accuracy : 96.50%
---
class acc :
	Healthy grass: 92.43
	Stressed grass: 100.00
	Synthetic grass: 100.00
	Trees: 99.83
	Soil: 100.00
	Water: 85.29
	Residential: 99.83
	Commercial: 90.85
	Road: 88.36
	Highway: 98.01
	Railway: 100.00
	Parking Lot 1: 92.32
	Parking Lot 2: 100.00
	Tennis Court: 100.00
	Running Track: 100.00
---
AA: 96.46%
Kappa: 96.22
run 5 / 5
Best validation overall accuracy 0.9709821428571429
Confusion matrix :
[[1136    0    0   40    0    0    0    0    0    0    0    0    0    0
     0]
 [  15 1164    0    0    0    0    0    0    0    0    0    0    0    0
     0]
 [   0    0  655    0    0    0    0    0    0    0    0    0    0    0
     0]
 [   9    0    0 1160    0    0    0    0    0    0    0    0    0    0
     0]
 [   0    0    0    0 1168    0    0    0    0    0    0    0    0    0
     0]
 [   0    0    0    0    0  300    0    0    6    0    0    0    0    0
     0]
 [   0    0    1    0    0    0 1125    4   17   24   12    0    5    0
     4]
 [   0    0    0    0    0    0    0 1063    0    0    0   43    1   53
     9]
 [   0    0    0    0    0    0   39    0 1042   47   23   26    0    0
     0]
 [   0    0    0    0    0    0    0    0    0 1121    0   33    0    0
     0]
 [   0    0    0    0    1    0    0    0    2   34 1119    0    5    0
     0]
 [   0    0    0    0    0    0   16    2    0    0   61 1080    0    0
     0]
 [   0    0    0    0    0    0    0    2    0   11    3    1  424    0
     0]
 [   0    0    0    0    0    0    0    0    0    0    0    0    0  402
     0]
 [   0    0    0    0    0    0    0    0    0    0    0    0    0    0
   620]]---
Accuracy : 96.11%
---
class acc :
	Healthy grass: 96.60
	Stressed grass: 98.73
	Synthetic grass: 100.00
	Trees: 99.23
	Soil: 100.00
	Water: 98.04
	Residential: 94.38
	Commercial: 90.93
	Road: 88.53
	Highway: 97.14
	Railway: 96.38
	Parking Lot 1: 93.18
	Parking Lot 2: 96.15
	Tennis Court: 100.00
	Running Track: 100.00
---
AA: 96.62%
Kappa: 95.80
Agregated results :
Confusion matrix :
[[1.1162e+03 3.9200e+01 0.0000e+00 2.0600e+01 0.0000e+00 0.0000e+00
  0.0000e+00 0.0000e+00 0.0000e+00 0.0000e+00 0.0000e+00 0.0000e+00
  0.0000e+00 0.0000e+00 0.0000e+00]
 [1.4000e+01 1.1650e+03 0.0000e+00 0.0000e+00 0.0000e+00 0.0000e+00
  0.0000e+00 0.0000e+00 0.0000e+00 0.0000e+00 0.0000e+00 0.0000e+00
  0.0000e+00 0.0000e+00 0.0000e+00]
 [0.0000e+00 0.0000e+00 6.5500e+02 0.0000e+00 0.0000e+00 0.0000e+00
  0.0000e+00 0.0000e+00 0.0000e+00 0.0000e+00 0.0000e+00 0.0000e+00
  0.0000e+00 0.0000e+00 0.0000e+00]
 [3.6600e+01 4.0000e-01 0.0000e+00 1.1312e+03 0.0000e+00 0.0000e+00
  4.0000e-01 0.0000e+00 4.0000e-01 0.0000e+00 0.0000e+00 0.0000e+00
  0.0000e+00 0.0000e+00 0.0000e+00]
 [0.0000e+00 0.0000e+00 0.0000e+00 0.0000e+00 1.1664e+03 0.0000e+00
  0.0000e+00 1.6000e+00 0.0000e+00 0.0000e+00 0.0000e+00 0.0000e+00
  0.0000e+00 0.0000e+00 0.0000e+00]
 [2.4000e+00 0.0000e+00 2.0000e-01 0.0000e+00 0.0000e+00 2.7600e+02
  2.3400e+01 8.0000e-01 2.8000e+00 0.0000e+00 0.0000e+00 0.0000e+00
  4.0000e-01 0.0000e+00 0.0000e+00]
 [0.0000e+00 0.0000e+00 2.0000e-01 0.0000e+00 0.0000e+00 0.0000e+00
  1.1592e+03 1.8000e+00 1.1600e+01 5.0000e+00 7.0000e+00 3.0000e+00
  1.0000e+00 0.0000e+00 3.2000e+00]
 [0.0000e+00 0.0000e+00 0.0000e+00 0.0000e+00 1.2600e+01 8.6000e+00
  1.6600e+01 1.0388e+03 8.6000e+00 3.4000e+00 8.0000e+00 4.2600e+01
  1.6000e+00 1.7200e+01 1.1000e+01]
 [0.0000e+00 0.0000e+00 0.0000e+00 0.0000e+00 3.0000e+00 0.0000e+00
  8.8000e+00 1.6000e+00 1.0670e+03 4.7600e+01 1.8800e+01 3.0200e+01
  0.0000e+00 0.0000e+00 0.0000e+00]
 [0.0000e+00 0.0000e+00 0.0000e+00 0.0000e+00 0.0000e+00 0.0000e+00
  0.0000e+00 0.0000e+00 9.8000e+00 1.1282e+03 2.2000e+00 1.3800e+01
  0.0000e+00 0.0000e+00 0.0000e+00]
 [0.0000e+00 0.0000e+00 0.0000e+00 0.0000e+00 4.0000e-01 0.0000e+00
  5.6000e+00 0.0000e+00 8.8000e+00 1.1000e+01 1.1334e+03 0.0000e+00
  1.8000e+00 0.0000e+00 0.0000e+00]
 [0.0000e+00 0.0000e+00 0.0000e+00 0.0000e+00 4.6000e+00 0.0000e+00
  3.1000e+01 3.2000e+00 2.0000e+00 4.0000e-01 2.4000e+01 1.0938e+03
  0.0000e+00 0.0000e+00 0.0000e+00]
 [0.0000e+00 0.0000e+00 0.0000e+00 0.0000e+00 0.0000e+00 0.0000e+00
  0.0000e+00 4.0000e-01 0.0000e+00 4.4000e+00 5.2000e+00 2.2000e+00
  4.2880e+02 0.0000e+00 0.0000e+00]
 [0.0000e+00 0.0000e+00 0.0000e+00 0.0000e+00 0.0000e+00 0.0000e+00
  0.0000e+00 0.0000e+00 0.0000e+00 0.0000e+00 0.0000e+00 0.0000e+00
  0.0000e+00 4.0200e+02 0.0000e+00]
 [0.0000e+00 0.0000e+00 0.0000e+00 0.0000e+00 0.0000e+00 0.0000e+00
  2.0000e-01 0.0000e+00 0.0000e+00 0.0000e+00 0.0000e+00 0.0000e+00
  0.0000e+00 0.0000e+00 6.1980e+02]]---
Accuracy: 96.13 +- 0.51
---
class acc :
	Healthy grass: 94.91 +- 4.23
	Stressed grass: 98.81 +- 1.39
	Synthetic grass: 100.00 +- 0.00
	Trees: 96.77 +- 4.42
	Soil: 99.86 +- 0.27
	Water: 90.20 +- 6.21
	Residential: 97.25 +- 1.91
	Commercial: 88.86 +- 2.77
	Road: 90.65 +- 2.36
	Highway: 97.76 +- 1.22
	Railway: 97.62 +- 1.29
	Parking Lot 1: 94.37 +- 2.55
	Parking Lot 2: 97.23 +- 1.82
	Tennis Court: 100.00 +- 0.00
	Running Track: 99.97 +- 0.06
---
AA: 96.29 +- 0.34
Kappa: 95.81 +- 0.55
