run 1 / 5
Best validation overall accuracy 0.96875
Confusion matrix :
[[1152    6    0   18    0    0    0    0    0    0    0    0    0    0
     0]
 [  15 1163    0    1    0    0    0    0    0    0    0    0    0    0
     0]
 [   0    0  655    0    0    0    0    0    0    0    0    0    0    0
     0]
 [   0    0    0 1168    0    0    0    0    1    0    0    0    0    0
     0]
 [   0    0    0    0 1168    0    0    0    0    0    0    0    0    0
     0]
 [   0    0    0    0    1  261   39    0    5    0    0    0    0    0
     0]
 [   0    0    0    0    0    0 1112    3   18    0    4   55    0    0
     0]
 [   0    0    0    0   61    0   50 1030    0   17    0    2    0    0
     9]
 [   0    0    0    0    0    0    4    2 1094   29   21   27    0    0
     0]
 [   0    0    0    0    0    0    0    0    1 1152    0    1    0    0
     0]
 [   0    0    0    0    1    0    0    0   28   14 1118    0    0    0
     0]
 [   0    0    0    0    0    0    0   40    1    8    0 1109    1    0
     0]
 [   0    0    0    0    0    0    0    0    0    3   15    1  422    0
     0]
 [   0    0    0    0    0    0    0    0    0    0    0    0    0  402
     0]
 [   0    0    0    0    0    0    0    0    0    0    0    0    0    0
   620]]---
Accuracy : 96.45%
---
class acc :
	Healthy grass: 97.96
	Stressed grass: 98.64
	Synthetic grass: 100.00
	Trees: 99.91
	Soil: 100.00
	Water: 85.29
	Residential: 93.29
	Commercial: 88.11
	Road: 92.95
	Highway: 99.83
	Railway: 96.30
	Parking Lot 1: 95.69
	Parking Lot 2: 95.69
	Tennis Court: 100.00
	Running Track: 100.00
---
AA: 96.24%
Kappa: 96.16
run 2 / 5
Best validation overall accuracy 0.96875
Confusion matrix :
[[1176    0    0    0    0    0    0    0    0    0    0    0    0    0
     0]
 [  16 1163    0    0    0    0    0    0    0    0    0    0    0    0
     0]
 [   0    0  655    0    0    0    0    0    0    0    0    0    0    0
     0]
 [  75    0    0 1093    0    0    0    0    1    0    0    0    0    0
     0]
 [   0    0    0    0 1168    0    0    0    0    0    0    0    0    0
     0]
 [   0    0    0    0    0  268   38    0    0    0    0    0    0    0
     0]
 [   0    0    0    0    0    0 1165   10   14    0    2    1    0    0
     0]
 [   0    0    0    0    3    6    0 1107    1    0   34   18    0    0
     0]
 [   0    0    0    0    0    0    0   12 1070   52   24   19    0    0
     0]
 [   0    0    0    0    0    0    0    0   22 1129    2    0    1    0
     0]
 [   0    0    0    0    0    0    4    0    1    0 1156    0    0    0
     0]
 [   0    0    0    0    1    0   46   17    0   43    0 1052    0    0
     0]
 [   0    0    0    0    0    0    0    0    0    0    5    0  436    0
     0]
 [   0    0    0    0    0    0    0    0    0    0    0    0    0  402
     0]
 [   0    0    0    0    0    0    0    0    0    0    0    0    0    0
   620]]---
Accuracy : 96.69%
---
class acc :
	Healthy grass: 100.00
	Stressed grass: 98.64
	Synthetic grass: 100.00
	Trees: 93.50
	Soil: 100.00
	Water: 87.58
	Residential: 97.73
	Commercial: 94.70
	Road: 90.91
	Highway: 97.83
	Railway: 99.57
	Parking Lot 1: 90.77
	Parking Lot 2: 98.87
	Tennis Court: 100.00
	Running Track: 100.00
---
AA: 96.67%
Kappa: 96.42
run 3 / 5
Best validation overall accuracy 0.9620535714285714
Confusion matrix :
[[1026  119    0   31    0    0    0    0    0    0    0    0    0    0
     0]
 [   2 1177    0    0    0    0    0    0    0    0    0    0    0    0
     0]
 [   0    0  651    0    0    0    3    0    0    0    0    0    0    0
     1]
 [  17    0    0 1151    0    0    0    0    1    0    0    0    0    0
     0]
 [   0    0    0    0 1168    0    0    0    0    0    0    0    0    0
     0]
 [   0    0    0    0    0  278   18    0    6    0    0    4    0    0
     0]
 [   0    0    0    0    0    0 1171    0   10    0    6    3    0    0
     2]
 [   0    0    0    0    0    0   23 1022   18    0   27   50    1   19
     9]
 [   0    0    0    0    0    0    0    0 1076   52   26   23    0    0
     0]
 [   0    0    0    0    1    0    0    0    0 1135    2   16    0    0
     0]
 [   0    0    0    0    0    0   15    0    0   11 1135    0    0    0
     0]
 [   0    0    0    0    0    0   60    0   11    6    0 1082    0    0
     0]
 [   0    0    0    0    0    0    0    0    0    1   17    2  421    0
     0]
 [   0    0    0    0    0    0    0    0    0    0    0    0    0  402
     0]
 [   0    0    0    0    0    0    0    0    0    0    0    0    0    0
   620]]---
Accuracy : 95.66%
---
class acc :
	Healthy grass: 87.24
	Stressed grass: 99.83
	Synthetic grass: 99.39
	Trees: 98.46
	Soil: 100.00
	Water: 90.85
	Residential: 98.24
	Commercial: 87.43
	Road: 91.42
	Highway: 98.35
	Railway: 97.76
	Parking Lot 1: 93.36
	Parking Lot 2: 95.46
	Tennis Court: 100.00
	Running Track: 100.00
---
AA: 95.85%
Kappa: 95.31
run 4 / 5
Best validation overall accuracy 0.9709821428571429
Confusion matrix :
[[1125   28    0   23    0    0    0    0    0    0    0    0    0    0
     0]
 [   3 1176    0    0    0    0    0    0    0    0    0    0    0    0
     0]
 [   0    0  655    0    0    0    0    0    0    0    0    0    0    0
     0]
 [  13    0    0 1155    0    0    0    0    1    0    0    0    0    0
     0]
 [   0    0    0    0 1168    0    0    0    0    0    0    0    0    0
     0]
 [   0    0    0    0    0  261   39    0    6    0    0    0    0    0
     0]
 [   0    0    0    0    0    0 1192    0    0    0    0    0    0    0
     0]
 [   0    0    0    0    0    0    0 1050   15    0   15   61    1    3
    24]
 [   0    0    0    0   12    0    1    0 1068   51    3   42    0    0
     0]
 [   0    0    0    0    0    0    0    0   28 1094    9   23    0    0
     0]
 [   0    0    0    0    0    0    1    0    0    0 1131    0   29    0
     0]
 [   0    0    0    0    0    0   68   25    2    0    9 1055    0    0
     0]
 [   0    0    0    0    0    0    1    2    0    0    0    0  438    0
     0]
 [   0    0    0    0    0    0    0    0    0    0    0    0    0  402
     0]
 [   0    0    0    0    0    0    0    0    0    0    0    0    0    0
   620]]---
Accuracy : 96.19%
---
class acc :
	Healthy grass: 95.66
	Stressed grass: 99.75
	Synthetic grass: 100.00
	Trees: 98.80
	Soil: 100.00
	Water: 85.29
	Residential: 100.00
	Commercial: 89.82
	Road: 90.74
	Highway: 94.80
	Railway: 97.42
	Parking Lot 1: 91.03
	Parking Lot 2: 99.32
	Tennis Court: 100.00
	Running Track: 100.00
---
AA: 96.18%
Kappa: 95.88
run 5 / 5
Best validation overall accuracy 0.9821428571428571
Confusion matrix :
[[1129    9    0   38    0    0    0    0    0    0    0    0    0    0
     0]
 [   7 1172    0    0    0    0    0    0    0    0    0    0    0    0
     0]
 [   0    0  655    0    0    0    0    0    0    0    0    0    0    0
     0]
 [   8    0    0 1161    0    0    0    0    0    0    0    0    0    0
     0]
 [   0    0    0    0 1168    0    0    0    0    0    0    0    0    0
     0]
 [   0    0    0    0    0  300    0    0    6    0    0    0    0    0
     0]
 [   0    0    0    0    0    1 1161    4    9    1    6    1    7    0
     2]
 [   0    0    0    0   33    0    0 1062    1    0    0   40    4   15
    14]
 [   0    0    0    0    0    0    1    0 1124   22   26    4    0    0
     0]
 [   0    0    0    0    0    0    0    0    0 1148    0    5    1    0
     0]
 [   0    0    0    0    1    0    0    0    8   10 1128    0   14    0
     0]
 [   0    0    0    0    0    0   13    1    6    0   61 1078    0    0
     0]
 [   0    0    0    0    0    0    0    0    0    1    0    1  439    0
     0]
 [   0    0    0    0    0    0    0    0    0    0    0    0    0  402
     0]
 [   0    0    0    0    0    0    0    0    0    0    0    0    0    0
   620]]---
Accuracy : 97.30%
---
class acc :
	Healthy grass: 96.00
	Stressed grass: 99.41
	Synthetic grass: 100.00
	Trees: 99.32
	Soil: 100.00
	Water: 98.04
	Residential: 97.40
	Commercial: 90.85
	Road: 95.50
	Highway: 99.48
	Railway: 97.16
	Parking Lot 1: 93.01
	Parking Lot 2: 99.55
	Tennis Court: 100.00
	Running Track: 100.00
---
AA: 97.71%
Kappa: 97.09
Agregated results :
Confusion matrix :
[[1.1216e+03 3.2400e+01 0.0000e+00 2.2000e+01 0.0000e+00 0.0000e+00
  0.0000e+00 0.0000e+00 0.0000e+00 0.0000e+00 0.0000e+00 0.0000e+00
  0.0000e+00 0.0000e+00 0.0000e+00]
 [8.6000e+00 1.1702e+03 0.0000e+00 2.0000e-01 0.0000e+00 0.0000e+00
  0.0000e+00 0.0000e+00 0.0000e+00 0.0000e+00 0.0000e+00 0.0000e+00
  0.0000e+00 0.0000e+00 0.0000e+00]
 [0.0000e+00 0.0000e+00 6.5420e+02 0.0000e+00 0.0000e+00 0.0000e+00
  6.0000e-01 0.0000e+00 0.0000e+00 0.0000e+00 0.0000e+00 0.0000e+00
  0.0000e+00 0.0000e+00 2.0000e-01]
 [2.2600e+01 0.0000e+00 0.0000e+00 1.1456e+03 0.0000e+00 0.0000e+00
  0.0000e+00 0.0000e+00 8.0000e-01 0.0000e+00 0.0000e+00 0.0000e+00
  0.0000e+00 0.0000e+00 0.0000e+00]
 [0.0000e+00 0.0000e+00 0.0000e+00 0.0000e+00 1.1680e+03 0.0000e+00
  0.0000e+00 0.0000e+00 0.0000e+00 0.0000e+00 0.0000e+00 0.0000e+00
  0.0000e+00 0.0000e+00 0.0000e+00]
 [0.0000e+00 0.0000e+00 0.0000e+00 0.0000e+00 2.0000e-01 2.7360e+02
  2.6800e+01 0.0000e+00 4.6000e+00 0.0000e+00 0.0000e+00 8.0000e-01
  0.0000e+00 0.0000e+00 0.0000e+00]
 [0.0000e+00 0.0000e+00 0.0000e+00 0.0000e+00 0.0000e+00 2.0000e-01
  1.1602e+03 3.4000e+00 1.0200e+01 2.0000e-01 3.6000e+00 1.2000e+01
  1.4000e+00 0.0000e+00 8.0000e-01]
 [0.0000e+00 0.0000e+00 0.0000e+00 0.0000e+00 1.9400e+01 1.2000e+00
  1.4600e+01 1.0542e+03 7.0000e+00 3.4000e+00 1.5200e+01 3.4200e+01
  1.2000e+00 7.4000e+00 1.1200e+01]
 [0.0000e+00 0.0000e+00 0.0000e+00 0.0000e+00 2.4000e+00 0.0000e+00
  1.2000e+00 2.8000e+00 1.0864e+03 4.1200e+01 2.0000e+01 2.3000e+01
  0.0000e+00 0.0000e+00 0.0000e+00]
 [0.0000e+00 0.0000e+00 0.0000e+00 0.0000e+00 2.0000e-01 0.0000e+00
  0.0000e+00 0.0000e+00 1.0200e+01 1.1316e+03 2.6000e+00 9.0000e+00
  4.0000e-01 0.0000e+00 0.0000e+00]
 [0.0000e+00 0.0000e+00 0.0000e+00 0.0000e+00 4.0000e-01 0.0000e+00
  4.0000e+00 0.0000e+00 7.4000e+00 7.0000e+00 1.1336e+03 0.0000e+00
  8.6000e+00 0.0000e+00 0.0000e+00]
 [0.0000e+00 0.0000e+00 0.0000e+00 0.0000e+00 2.0000e-01 0.0000e+00
  3.7400e+01 1.6600e+01 4.0000e+00 1.1400e+01 1.4000e+01 1.0752e+03
  2.0000e-01 0.0000e+00 0.0000e+00]
 [0.0000e+00 0.0000e+00 0.0000e+00 0.0000e+00 0.0000e+00 0.0000e+00
  2.0000e-01 4.0000e-01 0.0000e+00 1.0000e+00 7.4000e+00 8.0000e-01
  4.3120e+02 0.0000e+00 0.0000e+00]
 [0.0000e+00 0.0000e+00 0.0000e+00 0.0000e+00 0.0000e+00 0.0000e+00
  0.0000e+00 0.0000e+00 0.0000e+00 0.0000e+00 0.0000e+00 0.0000e+00
  0.0000e+00 4.0200e+02 0.0000e+00]
 [0.0000e+00 0.0000e+00 0.0000e+00 0.0000e+00 0.0000e+00 0.0000e+00
  0.0000e+00 0.0000e+00 0.0000e+00 0.0000e+00 0.0000e+00 0.0000e+00
  0.0000e+00 0.0000e+00 6.2000e+02]]---
Accuracy: 96.46 +- 0.54
---
class acc :
	Healthy grass: 95.37 +- 4.35
	Stressed grass: 99.25 +- 0.52
	Synthetic grass: 99.88 +- 0.24
	Trees: 98.00 +- 2.30
	Soil: 100.00 +- 0.00
	Water: 89.41 +- 4.77
	Residential: 97.33 +- 2.21
	Commercial: 90.18 +- 2.56
	Road: 92.30 +- 1.78
	Highway: 98.06 +- 1.78
	Railway: 97.64 +- 1.08
	Parking Lot 1: 92.77 +- 1.79
	Parking Lot 2: 97.78 +- 1.81
	Tennis Court: 100.00 +- 0.00
	Running Track: 100.00 +- 0.00
---
AA: 96.53 +- 0.65
Kappa: 96.17 +- 0.59
