run 1 / 5
Best validation overall accuracy 0.9665178571428571
Confusion matrix :
[[1136   26    0   14    0    0    0    0    0    0    0    0    0    0
     0]
 [  12 1167    0    0    0    0    0    0    0    0    0    0    0    0
     0]
 [   0    0  655    0    0    0    0    0    0    0    0    0    0    0
     0]
 [   0    0    0 1152    0    0   13    0    4    0    0    0    0    0
     0]
 [   0    0    0    0 1168    0    0    0    0    0    0    0    0    0
     0]
 [   4    0    0    0    0  258   40    0    4    0    0    0    0    0
     0]
 [   0    0    0    0    0    0 1149    0   31    0   12    0    0    0
     0]
 [   0    0    0    0   35    0   57 1010    0   17    0   41    0    0
     9]
 [   0    0    0    0    0    0    8    0 1116   29   21    3    0    0
     0]
 [   0    0    0    0    0    0    0    0    0 1153    1    0    0    0
     0]
 [   0    0    0    0    0    0    0    0   27    8 1126    0    0    0
     0]
 [   0    0    0    0    0    0    0    0    0    5    0 1142   12    0
     0]
 [   0    0    0    0    0    0    2    0    0   18    0    4  417    0
     0]
 [   0    0    0    0    0    0    0    0    0    0    0    0    2  400
     0]
 [   0    0    0    0    0    0    0    0    0    0    0    0    0    0
   620]]---
Accuracy : 96.75%
---
class acc :
	Healthy grass: 96.60
	Stressed grass: 98.98
	Synthetic grass: 100.00
	Trees: 98.55
	Soil: 100.00
	Water: 84.31
	Residential: 96.39
	Commercial: 86.40
	Road: 94.82
	Highway: 99.91
	Railway: 96.99
	Parking Lot 1: 98.53
	Parking Lot 2: 94.56
	Tennis Court: 99.50
	Running Track: 100.00
---
AA: 96.37%
Kappa: 96.49
run 2 / 5
Best validation overall accuracy 0.9799107142857143
Confusion matrix :
[[1176    0    0    0    0    0    0    0    0    0    0    0    0    0
     0]
 [  14 1165    0    0    0    0    0    0    0    0    0    0    0    0
     0]
 [   0    0  653    0    0    0    0    0    0    0    0    0    0    0
     2]
 [  70    0    0 1099    0    0    0    0    0    0    0    0    0    0
     0]
 [   0    0    0    0 1168    0    0    0    0    0    0    0    0    0
     0]
 [  26    0    0    0    0  242   38    0    0    0    0    0    0    0
     0]
 [   0    0    0    0    0    0 1186    0    0    0    0    1    5    0
     0]
 [   0    0    0    0    3    0    0 1129    3    6   20    5    3    0
     0]
 [   0    0    0    0    0    0    5    0 1097   60    0   15    0    0
     0]
 [   0    0    0    0    0    0    0    0    6 1145    3    0    0    0
     0]
 [   0    0    0    0    0    0    0    0    2    0 1159    0    0    0
     0]
 [   0    0    0    0    0    0   24    0    2   97    0 1019   17    0
     0]
 [   0    0    0    0    0    0    0    0    0    0   18   14  409    0
     0]
 [   0    0    0    0    0    0    0    0    0    0    0    0    0  402
     0]
 [   0    0    0    0    0    0    0    0    0    0    0    0    0    0
   620]]---
Accuracy : 96.75%
---
class acc :
	Healthy grass: 100.00
	Stressed grass: 98.81
	Synthetic grass: 99.69
	Trees: 94.01
	Soil: 100.00
	Water: 79.08
	Residential: 99.50
	Commercial: 96.58
	Road: 93.20
	Highway: 99.22
	Railway: 99.83
	Parking Lot 1: 87.92
	Parking Lot 2: 92.74
	Tennis Court: 100.00
	Running Track: 100.00
---
AA: 96.04%
Kappa: 96.49
run 3 / 5
Best validation overall accuracy 0.9642857142857143
Confusion matrix :
[[1013  125    0   38    0    0    0    0    0    0    0    0    0    0
     0]
 [   4 1175    0    0    0    0    0    0    0    0    0    0    0    0
     0]
 [   0    0  651    0    0    0    0    0    0    0    0    0    0    0
     4]
 [   0    0    0 1168    0    0    1    0    0    0    0    0    0    0
     0]
 [   0    0    0    0 1168    0    0    0    0    0    0    0    0    0
     0]
 [   6    0    0    1    0  254   39    2    4    0    0    0    0    0
     0]
 [   0    0    0    3    0    0 1178    0    9    0    2    0    0    0
     0]
 [   0    0    0    0    0    0   23 1061    2    0   15   32    8    0
    28]
 [   0    0    0    0    0    0    8    0 1116   16   31    6    0    0
     0]
 [   0    0    0    0    0    0    0    0    0 1132    2   20    0    0
     0]
 [   0    0    0    0    0    0    0    0    0    0 1161    0    0    0
     0]
 [   0    0    0    0    0    0   55    0   10    1    0 1087    6    0
     0]
 [   0    0    0    0    0    0    0    0    0    9    0   20  412    0
     0]
 [   0    0    0    0    0    0    0    0    0    0    0    0    0  402
     0]
 [   0    0    2    0    0    0    0    0    0    0    0    0    0    0
   618]]---
Accuracy : 96.23%
---
class acc :
	Healthy grass: 86.14
	Stressed grass: 99.66
	Synthetic grass: 99.39
	Trees: 99.91
	Soil: 100.00
	Water: 83.01
	Residential: 98.83
	Commercial: 90.76
	Road: 94.82
	Highway: 98.09
	Railway: 100.00
	Parking Lot 1: 93.79
	Parking Lot 2: 93.42
	Tennis Court: 100.00
	Running Track: 99.68
---
AA: 95.83%
Kappa: 95.93
run 4 / 5
Best validation overall accuracy 0.9732142857142857
Confusion matrix :
[[1145    8    0   23    0    0    0    0    0    0    0    0    0    0
     0]
 [  25 1154    0    0    0    0    0    0    0    0    0    0    0    0
     0]
 [   0    0  655    0    0    0    0    0    0    0    0    0    0    0
     0]
 [   0    0    0 1162    0    0    0    0    7    0    0    0    0    0
     0]
 [   0    0    0    0 1168    0    0    0    0    0    0    0    0    0
     0]
 [   0    0    0    0    0  261   39    0    6    0    0    0    0    0
     0]
 [   0    0    0    0    0    0 1192    0    0    0    0    0    0    0
     0]
 [   1    0    0    0    0    0    0 1075   19    0    7   34    0    0
    33]
 [   0    1    0    0   20    0    0    0 1141   14    1    0    0    0
     0]
 [   0    0    0    0    0    0    0    0    5 1145    0    0    4    0
     0]
 [   0    0    0    0    0    0    0    0    0    0 1161    0    0    0
     0]
 [   0    0    0    0    0    0   12   16    9    0   46 1062   14    0
     0]
 [   0    0    0    0    0    0    0    0    1    6    0   12  422    0
     0]
 [   0    0    0    0    0    0    0    0    0    0    0    0    0  402
     0]
 [   0    0    0    0    0    0    0    0    0    0    0    0    0    0
   620]]---
Accuracy : 97.43%
---
class acc :
	Healthy grass: 97.36
	Stressed grass: 97.88
	Synthetic grass: 100.00
	Trees: 99.40
	Soil: 100.00
	Water: 85.29
	Residential: 100.00
	Commercial: 91.96
	Road: 96.94
	Highway: 99.22
	Railway: 100.00
	Parking Lot 1: 91.63
	Parking Lot 2: 95.69
	Tennis Court: 100.00
	Running Track: 100.00
---
AA: 97.03%
Kappa: 97.22
run 5 / 5
Best validation overall accuracy 0.9776785714285714
Confusion matrix :
[[1135   10    0   31    0    0    0    0    0    0    0    0    0    0
     0]
 [  20 1159    0    0    0    0    0    0    0    0    0    0    0    0
     0]
 [   0    0  653    0    0    0    0    0    0    0    0    0    0    0
     2]
 [   5    0    0 1163    0    0    0    0    1    0    0    0    0    0
     0]
 [   0    0    0    0 1168    0    0    0    0    0    0    0    0    0
     0]
 [  18    0    0    1    0  281    0    0    6    0    0    0    0    0
     0]
 [   0    0    0   18    0    0 1167    0    5    0    2    0    0    0
     0]
 [   0    0    0    0    1    0    0 1091   12    0    0   11   25    1
    28]
 [   0    0    0   12    3    0   18    0 1112   13   19    0    0    0
     0]
 [   0    0    0    0    0    0    0    0    0 1151    3    0    0    0
     0]
 [   0    0    0    0    0    0    0    0    0   10 1151    0    0    0
     0]
 [   0    0    0    0    0    0   10   38   12    0   23 1059   17    0
     0]
 [   0    0    0    0    0    0    0    0    0    4    0    9  428    0
     0]
 [   0    0    0    0    0    0    0    0    0    0    0    0    0  402
     0]
 [   0    0    0    0    0    0    0    0    0    0    0    0    0    0
   620]]---
Accuracy : 97.25%
---
class acc :
	Healthy grass: 96.51
	Stressed grass: 98.30
	Synthetic grass: 99.69
	Trees: 99.49
	Soil: 100.00
	Water: 91.83
	Residential: 97.90
	Commercial: 93.33
	Road: 94.48
	Highway: 99.74
	Railway: 99.14
	Parking Lot 1: 91.37
	Parking Lot 2: 97.05
	Tennis Court: 100.00
	Running Track: 100.00
---
AA: 97.26%
Kappa: 97.03
Agregated results :
Confusion matrix :
[[1.1210e+03 3.3800e+01 0.0000e+00 2.1200e+01 0.0000e+00 0.0000e+00
  0.0000e+00 0.0000e+00 0.0000e+00 0.0000e+00 0.0000e+00 0.0000e+00
  0.0000e+00 0.0000e+00 0.0000e+00]
 [1.5000e+01 1.1640e+03 0.0000e+00 0.0000e+00 0.0000e+00 0.0000e+00
  0.0000e+00 0.0000e+00 0.0000e+00 0.0000e+00 0.0000e+00 0.0000e+00
  0.0000e+00 0.0000e+00 0.0000e+00]
 [0.0000e+00 0.0000e+00 6.5340e+02 0.0000e+00 0.0000e+00 0.0000e+00
  0.0000e+00 0.0000e+00 0.0000e+00 0.0000e+00 0.0000e+00 0.0000e+00
  0.0000e+00 0.0000e+00 1.6000e+00]
 [1.5000e+01 0.0000e+00 0.0000e+00 1.1488e+03 0.0000e+00 0.0000e+00
  2.8000e+00 0.0000e+00 2.4000e+00 0.0000e+00 0.0000e+00 0.0000e+00
  0.0000e+00 0.0000e+00 0.0000e+00]
 [0.0000e+00 0.0000e+00 0.0000e+00 0.0000e+00 1.1680e+03 0.0000e+00
  0.0000e+00 0.0000e+00 0.0000e+00 0.0000e+00 0.0000e+00 0.0000e+00
  0.0000e+00 0.0000e+00 0.0000e+00]
 [1.0800e+01 0.0000e+00 0.0000e+00 4.0000e-01 0.0000e+00 2.5920e+02
  3.1200e+01 4.0000e-01 4.0000e+00 0.0000e+00 0.0000e+00 0.0000e+00
  0.0000e+00 0.0000e+00 0.0000e+00]
 [0.0000e+00 0.0000e+00 0.0000e+00 4.2000e+00 0.0000e+00 0.0000e+00
  1.1744e+03 0.0000e+00 9.0000e+00 0.0000e+00 3.2000e+00 2.0000e-01
  1.0000e+00 0.0000e+00 0.0000e+00]
 [2.0000e-01 0.0000e+00 0.0000e+00 0.0000e+00 7.8000e+00 0.0000e+00
  1.6000e+01 1.0732e+03 7.2000e+00 4.6000e+00 8.4000e+00 2.4600e+01
  7.2000e+00 2.0000e-01 1.9600e+01]
 [0.0000e+00 2.0000e-01 0.0000e+00 2.4000e+00 4.6000e+00 0.0000e+00
  7.8000e+00 0.0000e+00 1.1164e+03 2.6400e+01 1.4400e+01 4.8000e+00
  0.0000e+00 0.0000e+00 0.0000e+00]
 [0.0000e+00 0.0000e+00 0.0000e+00 0.0000e+00 0.0000e+00 0.0000e+00
  0.0000e+00 0.0000e+00 2.2000e+00 1.1452e+03 1.8000e+00 4.0000e+00
  8.0000e-01 0.0000e+00 0.0000e+00]
 [0.0000e+00 0.0000e+00 0.0000e+00 0.0000e+00 0.0000e+00 0.0000e+00
  0.0000e+00 0.0000e+00 5.8000e+00 3.6000e+00 1.1516e+03 0.0000e+00
  0.0000e+00 0.0000e+00 0.0000e+00]
 [0.0000e+00 0.0000e+00 0.0000e+00 0.0000e+00 0.0000e+00 0.0000e+00
  2.0200e+01 1.0800e+01 6.6000e+00 2.0600e+01 1.3800e+01 1.0738e+03
  1.3200e+01 0.0000e+00 0.0000e+00]
 [0.0000e+00 0.0000e+00 0.0000e+00 0.0000e+00 0.0000e+00 0.0000e+00
  4.0000e-01 0.0000e+00 2.0000e-01 7.4000e+00 3.6000e+00 1.1800e+01
  4.1760e+02 0.0000e+00 0.0000e+00]
 [0.0000e+00 0.0000e+00 0.0000e+00 0.0000e+00 0.0000e+00 0.0000e+00
  0.0000e+00 0.0000e+00 0.0000e+00 0.0000e+00 0.0000e+00 0.0000e+00
  4.0000e-01 4.0160e+02 0.0000e+00]
 [0.0000e+00 0.0000e+00 4.0000e-01 0.0000e+00 0.0000e+00 0.0000e+00
  0.0000e+00 0.0000e+00 0.0000e+00 0.0000e+00 0.0000e+00 0.0000e+00
  0.0000e+00 0.0000e+00 6.1960e+02]]---
Accuracy: 96.88 +- 0.42
---
class acc :
	Healthy grass: 95.32 +- 4.76
	Stressed grass: 98.73 +- 0.61
	Synthetic grass: 99.76 +- 0.23
	Trees: 98.27 +- 2.18
	Soil: 100.00 +- 0.00
	Water: 84.71 +- 4.14
	Residential: 98.52 +- 1.28
	Commercial: 91.80 +- 3.33
	Road: 94.85 +- 1.20
	Highway: 99.24 +- 0.64
	Railway: 99.19 +- 1.15
	Parking Lot 1: 92.65 +- 3.49
	Parking Lot 2: 94.69 +- 1.55
	Tennis Court: 99.90 +- 0.20
	Running Track: 99.94 +- 0.13
---
AA: 96.50 +- 0.55
Kappa: 96.63 +- 0.46
