run 1 / 5
Best validation overall accuracy 0.9709821428571429
Confusion matrix :
[[1148   10    0   18    0    0    0    0    0    0    0    0    0    0
     0]
 [   6 1172    0    1    0    0    0    0    0    0    0    0    0    0
     0]
 [   0    0  655    0    0    0    0    0    0    0    0    0    0    0
     0]
 [   0    0    0 1168    0    0    0    0    1    0    0    0    0    0
     0]
 [   0    0    0    0 1168    0    0    0    0    0    0    0    0    0
     0]
 [   0    0    0    0    0  263   39    0    4    0    0    0    0    0
     0]
 [   0    0    0    0    0    0 1139    0   19    0   19   14    1    0
     0]
 [   0    0    0    0   54    0   50 1025    5   17    0    9    0    0
     9]
 [   0    0    0    0    0    0    2    0 1119   24   24    8    0    0
     0]
 [   0    0    0    0    0    0    0    0    0 1154    0    0    0    0
     0]
 [   0    0    0    0    0    0    0    0   30    4 1125    0    2    0
     0]
 [   0    0    0    0    0    0    1   22   59    0    0 1074    3    0
     0]
 [   0    0    0    0    0    0    0    0    1    3   15    0  422    0
     0]
 [   0    0    0    0    0    0    0    0    0    0    0    0    0  402
     0]
 [   0    0    0    0    0    0    0    0    0    0    0    0    0    0
   620]]---
Accuracy : 96.64%
---
class acc :
	Healthy grass: 97.62
	Stressed grass: 99.41
	Synthetic grass: 100.00
	Trees: 99.91
	Soil: 100.00
	Water: 85.95
	Residential: 95.55
	Commercial: 87.68
	Road: 95.07
	Highway: 100.00
	Railway: 96.90
	Parking Lot 1: 92.67
	Parking Lot 2: 95.69
	Tennis Court: 100.00
	Running Track: 100.00
---
AA: 96.43%
Kappa: 96.37
run 2 / 5
Best validation overall accuracy 0.9732142857142857
Confusion matrix :
[[1170    6    0    0    0    0    0    0    0    0    0    0    0    0
     0]
 [   8 1171    0    0    0    0    0    0    0    0    0    0    0    0
     0]
 [   0    0  655    0    0    0    0    0    0    0    0    0    0    0
     0]
 [  71    0    0 1098    0    0    0    0    0    0    0    0    0    0
     0]
 [   0    0    0    0 1168    0    0    0    0    0    0    0    0    0
     0]
 [   0    0    0    0    0  268   38    0    0    0    0    0    0    0
     0]
 [   0    0    0    0    0    0 1162    6   18    0    4    1    0    0
     1]
 [   0    0    0    0    1    4    0 1070    3    0   29   62    0    0
     0]
 [   0    0    0    0    0    0    0    0 1022   57   24   74    0    0
     0]
 [   0    0    0    0    0    0    0    0    6 1148    0    0    0    0
     0]
 [   0    0    0    0    0    0    0    0    1    2 1157    0    1    0
     0]
 [   0    0    0    0   45    0   23    7    0    0    0 1084    0    0
     0]
 [   0    0    0    0    0    0    0    0    0    3    2    2  434    0
     0]
 [   0    0    0    0    0    0    0    0    0    0    0    0    0  402
     0]
 [   0    0    0    0    0    0    0    0    0    0    0    0    0    0
   620]]---
Accuracy : 96.47%
---
class acc :
	Healthy grass: 99.49
	Stressed grass: 99.32
	Synthetic grass: 100.00
	Trees: 93.93
	Soil: 100.00
	Water: 87.58
	Residential: 97.48
	Commercial: 91.53
	Road: 86.83
	Highway: 99.48
	Railway: 99.66
	Parking Lot 1: 93.53
	Parking Lot 2: 98.41
	Tennis Court: 100.00
	Running Track: 100.00
---
AA: 96.48%
Kappa: 96.18
run 3 / 5
Best validation overall accuracy 0.9620535714285714
Confusion matrix :
[[1043  116    0   17    0    0    0    0    0    0    0    0    0    0
     0]
 [   1 1178    0    0    0    0    0    0    0    0    0    0    0    0
     0]
 [   0    0  655    0    0    0    0    0    0    0    0    0    0    0
     0]
 [  71    0    0 1097    0    0    0    0    1    0    0    0    0    0
     0]
 [   0    0    0    0 1168    0    0    0    0    0    0    0    0    0
     0]
 [   0    0    0    0    0  300    0    6    0    0    0    0    0    0
     0]
 [   0    0    0    0    0    0 1161    0   13    0    4   10    1    0
     3]
 [   0    0    0    0    0    0   23 1020   10    0   30   58    0   19
     9]
 [   0    0    0    0    0    0    0    0 1063   39   28   47    0    0
     0]
 [   0    0    0    0    0    0    0    0    2 1125    1   26    0    0
     0]
 [   0    0    0    0    0    0    5    0    1   16 1139    0    0    0
     0]
 [   0    0    0    0    0    0   37    0    5   19    0 1098    0    0
     0]
 [   0    0    0    0    0    0    0    0    0    0    0    1  440    0
     0]
 [   0    0    0    0    0    0    0    0    0    0    0    0    0  402
     0]
 [   0    0    0    0    0    0    0    0    0    0    0    0    0    0
   620]]---
Accuracy : 95.62%
---
class acc :
	Healthy grass: 88.69
	Stressed grass: 99.92
	Synthetic grass: 100.00
	Trees: 93.84
	Soil: 100.00
	Water: 98.04
	Residential: 97.40
	Commercial: 87.25
	Road: 90.31
	Highway: 97.49
	Railway: 98.11
	Parking Lot 1: 94.74
	Parking Lot 2: 99.77
	Tennis Court: 100.00
	Running Track: 100.00
---
AA: 96.37%
Kappa: 95.26
run 4 / 5
Best validation overall accuracy 0.9732142857142857
Confusion matrix :
[[1148    4    0   24    0    0    0    0    0    0    0    0    0    0
     0]
 [   7 1172    0    0    0    0    0    0    0    0    0    0    0    0
     0]
 [   0    0  645    0    0    0    0    0    0    0    0    0    0    0
    10]
 [   0    0    0 1168    0    0    0    0    1    0    0    0    0    0
     0]
 [   0    0    0    0 1168    0    0    0    0    0    0    0    0    0
     0]
 [   0    0    0    0    0  261   39    0    6    0    0    0    0    0
     0]
 [   0    0    0    0    0    0 1183    7    0    0    1    1    0    0
     0]
 [   0    0    0    0    0    0    0 1117    2    0   10   12    1   11
    16]
 [   0    0    0    0   21    0    0    0 1043   50    8   55    0    0
     0]
 [   0    0    0    0    0    0    0    0   39 1091    9   15    0    0
     0]
 [   0    0    0    0    0    0    0    0    5    0 1153    0    3    0
     0]
 [   0    0    0    0    0    0   31   23    3    0   54 1048    0    0
     0]
 [   0    0    0    0    0    0    0    1    0    0    0    0  440    0
     0]
 [   0    0    0    0    0    0    0    0    0    0    0    0    0  402
     0]
 [   0    0    0    0    0    0    0    0    0    0    0    0    0    0
   620]]---
Accuracy : 96.68%
---
class acc :
	Healthy grass: 97.62
	Stressed grass: 99.41
	Synthetic grass: 98.47
	Trees: 99.91
	Soil: 100.00
	Water: 85.29
	Residential: 99.24
	Commercial: 95.55
	Road: 88.62
	Highway: 94.54
	Railway: 99.31
	Parking Lot 1: 90.42
	Parking Lot 2: 99.77
	Tennis Court: 100.00
	Running Track: 100.00
---
AA: 96.54%
Kappa: 96.41
run 5 / 5
Best validation overall accuracy 0.9754464285714286
Confusion matrix :
[[1167    0    0    9    0    0    0    0    0    0    0    0    0    0
     0]
 [  11 1168    0    0    0    0    0    0    0    0    0    0    0    0
     0]
 [   0    0  654    0    0    0    0    0    0    0    0    0    0    0
     1]
 [  13    0    0 1156    0    0    0    0    0    0    0    0    0    0
     0]
 [   0    0    0    0 1168    0    0    0    0    0    0    0    0    0
     0]
 [   2    0    0    0    0  299    0    0    5    0    0    0    0    0
     0]
 [   0    0    0    0    0    0 1158    2   11    0   21    0    0    0
     0]
 [   0    0    0    0    0    0    0 1038    8    0    0   71   10   33
     9]
 [   0    0    0    0    0    0    2    0 1121   16   38    0    0    0
     0]
 [   0    0    0    0    0    0    0    0    3 1139    0   10    2    0
     0]
 [   0    0    0    0    0    0    0    0    2    0 1154    0    5    0
     0]
 [   0    0    0    0    0    0   29   34   10    0   28 1057    1    0
     0]
 [   0    0    0    0    0    0    0    0    0    0    0    1  440    0
     0]
 [   0    0    0    0    0    0    0    0    0    0    0    0    0  402
     0]
 [   0    0    0    0    0    0    0    0    0    0    0    0    0    0
   620]]---
Accuracy : 97.26%
---
class acc :
	Healthy grass: 99.23
	Stressed grass: 99.07
	Synthetic grass: 99.85
	Trees: 98.89
	Soil: 100.00
	Water: 97.71
	Residential: 97.15
	Commercial: 88.79
	Road: 95.24
	Highway: 98.70
	Railway: 99.40
	Parking Lot 1: 91.20
	Parking Lot 2: 99.77
	Tennis Court: 100.00
	Running Track: 100.00
---
AA: 97.67%
Kappa: 97.04
Agregated results :
Confusion matrix :
[[1.1352e+03 2.7200e+01 0.0000e+00 1.3600e+01 0.0000e+00 0.0000e+00
  0.0000e+00 0.0000e+00 0.0000e+00 0.0000e+00 0.0000e+00 0.0000e+00
  0.0000e+00 0.0000e+00 0.0000e+00]
 [6.6000e+00 1.1722e+03 0.0000e+00 2.0000e-01 0.0000e+00 0.0000e+00
  0.0000e+00 0.0000e+00 0.0000e+00 0.0000e+00 0.0000e+00 0.0000e+00
  0.0000e+00 0.0000e+00 0.0000e+00]
 [0.0000e+00 0.0000e+00 6.5280e+02 0.0000e+00 0.0000e+00 0.0000e+00
  0.0000e+00 0.0000e+00 0.0000e+00 0.0000e+00 0.0000e+00 0.0000e+00
  0.0000e+00 0.0000e+00 2.2000e+00]
 [3.1000e+01 0.0000e+00 0.0000e+00 1.1374e+03 0.0000e+00 0.0000e+00
  0.0000e+00 0.0000e+00 6.0000e-01 0.0000e+00 0.0000e+00 0.0000e+00
  0.0000e+00 0.0000e+00 0.0000e+00]
 [0.0000e+00 0.0000e+00 0.0000e+00 0.0000e+00 1.1680e+03 0.0000e+00
  0.0000e+00 0.0000e+00 0.0000e+00 0.0000e+00 0.0000e+00 0.0000e+00
  0.0000e+00 0.0000e+00 0.0000e+00]
 [4.0000e-01 0.0000e+00 0.0000e+00 0.0000e+00 0.0000e+00 2.7820e+02
  2.3200e+01 1.2000e+00 3.0000e+00 0.0000e+00 0.0000e+00 0.0000e+00
  0.0000e+00 0.0000e+00 0.0000e+00]
 [0.0000e+00 0.0000e+00 0.0000e+00 0.0000e+00 0.0000e+00 0.0000e+00
  1.1606e+03 3.0000e+00 1.2200e+01 0.0000e+00 9.8000e+00 5.2000e+00
  4.0000e-01 0.0000e+00 8.0000e-01]
 [0.0000e+00 0.0000e+00 0.0000e+00 0.0000e+00 1.1000e+01 8.0000e-01
  1.4600e+01 1.0540e+03 5.6000e+00 3.4000e+00 1.3800e+01 4.2400e+01
  2.2000e+00 1.2600e+01 8.6000e+00]
 [0.0000e+00 0.0000e+00 0.0000e+00 0.0000e+00 4.2000e+00 0.0000e+00
  8.0000e-01 0.0000e+00 1.0736e+03 3.7200e+01 2.4400e+01 3.6800e+01
  0.0000e+00 0.0000e+00 0.0000e+00]
 [0.0000e+00 0.0000e+00 0.0000e+00 0.0000e+00 0.0000e+00 0.0000e+00
  0.0000e+00 0.0000e+00 1.0000e+01 1.1314e+03 2.0000e+00 1.0200e+01
  4.0000e-01 0.0000e+00 0.0000e+00]
 [0.0000e+00 0.0000e+00 0.0000e+00 0.0000e+00 0.0000e+00 0.0000e+00
  1.0000e+00 0.0000e+00 7.8000e+00 4.4000e+00 1.1456e+03 0.0000e+00
  2.2000e+00 0.0000e+00 0.0000e+00]
 [0.0000e+00 0.0000e+00 0.0000e+00 0.0000e+00 9.0000e+00 0.0000e+00
  2.4200e+01 1.7200e+01 1.5400e+01 3.8000e+00 1.6400e+01 1.0722e+03
  8.0000e-01 0.0000e+00 0.0000e+00]
 [0.0000e+00 0.0000e+00 0.0000e+00 0.0000e+00 0.0000e+00 0.0000e+00
  0.0000e+00 2.0000e-01 2.0000e-01 1.2000e+00 3.4000e+00 8.0000e-01
  4.3520e+02 0.0000e+00 0.0000e+00]
 [0.0000e+00 0.0000e+00 0.0000e+00 0.0000e+00 0.0000e+00 0.0000e+00
  0.0000e+00 0.0000e+00 0.0000e+00 0.0000e+00 0.0000e+00 0.0000e+00
  0.0000e+00 4.0200e+02 0.0000e+00]
 [0.0000e+00 0.0000e+00 0.0000e+00 0.0000e+00 0.0000e+00 0.0000e+00
  0.0000e+00 0.0000e+00 0.0000e+00 0.0000e+00 0.0000e+00 0.0000e+00
  0.0000e+00 0.0000e+00 6.2000e+02]]---
Accuracy: 96.53 +- 0.53
---
class acc :
	Healthy grass: 96.53 +- 4.00
	Stressed grass: 99.42 +- 0.28
	Synthetic grass: 99.66 +- 0.60
	Trees: 97.30 +- 2.81
	Soil: 100.00 +- 0.00
	Water: 90.92 +- 5.73
	Residential: 97.37 +- 1.17
	Commercial: 90.16 +- 3.08
	Road: 91.21 +- 3.40
	Highway: 98.04 +- 1.94
	Railway: 98.67 +- 1.04
	Parking Lot 1: 92.51 +- 1.56
	Parking Lot 2: 98.68 +- 1.59
	Tennis Court: 100.00 +- 0.00
	Running Track: 100.00 +- 0.00
---
AA: 96.70 +- 0.49
Kappa: 96.25 +- 0.57
