run 1 / 5
Best validation overall accuracy 0.9665178571428571
Confusion matrix :
[[1137   30    0    9    0    0    0    0    0    0    0    0    0    0
     0]
 [  22 1157    0    0    0    0    0    0    0    0    0    0    0    0
     0]
 [   0    0  655    0    0    0    0    0    0    0    0    0    0    0
     0]
 [   0    0    0 1168    0    0    0    0    1    0    0    0    0    0
     0]
 [   0    0    0    0 1168    0    0    0    0    0    0    0    0    0
     0]
 [   0    0    0    0    0  263   39    0    4    0    0    0    0    0
     0]
 [   0    0    0    0    0    0 1160    1   15    0    5   10    1    0
     0]
 [   0    0    0    0   50    0   50 1024    1   17    5   11    2    0
     9]
 [   0    1    0    0    0    0    4    1 1088   70    8    5    0    0
     0]
 [   0    0    0    0    0    0    0    0    0 1151    0    3    0    0
     0]
 [   0    0    0    0    3    0    1    0   22    0 1132    0    3    0
     0]
 [   0    0    0    0    0    0    4   36    3   49    0 1067    0    0
     0]
 [   0    0    0    0    0    0    0    0    0    3   15    0  423    0
     0]
 [   0    0    0    0    0    0    0    0    0    0    0    0    0  402
     0]
 [   0    0    0    0    0    0    0    0    0    0    0    0    0    0
   620]]---
Accuracy : 96.37%
---
class acc :
	Healthy grass: 96.68
	Stressed grass: 98.13
	Synthetic grass: 100.00
	Trees: 99.91
	Soil: 100.00
	Water: 85.95
	Residential: 97.32
	Commercial: 87.60
	Road: 92.44
	Highway: 99.74
	Railway: 97.50
	Parking Lot 1: 92.06
	Parking Lot 2: 95.92
	Tennis Court: 100.00
	Running Track: 100.00
---
AA: 96.22%
Kappa: 96.07
run 2 / 5
Best validation overall accuracy 0.9709821428571429
Confusion matrix :
[[1176    0    0    0    0    0    0    0    0    0    0    0    0    0
     0]
 [  18 1155    0    6    0    0    0    0    0    0    0    0    0    0
     0]
 [   0    0  655    0    0    0    0    0    0    0    0    0    0    0
     0]
 [  71    0    0 1098    0    0    0    0    0    0    0    0    0    0
     0]
 [   0    0    0    0 1168    0    0    0    0    0    0    0    0    0
     0]
 [   0    0    0    0    0  268   38    0    0    0    0    0    0    0
     0]
 [   0    0    0    0    0    0 1127   32   20    5    3    2    2    0
     1]
 [   0    0    0    0    6   15    0 1049    9    0   20   58    8    0
     4]
 [   0    0    0    0    0    0    0    0 1067   73    0   37    0    0
     0]
 [   0    0    0    0    0    0    0    0   13 1141    0    0    0    0
     0]
 [   0    0    0    0    0    0    0    0   14    8 1135    0    4    0
     0]
 [   0    0    0    0    0    0   20    4    0   22    0 1110    3    0
     0]
 [   0    0    0    0    0    0    0    0    0    1    0    0  440    0
     0]
 [   0    0    0    0    0    0    0    0    0    0    0    0    0  402
     0]
 [   0    0    0    0    0    0    0    0    0    0    0    0    0    0
   620]]---
Accuracy : 96.34%
---
class acc :
	Healthy grass: 100.00
	Stressed grass: 97.96
	Synthetic grass: 100.00
	Trees: 93.93
	Soil: 100.00
	Water: 87.58
	Residential: 94.55
	Commercial: 89.73
	Road: 90.65
	Highway: 98.87
	Railway: 97.76
	Parking Lot 1: 95.77
	Parking Lot 2: 99.77
	Tennis Court: 100.00
	Running Track: 100.00
---
AA: 96.44%
Kappa: 96.04
run 3 / 5
Best validation overall accuracy 0.9598214285714286
Confusion matrix :
[[1017   25    0  134    0    0    0    0    0    0    0    0    0    0
     0]
 [   3 1155    0   21    0    0    0    0    0    0    0    0    0    0
     0]
 [   0    0  655    0    0    0    0    0    0    0    0    0    0    0
     0]
 [   6    0    0 1161    0    0    0    0    2    0    0    0    0    0
     0]
 [   0    0    0    0 1168    0    0    0    0    0    0    0    0    0
     0]
 [   0    0    0    0    0  265   35    1    5    0    0    0    0    0
     0]
 [   0    0    0    0    0    2 1163    0    9    0   11    0    3    0
     4]
 [   0    0    0    0    2    0   23 1024   31    0   22   39    0   19
     9]
 [   0    0    0    0    0    0    2    0 1080   49   39    7    0    0
     0]
 [   0    0    0    0    0    0    0    0    1 1148    4    1    0    0
     0]
 [   0    0    0    0    0    0   13    0    0    6 1141    0    1    0
     0]
 [   0    0    0    0    0    0   60    0   22    3    0 1073    1    0
     0]
 [   0    0    0    0    0    0    0    0    0    0   13    0  428    0
     0]
 [   0    0    0    0    0    0    0    0    0    0    0    0    0  402
     0]
 [   0    0    0    0    0    0    0    0    0    0    0    0    0    0
   620]]---
Accuracy : 95.55%
---
class acc :
	Healthy grass: 86.48
	Stressed grass: 97.96
	Synthetic grass: 100.00
	Trees: 99.32
	Soil: 100.00
	Water: 86.60
	Residential: 97.57
	Commercial: 87.60
	Road: 91.76
	Highway: 99.48
	Railway: 98.28
	Parking Lot 1: 92.58
	Parking Lot 2: 97.05
	Tennis Court: 100.00
	Running Track: 100.00
---
AA: 95.64%
Kappa: 95.19
run 4 / 5
Best validation overall accuracy 0.9754464285714286
Confusion matrix :
[[1148    5    0   23    0    0    0    0    0    0    0    0    0    0
     0]
 [   5 1174    0    0    0    0    0    0    0    0    0    0    0    0
     0]
 [   0    0  655    0    0    0    0    0    0    0    0    0    0    0
     0]
 [   0    0    0 1168    0    0    0    0    1    0    0    0    0    0
     0]
 [   0    0    0    0 1168    0    0    0    0    0    0    0    0    0
     0]
 [   0    0    0    0    0  261   39    0    6    0    0    0    0    0
     0]
 [   0    0    0    0    0    0 1189    1    0    0    0    2    0    0
     0]
 [   0    0    0    0    0    0    0 1119    3    0    9   10    1   13
    14]
 [   0    0    0    0   14    0    0    0 1131   19    0   13    0    0
     0]
 [   0    0    0    0    0    0    0    0   49 1097    0    7    1    0
     0]
 [   0    0    0    0    0    0    0    0    0    0 1159    0    2    0
     0]
 [   0    0    0    0    0    0   25   54    5    0   11 1064    0    0
     0]
 [   0    0    0    0    0    0    0    0    0    0    0    0  441    0
     0]
 [   0    0    0    0    0    0    0    0    0    0    0    0    0  402
     0]
 [   0    0    0    0    0    0    0    0    0    0    0    0    0    0
   620]]---
Accuracy : 97.65%
---
class acc :
	Healthy grass: 97.62
	Stressed grass: 99.58
	Synthetic grass: 100.00
	Trees: 99.91
	Soil: 100.00
	Water: 85.29
	Residential: 99.75
	Commercial: 95.72
	Road: 96.09
	Highway: 95.06
	Railway: 99.83
	Parking Lot 1: 91.80
	Parking Lot 2: 100.00
	Tennis Court: 100.00
	Running Track: 100.00
---
AA: 97.38%
Kappa: 97.46
run 5 / 5
Best validation overall accuracy 0.9776785714285714
Confusion matrix :
[[1164    5    0    7    0    0    0    0    0    0    0    0    0    0
     0]
 [  11 1168    0    0    0    0    0    0    0    0    0    0    0    0
     0]
 [   0    0  655    0    0    0    0    0    0    0    0    0    0    0
     0]
 [  14    0    0 1155    0    0    0    0    0    0    0    0    0    0
     0]
 [   0    0    0    0 1167    0    0    1    0    0    0    0    0    0
     0]
 [   1    0    0    0    0  299    0    0    6    0    0    0    0    0
     0]
 [   0    0    0    0    0    0 1135    0    9    0   38    0    4    0
     6]
 [   0    0    0    0    0    0    0 1056   31    0    0   49    4    8
    21]
 [   0    0    0    0    0    0    2    1 1116   19   38    1    0    0
     0]
 [   0    0    0    0    0    0    0    0    3 1136   15    0    0    0
     0]
 [   0    0    0    0    3    0    0    0    0    0 1156    0    2    0
     0]
 [   0    0    0    0    0    0   18   19   10    0   47 1065    0    0
     0]
 [   0    0    0    0    0    0    0    0    0    1   16    1  423    0
     0]
 [   0    0    0    0    0    0    0    0    0    0    0    0    0  402
     0]
 [   0    0    0    0    0    0    0    0    0    0    0    0    0    0
   620]]---
Accuracy : 97.09%
---
class acc :
	Healthy grass: 98.98
	Stressed grass: 99.07
	Synthetic grass: 100.00
	Trees: 98.80
	Soil: 99.91
	Water: 97.71
	Residential: 95.22
	Commercial: 90.33
	Road: 94.82
	Highway: 98.44
	Railway: 99.57
	Parking Lot 1: 91.89
	Parking Lot 2: 95.92
	Tennis Court: 100.00
	Running Track: 100.00
---
AA: 97.38%
Kappa: 96.86
Agregated results :
Confusion matrix :
[[1.1284e+03 1.3000e+01 0.0000e+00 3.4600e+01 0.0000e+00 0.0000e+00
  0.0000e+00 0.0000e+00 0.0000e+00 0.0000e+00 0.0000e+00 0.0000e+00
  0.0000e+00 0.0000e+00 0.0000e+00]
 [1.1800e+01 1.1618e+03 0.0000e+00 5.4000e+00 0.0000e+00 0.0000e+00
  0.0000e+00 0.0000e+00 0.0000e+00 0.0000e+00 0.0000e+00 0.0000e+00
  0.0000e+00 0.0000e+00 0.0000e+00]
 [0.0000e+00 0.0000e+00 6.5500e+02 0.0000e+00 0.0000e+00 0.0000e+00
  0.0000e+00 0.0000e+00 0.0000e+00 0.0000e+00 0.0000e+00 0.0000e+00
  0.0000e+00 0.0000e+00 0.0000e+00]
 [1.8200e+01 0.0000e+00 0.0000e+00 1.1500e+03 0.0000e+00 0.0000e+00
  0.0000e+00 0.0000e+00 8.0000e-01 0.0000e+00 0.0000e+00 0.0000e+00
  0.0000e+00 0.0000e+00 0.0000e+00]
 [0.0000e+00 0.0000e+00 0.0000e+00 0.0000e+00 1.1678e+03 0.0000e+00
  0.0000e+00 2.0000e-01 0.0000e+00 0.0000e+00 0.0000e+00 0.0000e+00
  0.0000e+00 0.0000e+00 0.0000e+00]
 [2.0000e-01 0.0000e+00 0.0000e+00 0.0000e+00 0.0000e+00 2.7120e+02
  3.0200e+01 2.0000e-01 4.2000e+00 0.0000e+00 0.0000e+00 0.0000e+00
  0.0000e+00 0.0000e+00 0.0000e+00]
 [0.0000e+00 0.0000e+00 0.0000e+00 0.0000e+00 0.0000e+00 4.0000e-01
  1.1548e+03 6.8000e+00 1.0600e+01 1.0000e+00 1.1400e+01 2.8000e+00
  2.0000e+00 0.0000e+00 2.2000e+00]
 [0.0000e+00 0.0000e+00 0.0000e+00 0.0000e+00 1.1600e+01 3.0000e+00
  1.4600e+01 1.0544e+03 1.5000e+01 3.4000e+00 1.1200e+01 3.3400e+01
  3.0000e+00 8.0000e+00 1.1400e+01]
 [0.0000e+00 2.0000e-01 0.0000e+00 0.0000e+00 2.8000e+00 0.0000e+00
  1.6000e+00 4.0000e-01 1.0964e+03 4.6000e+01 1.7000e+01 1.2600e+01
  0.0000e+00 0.0000e+00 0.0000e+00]
 [0.0000e+00 0.0000e+00 0.0000e+00 0.0000e+00 0.0000e+00 0.0000e+00
  0.0000e+00 0.0000e+00 1.3200e+01 1.1346e+03 3.8000e+00 2.2000e+00
  2.0000e-01 0.0000e+00 0.0000e+00]
 [0.0000e+00 0.0000e+00 0.0000e+00 0.0000e+00 1.2000e+00 0.0000e+00
  2.8000e+00 0.0000e+00 7.2000e+00 2.8000e+00 1.1446e+03 0.0000e+00
  2.4000e+00 0.0000e+00 0.0000e+00]
 [0.0000e+00 0.0000e+00 0.0000e+00 0.0000e+00 0.0000e+00 0.0000e+00
  2.5400e+01 2.2600e+01 8.0000e+00 1.4800e+01 1.1600e+01 1.0758e+03
  8.0000e-01 0.0000e+00 0.0000e+00]
 [0.0000e+00 0.0000e+00 0.0000e+00 0.0000e+00 0.0000e+00 0.0000e+00
  0.0000e+00 0.0000e+00 0.0000e+00 1.0000e+00 8.8000e+00 2.0000e-01
  4.3100e+02 0.0000e+00 0.0000e+00]
 [0.0000e+00 0.0000e+00 0.0000e+00 0.0000e+00 0.0000e+00 0.0000e+00
  0.0000e+00 0.0000e+00 0.0000e+00 0.0000e+00 0.0000e+00 0.0000e+00
  0.0000e+00 4.0200e+02 0.0000e+00]
 [0.0000e+00 0.0000e+00 0.0000e+00 0.0000e+00 0.0000e+00 0.0000e+00
  0.0000e+00 0.0000e+00 0.0000e+00 0.0000e+00 0.0000e+00 0.0000e+00
  0.0000e+00 0.0000e+00 6.2000e+02]]---
Accuracy: 96.60 +- 0.72
---
class acc :
	Healthy grass: 95.95 +- 4.87
	Stressed grass: 98.54 +- 0.66
	Synthetic grass: 100.00 +- 0.00
	Trees: 98.37 +- 2.26
	Soil: 99.98 +- 0.03
	Water: 88.63 +- 4.60
	Residential: 96.88 +- 1.85
	Commercial: 90.20 +- 2.98
	Road: 93.15 +- 2.01
	Highway: 98.32 +- 1.69
	Railway: 98.59 +- 0.94
	Parking Lot 1: 92.82 +- 1.50
	Parking Lot 2: 97.73 +- 1.81
	Tennis Court: 100.00 +- 0.00
	Running Track: 100.00 +- 0.00
---
AA: 96.61 +- 0.68
Kappa: 96.33 +- 0.77
