run 1 / 5
Best validation overall accuracy 0.96875
Confusion matrix :
[[1153   13    0   10    0    0    0    0    0    0    0    0    0    0
     0]
 [  10 1169    0    0    0    0    0    0    0    0    0    0    0    0
     0]
 [   0    0  645    0    0    0   10    0    0    0    0    0    0    0
     0]
 [   1    0    0 1160    0    0    8    0    0    0    0    0    0    0
     0]
 [   0    0    0    0 1168    0    0    0    0    0    0    0    0    0
     0]
 [   0    0    0    0    0  263   39    0    4    0    0    0    0    0
     0]
 [   0    0    0    0    0    0 1161    0   16    0   14    1    0    0
     0]
 [   0    0    0    0   52    0   57 1023    0   17    0   11    0    0
     9]
 [   0    0    0    0    0    0    3    0 1059   54   27   34    0    0
     0]
 [   0    0    0    0    0    0    0    0    0 1154    0    0    0    0
     0]
 [   0    0    0    0    1    0    0    0   24    0 1136    0    0    0
     0]
 [   0    0    0    0    0    0   57    5    8    2    0 1084    3    0
     0]
 [   0    0    0    0    0    0    0    0    0    4   14    0  423    0
     0]
 [   0    0    0    0    0    0    1    0    0    0    0    0    0  401
     0]
 [   0    0    0    0    0    0    0    0    0    0    0    0    0    0
   620]]---
Accuracy : 96.40%
---
class acc :
	Healthy grass: 98.04
	Stressed grass: 99.15
	Synthetic grass: 98.47
	Trees: 99.23
	Soil: 100.00
	Water: 85.95
	Residential: 97.40
	Commercial: 87.51
	Road: 89.97
	Highway: 100.00
	Railway: 97.85
	Parking Lot 1: 93.53
	Parking Lot 2: 95.92
	Tennis Court: 99.75
	Running Track: 100.00
---
AA: 96.19%
Kappa: 96.10
run 2 / 5
Best validation overall accuracy 0.9754464285714286
Confusion matrix :
[[1149   21    0    6    0    0    0    0    0    0    0    0    0    0
     0]
 [  10 1153    0   16    0    0    0    0    0    0    0    0    0    0
     0]
 [   0    0  655    0    0    0    0    0    0    0    0    0    0    0
     0]
 [  70    0    0 1099    0    0    0    0    0    0    0    0    0    0
     0]
 [   0    0    0    0 1168    0    0    0    0    0    0    0    0    0
     0]
 [   8    0    0    0    0  261   34    0    0    0    0    3    0    0
     0]
 [   0    0    0    0    0    0 1160    8   17    0    2    5    0    0
     0]
 [   0    0    0    0   14    0    0 1115    6    0   31    1    2    0
     0]
 [   0    2    0    0    0    0    0    3 1083   58   21   10    0    0
     0]
 [   0    0    0    0    0    0    0    0    6 1147    1    0    0    0
     0]
 [   0    0    0    0    0    0    0    0    8    0 1153    0    0    0
     0]
 [   0    0    0    0   67    0    9   17    0   26    0 1040    0    0
     0]
 [   0    0    0    0    0    0    0    0    0    0    5    2  434    0
     0]
 [   0    0    0    0    0    0    0    0    0    0    0    0    0  402
     0]
 [   0    0    0    0    0    0    0    0    0    0    0    0    0    0
   620]]---
Accuracy : 96.54%
---
class acc :
	Healthy grass: 97.70
	Stressed grass: 97.79
	Synthetic grass: 100.00
	Trees: 94.01
	Soil: 100.00
	Water: 85.29
	Residential: 97.32
	Commercial: 95.38
	Road: 92.01
	Highway: 99.39
	Railway: 99.31
	Parking Lot 1: 89.73
	Parking Lot 2: 98.41
	Tennis Court: 100.00
	Running Track: 100.00
---
AA: 96.42%
Kappa: 96.26
run 3 / 5
Best validation overall accuracy 0.9598214285714286
Confusion matrix :
[[1035  119    0   22    0    0    0    0    0    0    0    0    0    0
     0]
 [   2 1177    0    0    0    0    0    0    0    0    0    0    0    0
     0]
 [   0    0  655    0    0    0    0    0    0    0    0    0    0    0
     0]
 [  20    0    0 1149    0    0    0    0    0    0    0    0    0    0
     0]
 [   0    0    0    0 1168    0    0    0    0    0    0    0    0    0
     0]
 [   0    0    0    0    0  301    0    1    4    0    0    0    0    0
     0]
 [   0    0    0    0    0    0 1156    0   10    0   24    0    2    0
     0]
 [   0    0    0    0    0    0   23 1019    6    0   36   46   11   13
    15]
 [   0    0    0    0    0    0    0    0 1075   48   47    7    0    0
     0]
 [   0    0    0    0    0    0    0    0    0 1142    7    5    0    0
     0]
 [   0    0    0    0    0    0    0    0    1    0 1160    0    0    0
     0]
 [   0    0    0    0    0    0   57    0   16    0    2 1081    3    0
     0]
 [   0    0    0    0    0    0    0    0    0    0   16    0  425    0
     0]
 [   0    0    0    0    0    0    0    0    0    0    0    0    0  402
     0]
 [   0    0    0    0    0    0    0    0    0    0    0    0    0    0
   620]]---
Accuracy : 96.02%
---
class acc :
	Healthy grass: 88.01
	Stressed grass: 99.83
	Synthetic grass: 100.00
	Trees: 98.29
	Soil: 100.00
	Water: 98.37
	Residential: 96.98
	Commercial: 87.17
	Road: 91.33
	Highway: 98.96
	Railway: 99.91
	Parking Lot 1: 93.27
	Parking Lot 2: 96.37
	Tennis Court: 100.00
	Running Track: 100.00
---
AA: 96.57%
Kappa: 95.69
run 4 / 5
Best validation overall accuracy 0.9732142857142857
Confusion matrix :
[[1109   43    0   24    0    0    0    0    0    0    0    0    0    0
     0]
 [   2 1177    0    0    0    0    0    0    0    0    0    0    0    0
     0]
 [   0    0  655    0    0    0    0    0    0    0    0    0    0    0
     0]
 [   0    5    0 1163    0    0    0    0    1    0    0    0    0    0
     0]
 [   0    0    0    0 1168    0    0    0    0    0    0    0    0    0
     0]
 [   0    0    0    0    0  261   39    0    6    0    0    0    0    0
     0]
 [   0    0    0    0    0    0 1181    5    1    0    0    5    0    0
     0]
 [   0    0    0    0    0    0    0 1093   14    0   10   24    0   16
    12]
 [   0    0    0    0   21    0    0    0 1095   33    8   20    0    0
     0]
 [   0    0    0    0    0    0    0    0   31 1121    0    2    0    0
     0]
 [   0    0    0    0    0    0    1    0    3   10 1141    0    6    0
     0]
 [   0    0    0    0    0    0   22   13   11    0   55 1055    3    0
     0]
 [   0    0    0    0    0    0    0    0    0    0    0    0  441    0
     0]
 [   0    0    0    0    0    0    0    0    0    0    0    0    0  402
     0]
 [   0    0    0    0    0    0    0    0    0    0    0    0    0    0
   620]]---
Accuracy : 96.84%
---
class acc :
	Healthy grass: 94.30
	Stressed grass: 99.83
	Synthetic grass: 100.00
	Trees: 99.49
	Soil: 100.00
	Water: 85.29
	Residential: 99.08
	Commercial: 93.50
	Road: 93.03
	Highway: 97.14
	Railway: 98.28
	Parking Lot 1: 91.03
	Parking Lot 2: 100.00
	Tennis Court: 100.00
	Running Track: 100.00
---
AA: 96.73%
Kappa: 96.59
run 5 / 5
Best validation overall accuracy 0.9732142857142857
Confusion matrix :
[[1174    1    0    1    0    0    0    0    0    0    0    0    0    0
     0]
 [  12 1167    0    0    0    0    0    0    0    0    0    0    0    0
     0]
 [   0    0  655    0    0    0    0    0    0    0    0    0    0    0
     0]
 [  13    0    0 1156    0    0    0    0    0    0    0    0    0    0
     0]
 [   0    0    0    0 1168    0    0    0    0    0    0    0    0    0
     0]
 [   0    0    0    0    0  300    0    0    6    0    0    0    0    0
     0]
 [   0    0    0    0    0    0 1157    6    9    2   14    2    0    0
     2]
 [   0    0    0    0    8    0    0 1004   38    0    0   42    9   59
     9]
 [   0    0    0    0    3    0    3    0 1120   23   26    2    0    0
     0]
 [   0    0    0    0    0    0    0    0    1 1148    0    5    0    0
     0]
 [   0    0    0    0    0    0    0    0    0   12 1147    0    2    0
     0]
 [   0    0    0    0    0    0   16   32   34    0   29 1048    0    0
     0]
 [   0    0    0    0    0    0    0    0    0    5    2   11  423    0
     0]
 [   0    0    0    0    0    0    0    0    0    0    0    0    0  402
     0]
 [   0    0    0    0    0    0    0    0    0    0    0    0    0    0
   620]]---
Accuracy : 96.89%
---
class acc :
	Healthy grass: 99.83
	Stressed grass: 98.98
	Synthetic grass: 100.00
	Trees: 98.89
	Soil: 100.00
	Water: 98.04
	Residential: 97.06
	Commercial: 85.89
	Road: 95.16
	Highway: 99.48
	Railway: 98.79
	Parking Lot 1: 90.42
	Parking Lot 2: 95.92
	Tennis Court: 100.00
	Running Track: 100.00
---
AA: 97.23%
Kappa: 96.64
Agregated results :
Confusion matrix :
[[1.1240e+03 3.9400e+01 0.0000e+00 1.2600e+01 0.0000e+00 0.0000e+00
  0.0000e+00 0.0000e+00 0.0000e+00 0.0000e+00 0.0000e+00 0.0000e+00
  0.0000e+00 0.0000e+00 0.0000e+00]
 [7.2000e+00 1.1686e+03 0.0000e+00 3.2000e+00 0.0000e+00 0.0000e+00
  0.0000e+00 0.0000e+00 0.0000e+00 0.0000e+00 0.0000e+00 0.0000e+00
  0.0000e+00 0.0000e+00 0.0000e+00]
 [0.0000e+00 0.0000e+00 6.5300e+02 0.0000e+00 0.0000e+00 0.0000e+00
  2.0000e+00 0.0000e+00 0.0000e+00 0.0000e+00 0.0000e+00 0.0000e+00
  0.0000e+00 0.0000e+00 0.0000e+00]
 [2.0800e+01 1.0000e+00 0.0000e+00 1.1454e+03 0.0000e+00 0.0000e+00
  1.6000e+00 0.0000e+00 2.0000e-01 0.0000e+00 0.0000e+00 0.0000e+00
  0.0000e+00 0.0000e+00 0.0000e+00]
 [0.0000e+00 0.0000e+00 0.0000e+00 0.0000e+00 1.1680e+03 0.0000e+00
  0.0000e+00 0.0000e+00 0.0000e+00 0.0000e+00 0.0000e+00 0.0000e+00
  0.0000e+00 0.0000e+00 0.0000e+00]
 [1.6000e+00 0.0000e+00 0.0000e+00 0.0000e+00 0.0000e+00 2.7720e+02
  2.2400e+01 2.0000e-01 4.0000e+00 0.0000e+00 0.0000e+00 6.0000e-01
  0.0000e+00 0.0000e+00 0.0000e+00]
 [0.0000e+00 0.0000e+00 0.0000e+00 0.0000e+00 0.0000e+00 0.0000e+00
  1.1630e+03 3.8000e+00 1.0600e+01 4.0000e-01 1.0800e+01 2.6000e+00
  4.0000e-01 0.0000e+00 4.0000e-01]
 [0.0000e+00 0.0000e+00 0.0000e+00 0.0000e+00 1.4800e+01 0.0000e+00
  1.6000e+01 1.0508e+03 1.2800e+01 3.4000e+00 1.5400e+01 2.4800e+01
  4.4000e+00 1.7600e+01 9.0000e+00]
 [0.0000e+00 4.0000e-01 0.0000e+00 0.0000e+00 4.8000e+00 0.0000e+00
  1.2000e+00 6.0000e-01 1.0864e+03 4.3200e+01 2.5800e+01 1.4600e+01
  0.0000e+00 0.0000e+00 0.0000e+00]
 [0.0000e+00 0.0000e+00 0.0000e+00 0.0000e+00 0.0000e+00 0.0000e+00
  0.0000e+00 0.0000e+00 7.6000e+00 1.1424e+03 1.6000e+00 2.4000e+00
  0.0000e+00 0.0000e+00 0.0000e+00]
 [0.0000e+00 0.0000e+00 0.0000e+00 0.0000e+00 2.0000e-01 0.0000e+00
  2.0000e-01 0.0000e+00 7.2000e+00 4.4000e+00 1.1474e+03 0.0000e+00
  1.6000e+00 0.0000e+00 0.0000e+00]
 [0.0000e+00 0.0000e+00 0.0000e+00 0.0000e+00 1.3400e+01 0.0000e+00
  3.2200e+01 1.3400e+01 1.3800e+01 5.6000e+00 1.7200e+01 1.0616e+03
  1.8000e+00 0.0000e+00 0.0000e+00]
 [0.0000e+00 0.0000e+00 0.0000e+00 0.0000e+00 0.0000e+00 0.0000e+00
  0.0000e+00 0.0000e+00 0.0000e+00 1.8000e+00 7.4000e+00 2.6000e+00
  4.2920e+02 0.0000e+00 0.0000e+00]
 [0.0000e+00 0.0000e+00 0.0000e+00 0.0000e+00 0.0000e+00 0.0000e+00
  2.0000e-01 0.0000e+00 0.0000e+00 0.0000e+00 0.0000e+00 0.0000e+00
  0.0000e+00 4.0180e+02 0.0000e+00]
 [0.0000e+00 0.0000e+00 0.0000e+00 0.0000e+00 0.0000e+00 0.0000e+00
  0.0000e+00 0.0000e+00 0.0000e+00 0.0000e+00 0.0000e+00 0.0000e+00
  0.0000e+00 0.0000e+00 6.2000e+02]]---
Accuracy: 96.54 +- 0.32
---
class acc :
	Healthy grass: 95.58 +- 4.19
	Stressed grass: 99.12 +- 0.75
	Synthetic grass: 99.69 +- 0.61
	Trees: 97.98 +- 2.02
	Soil: 100.00 +- 0.00
	Water: 90.59 +- 6.22
	Residential: 97.57 +- 0.77
	Commercial: 89.89 +- 3.80
	Road: 92.30 +- 1.74
	Highway: 98.99 +- 0.98
	Railway: 98.83 +- 0.73
	Parking Lot 1: 91.60 +- 1.53
	Parking Lot 2: 97.32 +- 1.63
	Tennis Court: 99.95 +- 0.10
	Running Track: 100.00 +- 0.00
---
AA: 96.63 +- 0.35
Kappa: 96.26 +- 0.35
