run 1 / 5
Best validation overall accuracy 0.9732142857142857
Confusion matrix :
[[1160   16    0    0    0    0    0    0    0    0    0    0    0    0
     0]
 [  16 1163    0    0    0    0    0    0    0    0    0    0    0    0
     0]
 [   0    0  655    0    0    0    0    0    0    0    0    0    0    0
     0]
 [  14    0    0 1154    0    0    0    0    1    0    0    0    0    0
     0]
 [   0    0    0    0 1168    0    0    0    0    0    0    0    0    0
     0]
 [   0    0    0    0    0  267   39    0    0    0    0    0    0    0
     0]
 [   0    0    0    0    0    0 1152    6   25    0    4    5    0    0
     0]
 [   0    0    0    0   56   24   50  988    2   17    0   16    0    0
    16]
 [   0    0    0    0    0    0    2    0 1109   31   25   10    0    0
     0]
 [   0    0    0    0    0    0    0    0    0 1154    0    0    0    0
     0]
 [   0    0    0    0    1    0    4    1   29   31 1094    0    1    0
     0]
 [   0    0    0    0    0    0   29    0    3   40    0 1087    0    0
     0]
 [   0    0    0    0    0    0    0    0    0   18    0    0  423    0
     0]
 [   0    0    0    0    0    0    0    0    0    0    0    0    0  402
     0]
 [   0    0    0    0    0    0    0    0    0    0    0    0    0    0
   620]]---
Accuracy : 96.23%
---
class acc :
	Healthy grass: 98.64
	Stressed grass: 98.64
	Synthetic grass: 100.00
	Trees: 98.72
	Soil: 100.00
	Water: 87.25
	Residential: 96.64
	Commercial: 84.52
	Road: 94.22
	Highway: 100.00
	Railway: 94.23
	Parking Lot 1: 93.79
	Parking Lot 2: 95.92
	Tennis Court: 100.00
	Running Track: 100.00
---
AA: 96.17%
Kappa: 95.93
run 2 / 5
Best validation overall accuracy 0.9754464285714286
Confusion matrix :
[[1176    0    0    0    0    0    0    0    0    0    0    0    0    0
     0]
 [   6 1173    0    0    0    0    0    0    0    0    0    0    0    0
     0]
 [   0    0  655    0    0    0    0    0    0    0    0    0    0    0
     0]
 [  79    0    0 1089    0    0    0    0    1    0    0    0    0    0
     0]
 [   0    0    0    0 1168    0    0    0    0    0    0    0    0    0
     0]
 [   2    0    0    0    0  267   37    0    0    0    0    0    0    0
     0]
 [   0    0    0    0    0    0 1168    2   13    1    3    1    4    0
     0]
 [   0    0    0    0    0    1    0 1102    1    1   24   30    6    0
     4]
 [   0    0    0    0    0    0    0    2 1065   66    3   41    0    0
     0]
 [   0    0    0    0    0    0    0    0   46 1103    4    1    0    0
     0]
 [   0    0    0    0    0    0    0    0   13    0 1146    0    2    0
     0]
 [   0    0    0    0    0    0   17   17    0   14    0 1111    0    0
     0]
 [   0    0    0    0    0    0    0    0    0    0    5    1  435    0
     0]
 [   0    0    0    0    0    0    0    0    0    0    0    0    0  402
     0]
 [   0    0    0    0    0    0    0    0    0    0    0    0    0    0
   620]]---
Accuracy : 96.83%
---
class acc :
	Healthy grass: 100.00
	Stressed grass: 99.49
	Synthetic grass: 100.00
	Trees: 93.16
	Soil: 100.00
	Water: 87.25
	Residential: 97.99
	Commercial: 94.27
	Road: 90.48
	Highway: 95.58
	Railway: 98.71
	Parking Lot 1: 95.86
	Parking Lot 2: 98.64
	Tennis Court: 100.00
	Running Track: 100.00
---
AA: 96.76%
Kappa: 96.57
run 3 / 5
Best validation overall accuracy 0.9620535714285714
Confusion matrix :
[[ 997   95    0   84    0    0    0    0    0    0    0    0    0    0
     0]
 [   1 1177    0    1    0    0    0    0    0    0    0    0    0    0
     0]
 [   0    0  655    0    0    0    0    0    0    0    0    0    0    0
     0]
 [   0    0    0 1169    0    0    0    0    0    0    0    0    0    0
     0]
 [   0    0    0    0 1168    0    0    0    0    0    0    0    0    0
     0]
 [   0    0    0    0    0  300    0    1    5    0    0    0    0    0
     0]
 [   0    0    0    0    0    1 1171    0    8    0    6    2    0    0
     4]
 [   0    0    0    0    0    0   23 1016   24    0   26   51    1   16
    12]
 [   0    0    0    0    0    0    0    0 1050   53   28   46    0    0
     0]
 [   0    0    0    0    0    0    0    0    1 1152    0    1    0    0
     0]
 [   0    0    0    0    0    0    6    0    2    9 1144    0    0    0
     0]
 [   0    0    0    0    0    0   60    0    9   28    0 1060    2    0
     0]
 [   0    0    0    0    0    0    0    0    0    0    0    0  441    0
     0]
 [   0    0    0    0    0    0    0    0    0    0    0    0    0  402
     0]
 [   0    0    0    0    0    0    0    0    0    0    0    0    0    0
   620]]---
Accuracy : 95.71%
---
class acc :
	Healthy grass: 84.78
	Stressed grass: 99.83
	Synthetic grass: 100.00
	Trees: 100.00
	Soil: 100.00
	Water: 98.04
	Residential: 98.24
	Commercial: 86.91
	Road: 89.21
	Highway: 99.83
	Railway: 98.54
	Parking Lot 1: 91.46
	Parking Lot 2: 100.00
	Tennis Court: 100.00
	Running Track: 100.00
---
AA: 96.46%
Kappa: 95.36
run 4 / 5
Best validation overall accuracy 0.9732142857142857
Confusion matrix :
[[1088   61    0   27    0    0    0    0    0    0    0    0    0    0
     0]
 [   1 1178    0    0    0    0    0    0    0    0    0    0    0    0
     0]
 [   0    0  655    0    0    0    0    0    0    0    0    0    0    0
     0]
 [   0    0    0 1169    0    0    0    0    0    0    0    0    0    0
     0]
 [   0    0    0    0 1168    0    0    0    0    0    0    0    0    0
     0]
 [   0    0    0    0    0  261   39    1    5    0    0    0    0    0
     0]
 [   0    0    0    0    0    0 1190    1    0    0    1    0    0    0
     0]
 [   0    0    0    0    0    0    0 1099    7    0   14   19    0    3
    27]
 [   0    0    0    0   21    0    0    0 1059   48   20   29    0    0
     0]
 [   0    0    0    0    0    0    0    0   10 1139    4    0    1    0
     0]
 [   0    0    0    0    0    0    0    0    0    0 1157    0    4    0
     0]
 [   0    0    0    0    0    0   28   11    2    1   60 1057    0    0
     0]
 [   0    0    0    0    0    0    0    1    0    0    0    0  440    0
     0]
 [   0    0    0    0    0    0    0    0    0    0    0    0    0  402
     0]
 [   0    0    0    0    0    0    0    0    0    0    0    0    0    0
   620]]---
Accuracy : 96.84%
---
class acc :
	Healthy grass: 92.52
	Stressed grass: 99.92
	Synthetic grass: 100.00
	Trees: 100.00
	Soil: 100.00
	Water: 85.29
	Residential: 99.83
	Commercial: 94.01
	Road: 89.97
	Highway: 98.70
	Railway: 99.66
	Parking Lot 1: 91.20
	Parking Lot 2: 99.77
	Tennis Court: 100.00
	Running Track: 100.00
---
AA: 96.72%
Kappa: 96.59
run 5 / 5
Best validation overall accuracy 0.9754464285714286
Confusion matrix :
[[1160    0    0   16    0    0    0    0    0    0    0    0    0    0
     0]
 [  12 1167    0    0    0    0    0    0    0    0    0    0    0    0
     0]
 [   0    0  655    0    0    0    0    0    0    0    0    0    0    0
     0]
 [  12    0    0 1156    0    0    0    0    1    0    0    0    0    0
     0]
 [   0    0    0    0 1163    0    0    0    5    0    0    0    0    0
     0]
 [   7    0    0    0    0  293    0    0    6    0    0    0    0    0
     0]
 [   0    0    0    0    0    0 1156    0   18    0   10    3    4    0
     1]
 [   0    0    0    0    0    0    0 1052   48    0    0   32    0   28
     9]
 [   0    0    0    0    0    0    4    1 1130    7   35    0    0    0
     0]
 [   0    0    0    0    3    0    0    0    8 1114   25    4    0    0
     0]
 [   0    0    0    0    0    0    2    0    0    0 1157    0    2    0
     0]
 [   0    0    0    0   15    0    6   37   15    0   30 1056    0    0
     0]
 [   0    0    0    0    0    0    0    0    0    0    8    1  432    0
     0]
 [   0    0    0    0    0    0    0    0    0    0    0    0    0  402
     0]
 [   0    0    0    0    0    0    0    0    0    0    0    0    0    0
   620]]---
Accuracy : 97.06%
---
class acc :
	Healthy grass: 98.64
	Stressed grass: 98.98
	Synthetic grass: 100.00
	Trees: 98.89
	Soil: 99.57
	Water: 95.75
	Residential: 96.98
	Commercial: 89.99
	Road: 96.01
	Highway: 96.53
	Railway: 99.66
	Parking Lot 1: 91.11
	Parking Lot 2: 97.96
	Tennis Court: 100.00
	Running Track: 100.00
---
AA: 97.34%
Kappa: 96.82
Agregated results :
Confusion matrix :
[[1.1162e+03 3.4400e+01 0.0000e+00 2.5400e+01 0.0000e+00 0.0000e+00
  0.0000e+00 0.0000e+00 0.0000e+00 0.0000e+00 0.0000e+00 0.0000e+00
  0.0000e+00 0.0000e+00 0.0000e+00]
 [7.2000e+00 1.1716e+03 0.0000e+00 2.0000e-01 0.0000e+00 0.0000e+00
  0.0000e+00 0.0000e+00 0.0000e+00 0.0000e+00 0.0000e+00 0.0000e+00
  0.0000e+00 0.0000e+00 0.0000e+00]
 [0.0000e+00 0.0000e+00 6.5500e+02 0.0000e+00 0.0000e+00 0.0000e+00
  0.0000e+00 0.0000e+00 0.0000e+00 0.0000e+00 0.0000e+00 0.0000e+00
  0.0000e+00 0.0000e+00 0.0000e+00]
 [2.1000e+01 0.0000e+00 0.0000e+00 1.1474e+03 0.0000e+00 0.0000e+00
  0.0000e+00 0.0000e+00 6.0000e-01 0.0000e+00 0.0000e+00 0.0000e+00
  0.0000e+00 0.0000e+00 0.0000e+00]
 [0.0000e+00 0.0000e+00 0.0000e+00 0.0000e+00 1.1670e+03 0.0000e+00
  0.0000e+00 0.0000e+00 1.0000e+00 0.0000e+00 0.0000e+00 0.0000e+00
  0.0000e+00 0.0000e+00 0.0000e+00]
 [1.8000e+00 0.0000e+00 0.0000e+00 0.0000e+00 0.0000e+00 2.7760e+02
  2.3000e+01 4.0000e-01 3.2000e+00 0.0000e+00 0.0000e+00 0.0000e+00
  0.0000e+00 0.0000e+00 0.0000e+00]
 [0.0000e+00 0.0000e+00 0.0000e+00 0.0000e+00 0.0000e+00 2.0000e-01
  1.1674e+03 1.8000e+00 1.2800e+01 2.0000e-01 4.8000e+00 2.2000e+00
  1.6000e+00 0.0000e+00 1.0000e+00]
 [0.0000e+00 0.0000e+00 0.0000e+00 0.0000e+00 1.1200e+01 5.0000e+00
  1.4600e+01 1.0514e+03 1.6400e+01 3.6000e+00 1.2800e+01 2.9600e+01
  1.4000e+00 9.4000e+00 1.3600e+01]
 [0.0000e+00 0.0000e+00 0.0000e+00 0.0000e+00 4.2000e+00 0.0000e+00
  1.2000e+00 6.0000e-01 1.0826e+03 4.1000e+01 2.2200e+01 2.5200e+01
  0.0000e+00 0.0000e+00 0.0000e+00]
 [0.0000e+00 0.0000e+00 0.0000e+00 0.0000e+00 6.0000e-01 0.0000e+00
  0.0000e+00 0.0000e+00 1.3000e+01 1.1324e+03 6.6000e+00 1.2000e+00
  2.0000e-01 0.0000e+00 0.0000e+00]
 [0.0000e+00 0.0000e+00 0.0000e+00 0.0000e+00 2.0000e-01 0.0000e+00
  2.4000e+00 2.0000e-01 8.8000e+00 8.0000e+00 1.1396e+03 0.0000e+00
  1.8000e+00 0.0000e+00 0.0000e+00]
 [0.0000e+00 0.0000e+00 0.0000e+00 0.0000e+00 3.0000e+00 0.0000e+00
  2.8000e+01 1.3000e+01 5.8000e+00 1.6600e+01 1.8000e+01 1.0742e+03
  4.0000e-01 0.0000e+00 0.0000e+00]
 [0.0000e+00 0.0000e+00 0.0000e+00 0.0000e+00 0.0000e+00 0.0000e+00
  0.0000e+00 2.0000e-01 0.0000e+00 3.6000e+00 2.6000e+00 4.0000e-01
  4.3420e+02 0.0000e+00 0.0000e+00]
 [0.0000e+00 0.0000e+00 0.0000e+00 0.0000e+00 0.0000e+00 0.0000e+00
  0.0000e+00 0.0000e+00 0.0000e+00 0.0000e+00 0.0000e+00 0.0000e+00
  0.0000e+00 4.0200e+02 0.0000e+00]
 [0.0000e+00 0.0000e+00 0.0000e+00 0.0000e+00 0.0000e+00 0.0000e+00
  0.0000e+00 0.0000e+00 0.0000e+00 0.0000e+00 0.0000e+00 0.0000e+00
  0.0000e+00 0.0000e+00 6.2000e+02]]---
Accuracy: 96.54 +- 0.50
---
class acc :
	Healthy grass: 94.91 +- 5.69
	Stressed grass: 99.37 +- 0.49
	Synthetic grass: 100.00 +- 0.00
	Trees: 98.15 +- 2.56
	Soil: 99.91 +- 0.17
	Water: 90.72 +- 5.14
	Residential: 97.94 +- 1.12
	Commercial: 89.94 +- 3.84
	Road: 91.98 +- 2.65
	Highway: 98.13 +- 1.77
	Railway: 98.16 +- 2.02
	Parking Lot 1: 92.68 +- 1.87
	Parking Lot 2: 98.46 +- 1.47
	Tennis Court: 100.00 +- 0.00
	Running Track: 100.00 +- 0.00
---
AA: 96.69 +- 0.39
Kappa: 96.26 +- 0.54
