run 1 / 5
Best validation overall accuracy 0.9732142857142857
Confusion matrix :
[[1153    7    0   16    0    0    0    0    0    0    0    0    0    0
     0]
 [   8 1171    0    0    0    0    0    0    0    0    0    0    0    0
     0]
 [   0    0  655    0    0    0    0    0    0    0    0    0    0    0
     0]
 [   1    0    0 1165    0    0    3    0    0    0    0    0    0    0
     0]
 [   0    0    0    0 1168    0    0    0    0    0    0    0    0    0
     0]
 [   0    0    0    0    0  263   39    0    4    0    0    0    0    0
     0]
 [   0    0    0    0    0    0 1133    0   29    1   26    2    1    0
     0]
 [   0    0    0    0   57    0   48 1018    0   17    7    4    4    0
    14]
 [   0    0    0    0    0    0    2   50 1009   65   26   25    0    0
     0]
 [   0    0    0    0    0    0    0    0    0 1153    1    0    0    0
     0]
 [   0    0    0    0    0    0    0    0   23   11 1127    0    0    0
     0]
 [   0    0    0    0    1    0   13   50    0   28    0 1065    2    0
     0]
 [   0    0    0    0    0    0    0    0    0   11    8    0  422    0
     0]
 [   0    0    0    0    0    0    0    0    0    0    0    0    0  402
     0]
 [   0    0    0    0    0    0    0    0    0    0    0    0    0    0
   620]]---
Accuracy : 95.72%
---
class acc :
	Healthy grass: 98.04
	Stressed grass: 99.32
	Synthetic grass: 100.00
	Trees: 99.66
	Soil: 100.00
	Water: 85.95
	Residential: 95.05
	Commercial: 87.08
	Road: 85.73
	Highway: 99.91
	Railway: 97.07
	Parking Lot 1: 91.89
	Parking Lot 2: 95.69
	Tennis Court: 100.00
	Running Track: 100.00
---
AA: 95.69%
Kappa: 95.38
run 2 / 5
Best validation overall accuracy 0.9709821428571429
Confusion matrix :
[[1175    0    0    1    0    0    0    0    0    0    0    0    0    0
     0]
 [  10 1169    0    0    0    0    0    0    0    0    0    0    0    0
     0]
 [   0    0  655    0    0    0    0    0    0    0    0    0    0    0
     0]
 [  70    0    0 1098    0    0    0    0    1    0    0    0    0    0
     0]
 [   0    0    0    0 1168    0    0    0    0    0    0    0    0    0
     0]
 [   0    0    0    0    0  268   38    0    0    0    0    0    0    0
     0]
 [   0    0    0    0    0    0 1170    0   16    0    6    0    0    0
     0]
 [   0    0    0    0    8    6    0 1048   19    0   11   62    6    0
     9]
 [   0    0    0    0    0    0    3    0 1125   27   12   10    0    0
     0]
 [   0    0    0    0    0    0    0    0   75 1072    0    7    0    0
     0]
 [   0    0    0    0    0    0    4    0   22    0 1135    0    0    0
     0]
 [   0    0    0    0   21    0   52    3    6    6    0 1071    0    0
     0]
 [   0    0    0    0    0    0    0    0    1    0   16    1  423    0
     0]
 [   0    0    0    0    0    0    0    0    0    0    0    0    0  402
     0]
 [   0    0    0    0    0    0    0    0    0    0    0    0    0    0
   620]]---
Accuracy : 96.26%
---
class acc :
	Healthy grass: 99.91
	Stressed grass: 99.15
	Synthetic grass: 100.00
	Trees: 93.93
	Soil: 100.00
	Water: 87.58
	Residential: 98.15
	Commercial: 89.65
	Road: 95.58
	Highway: 92.89
	Railway: 97.76
	Parking Lot 1: 92.41
	Parking Lot 2: 95.92
	Tennis Court: 100.00
	Running Track: 100.00
---
AA: 96.20%
Kappa: 95.95
run 3 / 5
Best validation overall accuracy 0.9642857142857143
Confusion matrix :
[[1012  132    0   32    0    0    0    0    0    0    0    0    0    0
     0]
 [   0 1179    0    0    0    0    0    0    0    0    0    0    0    0
     0]
 [   0    0  655    0    0    0    0    0    0    0    0    0    0    0
     0]
 [   4    0    0 1165    0    0    0    0    0    0    0    0    0    0
     0]
 [   0    0    0    0 1168    0    0    0    0    0    0    0    0    0
     0]
 [   0    0    0    0    0  301    0    2    3    0    0    0    0    0
     0]
 [   0    0    0    0    0    0 1165    0   16    0    7    3    1    0
     0]
 [   0    0    0    0    0    0   23 1032    1    0   28   51    6    0
    28]
 [   0    0    0    0    0    0    0    3 1102   32   29   11    0    0
     0]
 [   0    0    0    0    0    0    0    0    0 1123    9   22    0    0
     0]
 [   0    0    0    0    0    0    2    0    1    3 1153    0    2    0
     0]
 [   0    0    0    0    0    0   58    0    7    2    0 1092    0    0
     0]
 [   0    0    0    0    0    0    0    0    0    1    0    0  440    0
     0]
 [   0    0    0    0    0    0    0    0    0    0    0    0    0  402
     0]
 [   0    0    0    0    0    0    0    0    0    0    0    0    0    0
   620]]---
Accuracy : 96.33%
---
class acc :
	Healthy grass: 86.05
	Stressed grass: 100.00
	Synthetic grass: 100.00
	Trees: 99.66
	Soil: 100.00
	Water: 98.37
	Residential: 97.73
	Commercial: 88.28
	Road: 93.63
	Highway: 97.31
	Railway: 99.31
	Parking Lot 1: 94.22
	Parking Lot 2: 99.77
	Tennis Court: 100.00
	Running Track: 100.00
---
AA: 96.96%
Kappa: 96.03
run 4 / 5
Best validation overall accuracy 0.9754464285714286
Confusion matrix :
[[1140    7    0   29    0    0    0    0    0    0    0    0    0    0
     0]
 [   8 1171    0    0    0    0    0    0    0    0    0    0    0    0
     0]
 [   0    0  655    0    0    0    0    0    0    0    0    0    0    0
     0]
 [   0    0    0 1169    0    0    0    0    0    0    0    0    0    0
     0]
 [   0    0    0    0 1168    0    0    0    0    0    0    0    0    0
     0]
 [   0    0    0    0    0  261   39    0    4    0    0    0    2    0
     0]
 [   0    0    0    0    0    0 1185    7    0    0    0    0    0    0
     0]
 [   0    0    0    0    0    0    0 1095    5    0   11   21    2    8
    27]
 [   0    0    0    0   21    0    0    0 1072   41    7   36    0    0
     0]
 [   0    0    0    0    0    0    0    3    4 1144    0    0    3    0
     0]
 [   0    0    0    0    0    0    0    0    1    0 1157    0    3    0
     0]
 [   0    0    0    0    0    0   39    7    7    0   58 1042    6    0
     0]
 [   0    0    0    0    0    0    0    0    0    0    0    0  441    0
     0]
 [   0    0    0    0    0    0    0    0    0    0    0    0    0  402
     0]
 [   0    0    0    0    0    0    0    0    0    0    0    0    0    0
   620]]---
Accuracy : 97.13%
---
class acc :
	Healthy grass: 96.94
	Stressed grass: 99.32
	Synthetic grass: 100.00
	Trees: 100.00
	Soil: 100.00
	Water: 85.29
	Residential: 99.41
	Commercial: 93.67
	Road: 91.08
	Highway: 99.13
	Railway: 99.66
	Parking Lot 1: 89.91
	Parking Lot 2: 100.00
	Tennis Court: 100.00
	Running Track: 100.00
---
AA: 96.96%
Kappa: 96.89
run 5 / 5
Best validation overall accuracy 0.9754464285714286
Confusion matrix :
[[1126   16    0   34    0    0    0    0    0    0    0    0    0    0
     0]
 [   9 1170    0    0    0    0    0    0    0    0    0    0    0    0
     0]
 [   0    0  655    0    0    0    0    0    0    0    0    0    0    0
     0]
 [  11    0    0 1157    0    0    0    0    1    0    0    0    0    0
     0]
 [   0    0    0    0 1168    0    0    0    0    0    0    0    0    0
     0]
 [   0    0    0    0    0  300    0    0    6    0    0    0    0    0
     0]
 [   0    0   18    0    0    8 1125    0   11   13   13    2    0    0
     2]
 [   0   29    0    0    4    0    0 1063    0    0    0   44    0   20
     9]
 [   0    0    0    0   12    4    6   28 1063   17   44    3    0    0
     0]
 [   0    0    0    0    0    0    0    0    1 1102   36   15    0    0
     0]
 [   0    0    0    0    0    0    0    0    0    0 1159    0    2    0
     0]
 [   0    0    0    0    0    0    9   28    3    0   61 1058    0    0
     0]
 [   0    0    0    0    0    0    0    0    0    0   17    4  420    0
     0]
 [   0    0    0    0    0    0    0    0    0    0    0    0    0  402
     0]
 [   0    0    0    0    0    0    0    0    0    0    0    0    0    0
   620]]---
Accuracy : 96.18%
---
class acc :
	Healthy grass: 95.75
	Stressed grass: 99.24
	Synthetic grass: 100.00
	Trees: 98.97
	Soil: 100.00
	Water: 98.04
	Residential: 94.38
	Commercial: 90.93
	Road: 90.31
	Highway: 95.49
	Railway: 99.83
	Parking Lot 1: 91.29
	Parking Lot 2: 95.24
	Tennis Court: 100.00
	Running Track: 100.00
---
AA: 96.63%
Kappa: 95.87
Agregated results :
Confusion matrix :
[[1.1212e+03 3.2400e+01 0.0000e+00 2.2400e+01 0.0000e+00 0.0000e+00
  0.0000e+00 0.0000e+00 0.0000e+00 0.0000e+00 0.0000e+00 0.0000e+00
  0.0000e+00 0.0000e+00 0.0000e+00]
 [7.0000e+00 1.1720e+03 0.0000e+00 0.0000e+00 0.0000e+00 0.0000e+00
  0.0000e+00 0.0000e+00 0.0000e+00 0.0000e+00 0.0000e+00 0.0000e+00
  0.0000e+00 0.0000e+00 0.0000e+00]
 [0.0000e+00 0.0000e+00 6.5500e+02 0.0000e+00 0.0000e+00 0.0000e+00
  0.0000e+00 0.0000e+00 0.0000e+00 0.0000e+00 0.0000e+00 0.0000e+00
  0.0000e+00 0.0000e+00 0.0000e+00]
 [1.7200e+01 0.0000e+00 0.0000e+00 1.1508e+03 0.0000e+00 0.0000e+00
  6.0000e-01 0.0000e+00 4.0000e-01 0.0000e+00 0.0000e+00 0.0000e+00
  0.0000e+00 0.0000e+00 0.0000e+00]
 [0.0000e+00 0.0000e+00 0.0000e+00 0.0000e+00 1.1680e+03 0.0000e+00
  0.0000e+00 0.0000e+00 0.0000e+00 0.0000e+00 0.0000e+00 0.0000e+00
  0.0000e+00 0.0000e+00 0.0000e+00]
 [0.0000e+00 0.0000e+00 0.0000e+00 0.0000e+00 0.0000e+00 2.7860e+02
  2.3200e+01 4.0000e-01 3.4000e+00 0.0000e+00 0.0000e+00 0.0000e+00
  4.0000e-01 0.0000e+00 0.0000e+00]
 [0.0000e+00 0.0000e+00 3.6000e+00 0.0000e+00 0.0000e+00 1.6000e+00
  1.1556e+03 1.4000e+00 1.4400e+01 2.8000e+00 1.0400e+01 1.4000e+00
  4.0000e-01 0.0000e+00 4.0000e-01]
 [0.0000e+00 5.8000e+00 0.0000e+00 0.0000e+00 1.3800e+01 1.2000e+00
  1.4200e+01 1.0512e+03 5.0000e+00 3.4000e+00 1.1400e+01 3.6400e+01
  3.6000e+00 5.6000e+00 1.7400e+01]
 [0.0000e+00 0.0000e+00 0.0000e+00 0.0000e+00 6.6000e+00 8.0000e-01
  2.2000e+00 1.6200e+01 1.0742e+03 3.6400e+01 2.3600e+01 1.7000e+01
  0.0000e+00 0.0000e+00 0.0000e+00]
 [0.0000e+00 0.0000e+00 0.0000e+00 0.0000e+00 0.0000e+00 0.0000e+00
  0.0000e+00 6.0000e-01 1.6000e+01 1.1188e+03 9.2000e+00 8.8000e+00
  6.0000e-01 0.0000e+00 0.0000e+00]
 [0.0000e+00 0.0000e+00 0.0000e+00 0.0000e+00 0.0000e+00 0.0000e+00
  1.2000e+00 0.0000e+00 9.4000e+00 2.8000e+00 1.1462e+03 0.0000e+00
  1.4000e+00 0.0000e+00 0.0000e+00]
 [0.0000e+00 0.0000e+00 0.0000e+00 0.0000e+00 4.4000e+00 0.0000e+00
  3.4200e+01 1.7600e+01 4.6000e+00 7.2000e+00 2.3800e+01 1.0656e+03
  1.6000e+00 0.0000e+00 0.0000e+00]
 [0.0000e+00 0.0000e+00 0.0000e+00 0.0000e+00 0.0000e+00 0.0000e+00
  0.0000e+00 0.0000e+00 2.0000e-01 2.4000e+00 8.2000e+00 1.0000e+00
  4.2920e+02 0.0000e+00 0.0000e+00]
 [0.0000e+00 0.0000e+00 0.0000e+00 0.0000e+00 0.0000e+00 0.0000e+00
  0.0000e+00 0.0000e+00 0.0000e+00 0.0000e+00 0.0000e+00 0.0000e+00
  0.0000e+00 4.0200e+02 0.0000e+00]
 [0.0000e+00 0.0000e+00 0.0000e+00 0.0000e+00 0.0000e+00 0.0000e+00
  0.0000e+00 0.0000e+00 0.0000e+00 0.0000e+00 0.0000e+00 0.0000e+00
  0.0000e+00 0.0000e+00 6.2000e+02]]---
Accuracy: 96.32 +- 0.45
---
class acc :
	Healthy grass: 95.34 +- 4.84
	Stressed grass: 99.41 +- 0.30
	Synthetic grass: 100.00 +- 0.00
	Trees: 98.44 +- 2.28
	Soil: 100.00 +- 0.00
	Water: 91.05 +- 5.89
	Residential: 96.95 +- 1.92
	Commercial: 89.92 +- 2.28
	Road: 91.27 +- 3.34
	Highway: 96.95 +- 2.54
	Railway: 98.73 +- 1.10
	Parking Lot 1: 91.94 +- 1.41
	Parking Lot 2: 97.32 +- 2.10
	Tennis Court: 100.00 +- 0.00
	Running Track: 100.00 +- 0.00
---
AA: 96.49 +- 0.49
Kappa: 96.02 +- 0.49
