run 1 / 5
Best validation overall accuracy 0.9709821428571429
Confusion matrix :
[[1174    0    0    2    0    0    0    0    0    0    0    0    0    0
     0]
 [  28 1151    0    0    0    0    0    0    0    0    0    0    0    0
     0]
 [   0    0  655    0    0    0    0    0    0    0    0    0    0    0
     0]
 [  18    0    0 1146    0    0    4    0    1    0    0    0    0    0
     0]
 [   0    0    0    0 1168    0    0    0    0    0    0    0    0    0
     0]
 [   0    0    0    0    0  263   39    0    4    0    0    0    0    0
     0]
 [   0    0    0    0    0    0 1153    0   28    0    1   10    0    0
     0]
 [   0    0    0    0   63    0   51 1011    0   17    0    7    0    0
    20]
 [   0    0    0    0    0    0    2    0 1114   38   10   13    0    0
     0]
 [   0    0    0    0    0    0    0    0    3 1151    0    0    0    0
     0]
 [   0    0    0    0    5    0    1    0   42   22 1088    0    3    0
     0]
 [   0    0    0    0    4    0   54   29   11    1    0 1060    0    0
     0]
 [   0    0    0    0    0    0    1    0    0   17    1    4  418    0
     0]
 [   0    0    0    0    0    0    0    0    0    0    0    0    0  402
     0]
 [   0    0    0    0    0    0    0    0    0    0    0    0    0    0
   620]]---
Accuracy : 96.08%
---
class acc :
	Healthy grass: 99.83
	Stressed grass: 97.63
	Synthetic grass: 100.00
	Trees: 98.03
	Soil: 100.00
	Water: 85.95
	Residential: 96.73
	Commercial: 86.48
	Road: 94.65
	Highway: 99.74
	Railway: 93.71
	Parking Lot 1: 91.46
	Parking Lot 2: 94.78
	Tennis Court: 100.00
	Running Track: 100.00
---
AA: 95.93%
Kappa: 95.76
run 2 / 5
Best validation overall accuracy 0.9732142857142857
Confusion matrix :
[[1176    0    0    0    0    0    0    0    0    0    0    0    0    0
     0]
 [  14 1165    0    0    0    0    0    0    0    0    0    0    0    0
     0]
 [   0    0  655    0    0    0    0    0    0    0    0    0    0    0
     0]
 [  76    0    0 1093    0    0    0    0    0    0    0    0    0    0
     0]
 [   0    0    0    0 1168    0    0    0    0    0    0    0    0    0
     0]
 [   0    0    0    0    0  268   38    0    0    0    0    0    0    0
     0]
 [   0    0    0    0    0    0 1161    4    9    0    8    0    0    0
    10]
 [   0    0    0    0    1    5    0 1109   13    0    8   13   11    0
     9]
 [   0    1    0    0    0    0    9    0 1086   43   17   21    0    0
     0]
 [   0    0    0    0    0    0    0    0   24 1128    2    0    0    0
     0]
 [   0    0    0    0    0    0    0    0   17    0 1142    0    2    0
     0]
 [   0    0    0    0   32    0   22   15    6   27    0 1057    0    0
     0]
 [   0    0    0    0    0    0    0    0    0    0   13    0  428    0
     0]
 [   0    0    0    0    0    0    0    0    0    0    0    0    0  402
     0]
 [   0    0    0    0    0    0    0    0    0    0    0    0    0    0
   620]]---
Accuracy : 96.67%
---
class acc :
	Healthy grass: 100.00
	Stressed grass: 98.81
	Synthetic grass: 100.00
	Trees: 93.50
	Soil: 100.00
	Water: 87.58
	Residential: 97.40
	Commercial: 94.87
	Road: 92.27
	Highway: 97.75
	Railway: 98.36
	Parking Lot 1: 91.20
	Parking Lot 2: 97.05
	Tennis Court: 100.00
	Running Track: 100.00
---
AA: 96.59%
Kappa: 96.40
run 3 / 5
Best validation overall accuracy 0.9620535714285714
Confusion matrix :
[[1024  138    0   14    0    0    0    0    0    0    0    0    0    0
     0]
 [   1 1178    0    0    0    0    0    0    0    0    0    0    0    0
     0]
 [   0    0  650    0    0    0    5    0    0    0    0    0    0    0
     0]
 [  21    0    0 1147    0    0    0    0    1    0    0    0    0    0
     0]
 [   0    0    0    0 1168    0    0    0    0    0    0    0    0    0
     0]
 [   0    0    0    0    0  289   11    2    4    0    0    0    0    0
     0]
 [   0    0    0    0    0    0 1179    0    8    0    0    5    0    0
     0]
 [   0    0    0    0    0    0   55  999   10    0   30   45    2   16
    12]
 [   0    0    0    0    0    0    4    0 1088   36   27   22    0    0
     0]
 [   0    0    0    0    0    0    0    0    0 1131    3   20    0    0
     0]
 [   0    0    0    0    0    0   26    0    1   12 1122    0    0    0
     0]
 [   0    0    0    0    0    0   60    0   14   22    0 1063    0    0
     0]
 [   0    0    0    0    0    0    0    0    0    0   12    1  428    0
     0]
 [   0    0    0    0    0    0    0    0    0    0    0    0    0  402
     0]
 [   0    0    0    0    0    0    0    0    0    0    0    0    0    0
   620]]---
Accuracy : 95.47%
---
class acc :
	Healthy grass: 87.07
	Stressed grass: 99.92
	Synthetic grass: 99.24
	Trees: 98.12
	Soil: 100.00
	Water: 94.44
	Residential: 98.91
	Commercial: 85.46
	Road: 92.44
	Highway: 98.01
	Railway: 96.64
	Parking Lot 1: 91.72
	Parking Lot 2: 97.05
	Tennis Court: 100.00
	Running Track: 100.00
---
AA: 95.93%
Kappa: 95.10
run 4 / 5
Best validation overall accuracy 0.9732142857142857
Confusion matrix :
[[1119   30    0   27    0    0    0    0    0    0    0    0    0    0
     0]
 [   3 1176    0    0    0    0    0    0    0    0    0    0    0    0
     0]
 [   0    0  655    0    0    0    0    0    0    0    0    0    0    0
     0]
 [   0    0    0 1167    0    0    1    0    1    0    0    0    0    0
     0]
 [   0    0    0    0 1168    0    0    0    0    0    0    0    0    0
     0]
 [   0    0    0    0    0  262   39    0    4    0    0    0    1    0
     0]
 [   0    0    0    0    0    0 1187    4    0    0    0    1    0    0
     0]
 [   0    0    0    0    0    0    0 1113    0    0    3   19    0    2
    32]
 [   0    1    0    0   20    0    0    9  995   73    0   79    0    0
     0]
 [   0    0    0    0    0    0    0    0   20 1134    0    0    0    0
     0]
 [   0    0    0    0    0    0    0    0    0    0 1158    0    3    0
     0]
 [   0    0    0    0    0    0   28   27    0    0   51 1053    0    0
     0]
 [   0    0    0    0    0    0    0    1    0    0    0    0  440    0
     0]
 [   0    0    0    0    0    0    0    0    0    0    0    0    0  402
     0]
 [   0    0    0    0    0    0    0    0    0    0    0    0    0    0
   620]]---
Accuracy : 96.61%
---
class acc :
	Healthy grass: 95.15
	Stressed grass: 99.75
	Synthetic grass: 100.00
	Trees: 99.83
	Soil: 100.00
	Water: 85.62
	Residential: 99.58
	Commercial: 95.21
	Road: 84.54
	Highway: 98.27
	Railway: 99.74
	Parking Lot 1: 90.85
	Parking Lot 2: 99.77
	Tennis Court: 100.00
	Running Track: 100.00
---
AA: 96.55%
Kappa: 96.33
run 5 / 5
Best validation overall accuracy 0.9709821428571429
Confusion matrix :
[[1100   31    0   45    0    0    0    0    0    0    0    0    0    0
     0]
 [   6 1173    0    0    0    0    0    0    0    0    0    0    0    0
     0]
 [   0    0  655    0    0    0    0    0    0    0    0    0    0    0
     0]
 [   9    0    0 1160    0    0    0    0    0    0    0    0    0    0
     0]
 [   0    0    0    0 1168    0    0    0    0    0    0    0    0    0
     0]
 [   0    0    0    0    0  302    0    0    4    0    0    0    0    0
     0]
 [   0    0    0    0    0    1 1126    1    8   10   27   13    5    0
     1]
 [   0    0    0    0    0    0    0 1022    5    0    0   77    3   53
     9]
 [   0    0    0    0   14    0    4    0 1068   55   30    6    0    0
     0]
 [   0    0    0    0    0    0    0    0    8 1137    3    6    0    0
     0]
 [   0    0    0    0    2    0    0    0    3    0 1150    0    6    0
     0]
 [   0    0    0    0    0    0    4    0    6    0   61 1088    0    0
     0]
 [   0    0    0    0    0    0    0    0    0    0    0    1  440    0
     0]
 [   0    0    0    0    0    0    0    0    0    0    0    0    0  402
     0]
 [   0    0    0    0    0    0    0    0    0    0    0    0    0    0
   620]]---
Accuracy : 96.34%
---
class acc :
	Healthy grass: 93.54
	Stressed grass: 99.49
	Synthetic grass: 100.00
	Trees: 99.23
	Soil: 100.00
	Water: 98.69
	Residential: 94.46
	Commercial: 87.43
	Road: 90.74
	Highway: 98.53
	Railway: 99.05
	Parking Lot 1: 93.87
	Parking Lot 2: 99.77
	Tennis Court: 100.00
	Running Track: 100.00
---
AA: 96.99%
Kappa: 96.05
Agregated results :
Confusion matrix :
[[1.1186e+03 3.9800e+01 0.0000e+00 1.7600e+01 0.0000e+00 0.0000e+00
  0.0000e+00 0.0000e+00 0.0000e+00 0.0000e+00 0.0000e+00 0.0000e+00
  0.0000e+00 0.0000e+00 0.0000e+00]
 [1.0400e+01 1.1686e+03 0.0000e+00 0.0000e+00 0.0000e+00 0.0000e+00
  0.0000e+00 0.0000e+00 0.0000e+00 0.0000e+00 0.0000e+00 0.0000e+00
  0.0000e+00 0.0000e+00 0.0000e+00]
 [0.0000e+00 0.0000e+00 6.5400e+02 0.0000e+00 0.0000e+00 0.0000e+00
  1.0000e+00 0.0000e+00 0.0000e+00 0.0000e+00 0.0000e+00 0.0000e+00
  0.0000e+00 0.0000e+00 0.0000e+00]
 [2.4800e+01 0.0000e+00 0.0000e+00 1.1426e+03 0.0000e+00 0.0000e+00
  1.0000e+00 0.0000e+00 6.0000e-01 0.0000e+00 0.0000e+00 0.0000e+00
  0.0000e+00 0.0000e+00 0.0000e+00]
 [0.0000e+00 0.0000e+00 0.0000e+00 0.0000e+00 1.1680e+03 0.0000e+00
  0.0000e+00 0.0000e+00 0.0000e+00 0.0000e+00 0.0000e+00 0.0000e+00
  0.0000e+00 0.0000e+00 0.0000e+00]
 [0.0000e+00 0.0000e+00 0.0000e+00 0.0000e+00 0.0000e+00 2.7680e+02
  2.5400e+01 4.0000e-01 3.2000e+00 0.0000e+00 0.0000e+00 0.0000e+00
  2.0000e-01 0.0000e+00 0.0000e+00]
 [0.0000e+00 0.0000e+00 0.0000e+00 0.0000e+00 0.0000e+00 2.0000e-01
  1.1612e+03 1.8000e+00 1.0600e+01 2.0000e+00 7.2000e+00 5.8000e+00
  1.0000e+00 0.0000e+00 2.2000e+00]
 [0.0000e+00 0.0000e+00 0.0000e+00 0.0000e+00 1.2800e+01 1.0000e+00
  2.1200e+01 1.0508e+03 5.6000e+00 3.4000e+00 8.2000e+00 3.2200e+01
  3.2000e+00 1.4200e+01 1.6400e+01]
 [0.0000e+00 4.0000e-01 0.0000e+00 0.0000e+00 6.8000e+00 0.0000e+00
  3.8000e+00 1.8000e+00 1.0702e+03 4.9000e+01 1.6800e+01 2.8200e+01
  0.0000e+00 0.0000e+00 0.0000e+00]
 [0.0000e+00 0.0000e+00 0.0000e+00 0.0000e+00 0.0000e+00 0.0000e+00
  0.0000e+00 0.0000e+00 1.1000e+01 1.1362e+03 1.6000e+00 5.2000e+00
  0.0000e+00 0.0000e+00 0.0000e+00]
 [0.0000e+00 0.0000e+00 0.0000e+00 0.0000e+00 1.4000e+00 0.0000e+00
  5.4000e+00 0.0000e+00 1.2600e+01 6.8000e+00 1.1320e+03 0.0000e+00
  2.8000e+00 0.0000e+00 0.0000e+00]
 [0.0000e+00 0.0000e+00 0.0000e+00 0.0000e+00 7.2000e+00 0.0000e+00
  3.3600e+01 1.4200e+01 7.4000e+00 1.0000e+01 2.2400e+01 1.0642e+03
  0.0000e+00 0.0000e+00 0.0000e+00]
 [0.0000e+00 0.0000e+00 0.0000e+00 0.0000e+00 0.0000e+00 0.0000e+00
  2.0000e-01 2.0000e-01 0.0000e+00 3.4000e+00 5.2000e+00 1.2000e+00
  4.3080e+02 0.0000e+00 0.0000e+00]
 [0.0000e+00 0.0000e+00 0.0000e+00 0.0000e+00 0.0000e+00 0.0000e+00
  0.0000e+00 0.0000e+00 0.0000e+00 0.0000e+00 0.0000e+00 0.0000e+00
  0.0000e+00 4.0200e+02 0.0000e+00]
 [0.0000e+00 0.0000e+00 0.0000e+00 0.0000e+00 0.0000e+00 0.0000e+00
  0.0000e+00 0.0000e+00 0.0000e+00 0.0000e+00 0.0000e+00 0.0000e+00
  0.0000e+00 0.0000e+00 6.2000e+02]]---
Accuracy: 96.23 +- 0.44
---
class acc :
	Healthy grass: 95.12 +- 4.76
	Stressed grass: 99.12 +- 0.84
	Synthetic grass: 99.85 +- 0.31
	Trees: 97.74 +- 2.23
	Soil: 100.00 +- 0.00
	Water: 90.46 +- 5.21
	Residential: 97.42 +- 1.79
	Commercial: 89.89 +- 4.25
	Road: 90.93 +- 3.43
	Highway: 98.46 +- 0.69
	Railway: 97.50 +- 2.16
	Parking Lot 1: 91.82 +- 1.07
	Parking Lot 2: 97.69 +- 1.89
	Tennis Court: 100.00 +- 0.00
	Running Track: 100.00 +- 0.00
---
AA: 96.40 +- 0.41
Kappa: 95.93 +- 0.47
