run 1 / 5
Best validation overall accuracy 0.9665178571428571
Confusion matrix :
[[1161    0    0   15    0    0    0    0    0    0    0    0    0    0
     0]
 [  62 1117    0    0    0    0    0    0    0    0    0    0    0    0
     0]
 [   0    0  652    0    0    0    0    0    0    0    0    0    0    0
     3]
 [   0    0    0 1159    0    0    9    0    1    0    0    0    0    0
     0]
 [   0    0    0    0 1168    0    0    0    0    0    0    0    0    0
     0]
 [   0    0    0    0    0  264   39    0    0    0    0    0    3    0
     0]
 [   0    0    0    0    0    0 1168    0   19    0    0    0    5    0
     0]
 [   0   21    0    0   39    0   49 1004    4   19    0   21    1    0
    11]
 [   0    0    0    0    5    0    7    0 1111   24   24    3    3    0
     0]
 [   0    0    0    0    0    0    0    0    2 1152    0    0    0    0
     0]
 [   0    0    0    0    0    0    1    0   45    0 1113    0    2    0
     0]
 [   0    0    0    0    0    0    0    0    3    5    0 1141   10    0
     0]
 [   0    0    0    0    0    0    4    0    2   13    5    0  417    0
     0]
 [   0    0    0    0    0    0    0    0    0    0    0    0    0  402
     0]
 [   0    0    0    0    0    0    0    0    0    0    0    0    0    0
   620]]---
Accuracy : 96.61%
---
class acc :
	Healthy grass: 98.72
	Stressed grass: 94.74
	Synthetic grass: 99.54
	Trees: 99.14
	Soil: 100.00
	Water: 86.27
	Residential: 97.99
	Commercial: 85.89
	Road: 94.39
	Highway: 99.83
	Railway: 95.87
	Parking Lot 1: 98.45
	Parking Lot 2: 94.56
	Tennis Court: 100.00
	Running Track: 100.00
---
AA: 96.36%
Kappa: 96.33
run 2 / 5
Best validation overall accuracy 0.9754464285714286
Confusion matrix :
[[1171    5    0    0    0    0    0    0    0    0    0    0    0    0
     0]
 [   8 1171    0    0    0    0    0    0    0    0    0    0    0    0
     0]
 [   0    0  652    0    0    0    0    0    0    0    0    0    0    0
     3]
 [  79    3    0 1070    0    0   11    0    6    0    0    0    0    0
     0]
 [   0    0    0    0 1168    0    0    0    0    0    0    0    0    0
     0]
 [  23    0    0    0    0  245   38    0    0    0    0    0    0    0
     0]
 [   0    0    0    0    0    0 1174    0   17    0    0    1    0    0
     0]
 [   0    0    0    0    5    0    0 1102    2    0   18   33    9    0
     0]
 [   0    0    0    0    0    0    4    5 1064   53   24   27    0    0
     0]
 [   0    0    0    0    0    0    0    0    5 1130    4   15    0    0
     0]
 [   0    0    0    0    0    0    0    0    2    4 1155    0    0    0
     0]
 [   0    0    0    0    0    0   10   11    0   26    0 1098   14    0
     0]
 [   0    0    0    0    0    0    0    0    0    0   14    0  427    0
     0]
 [   0    0    0    0    0    0    0    0    0    0    0    0    0  402
     0]
 [   0    0    0    0    0    0    0    0    0    0    0    0    0    0
   620]]---
Accuracy : 96.61%
---
class acc :
	Healthy grass: 99.57
	Stressed grass: 99.32
	Synthetic grass: 99.54
	Trees: 91.53
	Soil: 100.00
	Water: 80.07
	Residential: 98.49
	Commercial: 94.27
	Road: 90.40
	Highway: 97.92
	Railway: 99.48
	Parking Lot 1: 94.74
	Parking Lot 2: 96.83
	Tennis Court: 100.00
	Running Track: 100.00
---
AA: 96.14%
Kappa: 96.33
run 3 / 5
Best validation overall accuracy 0.9575892857142857
Confusion matrix :
[[1014   38    0  124    0    0    0    0    0    0    0    0    0    0
     0]
 [   0 1163    0   16    0    0    0    0    0    0    0    0    0    0
     0]
 [   0    0  654    0    0    0    0    0    0    0    0    0    0    0
     1]
 [   0    0    0 1168    0    0    1    0    0    0    0    0    0    0
     0]
 [   0    0    0    0 1163    0    0    5    0    0    0    0    0    0
     0]
 [   0    0    0    0    0  274   32    0    0    0    0    0    0    0
     0]
 [   0    0    0    0    0    0 1158   22   12    0    0    0    0    0
     0]
 [   0    0    0    0    0    0    0 1064    1    0   22   32   22    0
    28]
 [   0    0    0    0    0    0   14    0 1105   40    3   15    0    0
     0]
 [   0    0    0    0    0    0    0    0    0 1122    0   32    0    0
     0]
 [   0    0    0    0    6    0   29    0    9   20 1097    0    0    0
     0]
 [   0    0    0    0    0    0   60    0    5    2    0 1082   10    0
     0]
 [   0    0    0    0    0    0    0    0    1   12    0    6  422    0
     0]
 [   0    0    0    0    0    0    0    0    0    0    0    0    0  402
     0]
 [   0    0    9    0    0    0    0    0    0    0    0    0    0    0
   611]]---
Accuracy : 95.55%
---
class acc :
	Healthy grass: 86.22
	Stressed grass: 98.64
	Synthetic grass: 99.85
	Trees: 99.91
	Soil: 99.57
	Water: 89.54
	Residential: 97.15
	Commercial: 91.02
	Road: 93.88
	Highway: 97.23
	Railway: 94.49
	Parking Lot 1: 93.36
	Parking Lot 2: 95.69
	Tennis Court: 100.00
	Running Track: 98.55
---
AA: 95.67%
Kappa: 95.19
run 4 / 5
Best validation overall accuracy 0.9754464285714286
Confusion matrix :
[[1106   44    0   26    0    0    0    0    0    0    0    0    0    0
     0]
 [   0 1179    0    0    0    0    0    0    0    0    0    0    0    0
     0]
 [   0    0  654    0    0    0    0    0    0    0    0    0    0    0
     1]
 [   0    1    0 1163    0    0    3    0    2    0    0    0    0    0
     0]
 [   0    0    0    0 1168    0    0    0    0    0    0    0    0    0
     0]
 [   0    0    0    0    0  264   39    1    1    0    0    0    1    0
     0]
 [   0    0    0    0    0    0 1192    0    0    0    0    0    0    0
     0]
 [   0    0    0    0    0    0    0 1125    0    0    2    9    6    0
    27]
 [   0    8    0    0    3    0    4    0 1050   44    3   65    0    0
     0]
 [   0    0    0    0    0    0    0    0    1 1152    0    0    1    0
     0]
 [   0    0    0    0    0    0    6    0    0    0 1154    0    1    0
     0]
 [   0    0    0    0    0    0   11   37    0    0   27 1070   14    0
     0]
 [   0    0    0    0    0    0    0    4    0    0    0    0  437    0
     0]
 [   0    0    0    0    0    0    0    0    0    0    0    0    0  402
     0]
 [   0    0    0    0    0    0    0    0    0    0    0    0    0    0
   620]]---
Accuracy : 97.23%
---
class acc :
	Healthy grass: 94.05
	Stressed grass: 100.00
	Synthetic grass: 99.85
	Trees: 99.49
	Soil: 100.00
	Water: 86.27
	Residential: 100.00
	Commercial: 96.24
	Road: 89.21
	Highway: 99.83
	Railway: 99.40
	Parking Lot 1: 92.32
	Parking Lot 2: 99.09
	Tennis Court: 100.00
	Running Track: 100.00
---
AA: 97.05%
Kappa: 97.00
run 5 / 5
Best validation overall accuracy 0.9665178571428571
Confusion matrix :
[[1132   34    0    7    0    0    3    0    0    0    0    0    0    0
     0]
 [   7 1172    0    0    0    0    0    0    0    0    0    0    0    0
     0]
 [   0    0  654    0    0    0    0    0    0    0    0    0    0    0
     1]
 [  44   17    0 1103    0    0    4    0    1    0    0    0    0    0
     0]
 [   0    0    0    0 1164    0    0    0    0    0    3    0    1    0
     0]
 [   3    0    0    0    0  297    0    0    0    0    0    0    6    0
     0]
 [   0    0    0    0    0    1 1183    0    3    0    0    0    0    5
     0]
 [   0    0    0    2    0    0    0 1053   16    0    1   41   27    1
    28]
 [   0    0    0    0   21    0   70    0 1066    9   11    0    0    0
     0]
 [   0    0    0    0    0    0    0    0    4 1146    4    0    0    0
     0]
 [   0    0    0    0    0    0   17    6    0    0 1138    0    0    0
     0]
 [   0    0    0    0    0    0   37   30   55   28   31  965   13    0
     0]
 [   0    0    0    0    0    0    0    0    0    9    0    2  430    0
     0]
 [   0    0    0    0    0    0    0    0    0    0    0    0    0  402
     0]
 [   0    0    0    0    0    0    0    0    0    0    0    0    0    0
   620]]---
Accuracy : 95.73%
---
class acc :
	Healthy grass: 96.26
	Stressed grass: 99.41
	Synthetic grass: 99.85
	Trees: 94.35
	Soil: 99.66
	Water: 97.06
	Residential: 99.24
	Commercial: 90.08
	Road: 90.57
	Highway: 99.31
	Railway: 98.02
	Parking Lot 1: 83.26
	Parking Lot 2: 97.51
	Tennis Court: 100.00
	Running Track: 100.00
---
AA: 96.30%
Kappa: 95.39
Agregated results :
Confusion matrix :
[[1.1168e+03 2.4200e+01 0.0000e+00 3.4400e+01 0.0000e+00 0.0000e+00
  6.0000e-01 0.0000e+00 0.0000e+00 0.0000e+00 0.0000e+00 0.0000e+00
  0.0000e+00 0.0000e+00 0.0000e+00]
 [1.5400e+01 1.1604e+03 0.0000e+00 3.2000e+00 0.0000e+00 0.0000e+00
  0.0000e+00 0.0000e+00 0.0000e+00 0.0000e+00 0.0000e+00 0.0000e+00
  0.0000e+00 0.0000e+00 0.0000e+00]
 [0.0000e+00 0.0000e+00 6.5320e+02 0.0000e+00 0.0000e+00 0.0000e+00
  0.0000e+00 0.0000e+00 0.0000e+00 0.0000e+00 0.0000e+00 0.0000e+00
  0.0000e+00 0.0000e+00 1.8000e+00]
 [2.4600e+01 4.2000e+00 0.0000e+00 1.1326e+03 0.0000e+00 0.0000e+00
  5.6000e+00 0.0000e+00 2.0000e+00 0.0000e+00 0.0000e+00 0.0000e+00
  0.0000e+00 0.0000e+00 0.0000e+00]
 [0.0000e+00 0.0000e+00 0.0000e+00 0.0000e+00 1.1662e+03 0.0000e+00
  0.0000e+00 1.0000e+00 0.0000e+00 0.0000e+00 6.0000e-01 0.0000e+00
  2.0000e-01 0.0000e+00 0.0000e+00]
 [5.2000e+00 0.0000e+00 0.0000e+00 0.0000e+00 0.0000e+00 2.6880e+02
  2.9600e+01 2.0000e-01 2.0000e-01 0.0000e+00 0.0000e+00 0.0000e+00
  2.0000e+00 0.0000e+00 0.0000e+00]
 [0.0000e+00 0.0000e+00 0.0000e+00 0.0000e+00 0.0000e+00 2.0000e-01
  1.1750e+03 4.4000e+00 1.0200e+01 0.0000e+00 0.0000e+00 2.0000e-01
  1.0000e+00 1.0000e+00 0.0000e+00]
 [0.0000e+00 4.2000e+00 0.0000e+00 4.0000e-01 8.8000e+00 0.0000e+00
  9.8000e+00 1.0696e+03 4.6000e+00 3.8000e+00 8.6000e+00 2.7200e+01
  1.3000e+01 2.0000e-01 1.8800e+01]
 [0.0000e+00 1.6000e+00 0.0000e+00 0.0000e+00 5.8000e+00 0.0000e+00
  1.9800e+01 1.0000e+00 1.0792e+03 3.4000e+01 1.3000e+01 2.2000e+01
  6.0000e-01 0.0000e+00 0.0000e+00]
 [0.0000e+00 0.0000e+00 0.0000e+00 0.0000e+00 0.0000e+00 0.0000e+00
  0.0000e+00 0.0000e+00 2.4000e+00 1.1404e+03 1.6000e+00 9.4000e+00
  2.0000e-01 0.0000e+00 0.0000e+00]
 [0.0000e+00 0.0000e+00 0.0000e+00 0.0000e+00 1.2000e+00 0.0000e+00
  1.0600e+01 1.2000e+00 1.1200e+01 4.8000e+00 1.1314e+03 0.0000e+00
  6.0000e-01 0.0000e+00 0.0000e+00]
 [0.0000e+00 0.0000e+00 0.0000e+00 0.0000e+00 0.0000e+00 0.0000e+00
  2.3600e+01 1.5600e+01 1.2600e+01 1.2200e+01 1.1600e+01 1.0712e+03
  1.2200e+01 0.0000e+00 0.0000e+00]
 [0.0000e+00 0.0000e+00 0.0000e+00 0.0000e+00 0.0000e+00 0.0000e+00
  8.0000e-01 8.0000e-01 6.0000e-01 6.8000e+00 3.8000e+00 1.6000e+00
  4.2660e+02 0.0000e+00 0.0000e+00]
 [0.0000e+00 0.0000e+00 0.0000e+00 0.0000e+00 0.0000e+00 0.0000e+00
  0.0000e+00 0.0000e+00 0.0000e+00 0.0000e+00 0.0000e+00 0.0000e+00
  0.0000e+00 4.0200e+02 0.0000e+00]
 [0.0000e+00 0.0000e+00 1.8000e+00 0.0000e+00 0.0000e+00 0.0000e+00
  0.0000e+00 0.0000e+00 0.0000e+00 0.0000e+00 0.0000e+00 0.0000e+00
  0.0000e+00 0.0000e+00 6.1820e+02]]---
Accuracy: 96.34 +- 0.62
---
class acc :
	Healthy grass: 94.97 +- 4.78
	Stressed grass: 98.42 +- 1.89
	Synthetic grass: 99.73 +- 0.15
	Trees: 96.89 +- 3.35
	Soil: 99.85 +- 0.19
	Water: 87.84 +- 5.54
	Residential: 98.57 +- 0.99
	Commercial: 91.50 +- 3.57
	Road: 91.69 +- 2.06
	Highway: 98.82 +- 1.06
	Railway: 97.45 +- 1.98
	Parking Lot 1: 92.42 +- 5.03
	Parking Lot 2: 96.73 +- 1.55
	Tennis Court: 100.00 +- 0.00
	Running Track: 99.71 +- 0.58
---
AA: 96.31 +- 0.44
Kappa: 96.05 +- 0.67
