run 1 / 5
Best validation overall accuracy 0.9642857142857143
Confusion matrix :
[[1148   12    0   16    0    0    0    0    0    0    0    0    0    0
     0]
 [  20 1159    0    0    0    0    0    0    0    0    0    0    0    0
     0]
 [   0    0  652    0    0    0    0    0    0    0    0    0    0    0
     3]
 [   0    0    0 1139    0    0   27    0    3    0    0    0    0    0
     0]
 [   0    0    0    0 1168    0    0    0    0    0    0    0    0    0
     0]
 [   0    0    0    0    0  262   39    0    5    0    0    0    0    0
     0]
 [   0    0    0    0    0    0 1151    0   33    0    7    1    0    0
     0]
 [   0    0    0    0   54    0   55 1010    0   17    1   23    0    0
     9]
 [   0    0    0    0    0    0   13    0 1076   45    2   41    0    0
     0]
 [   0    0    0    0    0    0    0    0    0 1154    0    0    0    0
     0]
 [   0    0    0    0    0    0    3    0   16    0 1142    0    0    0
     0]
 [   0    0    0    0    0    0    0    0    0    2    0 1144   13    0
     0]
 [   0    0    0    0    0    0    0    0    0   18    0    0  423    0
     0]
 [   0    0    0    0    0    0    0    0    0    0    0    0    0  402
     0]
 [   0    0    0    0    0    0    0    0    0    0    0    0    0    0
   620]]---
Accuracy : 96.62%
---
class acc :
	Healthy grass: 97.62
	Stressed grass: 98.30
	Synthetic grass: 99.54
	Trees: 97.43
	Soil: 100.00
	Water: 85.62
	Residential: 96.56
	Commercial: 86.40
	Road: 91.42
	Highway: 100.00
	Railway: 98.36
	Parking Lot 1: 98.71
	Parking Lot 2: 95.92
	Tennis Court: 100.00
	Running Track: 100.00
---
AA: 96.39%
Kappa: 96.34
run 2 / 5
Best validation overall accuracy 0.9776785714285714
Confusion matrix :
[[1176    0    0    0    0    0    0    0    0    0    0    0    0    0
     0]
 [  24 1155    0    0    0    0    0    0    0    0    0    0    0    0
     0]
 [   0    0  653    0    0    0    0    0    0    0    0    0    0    0
     2]
 [  72    0    0 1096    0    0    0    0    1    0    0    0    0    0
     0]
 [   0    0    0    0 1168    0    0    0    0    0    0    0    0    0
     0]
 [  28    0    0    4    0  236   38    0    0    0    0    0    0    0
     0]
 [   0    0    0    2    0    0 1174    0    8    0    0    2    6    0
     0]
 [   0    0    0    0    3    0    0 1115    6    3   21   14    0    2
     5]
 [   0    0    0    0    0    0    7    0 1124   30    2   14    0    0
     0]
 [   0    0    0    0    0    0    0    0    2 1152    0    0    0    0
     0]
 [   0    0    0    0    0    0    0    0    2    0 1159    0    0    0
     0]
 [   0    0    0    0    0    0    4    3    2   36    0 1100   14    0
     0]
 [   0    0    0    0    0    0    0    0    0    0   15   16  410    0
     0]
 [   0    0    0    0    0    0    0    0    0    0    0    0    0  402
     0]
 [   0    0    0    0    0    0    0    0    0    0    0    0    0    0
   620]]---
Accuracy : 97.25%
---
class acc :
	Healthy grass: 100.00
	Stressed grass: 97.96
	Synthetic grass: 99.69
	Trees: 93.76
	Soil: 100.00
	Water: 77.12
	Residential: 98.49
	Commercial: 95.38
	Road: 95.50
	Highway: 99.83
	Railway: 99.83
	Parking Lot 1: 94.91
	Parking Lot 2: 92.97
	Tennis Court: 100.00
	Running Track: 100.00
---
AA: 96.36%
Kappa: 97.03
run 3 / 5
Best validation overall accuracy 0.9665178571428571
Confusion matrix :
[[1043  131    0    1    0    0    1    0    0    0    0    0    0    0
     0]
 [   6 1173    0    0    0    0    0    0    0    0    0    0    0    0
     0]
 [   0    0  652    0    0    0    0    0    0    0    0    0    0    0
     3]
 [  15    0    0 1154    0    0    0    0    0    0    0    0    0    0
     0]
 [   0    0    0    0 1168    0    0    0    0    0    0    0    0    0
     0]
 [   0    0    0    1    0  263   23    0    6    0    0    0   13    0
     0]
 [   0    0    0    1    0    0 1178    0   11    0    0    0    2    0
     0]
 [   0    0    0    0    0    0   23 1048    6    0   21   35    0    0
    36]
 [   0    0    0    0    0    0    1    1 1125   28   22    0    0    0
     0]
 [   0    0    0    0    0    0    0    0    0 1154    0    0    0    0
     0]
 [   0    0    0    0    0    0    0    0    0    0 1161    0    0    0
     0]
 [   0    0    0    0    0    0   59    0    3   30    0 1052   15    0
     0]
 [   0    0    0    0    0    0    0    0    0    5    9    4  423    0
     0]
 [   0    0    0    0    0    0    0    0    0    0    0    0    0  402
     0]
 [   0    0    3    0    0    0    0    0    0    0    0    0    0    0
   617]]---
Accuracy : 96.35%
---
class acc :
	Healthy grass: 88.69
	Stressed grass: 99.49
	Synthetic grass: 99.54
	Trees: 98.72
	Soil: 100.00
	Water: 85.95
	Residential: 98.83
	Commercial: 89.65
	Road: 95.58
	Highway: 100.00
	Railway: 100.00
	Parking Lot 1: 90.77
	Parking Lot 2: 95.92
	Tennis Court: 100.00
	Running Track: 99.52
---
AA: 96.18%
Kappa: 96.06
run 4 / 5
Best validation overall accuracy 0.9732142857142857
Confusion matrix :
[[1118   35    0   22    0    0    1    0    0    0    0    0    0    0
     0]
 [   1 1178    0    0    0    0    0    0    0    0    0    0    0    0
     0]
 [   0    0  651    0    0    0    0    0    0    0    0    0    0    0
     4]
 [   0    0    0 1162    0    0    1    0    6    0    0    0    0    0
     0]
 [   0    0    0    0 1168    0    0    0    0    0    0    0    0    0
     0]
 [   0    0    0    0    0  261   39    0    6    0    0    0    0    0
     0]
 [   0    0    0    0    0    0 1192    0    0    0    0    0    0    0
     0]
 [   0    0    0    0    9    0    3 1107    0    0   11    6    6    0
    27]
 [   0    7    0    0   11    0    4    0 1134   15    0    6    0    0
     0]
 [   0    0    0    0    0    0    0    0    0 1140    0   10    4    0
     0]
 [   0    0    0    0    0    0    0    0    0    0 1161    0    0    0
     0]
 [   0    0    0    0    0    0   14    0    7    0   61 1063   14    0
     0]
 [   0    0    0    0    0    0    0    0    0    0    0    6  435    0
     0]
 [   0    0    0    0    0    0    0    0    0    0    0    0    0  402
     0]
 [   0    0    0    0    0    0    0    0    0    0    0    0    0    0
   620]]---
Accuracy : 97.62%
---
class acc :
	Healthy grass: 95.07
	Stressed grass: 99.92
	Synthetic grass: 99.39
	Trees: 99.40
	Soil: 100.00
	Water: 85.29
	Residential: 100.00
	Commercial: 94.70
	Road: 96.35
	Highway: 98.79
	Railway: 100.00
	Parking Lot 1: 91.72
	Parking Lot 2: 98.64
	Tennis Court: 100.00
	Running Track: 100.00
---
AA: 97.28%
Kappa: 97.43
run 5 / 5
Best validation overall accuracy 0.9754464285714286
Confusion matrix :
[[1161    5    0   10    0    0    0    0    0    0    0    0    0    0
     0]
 [  18 1161    0    0    0    0    0    0    0    0    0    0    0    0
     0]
 [   0    0  652    0    0    0    0    0    0    0    0    0    0    0
     3]
 [   9    0    0 1158    0    0    2    0    0    0    0    0    0    0
     0]
 [   0    0    0    0 1168    0    0    0    0    0    0    0    0    0
     0]
 [   7    0    0    0    0  293    0    0    6    0    0    0    0    0
     0]
 [   0    0    0    3    0    0 1179    5    3    0    2    0    0    0
     0]
 [   0    1    0    0    0    0    0 1094   21    6    0   12    6   20
     9]
 [   0    0    0    7   21    6   12    0 1111    2   18    0    0    0
     0]
 [   0    0    0    0    0    0    0    0    0 1154    0    0    0    0
     0]
 [   0    0    0    0    0    0    0    0    0    0 1161    0    0    0
     0]
 [   0    0    0    0    3    0    1   61   30    0    0 1047   17    0
     0]
 [   0    0    0    0    0    0    0    0    0    0   10   10  421    0
     0]
 [   0    0    0    0    0    0    0    0    0    0    0    0    0  402
     0]
 [   0    0    0    0    0    0    0    0    0    0    0    0    0    0
   620]]---
Accuracy : 97.55%
---
class acc :
	Healthy grass: 98.72
	Stressed grass: 98.47
	Synthetic grass: 99.54
	Trees: 99.06
	Soil: 100.00
	Water: 95.75
	Residential: 98.91
	Commercial: 93.58
	Road: 94.39
	Highway: 100.00
	Railway: 100.00
	Parking Lot 1: 90.34
	Parking Lot 2: 95.46
	Tennis Court: 100.00
	Running Track: 100.00
---
AA: 97.62%
Kappa: 97.35
Agregated results :
Confusion matrix :
[[1.1292e+03 3.6600e+01 0.0000e+00 9.8000e+00 0.0000e+00 0.0000e+00
  4.0000e-01 0.0000e+00 0.0000e+00 0.0000e+00 0.0000e+00 0.0000e+00
  0.0000e+00 0.0000e+00 0.0000e+00]
 [1.3800e+01 1.1652e+03 0.0000e+00 0.0000e+00 0.0000e+00 0.0000e+00
  0.0000e+00 0.0000e+00 0.0000e+00 0.0000e+00 0.0000e+00 0.0000e+00
  0.0000e+00 0.0000e+00 0.0000e+00]
 [0.0000e+00 0.0000e+00 6.5200e+02 0.0000e+00 0.0000e+00 0.0000e+00
  0.0000e+00 0.0000e+00 0.0000e+00 0.0000e+00 0.0000e+00 0.0000e+00
  0.0000e+00 0.0000e+00 3.0000e+00]
 [1.9200e+01 0.0000e+00 0.0000e+00 1.1418e+03 0.0000e+00 0.0000e+00
  6.0000e+00 0.0000e+00 2.0000e+00 0.0000e+00 0.0000e+00 0.0000e+00
  0.0000e+00 0.0000e+00 0.0000e+00]
 [0.0000e+00 0.0000e+00 0.0000e+00 0.0000e+00 1.1680e+03 0.0000e+00
  0.0000e+00 0.0000e+00 0.0000e+00 0.0000e+00 0.0000e+00 0.0000e+00
  0.0000e+00 0.0000e+00 0.0000e+00]
 [7.0000e+00 0.0000e+00 0.0000e+00 1.0000e+00 0.0000e+00 2.6300e+02
  2.7800e+01 0.0000e+00 4.6000e+00 0.0000e+00 0.0000e+00 0.0000e+00
  2.6000e+00 0.0000e+00 0.0000e+00]
 [0.0000e+00 0.0000e+00 0.0000e+00 1.2000e+00 0.0000e+00 0.0000e+00
  1.1748e+03 1.0000e+00 1.1000e+01 0.0000e+00 1.8000e+00 6.0000e-01
  1.6000e+00 0.0000e+00 0.0000e+00]
 [0.0000e+00 2.0000e-01 0.0000e+00 0.0000e+00 1.3200e+01 0.0000e+00
  1.6200e+01 1.0748e+03 6.6000e+00 5.2000e+00 1.0800e+01 1.8000e+01
  2.4000e+00 4.4000e+00 1.7200e+01]
 [0.0000e+00 1.4000e+00 0.0000e+00 1.4000e+00 6.4000e+00 1.2000e+00
  7.4000e+00 2.0000e-01 1.1140e+03 2.4000e+01 8.8000e+00 1.2200e+01
  0.0000e+00 0.0000e+00 0.0000e+00]
 [0.0000e+00 0.0000e+00 0.0000e+00 0.0000e+00 0.0000e+00 0.0000e+00
  0.0000e+00 0.0000e+00 4.0000e-01 1.1508e+03 0.0000e+00 2.0000e+00
  8.0000e-01 0.0000e+00 0.0000e+00]
 [0.0000e+00 0.0000e+00 0.0000e+00 0.0000e+00 0.0000e+00 0.0000e+00
  6.0000e-01 0.0000e+00 3.6000e+00 0.0000e+00 1.1568e+03 0.0000e+00
  0.0000e+00 0.0000e+00 0.0000e+00]
 [0.0000e+00 0.0000e+00 0.0000e+00 0.0000e+00 6.0000e-01 0.0000e+00
  1.5600e+01 1.2800e+01 8.4000e+00 1.3600e+01 1.2200e+01 1.0812e+03
  1.4600e+01 0.0000e+00 0.0000e+00]
 [0.0000e+00 0.0000e+00 0.0000e+00 0.0000e+00 0.0000e+00 0.0000e+00
  0.0000e+00 0.0000e+00 0.0000e+00 4.6000e+00 6.8000e+00 7.2000e+00
  4.2240e+02 0.0000e+00 0.0000e+00]
 [0.0000e+00 0.0000e+00 0.0000e+00 0.0000e+00 0.0000e+00 0.0000e+00
  0.0000e+00 0.0000e+00 0.0000e+00 0.0000e+00 0.0000e+00 0.0000e+00
  0.0000e+00 4.0200e+02 0.0000e+00]
 [0.0000e+00 0.0000e+00 6.0000e-01 0.0000e+00 0.0000e+00 0.0000e+00
  0.0000e+00 0.0000e+00 0.0000e+00 0.0000e+00 0.0000e+00 0.0000e+00
  0.0000e+00 0.0000e+00 6.1940e+02]]---
Accuracy: 97.08 +- 0.51
---
class acc :
	Healthy grass: 96.02 +- 4.01
	Stressed grass: 98.83 +- 0.74
	Synthetic grass: 99.54 +- 0.10
	Trees: 97.67 +- 2.07
	Soil: 100.00 +- 0.00
	Water: 85.95 +- 5.91
	Residential: 98.56 +- 1.12
	Commercial: 91.94 +- 3.41
	Road: 94.65 +- 1.73
	Highway: 99.72 +- 0.47
	Railway: 99.64 +- 0.64
	Parking Lot 1: 93.29 +- 3.15
	Parking Lot 2: 95.78 +- 1.80
	Tennis Court: 100.00 +- 0.00
	Running Track: 99.90 +- 0.19
---
AA: 96.77 +- 0.57
Kappa: 96.84 +- 0.55
