run 1 / 5
Best validation overall accuracy 0.9665178571428571
Confusion matrix :
[[1156    4    0   16    0    0    0    0    0    0    0    0    0    0
     0]
 [   9 1170    0    0    0    0    0    0    0    0    0    0    0    0
     0]
 [   0    0  653    0    0    0    0    0    0    0    0    0    0    0
     2]
 [   0    0    0 1159    0    0    5    0    5    0    0    0    0    0
     0]
 [   0    0    0    0 1168    0    0    0    0    0    0    0    0    0
     0]
 [   0    0    0    0    0  264   40    2    0    0    0    0    0    0
     0]
 [   0    0    0    0    0    0 1159    0   25    0    8    0    0    0
     0]
 [   0    0    2    0   63    0   26 1014    6   17    0    0   12    0
    29]
 [   0    0    0    0    2    0   13    0 1122   19   19    2    0    0
     0]
 [   0    0    0    0    0    0    0    0   27 1127    0    0    0    0
     0]
 [   0    0    0    0    4    0    4   10   31    3 1108    0    1    0
     0]
 [   0    0    0    0    0    0   27    0    1    0    0 1111   20    0
     0]
 [   0    0    0    0    0    0    2    0    0   18    0    0  421    0
     0]
 [   0    0    0    0    0    0    2    3    0    0    0    0    0  397
     0]
 [   0    0    0    0    0    0    0    0    0    0    0    0    0    0
   620]]---
Accuracy : 96.61%
---
class acc :
	Healthy grass: 98.30
	Stressed grass: 99.24
	Synthetic grass: 99.69
	Trees: 99.14
	Soil: 100.00
	Water: 86.27
	Residential: 97.23
	Commercial: 86.74
	Road: 95.33
	Highway: 97.66
	Railway: 95.43
	Parking Lot 1: 95.86
	Parking Lot 2: 95.46
	Tennis Court: 98.76
	Running Track: 100.00
---
AA: 96.34%
Kappa: 96.33
run 2 / 5
Best validation overall accuracy 0.9732142857142857
Confusion matrix :
[[1176    0    0    0    0    0    0    0    0    0    0    0    0    0
     0]
 [  39 1140    0    0    0    0    0    0    0    0    0    0    0    0
     0]
 [   0    0  653    0    0    0    0    0    0    0    0    0    0    0
     2]
 [  80    0    0 1088    0    0    1    0    0    0    0    0    0    0
     0]
 [   0    0    0    0 1168    0    0    0    0    0    0    0    0    0
     0]
 [  17    0    0    0    0  251   38    0    0    0    0    0    0    0
     0]
 [   0    0    0    1    0    0 1182    0    7    0    2    0    0    0
     0]
 [   0    0    0    0    7    0    0 1032    0    0   12   98   20    0
     0]
 [   0    0    0    0    0    0    4    0 1039   41   26   67    0    0
     0]
 [   0    0    0    0    0    0    0    0   10 1135    6    0    3    0
     0]
 [   0    0    0    0    0    0    0    0   27    0 1134    0    0    0
     0]
 [   0    0    0    0    0    0   42    0    2   14    2 1097    2    0
     0]
 [   0    0    0    0    0    0    0    0    0    0    2    7  432    0
     0]
 [   0    0    0    0    0    0    0    0    0    0    0    0    0  402
     0]
 [   0    0    0    0    0    0    0    0    0    0    0    0    0    0
   620]]---
Accuracy : 95.90%
---
class acc :
	Healthy grass: 100.00
	Stressed grass: 96.69
	Synthetic grass: 99.69
	Trees: 93.07
	Soil: 100.00
	Water: 82.03
	Residential: 99.16
	Commercial: 88.28
	Road: 88.28
	Highway: 98.35
	Railway: 97.67
	Parking Lot 1: 94.65
	Parking Lot 2: 97.96
	Tennis Court: 100.00
	Running Track: 100.00
---
AA: 95.72%
Kappa: 95.57
run 3 / 5
Best validation overall accuracy 0.9642857142857143
Confusion matrix :
[[1025  139    0   12    0    0    0    0    0    0    0    0    0    0
     0]
 [   0 1179    0    0    0    0    0    0    0    0    0    0    0    0
     0]
 [   0    0  652    0    0    0    0    0    0    0    0    0    0    0
     3]
 [  17    0    0 1149    0    0    0    0    3    0    0    0    0    0
     0]
 [   0    0    0    0 1168    0    0    0    0    0    0    0    0    0
     0]
 [   0    0    0    0    0  306    0    0    0    0    0    0    0    0
     0]
 [   0    0    0    0    0    0 1171    0   14    0    1    3    3    0
     0]
 [   0    0    0    0    0    0    3 1029    2    0   40   39    8    0
    48]
 [   0    0    0    0    0    0    4    0 1112   25   28    8    0    0
     0]
 [   0    0    0    0    0    0    0    0    0 1144    0   10    0    0
     0]
 [   0    0    0    0    0    0    0    0    1   16 1137    5    2    0
     0]
 [   0    0    0    0    0    0   47    0   56    0    0 1054    2    0
     0]
 [   0    0    0    0    0    0    0    0    0    1    0   13  427    0
     0]
 [   0    0    0    0    0    0    0    0    0    0    0    0    0  402
     0]
 [   0    0    0    0    0    0    0    0    0    0    0    0    0    0
   620]]---
Accuracy : 96.09%
---
class acc :
	Healthy grass: 87.16
	Stressed grass: 100.00
	Synthetic grass: 99.54
	Trees: 98.29
	Soil: 100.00
	Water: 100.00
	Residential: 98.24
	Commercial: 88.02
	Road: 94.48
	Highway: 99.13
	Railway: 97.93
	Parking Lot 1: 90.94
	Parking Lot 2: 96.83
	Tennis Court: 100.00
	Running Track: 100.00
---
AA: 96.70%
Kappa: 95.77
run 4 / 5
Best validation overall accuracy 0.9732142857142857
Confusion matrix :
[[1150    3    0   23    0    0    0    0    0    0    0    0    0    0
     0]
 [   9 1170    0    0    0    0    0    0    0    0    0    0    0    0
     0]
 [   0    0  655    0    0    0    0    0    0    0    0    0    0    0
     0]
 [   3    1    0 1161    0    0    1    0    3    0    0    0    0    0
     0]
 [   0    0    0    0 1168    0    0    0    0    0    0    0    0    0
     0]
 [   0    0    0    0    0  262   39    0    0    0    0    0    5    0
     0]
 [   0    0    0    0    0    0 1191    0    0    0    0    1    0    0
     0]
 [   0    0    0    0    9    0    0 1057    0    0   15   40   21    0
    27]
 [   0   21    0    0    0    0    4    0 1072   25    4   51    0    0
     0]
 [   0    0    0    0    0    0    0    0   19 1134    0    0    1    0
     0]
 [   0    0    0    0    0    0    6   10    0    0 1131    0   14    0
     0]
 [   0    0    0    0    0    0    1    0    0    0   61 1080   17    0
     0]
 [   0    0    0    0    0    0    0    0    0    0    0    0  441    0
     0]
 [   0    0    0    0    0    0    0    0    0    0    0    0    0  402
     0]
 [   0    0    0    0    0    0    0    0    0    0    0    0    0    0
   620]]---
Accuracy : 96.93%
---
class acc :
	Healthy grass: 97.79
	Stressed grass: 99.24
	Synthetic grass: 100.00
	Trees: 99.32
	Soil: 100.00
	Water: 85.62
	Residential: 99.92
	Commercial: 90.42
	Road: 91.08
	Highway: 98.27
	Railway: 97.42
	Parking Lot 1: 93.18
	Parking Lot 2: 100.00
	Tennis Court: 100.00
	Running Track: 100.00
---
AA: 96.82%
Kappa: 96.68
run 5 / 5
Best validation overall accuracy 0.9754464285714286
Confusion matrix :
[[1084   73    0   18    0    0    1    0    0    0    0    0    0    0
     0]
 [   7 1172    0    0    0    0    0    0    0    0    0    0    0    0
     0]
 [   0    0  655    0    0    0    0    0    0    0    0    0    0    0
     0]
 [  12   48    0 1100    0    0    5    0    4    0    0    0    0    0
     0]
 [   0    0    0    0 1164    0    0    0    0    0    4    0    0    0
     0]
 [   0    0    0    0    0  298    6    2    0    0    0    0    0    0
     0]
 [   0    0    0    0    0    4 1172    0   11    0    4    0    1    0
     0]
 [   0    0    0    0    2    0    0 1092    9    0    0   16   18    3
    29]
 [   0    0    0    0   21    0   14    0 1135    2    5    0    0    0
     0]
 [   0    0    0    0    0    0    0    0    4 1125   15   10    0    0
     0]
 [   0    0    0    0    0    0    0   25    0    0 1134    0    2    0
     0]
 [   0    0    0    0    5    0   11   61    7    0    0 1062   13    0
     0]
 [   0    0    0    0    0    0    0    0    0    0    6    6  429    0
     0]
 [   0    0    0    0    0    0    0    0    0    0    0    0    0  402
     0]
 [   0    0    2    0    0    0    0    0    0    0    0    0    0    0
   618]]---
Accuracy : 96.56%
---
class acc :
	Healthy grass: 92.18
	Stressed grass: 99.41
	Synthetic grass: 100.00
	Trees: 94.10
	Soil: 99.66
	Water: 97.39
	Residential: 98.32
	Commercial: 93.41
	Road: 96.43
	Highway: 97.49
	Railway: 97.67
	Parking Lot 1: 91.63
	Parking Lot 2: 97.28
	Tennis Court: 100.00
	Running Track: 99.68
---
AA: 96.98%
Kappa: 96.28
Agregated results :
Confusion matrix :
[[1.1182e+03 4.3800e+01 0.0000e+00 1.3800e+01 0.0000e+00 0.0000e+00
  2.0000e-01 0.0000e+00 0.0000e+00 0.0000e+00 0.0000e+00 0.0000e+00
  0.0000e+00 0.0000e+00 0.0000e+00]
 [1.2800e+01 1.1662e+03 0.0000e+00 0.0000e+00 0.0000e+00 0.0000e+00
  0.0000e+00 0.0000e+00 0.0000e+00 0.0000e+00 0.0000e+00 0.0000e+00
  0.0000e+00 0.0000e+00 0.0000e+00]
 [0.0000e+00 0.0000e+00 6.5360e+02 0.0000e+00 0.0000e+00 0.0000e+00
  0.0000e+00 0.0000e+00 0.0000e+00 0.0000e+00 0.0000e+00 0.0000e+00
  0.0000e+00 0.0000e+00 1.4000e+00]
 [2.2400e+01 9.8000e+00 0.0000e+00 1.1314e+03 0.0000e+00 0.0000e+00
  2.4000e+00 0.0000e+00 3.0000e+00 0.0000e+00 0.0000e+00 0.0000e+00
  0.0000e+00 0.0000e+00 0.0000e+00]
 [0.0000e+00 0.0000e+00 0.0000e+00 0.0000e+00 1.1672e+03 0.0000e+00
  0.0000e+00 0.0000e+00 0.0000e+00 0.0000e+00 8.0000e-01 0.0000e+00
  0.0000e+00 0.0000e+00 0.0000e+00]
 [3.4000e+00 0.0000e+00 0.0000e+00 0.0000e+00 0.0000e+00 2.7620e+02
  2.4600e+01 8.0000e-01 0.0000e+00 0.0000e+00 0.0000e+00 0.0000e+00
  1.0000e+00 0.0000e+00 0.0000e+00]
 [0.0000e+00 0.0000e+00 0.0000e+00 2.0000e-01 0.0000e+00 8.0000e-01
  1.1750e+03 0.0000e+00 1.1400e+01 0.0000e+00 3.0000e+00 8.0000e-01
  8.0000e-01 0.0000e+00 0.0000e+00]
 [0.0000e+00 0.0000e+00 4.0000e-01 0.0000e+00 1.6200e+01 0.0000e+00
  5.8000e+00 1.0448e+03 3.4000e+00 3.4000e+00 1.3400e+01 3.8600e+01
  1.5800e+01 6.0000e-01 2.6600e+01]
 [0.0000e+00 4.2000e+00 0.0000e+00 0.0000e+00 4.6000e+00 0.0000e+00
  7.8000e+00 0.0000e+00 1.0960e+03 2.2400e+01 1.6400e+01 2.5600e+01
  0.0000e+00 0.0000e+00 0.0000e+00]
 [0.0000e+00 0.0000e+00 0.0000e+00 0.0000e+00 0.0000e+00 0.0000e+00
  0.0000e+00 0.0000e+00 1.2000e+01 1.1330e+03 4.2000e+00 4.0000e+00
  8.0000e-01 0.0000e+00 0.0000e+00]
 [0.0000e+00 0.0000e+00 0.0000e+00 0.0000e+00 8.0000e-01 0.0000e+00
  2.0000e+00 9.0000e+00 1.1800e+01 3.8000e+00 1.1288e+03 1.0000e+00
  3.8000e+00 0.0000e+00 0.0000e+00]
 [0.0000e+00 0.0000e+00 0.0000e+00 0.0000e+00 1.0000e+00 0.0000e+00
  2.5600e+01 1.2200e+01 1.3200e+01 2.8000e+00 1.2600e+01 1.0808e+03
  1.0800e+01 0.0000e+00 0.0000e+00]
 [0.0000e+00 0.0000e+00 0.0000e+00 0.0000e+00 0.0000e+00 0.0000e+00
  4.0000e-01 0.0000e+00 0.0000e+00 3.8000e+00 1.6000e+00 5.2000e+00
  4.3000e+02 0.0000e+00 0.0000e+00]
 [0.0000e+00 0.0000e+00 0.0000e+00 0.0000e+00 0.0000e+00 0.0000e+00
  4.0000e-01 6.0000e-01 0.0000e+00 0.0000e+00 0.0000e+00 0.0000e+00
  0.0000e+00 4.0100e+02 0.0000e+00]
 [0.0000e+00 0.0000e+00 4.0000e-01 0.0000e+00 0.0000e+00 0.0000e+00
  0.0000e+00 0.0000e+00 0.0000e+00 0.0000e+00 0.0000e+00 0.0000e+00
  0.0000e+00 0.0000e+00 6.1960e+02]]---
Accuracy: 96.42 +- 0.37
---
class acc :
	Healthy grass: 95.09 +- 4.76
	Stressed grass: 98.91 +- 1.15
	Synthetic grass: 99.79 +- 0.18
	Trees: 96.78 +- 2.66
	Soil: 99.93 +- 0.14
	Water: 90.26 +- 7.08
	Residential: 98.57 +- 0.91
	Commercial: 89.38 +- 2.34
	Road: 93.12 +- 3.01
	Highway: 98.18 +- 0.58
	Railway: 97.23 +- 0.91
	Parking Lot 1: 93.25 +- 1.83
	Parking Lot 2: 97.51 +- 1.49
	Tennis Court: 99.75 +- 0.50
	Running Track: 99.94 +- 0.13
---
AA: 96.51 +- 0.45
Kappa: 96.13 +- 0.40
