run 1 / 5
Best validation overall accuracy 0.9732142857142857
Confusion matrix :
[[1170    6    0    0    0    0    0    0    0    0    0    0    0    0
     0]
 [  18 1161    0    0    0    0    0    0    0    0    0    0    0    0
     0]
 [   0    0  653    0    0    0    2    0    0    0    0    0    0    0
     0]
 [  11    0    0 1146    0    0   11    0    1    0    0    0    0    0
     0]
 [   0    0    0    0 1168    0    0    0    0    0    0    0    0    0
     0]
 [   0    0    0    0    1  261   39    0    2    0    0    0    3    0
     0]
 [   0    0    0    0    0    0 1174    0   12    0    4    0    0    0
     2]
 [   0    0    0    0   58    1   48 1026    0   16    0   11    0    0
     9]
 [   0    0    0    0    0    0    2    0 1103   19   29   24    0    0
     0]
 [   0    0    0    0    0    0    0    0    0 1148    0    6    0    0
     0]
 [   0    0    0    0    0    0    5    0   36    0 1120    0    0    0
     0]
 [   0    0    0    0    0    0   62   10    0    0    0 1087    0    0
     0]
 [   0    0    0    0    0    0    0    0    0    7   11    0  423    0
     0]
 [   0    0    0    0    0    0    0    0    0    0    0    0    0  402
     0]
 [   0    0    0    0    0    0    0    0    0    0    0    0    0    0
   620]]---
Accuracy : 96.70%
---
class acc :
	Healthy grass: 99.49
	Stressed grass: 98.47
	Synthetic grass: 99.69
	Trees: 98.03
	Soil: 100.00
	Water: 85.29
	Residential: 98.49
	Commercial: 87.77
	Road: 93.71
	Highway: 99.48
	Railway: 96.47
	Parking Lot 1: 93.79
	Parking Lot 2: 95.92
	Tennis Court: 100.00
	Running Track: 100.00
---
AA: 96.44%
Kappa: 96.43
run 2 / 5
Best validation overall accuracy 0.9709821428571429
Confusion matrix :
[[1176    0    0    0    0    0    0    0    0    0    0    0    0    0
     0]
 [  43 1136    0    0    0    0    0    0    0    0    0    0    0    0
     0]
 [   0    0  655    0    0    0    0    0    0    0    0    0    0    0
     0]
 [  93    0    0 1075    0    0    0    0    1    0    0    0    0    0
     0]
 [   0    0    0    0 1168    0    0    0    0    0    0    0    0    0
     0]
 [   2    0    0    0    0  266   38    0    0    0    0    0    0    0
     0]
 [   0    0    0    0    0    0 1170    4   14    0    1    0    1    0
     2]
 [   0    0    0    0   13    0    0 1109    3    1   20    6    8    0
     9]
 [   0    0    0    0    0    0    3    1 1107   47   18    1    0    0
     0]
 [   0    0    0    0    0    0    0    0   25 1126    1    2    0    0
     0]
 [   0    0    0    0    0    0    8    0   15    2 1129    0    7    0
     0]
 [   0    0    0    0    0    0   21    6    5  110    0 1017    0    0
     0]
 [   0    0    0    0    0    0    0    0    0    3    0    2  436    0
     0]
 [   0    0    0    0    0    0    0    0    0    0    1    0    0  401
     0]
 [   0    0    0    0    0    0    0    0    0    0    0    0    0    0
   620]]---
Accuracy : 96.20%
---
class acc :
	Healthy grass: 100.00
	Stressed grass: 96.35
	Synthetic grass: 100.00
	Trees: 91.96
	Soil: 100.00
	Water: 86.93
	Residential: 98.15
	Commercial: 94.87
	Road: 94.05
	Highway: 97.57
	Railway: 97.24
	Parking Lot 1: 87.75
	Parking Lot 2: 98.87
	Tennis Court: 99.75
	Running Track: 100.00
---
AA: 96.23%
Kappa: 95.89
run 3 / 5
Best validation overall accuracy 0.9620535714285714
Confusion matrix :
[[1028  115    0   33    0    0    0    0    0    0    0    0    0    0
     0]
 [   1 1178    0    0    0    0    0    0    0    0    0    0    0    0
     0]
 [   0    0  655    0    0    0    0    0    0    0    0    0    0    0
     0]
 [  10    0    0 1158    0    0    0    0    1    0    0    0    0    0
     0]
 [   0    0    0    0 1168    0    0    0    0    0    0    0    0    0
     0]
 [   0    0    2    2    0  296    0    2    4    0    0    0    0    0
     0]
 [   0    0    0    0    0    0 1161    0   15    0   10    0    1    0
     5]
 [   0    0    0    0    0    0   23 1036   15    0   14   45    0   19
    17]
 [   0    0    0    0    0    0    0    0 1063   77   27   10    0    0
     0]
 [   0    0    0    0    0    0    0    0    1 1143    1    9    0    0
     0]
 [   0    0    0    0    1    0    0    0    2   25 1133    0    0    0
     0]
 [   0    0    0    0    0    0   57    0   14    3    0 1085    0    0
     0]
 [   0    0    0    0    0    0    0    0    0    4    0    1  436    0
     0]
 [   0    0    0    0    0    0    0    0    0    0    0    0    0  402
     0]
 [   0    0    0    0    0    0    0    0    0    0    0    0    0    0
   620]]---
Accuracy : 95.99%
---
class acc :
	Healthy grass: 87.41
	Stressed grass: 99.92
	Synthetic grass: 100.00
	Trees: 99.06
	Soil: 100.00
	Water: 96.73
	Residential: 97.40
	Commercial: 88.62
	Road: 90.31
	Highway: 99.05
	Railway: 97.59
	Parking Lot 1: 93.62
	Parking Lot 2: 98.87
	Tennis Court: 100.00
	Running Track: 100.00
---
AA: 96.57%
Kappa: 95.67
run 4 / 5
Best validation overall accuracy 0.9732142857142857
Confusion matrix :
[[1126   27    0   23    0    0    0    0    0    0    0    0    0    0
     0]
 [   1 1178    0    0    0    0    0    0    0    0    0    0    0    0
     0]
 [   0    0  655    0    0    0    0    0    0    0    0    0    0    0
     0]
 [  20   13    0 1135    0    0    0    0    1    0    0    0    0    0
     0]
 [   0    0    0    0 1168    0    0    0    0    0    0    0    0    0
     0]
 [   0    0    0    0    0  261   39    0    6    0    0    0    0    0
     0]
 [   0    0    0    0    0    0 1190    2    0    0    0    0    0    0
     0]
 [   0    0    0    0    0    0    0 1096    8    0    8   28    2    6
    21]
 [   0    0    0    0   21    0    1    0 1043   45    2   65    0    0
     0]
 [   0    0    0    0    0    0    0    0   49 1096    1    4    4    0
     0]
 [   0    0    0    0    0    0   13    0    0    4 1143    0    1    0
     0]
 [   0    0    0    0    0    0   34    4    0    0   61 1060    0    0
     0]
 [   0    0    0    0    0    0    0    0    0    0    0    0  441    0
     0]
 [   0    0    0    0    0    0    0    0    0    0    0    0    0  402
     0]
 [   0    0    0    0    0    0    0    0    0    0    0    0    0    0
   620]]---
Accuracy : 96.36%
---
class acc :
	Healthy grass: 95.75
	Stressed grass: 99.92
	Synthetic grass: 100.00
	Trees: 97.09
	Soil: 100.00
	Water: 85.29
	Residential: 99.83
	Commercial: 93.76
	Road: 88.62
	Highway: 94.97
	Railway: 98.45
	Parking Lot 1: 91.46
	Parking Lot 2: 100.00
	Tennis Court: 100.00
	Running Track: 100.00
---
AA: 96.34%
Kappa: 96.07
run 5 / 5
Best validation overall accuracy 0.9709821428571429
Confusion matrix :
[[1175    0    0    1    0    0    0    0    0    0    0    0    0    0
     0]
 [  11 1168    0    0    0    0    0    0    0    0    0    0    0    0
     0]
 [   0    0  655    0    0    0    0    0    0    0    0    0    0    0
     0]
 [  30    0    0 1139    0    0    0    0    0    0    0    0    0    0
     0]
 [   0    0    0    0 1168    0    0    0    0    0    0    0    0    0
     0]
 [   4    0    0    0    0  296    0    0    6    0    0    0    0    0
     0]
 [   0    0    2    0    0    0 1090   19    7   12   10   38   12    0
     2]
 [   0    0    0    0    2    0    0 1054    3    0    0   76    3   19
    12]
 [   0    0    0    0    3    0    7    0 1081   42   34   10    0    0
     0]
 [   0    0    0    0    0    0    0    0    0 1148    0    6    0    0
     0]
 [   0    0    0    0    0    0    0    0    0   10 1136    0   15    0
     0]
 [   0    0    0    0    0    0    1   40    3    0   21 1094    0    0
     0]
 [   0    0    0    0    0    0    0    0    0    1    0    0  440    0
     0]
 [   0    0    0    0    0    0    0    0    0    0    0    0    0  402
     0]
 [   0    0    0    0    0    0    0    0    0    0    0    0    0    0
   620]]---
Accuracy : 96.73%
---
class acc :
	Healthy grass: 99.91
	Stressed grass: 99.07
	Synthetic grass: 100.00
	Trees: 97.43
	Soil: 100.00
	Water: 96.73
	Residential: 91.44
	Commercial: 90.16
	Road: 91.84
	Highway: 99.48
	Railway: 97.85
	Parking Lot 1: 94.39
	Parking Lot 2: 99.77
	Tennis Court: 100.00
	Running Track: 100.00
---
AA: 97.21%
Kappa: 96.47
Agregated results :
Confusion matrix :
[[1.1350e+03 2.9600e+01 0.0000e+00 1.1400e+01 0.0000e+00 0.0000e+00
  0.0000e+00 0.0000e+00 0.0000e+00 0.0000e+00 0.0000e+00 0.0000e+00
  0.0000e+00 0.0000e+00 0.0000e+00]
 [1.4800e+01 1.1642e+03 0.0000e+00 0.0000e+00 0.0000e+00 0.0000e+00
  0.0000e+00 0.0000e+00 0.0000e+00 0.0000e+00 0.0000e+00 0.0000e+00
  0.0000e+00 0.0000e+00 0.0000e+00]
 [0.0000e+00 0.0000e+00 6.5460e+02 0.0000e+00 0.0000e+00 0.0000e+00
  4.0000e-01 0.0000e+00 0.0000e+00 0.0000e+00 0.0000e+00 0.0000e+00
  0.0000e+00 0.0000e+00 0.0000e+00]
 [3.2800e+01 2.6000e+00 0.0000e+00 1.1306e+03 0.0000e+00 0.0000e+00
  2.2000e+00 0.0000e+00 8.0000e-01 0.0000e+00 0.0000e+00 0.0000e+00
  0.0000e+00 0.0000e+00 0.0000e+00]
 [0.0000e+00 0.0000e+00 0.0000e+00 0.0000e+00 1.1680e+03 0.0000e+00
  0.0000e+00 0.0000e+00 0.0000e+00 0.0000e+00 0.0000e+00 0.0000e+00
  0.0000e+00 0.0000e+00 0.0000e+00]
 [1.2000e+00 0.0000e+00 4.0000e-01 4.0000e-01 2.0000e-01 2.7600e+02
  2.3200e+01 4.0000e-01 3.6000e+00 0.0000e+00 0.0000e+00 0.0000e+00
  6.0000e-01 0.0000e+00 0.0000e+00]
 [0.0000e+00 0.0000e+00 4.0000e-01 0.0000e+00 0.0000e+00 0.0000e+00
  1.1570e+03 5.0000e+00 9.6000e+00 2.4000e+00 5.0000e+00 7.6000e+00
  2.8000e+00 0.0000e+00 2.2000e+00]
 [0.0000e+00 0.0000e+00 0.0000e+00 0.0000e+00 1.4600e+01 2.0000e-01
  1.4200e+01 1.0642e+03 5.8000e+00 3.4000e+00 8.4000e+00 3.3200e+01
  2.6000e+00 8.8000e+00 1.3600e+01]
 [0.0000e+00 0.0000e+00 0.0000e+00 0.0000e+00 4.8000e+00 0.0000e+00
  2.6000e+00 2.0000e-01 1.0794e+03 4.6000e+01 2.2000e+01 2.2000e+01
  0.0000e+00 0.0000e+00 0.0000e+00]
 [0.0000e+00 0.0000e+00 0.0000e+00 0.0000e+00 0.0000e+00 0.0000e+00
  0.0000e+00 0.0000e+00 1.5000e+01 1.1322e+03 6.0000e-01 5.4000e+00
  8.0000e-01 0.0000e+00 0.0000e+00]
 [0.0000e+00 0.0000e+00 0.0000e+00 0.0000e+00 2.0000e-01 0.0000e+00
  5.2000e+00 0.0000e+00 1.0600e+01 8.2000e+00 1.1322e+03 0.0000e+00
  4.6000e+00 0.0000e+00 0.0000e+00]
 [0.0000e+00 0.0000e+00 0.0000e+00 0.0000e+00 0.0000e+00 0.0000e+00
  3.5000e+01 1.2000e+01 4.4000e+00 2.2600e+01 1.6400e+01 1.0686e+03
  0.0000e+00 0.0000e+00 0.0000e+00]
 [0.0000e+00 0.0000e+00 0.0000e+00 0.0000e+00 0.0000e+00 0.0000e+00
  0.0000e+00 0.0000e+00 0.0000e+00 3.0000e+00 2.2000e+00 6.0000e-01
  4.3520e+02 0.0000e+00 0.0000e+00]
 [0.0000e+00 0.0000e+00 0.0000e+00 0.0000e+00 0.0000e+00 0.0000e+00
  0.0000e+00 0.0000e+00 0.0000e+00 0.0000e+00 2.0000e-01 0.0000e+00
  0.0000e+00 4.0180e+02 0.0000e+00]
 [0.0000e+00 0.0000e+00 0.0000e+00 0.0000e+00 0.0000e+00 0.0000e+00
  0.0000e+00 0.0000e+00 0.0000e+00 0.0000e+00 0.0000e+00 0.0000e+00
  0.0000e+00 0.0000e+00 6.2000e+02]]---
Accuracy: 96.40 +- 0.29
---
class acc :
	Healthy grass: 96.51 +- 4.82
	Stressed grass: 98.74 +- 1.31
	Synthetic grass: 99.94 +- 0.12
	Trees: 96.72 +- 2.47
	Soil: 100.00 +- 0.00
	Water: 90.20 +- 5.37
	Residential: 97.06 +- 2.92
	Commercial: 91.04 +- 2.81
	Road: 91.71 +- 2.05
	Highway: 98.11 +- 1.72
	Railway: 97.52 +- 0.66
	Parking Lot 1: 92.20 +- 2.44
	Parking Lot 2: 98.68 +- 1.46
	Tennis Court: 99.95 +- 0.10
	Running Track: 100.00 +- 0.00
---
AA: 96.56 +- 0.34
Kappa: 96.11 +- 0.31
