run 1 / 5
Best validation overall accuracy 0.9791666666666666
Confusion matrix :
[[1145    0    0    6    0    0    0    0    0    0    0    0    0    0
     0]
 [  25 1129    0    0    0    0    0    0    0    0    0    0    0    0
     0]
 [   0    0  641    0    0    0    0    0    0    0    0    0    0    0
     0]
 [   8    0    0 1136    0    0    0    0    0    0    0    0    0    0
     0]
 [   0    0    0    0 1143    0    0    0    0    0    0    0    0    0
     0]
 [   0    0    0    0    0  299    0    0    0    0    0    0    0    0
     0]
 [   0    0    0    0    0    0 1152    0    9    0    6    0    0    0
     0]
 [   0    0    0    0    0    0   26 1036   30    0   17   27    0    0
     9]
 [   0    0    0    0    0    0   36    0 1074   29    3   10    0    0
     0]
 [   0    0    0    0    0    0    0    0    0 1123    3    3    0    0
     0]
 [   0    0    0    0    0    0    1    0   25    1 1108    0    1    0
     0]
 [   0    0    0    0    0    0   56    0   20    0    0 1058    0    0
     0]
 [   0    0    0    0    0    0    0    0    0    0    4    1  426    0
     0]
 [   0    0    0    0    0    0    0    0    0    0    0    0    0  394
     0]
 [   0    0    0    0    0    0    0    0    0    0    0    0    0    0
   607]]---
Accuracy : 97.43%
---
class acc :
	Healthy grass: 99.48
	Stressed grass: 97.83
	Synthetic grass: 100.00
	Trees: 99.30
	Soil: 100.00
	Water: 100.00
	Residential: 98.71
	Commercial: 90.48
	Road: 93.23
	Highway: 99.47
	Railway: 97.54
	Parking Lot 1: 93.30
	Parking Lot 2: 98.84
	Tennis Court: 100.00
	Running Track: 100.00
---
AA: 97.88%
Kappa: 97.22
run 2 / 5
Best validation overall accuracy 0.9739583333333334
Confusion matrix :
[[1151    0    0    0    0    0    0    0    0    0    0    0    0    0
     0]
 [  11 1143    0    0    0    0    0    0    0    0    0    0    0    0
     0]
 [   0    0  641    0    0    0    0    0    0    0    0    0    0    0
     0]
 [  68    0    0 1076    0    0    0    0    0    0    0    0    0    0
     0]
 [   0    0    0    0 1143    0    0    0    0    0    0    0    0    0
     0]
 [  13    0    0    0    0  281    0    0    5    0    0    0    0    0
     0]
 [   0    0    0    0    0    1 1155    2    0    0    0    7    2    0
     0]
 [   0    0    0    0    0    0    0 1056    2    0   32   38    0   17
     0]
 [   0    0    0    0    0    0   10    6 1059   61    7    9    0    0
     0]
 [   0    0    0    0    0    0    0    0    0 1111    4   14    0    0
     0]
 [   0    0    0    0    0    0    0    0    0    1 1128    7    0    0
     0]
 [   0    0    0    0    0    0   21    0    2    0    0 1111    0    0
     0]
 [   0    0    0    0    0    0    0    0    0    0   19    1  411    0
     0]
 [   0    0    0    0    0    0    0    0    0    0    0    0    0  394
     0]
 [   0    0    0    0    0    0    0    0    0    0    0    0    0    0
   607]]---
Accuracy : 97.40%
---
class acc :
	Healthy grass: 100.00
	Stressed grass: 99.05
	Synthetic grass: 100.00
	Trees: 94.06
	Soil: 100.00
	Water: 93.98
	Residential: 98.97
	Commercial: 92.23
	Road: 91.93
	Highway: 98.41
	Railway: 99.30
	Parking Lot 1: 97.97
	Parking Lot 2: 95.36
	Tennis Court: 100.00
	Running Track: 100.00
---
AA: 97.42%
Kappa: 97.19
run 3 / 5
Best validation overall accuracy 0.9930555555555556
Confusion matrix :
[[1124   26    0    1    0    0    0    0    0    0    0    0    0    0
     0]
 [  17 1134    0    3    0    0    0    0    0    0    0    0    0    0
     0]
 [   0    0  641    0    0    0    0    0    0    0    0    0    0    0
     0]
 [  33    0    0 1111    0    0    0    0    0    0    0    0    0    0
     0]
 [   0    0    0    0 1138    0    0    5    0    0    0    0    0    0
     0]
 [   0    0    0    0    0  293    0    0    6    0    0    0    0    0
     0]
 [   0    0    0    0    0    0 1152    0    5    2    8    0    0    0
     0]
 [   0    0    0    0    0    0    0 1114    2    0    0   20    0    0
     9]
 [   0    0    0    0    0    0    2    1 1075   40   24   10    0    0
     0]
 [   0    0    0    0    0    0    0    0    0 1129    0    0    0    0
     0]
 [   0    0    0    0    1    0    0    0    0    0 1135    0    0    0
     0]
 [   0    0    0    0    0    0   60    0    3   21    0 1049    1    0
     0]
 [   0    0    0    0    0    0    0    0    0    0    0    2  429    0
     0]
 [   0    0    0    0    0    0    0    0    0    0    0    0    0  394
     0]
 [   0    0    0    0    0    0    0    0    0    0    0    0    0    0
   607]]---
Accuracy : 97.82%
---
class acc :
	Healthy grass: 97.65
	Stressed grass: 98.27
	Synthetic grass: 100.00
	Trees: 97.12
	Soil: 99.56
	Water: 97.99
	Residential: 98.71
	Commercial: 97.29
	Road: 93.32
	Highway: 100.00
	Railway: 99.91
	Parking Lot 1: 92.50
	Parking Lot 2: 99.54
	Tennis Court: 100.00
	Running Track: 100.00
---
AA: 98.12%
Kappa: 97.64
run 4 / 5
Best validation overall accuracy 0.9722222222222222
Confusion matrix :
[[1070   54    0   27    0    0    0    0    0    0    0    0    0    0
     0]
 [   0 1154    0    0    0    0    0    0    0    0    0    0    0    0
     0]
 [   0    0  641    0    0    0    0    0    0    0    0    0    0    0
     0]
 [   0    0    0 1145    0    0    0    0    0    0    0    0    0    0
     0]
 [   0    0    0    0 1143    0    0    0    0    0    0    0    0    0
     0]
 [   0    0    0    0    0  291    8    0    0    0    0    0    0    0
     0]
 [   0    0    0    1    0    0 1116    3    9    1   10   22    0    0
     5]
 [   0    0    0    0    0    0    0 1084    0    0    0   41    0   19
     0]
 [   0    1    0    0    0    0    0    0 1080   42   15   14    0    0
     0]
 [   0    0    0    0    0    0    0    0    3 1121    0    5    0    0
     0]
 [   0    0    0    0    0    0    0    0    1    0 1135    0    0    0
     0]
 [   0    0    0    0    0    0    7    0    0    0    0 1127    0    0
     0]
 [   0    0    0    0    0    0    0    0    0    2   16    1  412    0
     0]
 [   0    0    0    0    0    0    0    0    0    0    0    0    0  394
     0]
 [   0    0    0    0    0    0    0    0    0    0    0    0    0    0
   607]]---
Accuracy : 97.78%
---
class acc :
	Healthy grass: 92.96
	Stressed grass: 100.00
	Synthetic grass: 100.00
	Trees: 100.00
	Soil: 100.00
	Water: 97.32
	Residential: 95.63
	Commercial: 94.76
	Road: 93.75
	Highway: 99.29
	Railway: 99.91
	Parking Lot 1: 99.38
	Parking Lot 2: 95.59
	Tennis Court: 100.00
	Running Track: 100.00
---
AA: 97.91%
Kappa: 97.60
run 5 / 5
Best validation overall accuracy 0.9774305555555556
Confusion matrix :
[[1116   12    0   23    0    0    0    0    0    0    0    0    0    0
     0]
 [  17 1137    0    0    0    0    0    0    0    0    0    0    0    0
     0]
 [   0    0  640    0    0    0    0    0    0    0    0    0    0    0
     1]
 [  13    5    0 1127    0    0    0    0    0    0    0    0    0    0
     0]
 [   0    0    0    0 1143    0    0    0    0    0    0    0    0    0
     0]
 [  12    0    0    0    0  281    0    0    6    0    0    0    0    0
     0]
 [   0    0    0    0    0    0 1130   10   11    0    8    2    0    0
     6]
 [   0    0    0    0    0    0    1 1069    1    0    0   21   23    0
    29]
 [   0    0    0    0    0    0   10    2 1102   15   23    0    0    0
     0]
 [   0    0    0    0    0    0    0    0    6 1099    3   17    4    0
     0]
 [   0    0    0    0    0    0    0    0    5    0 1128    0    3    0
     0]
 [   0    0    0    0    0    0   12    8   12   22    0 1078    2    0
     0]
 [   0    0    0    0    0    0    0    0    0    0    4    5  422    0
     0]
 [   0    0    0    0    0    0    0    0    0    0    0    0    0  394
     0]
 [   0    0    0    0    0    0    0    0    0    0    0    0    0    0
   607]]---
Accuracy : 97.44%
---
class acc :
	Healthy grass: 96.96
	Stressed grass: 98.53
	Synthetic grass: 99.84
	Trees: 98.43
	Soil: 100.00
	Water: 93.98
	Residential: 96.83
	Commercial: 93.44
	Road: 95.66
	Highway: 97.34
	Railway: 99.30
	Parking Lot 1: 95.06
	Parking Lot 2: 97.91
	Tennis Court: 100.00
	Running Track: 100.00
---
AA: 97.55%
Kappa: 97.23
Agregated results :
Confusion matrix :
[[1.1212e+03 1.8400e+01 0.0000e+00 1.1400e+01 0.0000e+00 0.0000e+00
  0.0000e+00 0.0000e+00 0.0000e+00 0.0000e+00 0.0000e+00 0.0000e+00
  0.0000e+00 0.0000e+00 0.0000e+00]
 [1.4000e+01 1.1394e+03 0.0000e+00 6.0000e-01 0.0000e+00 0.0000e+00
  0.0000e+00 0.0000e+00 0.0000e+00 0.0000e+00 0.0000e+00 0.0000e+00
  0.0000e+00 0.0000e+00 0.0000e+00]
 [0.0000e+00 0.0000e+00 6.4080e+02 0.0000e+00 0.0000e+00 0.0000e+00
  0.0000e+00 0.0000e+00 0.0000e+00 0.0000e+00 0.0000e+00 0.0000e+00
  0.0000e+00 0.0000e+00 2.0000e-01]
 [2.4400e+01 1.0000e+00 0.0000e+00 1.1190e+03 0.0000e+00 0.0000e+00
  0.0000e+00 0.0000e+00 0.0000e+00 0.0000e+00 0.0000e+00 0.0000e+00
  0.0000e+00 0.0000e+00 0.0000e+00]
 [0.0000e+00 0.0000e+00 0.0000e+00 0.0000e+00 1.1420e+03 0.0000e+00
  0.0000e+00 1.0000e+00 0.0000e+00 0.0000e+00 0.0000e+00 0.0000e+00
  0.0000e+00 0.0000e+00 0.0000e+00]
 [5.0000e+00 0.0000e+00 0.0000e+00 0.0000e+00 0.0000e+00 2.8900e+02
  1.6000e+00 0.0000e+00 3.4000e+00 0.0000e+00 0.0000e+00 0.0000e+00
  0.0000e+00 0.0000e+00 0.0000e+00]
 [0.0000e+00 0.0000e+00 0.0000e+00 2.0000e-01 0.0000e+00 2.0000e-01
  1.1410e+03 3.0000e+00 6.8000e+00 6.0000e-01 6.4000e+00 6.2000e+00
  4.0000e-01 0.0000e+00 2.2000e+00]
 [0.0000e+00 0.0000e+00 0.0000e+00 0.0000e+00 0.0000e+00 0.0000e+00
  5.4000e+00 1.0718e+03 7.0000e+00 0.0000e+00 9.8000e+00 2.9400e+01
  4.6000e+00 7.2000e+00 9.4000e+00]
 [0.0000e+00 2.0000e-01 0.0000e+00 0.0000e+00 0.0000e+00 0.0000e+00
  1.1600e+01 1.8000e+00 1.0780e+03 3.7400e+01 1.4400e+01 8.6000e+00
  0.0000e+00 0.0000e+00 0.0000e+00]
 [0.0000e+00 0.0000e+00 0.0000e+00 0.0000e+00 0.0000e+00 0.0000e+00
  0.0000e+00 0.0000e+00 1.8000e+00 1.1166e+03 2.0000e+00 7.8000e+00
  8.0000e-01 0.0000e+00 0.0000e+00]
 [0.0000e+00 0.0000e+00 0.0000e+00 0.0000e+00 2.0000e-01 0.0000e+00
  2.0000e-01 0.0000e+00 6.2000e+00 4.0000e-01 1.1268e+03 1.4000e+00
  8.0000e-01 0.0000e+00 0.0000e+00]
 [0.0000e+00 0.0000e+00 0.0000e+00 0.0000e+00 0.0000e+00 0.0000e+00
  3.1200e+01 1.6000e+00 7.4000e+00 8.6000e+00 0.0000e+00 1.0846e+03
  6.0000e-01 0.0000e+00 0.0000e+00]
 [0.0000e+00 0.0000e+00 0.0000e+00 0.0000e+00 0.0000e+00 0.0000e+00
  0.0000e+00 0.0000e+00 0.0000e+00 4.0000e-01 8.6000e+00 2.0000e+00
  4.2000e+02 0.0000e+00 0.0000e+00]
 [0.0000e+00 0.0000e+00 0.0000e+00 0.0000e+00 0.0000e+00 0.0000e+00
  0.0000e+00 0.0000e+00 0.0000e+00 0.0000e+00 0.0000e+00 0.0000e+00
  0.0000e+00 3.9400e+02 0.0000e+00]
 [0.0000e+00 0.0000e+00 0.0000e+00 0.0000e+00 0.0000e+00 0.0000e+00
  0.0000e+00 0.0000e+00 0.0000e+00 0.0000e+00 0.0000e+00 0.0000e+00
  0.0000e+00 0.0000e+00 6.0700e+02]]---
Accuracy: 97.57 +- 0.19
---
class acc :
	Healthy grass: 97.41 +- 2.49
	Stressed grass: 98.73 +- 0.74
	Synthetic grass: 99.97 +- 0.06
	Trees: 97.78 +- 2.10
	Soil: 99.91 +- 0.17
	Water: 96.66 +- 2.36
	Residential: 97.77 +- 1.32
	Commercial: 93.64 +- 2.31
	Road: 93.58 +- 1.21
	Highway: 98.90 +- 0.93
	Railway: 99.19 +- 0.87
	Parking Lot 1: 95.64 +- 2.65
	Parking Lot 2: 97.45 +- 1.69
	Tennis Court: 100.00 +- 0.00
	Running Track: 100.00 +- 0.00
---
AA: 97.78 +- 0.26
Kappa: 97.37 +- 0.20
