run 1 / 5
Best validation overall accuracy 0.9791666666666666
Confusion matrix :
[[1141    3    0    7    0    0    0    0    0    0    0    0    0    0
     0]
 [   6 1148    0    0    0    0    0    0    0    0    0    0    0    0
     0]
 [   0    0  641    0    0    0    0    0    0    0    0    0    0    0
     0]
 [   0    1    0 1143    0    0    0    0    0    0    0    0    0    0
     0]
 [   0    0    0    0 1143    0    0    0    0    0    0    0    0    0
     0]
 [   0    0    0    0    0  299    0    0    0    0    0    0    0    0
     0]
 [   0    0    0    0    0    0 1104    0    9    0   51    3    0    0
     0]
 [   0    0    0    0    0    0   26 1037   12    0   29   32    0    0
     9]
 [   0    0    0    0    0    1   14    0 1072   26   25   14    0    0
     0]
 [   0    0    0    0    0    0    0    0    0 1123    6    0    0    0
     0]
 [   0    0    0    0    0    0    0    0   27    0 1109    0    0    0
     0]
 [   0    0    0    0    0    0    7    0    7    6    0 1114    0    0
     0]
 [   0    0    0    0    0    0    0    0    0    0    0    1  430    0
     0]
 [   0    0    0    0    0    0    0    0    0    0    0    0    0  394
     0]
 [   0    0    0    0    0    0    0    0    0    0    0    0    0    0
   607]]---
Accuracy : 97.67%
---
class acc :
	Healthy grass: 99.13
	Stressed grass: 99.48
	Synthetic grass: 100.00
	Trees: 99.91
	Soil: 100.00
	Water: 100.00
	Residential: 94.60
	Commercial: 90.57
	Road: 93.06
	Highway: 99.47
	Railway: 97.62
	Parking Lot 1: 98.24
	Parking Lot 2: 99.77
	Tennis Court: 100.00
	Running Track: 100.00
---
AA: 98.12%
Kappa: 97.48
run 2 / 5
Best validation overall accuracy 0.9704861111111112
Confusion matrix :
[[1142    9    0    0    0    0    0    0    0    0    0    0    0    0
     0]
 [   4 1150    0    0    0    0    0    0    0    0    0    0    0    0
     0]
 [   0    0  641    0    0    0    0    0    0    0    0    0    0    0
     0]
 [  68    2    0 1072    0    0    1    0    1    0    0    0    0    0
     0]
 [   0    0    0    0 1143    0    0    0    0    0    0    0    0    0
     0]
 [  11    0    0    0    0  283    0    1    4    0    0    0    0    0
     0]
 [   0    0    0    0    0    4 1159    0    0    1    3    0    0    0
     0]
 [   0    0    0    0    0    0    0 1050    0    0   35   42    0   18
     0]
 [   0    0    0    0    0    0   12    6 1031   77   12   14    0    0
     0]
 [   0    0    0    0    0    0    0    0    2 1124    3    0    0    0
     0]
 [   0    0    0    0    0    0    4    0    0    5 1127    0    0    0
     0]
 [   0    0    0    0    0    0   33    0    1   21    0 1079    0    0
     0]
 [   0    0    0    0    0    0    0    0    0    7   12    0  412    0
     0]
 [   0    0    0    0    0    0    0    0    0    0    0    0    0  394
     0]
 [   0    0    0    0    0    0    0    0    0    0    0    0    0    0
   607]]---
Accuracy : 97.01%
---
class acc :
	Healthy grass: 99.22
	Stressed grass: 99.65
	Synthetic grass: 100.00
	Trees: 93.71
	Soil: 100.00
	Water: 94.65
	Residential: 99.31
	Commercial: 91.70
	Road: 89.50
	Highway: 99.56
	Railway: 99.21
	Parking Lot 1: 95.15
	Parking Lot 2: 95.59
	Tennis Court: 100.00
	Running Track: 100.00
---
AA: 97.15%
Kappa: 96.77
run 3 / 5
Best validation overall accuracy 0.9930555555555556
Confusion matrix :
[[1120   29    0    2    0    0    0    0    0    0    0    0    0    0
     0]
 [   7 1147    0    0    0    0    0    0    0    0    0    0    0    0
     0]
 [   0    0  641    0    0    0    0    0    0    0    0    0    0    0
     0]
 [   8    0    0 1136    0    0    0    0    0    0    0    0    0    0
     0]
 [   0    0    0    0 1143    0    0    0    0    0    0    0    0    0
     0]
 [   0    0    0    0    0  282   11    0    6    0    0    0    0    0
     0]
 [   0    0    0    0    0    0 1146    0    6    0   15    0    0    0
     0]
 [   0    0    0    0    0    0    0 1113    1    0    1   21    0    0
     9]
 [   0    0    0    0    0    0    0    0 1107   15   24    6    0    0
     0]
 [   0    0    0    0    0    0    0    0    3 1114    5    0    7    0
     0]
 [   0    0    0    0    0    0    1    0    0    0 1134    0    1    0
     0]
 [   0    0    0    0    0    0   60    0    7   19    0 1046    2    0
     0]
 [   0    0    0    0    0    0    0    0    0    0    0    0  431    0
     0]
 [   0    0    0    0    0    0    0    0    0    0    0    0    0  394
     0]
 [   0    0    0    0    0    0    0    0    0    0    0    0    0    0
   607]]---
Accuracy : 98.08%
---
class acc :
	Healthy grass: 97.31
	Stressed grass: 99.39
	Synthetic grass: 100.00
	Trees: 99.30
	Soil: 100.00
	Water: 94.31
	Residential: 98.20
	Commercial: 97.21
	Road: 96.09
	Highway: 98.67
	Railway: 99.82
	Parking Lot 1: 92.24
	Parking Lot 2: 100.00
	Tennis Court: 100.00
	Running Track: 100.00
---
AA: 98.17%
Kappa: 97.92
run 4 / 5
Best validation overall accuracy 0.9756944444444444
Confusion matrix :
[[1125    3    0   23    0    0    0    0    0    0    0    0    0    0
     0]
 [   4 1150    0    0    0    0    0    0    0    0    0    0    0    0
     0]
 [   0    0  641    0    0    0    0    0    0    0    0    0    0    0
     0]
 [   0    0    0 1145    0    0    0    0    0    0    0    0    0    0
     0]
 [   0    0    0    0 1143    0    0    0    0    0    0    0    0    0
     0]
 [   0    0    0    0    0  286    7    0    6    0    0    0    0    0
     0]
 [   0    0    0    0    0    0 1130    2   12    2    1   18    2    0
     0]
 [   0    0    0    0    8    0    0 1090   10    0    0   17    0   19
     0]
 [   0    0    0    0    0    0    1    0 1085   56    6    4    0    0
     0]
 [   0    0    0    0    0    0    0    0    1 1118    0   10    0    0
     0]
 [   0    0    0    0    0    0    6    0    0    0 1130    0    0    0
     0]
 [   0    0    0    0    0    0    9    0   31    4    0 1090    0    0
     0]
 [   0    0    0    0    0    0    0    0    0    3   15    1  412    0
     0]
 [   0    0    0    0    0    0    0    0    0    0    0    0    0  394
     0]
 [   0    0    0    0    0    0    0    0    0    0    0    0    0    0
   607]]---
Accuracy : 97.97%
---
class acc :
	Healthy grass: 97.74
	Stressed grass: 99.65
	Synthetic grass: 100.00
	Trees: 100.00
	Soil: 100.00
	Water: 95.65
	Residential: 96.83
	Commercial: 95.28
	Road: 94.18
	Highway: 99.03
	Railway: 99.47
	Parking Lot 1: 96.12
	Parking Lot 2: 95.59
	Tennis Court: 100.00
	Running Track: 100.00
---
AA: 97.97%
Kappa: 97.80
run 5 / 5
Best validation overall accuracy 0.9791666666666666
Confusion matrix :
[[1128    0    0   23    0    0    0    0    0    0    0    0    0    0
     0]
 [   7 1147    0    0    0    0    0    0    0    0    0    0    0    0
     0]
 [   0    0  641    0    0    0    0    0    0    0    0    0    0    0
     0]
 [   5    0    0 1140    0    0    0    0    0    0    0    0    0    0
     0]
 [   0    0    0    0 1143    0    0    0    0    0    0    0    0    0
     0]
 [   0    0    0    0    0  293    0    0    6    0    0    0    0    0
     0]
 [   0    0    0    0    0    1 1112   25   17    0    8    0    0    0
     4]
 [   0    0    0    0    0    0    0 1056    6    0    0   27   22   16
    17]
 [   0    0    0    0    0    0    8    2 1111   20    6    5    0    0
     0]
 [   0    0    0    0    0    0    0    0    7 1107    0   15    0    0
     0]
 [   0    0    0    0    0    0    0   14   15    0 1094    0   13    0
     0]
 [   0    0    0    0    0    0   20   24   17    0    0 1070    3    0
     0]
 [   0    0    0    0    0    0    0    0    0    0    0    1  430    0
     0]
 [   0    0    0    0    0    0    0    0    0    0    0    0    0  394
     0]
 [   0    0    0    0    0    0    0    0    0    0    0    0    0    0
   607]]---
Accuracy : 97.44%
---
class acc :
	Healthy grass: 98.00
	Stressed grass: 99.39
	Synthetic grass: 100.00
	Trees: 99.56
	Soil: 100.00
	Water: 97.99
	Residential: 95.29
	Commercial: 92.31
	Road: 96.44
	Highway: 98.05
	Railway: 96.30
	Parking Lot 1: 94.36
	Parking Lot 2: 99.77
	Tennis Court: 100.00
	Running Track: 100.00
---
AA: 97.83%
Kappa: 97.23
Agregated results :
Confusion matrix :
[[1.1312e+03 8.8000e+00 0.0000e+00 1.1000e+01 0.0000e+00 0.0000e+00
  0.0000e+00 0.0000e+00 0.0000e+00 0.0000e+00 0.0000e+00 0.0000e+00
  0.0000e+00 0.0000e+00 0.0000e+00]
 [5.6000e+00 1.1484e+03 0.0000e+00 0.0000e+00 0.0000e+00 0.0000e+00
  0.0000e+00 0.0000e+00 0.0000e+00 0.0000e+00 0.0000e+00 0.0000e+00
  0.0000e+00 0.0000e+00 0.0000e+00]
 [0.0000e+00 0.0000e+00 6.4100e+02 0.0000e+00 0.0000e+00 0.0000e+00
  0.0000e+00 0.0000e+00 0.0000e+00 0.0000e+00 0.0000e+00 0.0000e+00
  0.0000e+00 0.0000e+00 0.0000e+00]
 [1.6200e+01 6.0000e-01 0.0000e+00 1.1272e+03 0.0000e+00 0.0000e+00
  2.0000e-01 0.0000e+00 2.0000e-01 0.0000e+00 0.0000e+00 0.0000e+00
  0.0000e+00 0.0000e+00 0.0000e+00]
 [0.0000e+00 0.0000e+00 0.0000e+00 0.0000e+00 1.1430e+03 0.0000e+00
  0.0000e+00 0.0000e+00 0.0000e+00 0.0000e+00 0.0000e+00 0.0000e+00
  0.0000e+00 0.0000e+00 0.0000e+00]
 [2.2000e+00 0.0000e+00 0.0000e+00 0.0000e+00 0.0000e+00 2.8860e+02
  3.6000e+00 2.0000e-01 4.4000e+00 0.0000e+00 0.0000e+00 0.0000e+00
  0.0000e+00 0.0000e+00 0.0000e+00]
 [0.0000e+00 0.0000e+00 0.0000e+00 0.0000e+00 0.0000e+00 1.0000e+00
  1.1302e+03 5.4000e+00 8.8000e+00 6.0000e-01 1.5600e+01 4.2000e+00
  4.0000e-01 0.0000e+00 8.0000e-01]
 [0.0000e+00 0.0000e+00 0.0000e+00 0.0000e+00 1.6000e+00 0.0000e+00
  5.2000e+00 1.0692e+03 5.8000e+00 0.0000e+00 1.3000e+01 2.7800e+01
  4.4000e+00 1.0600e+01 7.0000e+00]
 [0.0000e+00 0.0000e+00 0.0000e+00 0.0000e+00 0.0000e+00 2.0000e-01
  7.0000e+00 1.6000e+00 1.0812e+03 3.8800e+01 1.4600e+01 8.6000e+00
  0.0000e+00 0.0000e+00 0.0000e+00]
 [0.0000e+00 0.0000e+00 0.0000e+00 0.0000e+00 0.0000e+00 0.0000e+00
  0.0000e+00 0.0000e+00 2.6000e+00 1.1172e+03 2.8000e+00 5.0000e+00
  1.4000e+00 0.0000e+00 0.0000e+00]
 [0.0000e+00 0.0000e+00 0.0000e+00 0.0000e+00 0.0000e+00 0.0000e+00
  2.2000e+00 2.8000e+00 8.4000e+00 1.0000e+00 1.1188e+03 0.0000e+00
  2.8000e+00 0.0000e+00 0.0000e+00]
 [0.0000e+00 0.0000e+00 0.0000e+00 0.0000e+00 0.0000e+00 0.0000e+00
  2.5800e+01 4.8000e+00 1.2600e+01 1.0000e+01 0.0000e+00 1.0798e+03
  1.0000e+00 0.0000e+00 0.0000e+00]
 [0.0000e+00 0.0000e+00 0.0000e+00 0.0000e+00 0.0000e+00 0.0000e+00
  0.0000e+00 0.0000e+00 0.0000e+00 2.0000e+00 5.4000e+00 6.0000e-01
  4.2300e+02 0.0000e+00 0.0000e+00]
 [0.0000e+00 0.0000e+00 0.0000e+00 0.0000e+00 0.0000e+00 0.0000e+00
  0.0000e+00 0.0000e+00 0.0000e+00 0.0000e+00 0.0000e+00 0.0000e+00
  0.0000e+00 3.9400e+02 0.0000e+00]
 [0.0000e+00 0.0000e+00 0.0000e+00 0.0000e+00 0.0000e+00 0.0000e+00
  0.0000e+00 0.0000e+00 0.0000e+00 0.0000e+00 0.0000e+00 0.0000e+00
  0.0000e+00 0.0000e+00 6.0700e+02]]---
Accuracy: 97.63 +- 0.38
---
class acc :
	Healthy grass: 98.28 +- 0.76
	Stressed grass: 99.51 +- 0.12
	Synthetic grass: 100.00 +- 0.00
	Trees: 98.50 +- 2.41
	Soil: 100.00 +- 0.00
	Water: 96.52 +- 2.16
	Residential: 96.85 +- 1.75
	Commercial: 93.41 +- 2.45
	Road: 93.85 +- 2.51
	Highway: 98.95 +- 0.55
	Railway: 98.49 +- 1.33
	Parking Lot 1: 95.22 +- 1.98
	Parking Lot 2: 98.14 +- 2.09
	Tennis Court: 100.00 +- 0.00
	Running Track: 100.00 +- 0.00
---
AA: 97.85 +- 0.37
Kappa: 97.44 +- 0.41
