run 1 / 5
Best validation overall accuracy 0.9791666666666666
Confusion matrix :
[[1120   31    0    0    0    0    0    0    0    0    0    0    0    0
     0]
 [   4 1150    0    0    0    0    0    0    0    0    0    0    0    0
     0]
 [   0    0  641    0    0    0    0    0    0    0    0    0    0    0
     0]
 [   6   13    0 1125    0    0    0    0    0    0    0    0    0    0
     0]
 [   0    0    0    0 1143    0    0    0    0    0    0    0    0    0
     0]
 [   0    0    0    0    0  299    0    0    0    0    0    0    0    0
     0]
 [   0    0    0    0    0    3 1138    0    9    0   12    5    0    0
     0]
 [   0    0    0    0    9    0   26 1021   19    0   21   40    0    0
     9]
 [   0    0    2    0    0    0    4    0 1070   16   19   41    0    0
     0]
 [   0    0    0    0    0    0    0    0    6 1114    0    2    7    0
     0]
 [   0    0    0    0    0    0    0    0   28    0 1108    0    0    0
     0]
 [   0    0    0    0    0    0   12    0    4    0    0 1118    0    0
     0]
 [   0    0    0    0    0    0    0    0    0    0    0    1  430    0
     0]
 [   0    0    0    0    0    0    0    0    0    0    0    0    0  394
     0]
 [   0    0    0    0    0    0    0    0    0    0    0    0    0    0
   607]]---
Accuracy : 97.48%
---
class acc :
	Healthy grass: 97.31
	Stressed grass: 99.65
	Synthetic grass: 100.00
	Trees: 98.34
	Soil: 100.00
	Water: 100.00
	Residential: 97.51
	Commercial: 89.17
	Road: 92.88
	Highway: 98.67
	Railway: 97.54
	Parking Lot 1: 98.59
	Parking Lot 2: 99.77
	Tennis Court: 100.00
	Running Track: 100.00
---
AA: 97.96%
Kappa: 97.27
run 2 / 5
Best validation overall accuracy 0.9756944444444444
Confusion matrix :
[[1128   23    0    0    0    0    0    0    0    0    0    0    0    0
     0]
 [   5 1149    0    0    0    0    0    0    0    0    0    0    0    0
     0]
 [   0    0  641    0    0    0    0    0    0    0    0    0    0    0
     0]
 [  69    0    0 1075    0    0    0    0    0    0    0    0    0    0
     0]
 [   0    0    0    0 1143    0    0    0    0    0    0    0    0    0
     0]
 [   5    0    0    0    0  289    0    0    5    0    0    0    0    0
     0]
 [   0    0    0    0    0    0 1125    2    8    2   12   17    1    0
     0]
 [   0    0    0    0    0    0    0 1056    8    0   34   30    0   17
     0]
 [   0    0    0    0    0    0    7    9 1110    8   18    0    0    0
     0]
 [   0    0    0    0    0    0    0    0   17 1110    2    0    0    0
     0]
 [   0    0    0    0    0    0    0    0    0    0 1136    0    0    0
     0]
 [   0    0    0    0    0    0    1    0   15    2    0 1115    1    0
     0]
 [   0    0    0    0    0    0    0    0    0    1   18    2  410    0
     0]
 [   0    0    0    0    0    0    0    0    0    0    0    0    0  394
     0]
 [   0    0    0    0    0    0    0    0    0    0    0    0    0    0
   607]]---
Accuracy : 97.55%
---
class acc :
	Healthy grass: 98.00
	Stressed grass: 99.57
	Synthetic grass: 100.00
	Trees: 93.97
	Soil: 100.00
	Water: 96.66
	Residential: 96.40
	Commercial: 92.23
	Road: 96.35
	Highway: 98.32
	Railway: 100.00
	Parking Lot 1: 98.32
	Parking Lot 2: 95.13
	Tennis Court: 100.00
	Running Track: 100.00
---
AA: 97.66%
Kappa: 97.35
run 3 / 5
Best validation overall accuracy 0.9913194444444444
Confusion matrix :
[[1123   26    0    2    0    0    0    0    0    0    0    0    0    0
     0]
 [   8 1146    0    0    0    0    0    0    0    0    0    0    0    0
     0]
 [   0    0  641    0    0    0    0    0    0    0    0    0    0    0
     0]
 [   0    0    0 1144    0    0    0    0    0    0    0    0    0    0
     0]
 [   0    0    0    0 1143    0    0    0    0    0    0    0    0    0
     0]
 [   0    0    0    0    0  292    1    2    4    0    0    0    0    0
     0]
 [   0    0    0    0    0    0 1153    0    7    0    6    1    0    0
     0]
 [   0    0    0    0    0    0    0 1114    0    0    0   22    0    0
     9]
 [   0    0    0    0    0    0    8    4 1076   35   10   19    0    0
     0]
 [   0    0    0    0    0    0    0    0    0 1129    0    0    0    0
     0]
 [   0    0    0    0    0    0   11    0    0   13 1110    0    2    0
     0]
 [   0    0    0    0    0    0   60    0    1   46    0 1027    0    0
     0]
 [   0    0    0    0    0    0    0    0    0    0    0    0  431    0
     0]
 [   0    0    0    0    0    0    0    0    0    0    0    0    0  394
     0]
 [   0    0    0    0    0    0    0    0    0    0    0    0    0    0
   607]]---
Accuracy : 97.85%
---
class acc :
	Healthy grass: 97.57
	Stressed grass: 99.31
	Synthetic grass: 100.00
	Trees: 100.00
	Soil: 100.00
	Water: 97.66
	Residential: 98.80
	Commercial: 97.29
	Road: 93.40
	Highway: 100.00
	Railway: 97.71
	Parking Lot 1: 90.56
	Parking Lot 2: 100.00
	Tennis Court: 100.00
	Running Track: 100.00
---
AA: 98.15%
Kappa: 97.68
run 4 / 5
Best validation overall accuracy 0.9722222222222222
Confusion matrix :
[[1122    7    0   22    0    0    0    0    0    0    0    0    0    0
     0]
 [   4 1150    0    0    0    0    0    0    0    0    0    0    0    0
     0]
 [   0    0  641    0    0    0    0    0    0    0    0    0    0    0
     0]
 [   0    0    0 1145    0    0    0    0    0    0    0    0    0    0
     0]
 [   0    0    0    0 1143    0    0    0    0    0    0    0    0    0
     0]
 [   1    0    0    0    0  291    1    0    6    0    0    0    0    0
     0]
 [   0    0    0    0    0    0 1120    8    3    5   10   21    0    0
     0]
 [   0    0    0    0    0    0    0 1086    7    0    0   32    0   19
     0]
 [   0    0    0    0    0    0    0    2 1049   88   12    1    0    0
     0]
 [   0    0    0    0    0    0    0    0    0 1129    0    0    0    0
     0]
 [   0    0    0    0    0    0    0    0    0    0 1136    0    0    0
     0]
 [   0    0    0    0    0    0    8    0   16    2    0 1108    0    0
     0]
 [   0    0    0    0    0    0    0    0    0    4   14    1  412    0
     0]
 [   0    0    0    0    0    0    0    0    0    0    0    0    0  394
     0]
 [   0    0    0    0    0    0    0    0    0    0    0    0    0    0
   607]]---
Accuracy : 97.87%
---
class acc :
	Healthy grass: 97.48
	Stressed grass: 99.65
	Synthetic grass: 100.00
	Trees: 100.00
	Soil: 100.00
	Water: 97.32
	Residential: 95.97
	Commercial: 94.93
	Road: 91.06
	Highway: 100.00
	Railway: 100.00
	Parking Lot 1: 97.71
	Parking Lot 2: 95.59
	Tennis Court: 100.00
	Running Track: 100.00
---
AA: 97.98%
Kappa: 97.70
run 5 / 5
Best validation overall accuracy 0.9756944444444444
Confusion matrix :
[[1121    5    0   25    0    0    0    0    0    0    0    0    0    0
     0]
 [  17 1137    0    0    0    0    0    0    0    0    0    0    0    0
     0]
 [   0    0  641    0    0    0    0    0    0    0    0    0    0    0
     0]
 [   2    0    0 1143    0    0    0    0    0    0    0    0    0    0
     0]
 [   0    0    0    0 1143    0    0    0    0    0    0    0    0    0
     0]
 [   0    0    0    0    0  294    0    0    5    0    0    0    0    0
     0]
 [   0    0    0    0    0    0 1144    0   18    0    5    0    0    0
     0]
 [   0    0    0    0    2    0    1 1073    0    0    0   17   22   20
     9]
 [   0    0    0    0    3    0    6    4 1103   11   25    0    0    0
     0]
 [   0    0    0    0    0    0    0    0    1 1081   30   17    0    0
     0]
 [   0    0    0    0    0    0    0    0   15    0 1119    0    2    0
     0]
 [   0    0    0    0    0    0   12   61   10   15    0 1035    1    0
     0]
 [   0    0    0    0    0    0    0    0    0    0    7    5  419    0
     0]
 [   0    0    0    0    0    0    0    0    0    0    0    0    0  394
     0]
 [   0    0    0    0    0    0    0    0    0    0    0    0    0    0
   607]]---
Accuracy : 97.30%
---
class acc :
	Healthy grass: 97.39
	Stressed grass: 98.53
	Synthetic grass: 100.00
	Trees: 99.83
	Soil: 100.00
	Water: 98.33
	Residential: 98.03
	Commercial: 93.79
	Road: 95.75
	Highway: 95.75
	Railway: 98.50
	Parking Lot 1: 91.27
	Parking Lot 2: 97.22
	Tennis Court: 100.00
	Running Track: 100.00
---
AA: 97.63%
Kappa: 97.08
Agregated results :
Confusion matrix :
[[1.1228e+03 1.8400e+01 0.0000e+00 9.8000e+00 0.0000e+00 0.0000e+00
  0.0000e+00 0.0000e+00 0.0000e+00 0.0000e+00 0.0000e+00 0.0000e+00
  0.0000e+00 0.0000e+00 0.0000e+00]
 [7.6000e+00 1.1464e+03 0.0000e+00 0.0000e+00 0.0000e+00 0.0000e+00
  0.0000e+00 0.0000e+00 0.0000e+00 0.0000e+00 0.0000e+00 0.0000e+00
  0.0000e+00 0.0000e+00 0.0000e+00]
 [0.0000e+00 0.0000e+00 6.4100e+02 0.0000e+00 0.0000e+00 0.0000e+00
  0.0000e+00 0.0000e+00 0.0000e+00 0.0000e+00 0.0000e+00 0.0000e+00
  0.0000e+00 0.0000e+00 0.0000e+00]
 [1.5400e+01 2.6000e+00 0.0000e+00 1.1264e+03 0.0000e+00 0.0000e+00
  0.0000e+00 0.0000e+00 0.0000e+00 0.0000e+00 0.0000e+00 0.0000e+00
  0.0000e+00 0.0000e+00 0.0000e+00]
 [0.0000e+00 0.0000e+00 0.0000e+00 0.0000e+00 1.1430e+03 0.0000e+00
  0.0000e+00 0.0000e+00 0.0000e+00 0.0000e+00 0.0000e+00 0.0000e+00
  0.0000e+00 0.0000e+00 0.0000e+00]
 [1.2000e+00 0.0000e+00 0.0000e+00 0.0000e+00 0.0000e+00 2.9300e+02
  4.0000e-01 4.0000e-01 4.0000e+00 0.0000e+00 0.0000e+00 0.0000e+00
  0.0000e+00 0.0000e+00 0.0000e+00]
 [0.0000e+00 0.0000e+00 0.0000e+00 0.0000e+00 0.0000e+00 6.0000e-01
  1.1360e+03 2.0000e+00 9.0000e+00 1.4000e+00 9.0000e+00 8.8000e+00
  2.0000e-01 0.0000e+00 0.0000e+00]
 [0.0000e+00 0.0000e+00 0.0000e+00 0.0000e+00 2.2000e+00 0.0000e+00
  5.4000e+00 1.0700e+03 6.8000e+00 0.0000e+00 1.1000e+01 2.8200e+01
  4.4000e+00 1.1200e+01 5.4000e+00]
 [0.0000e+00 0.0000e+00 4.0000e-01 0.0000e+00 6.0000e-01 0.0000e+00
  5.0000e+00 3.8000e+00 1.0816e+03 3.1600e+01 1.6800e+01 1.2200e+01
  0.0000e+00 0.0000e+00 0.0000e+00]
 [0.0000e+00 0.0000e+00 0.0000e+00 0.0000e+00 0.0000e+00 0.0000e+00
  0.0000e+00 0.0000e+00 4.8000e+00 1.1126e+03 6.4000e+00 3.8000e+00
  1.4000e+00 0.0000e+00 0.0000e+00]
 [0.0000e+00 0.0000e+00 0.0000e+00 0.0000e+00 0.0000e+00 0.0000e+00
  2.2000e+00 0.0000e+00 8.6000e+00 2.6000e+00 1.1218e+03 0.0000e+00
  8.0000e-01 0.0000e+00 0.0000e+00]
 [0.0000e+00 0.0000e+00 0.0000e+00 0.0000e+00 0.0000e+00 0.0000e+00
  1.8600e+01 1.2200e+01 9.2000e+00 1.3000e+01 0.0000e+00 1.0806e+03
  4.0000e-01 0.0000e+00 0.0000e+00]
 [0.0000e+00 0.0000e+00 0.0000e+00 0.0000e+00 0.0000e+00 0.0000e+00
  0.0000e+00 0.0000e+00 0.0000e+00 1.0000e+00 7.8000e+00 1.8000e+00
  4.2040e+02 0.0000e+00 0.0000e+00]
 [0.0000e+00 0.0000e+00 0.0000e+00 0.0000e+00 0.0000e+00 0.0000e+00
  0.0000e+00 0.0000e+00 0.0000e+00 0.0000e+00 0.0000e+00 0.0000e+00
  0.0000e+00 3.9400e+02 0.0000e+00]
 [0.0000e+00 0.0000e+00 0.0000e+00 0.0000e+00 0.0000e+00 0.0000e+00
  0.0000e+00 0.0000e+00 0.0000e+00 0.0000e+00 0.0000e+00 0.0000e+00
  0.0000e+00 0.0000e+00 6.0700e+02]]---
Accuracy: 97.61 +- 0.22
---
class acc :
	Healthy grass: 97.55 +- 0.24
	Stressed grass: 99.34 +- 0.43
	Synthetic grass: 100.00 +- 0.00
	Trees: 98.43 +- 2.31
	Soil: 100.00 +- 0.00
	Water: 97.99 +- 1.14
	Residential: 97.34 +- 1.04
	Commercial: 93.48 +- 2.72
	Road: 93.89 +- 1.94
	Highway: 98.55 +- 1.56
	Railway: 98.75 +- 1.07
	Parking Lot 1: 95.29 +- 3.59
	Parking Lot 2: 97.54 +- 2.04
	Tennis Court: 100.00 +- 0.00
	Running Track: 100.00 +- 0.00
---
AA: 97.88 +- 0.20
Kappa: 97.42 +- 0.24
