run 1 / 5
Best validation overall accuracy 0.9791666666666666
Confusion matrix :
[[1139    0    0   12    0    0    0    0    0    0    0    0    0    0
     0]
 [  14 1140    0    0    0    0    0    0    0    0    0    0    0    0
     0]
 [   0    0  641    0    0    0    0    0    0    0    0    0    0    0
     0]
 [   1    0    0 1143    0    0    0    0    0    0    0    0    0    0
     0]
 [   0    0    0    0 1143    0    0    0    0    0    0    0    0    0
     0]
 [   0    0    0    0    0  299    0    0    0    0    0    0    0    0
     0]
 [   0    0    0    0    0    0 1136    0    9    0   20    2    0    0
     0]
 [   0    0    0    0    0    0   19 1032    0    7   37   41    0    0
     9]
 [   0    0    0    0    0    0   33    1 1053   31    7   27    0    0
     0]
 [   0    0    0    0    0    0    0    0    1 1118    0   10    0    0
     0]
 [   0    0    0    0    0    0    0    0   14    0 1122    0    0    0
     0]
 [   0    0    0    0    0    0    8    1    1    5    0 1119    0    0
     0]
 [   0    0    0    0    0    0    0    0    0    0    0    1  430    0
     0]
 [   0    0    0    0    0    0    0    0    0    0    0    0    0  394
     0]
 [   0    0    2    0    0    0    0    0    0    0    0    0    0    0
   605]]---
Accuracy : 97.74%
---
class acc :
	Healthy grass: 98.96
	Stressed grass: 98.79
	Synthetic grass: 100.00
	Trees: 99.91
	Soil: 100.00
	Water: 100.00
	Residential: 97.34
	Commercial: 90.13
	Road: 91.41
	Highway: 99.03
	Railway: 98.77
	Parking Lot 1: 98.68
	Parking Lot 2: 99.77
	Tennis Court: 100.00
	Running Track: 99.67
---
AA: 98.16%
Kappa: 97.55
run 2 / 5
Best validation overall accuracy 0.9739583333333334
Confusion matrix :
[[1151    0    0    0    0    0    0    0    0    0    0    0    0    0
     0]
 [  10 1144    0    0    0    0    0    0    0    0    0    0    0    0
     0]
 [   0    0  641    0    0    0    0    0    0    0    0    0    0    0
     0]
 [  74    0    0 1069    0    0    0    0    1    0    0    0    0    0
     0]
 [   0    0    0    0 1143    0    0    0    0    0    0    0    0    0
     0]
 [  14    0    0    0    0  280    0    0    5    0    0    0    0    0
     0]
 [   0    0    0    0    0    4 1147    1    6    0    1    8    0    0
     0]
 [   0    0    0    0    0    0    0 1054    0    0   36   38    0   17
     0]
 [   0    0    0    0    0    0    7   11 1061   52   12    9    0    0
     0]
 [   0    0    0    0    0    0    0    0    3 1121    5    0    0    0
     0]
 [   0    0    0    0    0    0    8    0    0    8 1120    0    0    0
     0]
 [   0    0    0    0    0    0   14    0    4    0    0 1116    0    0
     0]
 [   0    0    0    0    0    0    0    0    0    0   19    1  411    0
     0]
 [   0    0    0    0    0    0    0    0    0    0    0    0    0  394
     0]
 [   0    0    0    0    0    0    0    0    0    0    0    0    0    0
   607]]---
Accuracy : 97.34%
---
class acc :
	Healthy grass: 100.00
	Stressed grass: 99.13
	Synthetic grass: 100.00
	Trees: 93.44
	Soil: 100.00
	Water: 93.65
	Residential: 98.29
	Commercial: 92.05
	Road: 92.10
	Highway: 99.29
	Railway: 98.59
	Parking Lot 1: 98.41
	Parking Lot 2: 95.36
	Tennis Court: 100.00
	Running Track: 100.00
---
AA: 97.35%
Kappa: 97.12
run 3 / 5
Best validation overall accuracy 0.9878472222222222
Confusion matrix :
[[1126   17    0    8    0    0    0    0    0    0    0    0    0    0
     0]
 [  11 1143    0    0    0    0    0    0    0    0    0    0    0    0
     0]
 [   0    0  641    0    0    0    0    0    0    0    0    0    0    0
     0]
 [   1    0    0 1142    0    0    0    0    1    0    0    0    0    0
     0]
 [   0    0    0    0 1143    0    0    0    0    0    0    0    0    0
     0]
 [   0    0    1    0    0  291    1    0    6    0    0    0    0    0
     0]
 [   0    0    0    0    0    0 1140    0   18    0    9    0    0    0
     0]
 [   0    0    0    0   33    0    0 1081    3    0    0   19    0    0
     9]
 [   0    0    0    0    0    0    0    1 1093   21   28    9    0    0
     0]
 [   0    0    0    0    1    0    0    0    0 1097   15   13    3    0
     0]
 [   0    0    0    0    1    0    0    0    0    0 1133    0    2    0
     0]
 [   0    0    0    0    0    0   60    0    6    2    0 1064    2    0
     0]
 [   0    0    0    0    0    0    0    0    0    0    0    0  431    0
     0]
 [   0    0    0    0    0    0    0    0    0    0    0    0    0  394
     0]
 [   0    0    0    0    0    0    0    0    0    0    0    0    0    0
   607]]---
Accuracy : 97.82%
---
class acc :
	Healthy grass: 97.83
	Stressed grass: 99.05
	Synthetic grass: 100.00
	Trees: 99.83
	Soil: 100.00
	Water: 97.32
	Residential: 97.69
	Commercial: 94.41
	Road: 94.88
	Highway: 97.17
	Railway: 99.74
	Parking Lot 1: 93.83
	Parking Lot 2: 100.00
	Tennis Court: 100.00
	Running Track: 100.00
---
AA: 98.12%
Kappa: 97.65
run 4 / 5
Best validation overall accuracy 0.9722222222222222
Confusion matrix :
[[1087   42    0   22    0    0    0    0    0    0    0    0    0    0
     0]
 [   1 1153    0    0    0    0    0    0    0    0    0    0    0    0
     0]
 [   0    0  641    0    0    0    0    0    0    0    0    0    0    0
     0]
 [   2    0    0 1143    0    0    0    0    0    0    0    0    0    0
     0]
 [   0    0    0    0 1143    0    0    0    0    0    0    0    0    0
     0]
 [   0    0    0    0    0  293    0    0    6    0    0    0    0    0
     0]
 [   0    0    6    0    0    0 1101   10   13    3    0   31    3    0
     0]
 [   0    0    0    0    2    0    0 1074    7    0    0   33    3   16
     9]
 [   0    0    0    0    0    0    0    0 1092   59    0    1    0    0
     0]
 [   0    0    0    0    0    0    0    0    0 1129    0    0    0    0
     0]
 [   0    0    0    0    0    0    0    0    4    0 1132    0    0    0
     0]
 [   0    0    0    0    0    0    8    0   14    0    0 1110    2    0
     0]
 [   0    0    0    0    0    0    0    0    0   13    5    0  413    0
     0]
 [   0    0    0    0    0    0    0    0    0    0    0    0    0  394
     0]
 [   0    0    0    0    0    0    0    0    0    0    0    0    0    0
   607]]---
Accuracy : 97.72%
---
class acc :
	Healthy grass: 94.44
	Stressed grass: 99.91
	Synthetic grass: 100.00
	Trees: 99.83
	Soil: 100.00
	Water: 97.99
	Residential: 94.34
	Commercial: 93.88
	Road: 94.79
	Highway: 100.00
	Railway: 99.65
	Parking Lot 1: 97.88
	Parking Lot 2: 95.82
	Tennis Court: 100.00
	Running Track: 100.00
---
AA: 97.90%
Kappa: 97.54
run 5 / 5
Best validation overall accuracy 0.9722222222222222
Confusion matrix :
[[1128    0    0   23    0    0    0    0    0    0    0    0    0    0
     0]
 [  27 1127    0    0    0    0    0    0    0    0    0    0    0    0
     0]
 [   0    0  641    0    0    0    0    0    0    0    0    0    0    0
     0]
 [   5    0    0 1140    0    0    0    0    0    0    0    0    0    0
     0]
 [   0    0    0    0 1143    0    0    0    0    0    0    0    0    0
     0]
 [   4    0    0    0    0  289    0    0    6    0    0    0    0    0
     0]
 [   0    0    0    0    0    0 1126   15   17    0    9    0    0    0
     0]
 [   0    0    0    0    0    0   37 1023    4    0    0   29   22    4
    25]
 [   0    0    0    0   11    0   14    0 1097    6   24    0    0    0
     0]
 [   0    0    0    0    0    0    0    0    4 1113    0   11    1    0
     0]
 [   0    0    0    0    0    0    0    0   16    0 1112    0    8    0
     0]
 [   0    0    0    0    0    0   48    6   14    7    0 1058    1    0
     0]
 [   0    0    0    0    0    0    0    0    0    0    0    2  429    0
     0]
 [   0    0    0    0    0    0    0    0    0    0    0    0    0  394
     0]
 [   0    0    0    0    0    0    0    0    0    0    0    0    0    0
   607]]---
Accuracy : 97.11%
---
class acc :
	Healthy grass: 98.00
	Stressed grass: 97.66
	Synthetic grass: 100.00
	Trees: 99.56
	Soil: 100.00
	Water: 96.66
	Residential: 96.49
	Commercial: 89.42
	Road: 95.23
	Highway: 98.58
	Railway: 97.89
	Parking Lot 1: 93.30
	Parking Lot 2: 99.54
	Tennis Court: 100.00
	Running Track: 100.00
---
AA: 97.49%
Kappa: 96.87
Agregated results :
Confusion matrix :
[[1.1262e+03 1.1800e+01 0.0000e+00 1.3000e+01 0.0000e+00 0.0000e+00
  0.0000e+00 0.0000e+00 0.0000e+00 0.0000e+00 0.0000e+00 0.0000e+00
  0.0000e+00 0.0000e+00 0.0000e+00]
 [1.2600e+01 1.1414e+03 0.0000e+00 0.0000e+00 0.0000e+00 0.0000e+00
  0.0000e+00 0.0000e+00 0.0000e+00 0.0000e+00 0.0000e+00 0.0000e+00
  0.0000e+00 0.0000e+00 0.0000e+00]
 [0.0000e+00 0.0000e+00 6.4100e+02 0.0000e+00 0.0000e+00 0.0000e+00
  0.0000e+00 0.0000e+00 0.0000e+00 0.0000e+00 0.0000e+00 0.0000e+00
  0.0000e+00 0.0000e+00 0.0000e+00]
 [1.6600e+01 0.0000e+00 0.0000e+00 1.1274e+03 0.0000e+00 0.0000e+00
  0.0000e+00 0.0000e+00 4.0000e-01 0.0000e+00 0.0000e+00 0.0000e+00
  0.0000e+00 0.0000e+00 0.0000e+00]
 [0.0000e+00 0.0000e+00 0.0000e+00 0.0000e+00 1.1430e+03 0.0000e+00
  0.0000e+00 0.0000e+00 0.0000e+00 0.0000e+00 0.0000e+00 0.0000e+00
  0.0000e+00 0.0000e+00 0.0000e+00]
 [3.6000e+00 0.0000e+00 2.0000e-01 0.0000e+00 0.0000e+00 2.9040e+02
  2.0000e-01 0.0000e+00 4.6000e+00 0.0000e+00 0.0000e+00 0.0000e+00
  0.0000e+00 0.0000e+00 0.0000e+00]
 [0.0000e+00 0.0000e+00 1.2000e+00 0.0000e+00 0.0000e+00 8.0000e-01
  1.1300e+03 5.2000e+00 1.2600e+01 6.0000e-01 7.8000e+00 8.2000e+00
  6.0000e-01 0.0000e+00 0.0000e+00]
 [0.0000e+00 0.0000e+00 0.0000e+00 0.0000e+00 7.0000e+00 0.0000e+00
  1.1200e+01 1.0528e+03 2.8000e+00 1.4000e+00 1.4600e+01 3.2000e+01
  5.0000e+00 7.4000e+00 1.0400e+01]
 [0.0000e+00 0.0000e+00 0.0000e+00 0.0000e+00 2.2000e+00 0.0000e+00
  1.0800e+01 2.6000e+00 1.0792e+03 3.3800e+01 1.4200e+01 9.2000e+00
  0.0000e+00 0.0000e+00 0.0000e+00]
 [0.0000e+00 0.0000e+00 0.0000e+00 0.0000e+00 2.0000e-01 0.0000e+00
  0.0000e+00 0.0000e+00 1.6000e+00 1.1156e+03 4.0000e+00 6.8000e+00
  8.0000e-01 0.0000e+00 0.0000e+00]
 [0.0000e+00 0.0000e+00 0.0000e+00 0.0000e+00 2.0000e-01 0.0000e+00
  1.6000e+00 0.0000e+00 6.8000e+00 1.6000e+00 1.1238e+03 0.0000e+00
  2.0000e+00 0.0000e+00 0.0000e+00]
 [0.0000e+00 0.0000e+00 0.0000e+00 0.0000e+00 0.0000e+00 0.0000e+00
  2.7600e+01 1.4000e+00 7.8000e+00 2.8000e+00 0.0000e+00 1.0934e+03
  1.0000e+00 0.0000e+00 0.0000e+00]
 [0.0000e+00 0.0000e+00 0.0000e+00 0.0000e+00 0.0000e+00 0.0000e+00
  0.0000e+00 0.0000e+00 0.0000e+00 2.6000e+00 4.8000e+00 8.0000e-01
  4.2280e+02 0.0000e+00 0.0000e+00]
 [0.0000e+00 0.0000e+00 0.0000e+00 0.0000e+00 0.0000e+00 0.0000e+00
  0.0000e+00 0.0000e+00 0.0000e+00 0.0000e+00 0.0000e+00 0.0000e+00
  0.0000e+00 3.9400e+02 0.0000e+00]
 [0.0000e+00 0.0000e+00 4.0000e-01 0.0000e+00 0.0000e+00 0.0000e+00
  0.0000e+00 0.0000e+00 0.0000e+00 0.0000e+00 0.0000e+00 0.0000e+00
  0.0000e+00 0.0000e+00 6.0660e+02]]---
Accuracy: 97.55 +- 0.28
---
class acc :
	Healthy grass: 97.85 +- 1.87
	Stressed grass: 98.91 +- 0.73
	Synthetic grass: 100.00 +- 0.00
	Trees: 98.51 +- 2.54
	Soil: 100.00 +- 0.00
	Water: 97.12 +- 2.07
	Residential: 96.83 +- 1.37
	Commercial: 91.98 +- 1.97
	Road: 93.68 +- 1.60
	Highway: 98.81 +- 0.94
	Railway: 98.93 +- 0.69
	Parking Lot 1: 96.42 +- 2.35
	Parking Lot 2: 98.10 +- 2.06
	Tennis Court: 100.00 +- 0.00
	Running Track: 99.93 +- 0.13
---
AA: 97.80 +- 0.33
Kappa: 97.35 +- 0.30
