run 1 / 5
Best validation overall accuracy 0.9809027777777778
Confusion matrix :
[[1148    2    0    1    0    0    0    0    0    0    0    0    0    0
     0]
 [   6 1148    0    0    0    0    0    0    0    0    0    0    0    0
     0]
 [   0    0  641    0    0    0    0    0    0    0    0    0    0    0
     0]
 [   0    1    0 1143    0    0    0    0    0    0    0    0    0    0
     0]
 [   0    0    0    0 1143    0    0    0    0    0    0    0    0    0
     0]
 [   0    0    0    0    0  299    0    0    0    0    0    0    0    0
     0]
 [   0    0    0    0    0    0 1150    0    9    0    3    5    0    0
     0]
 [   0    0    0    0    5    0   26 1033    4    0   37   31    0    0
     9]
 [   0    0    0    0    0    0   38    0 1077   26    2    9    0    0
     0]
 [   0    0    0    0    0    0    0    0   16 1106    1    6    0    0
     0]
 [   0    0    0    0    0    0    0    5   15   14 1100    0    2    0
     0]
 [   0    0    0    0    6    0    8    0   15    5    0 1100    0    0
     0]
 [   0    0    0    0    0    0    0    0    0    0    0    7  424    0
     0]
 [   0    0    0    0    0    0    0    0    0    0    0    0    0  394
     0]
 [   0    0    0    0    0    0    0    0    0    0    0    0    0    0
   607]]---
Accuracy : 97.73%
---
class acc :
	Healthy grass: 99.74
	Stressed grass: 99.48
	Synthetic grass: 100.00
	Trees: 99.91
	Soil: 100.00
	Water: 100.00
	Residential: 98.54
	Commercial: 90.22
	Road: 93.49
	Highway: 97.96
	Railway: 96.83
	Parking Lot 1: 97.00
	Parking Lot 2: 98.38
	Tennis Court: 100.00
	Running Track: 100.00
---
AA: 98.10%
Kappa: 97.55
run 2 / 5
Best validation overall accuracy 0.9739583333333334
Confusion matrix :
[[1130   16    0    5    0    0    0    0    0    0    0    0    0    0
     0]
 [   6 1147    0    1    0    0    0    0    0    0    0    0    0    0
     0]
 [   0    0  641    0    0    0    0    0    0    0    0    0    0    0
     0]
 [  45    0    0 1099    0    0    0    0    0    0    0    0    0    0
     0]
 [   0    0    0    0 1143    0    0    0    0    0    0    0    0    0
     0]
 [   4    0    0    0    0  290    0    1    4    0    0    0    0    0
     0]
 [   0    0    0    0    0    0 1150    0    0    0   13    3    1    0
     0]
 [   0    0    0    0    0    0    0 1058    4    0   35   29    2    7
    10]
 [   0    0    0    0    0    0    5   13 1044   42   47    1    0    0
     0]
 [   0    0    0    0    0    0    0    0    0 1121    8    0    0    0
     0]
 [   0    0    0    0    0    0    0    0    0    0 1136    0    0    0
     0]
 [   0    0    0    0    0    0   20    0    6    0    0 1107    1    0
     0]
 [   0    0    0    0    0    0    0    0    0    0   19    0  412    0
     0]
 [   0    0    0    0    0    0    0    0    0    0    0    0    0  394
     0]
 [   0    0    0    0    0    0    0    0    0    0    0    0    0    0
   607]]---
Accuracy : 97.48%
---
class acc :
	Healthy grass: 98.18
	Stressed grass: 99.39
	Synthetic grass: 100.00
	Trees: 96.07
	Soil: 100.00
	Water: 96.99
	Residential: 98.54
	Commercial: 92.40
	Road: 90.62
	Highway: 99.29
	Railway: 100.00
	Parking Lot 1: 97.62
	Parking Lot 2: 95.59
	Tennis Court: 100.00
	Running Track: 100.00
---
AA: 97.65%
Kappa: 97.28
run 3 / 5
Best validation overall accuracy 0.9913194444444444
Confusion matrix :
[[1121   30    0    0    0    0    0    0    0    0    0    0    0    0
     0]
 [   6 1148    0    0    0    0    0    0    0    0    0    0    0    0
     0]
 [   0    0  641    0    0    0    0    0    0    0    0    0    0    0
     0]
 [  24    1    0 1118    0    0    0    0    1    0    0    0    0    0
     0]
 [   0    0    0    0 1143    0    0    0    0    0    0    0    0    0
     0]
 [   0    0    0    0    0  290    3    0    6    0    0    0    0    0
     0]
 [   0    0    0    0    0    0 1144    0   10    0   12    0    1    0
     0]
 [   0    0    0    0    0    0    0 1107    1    0    0   22    6    0
     9]
 [   0    0    0    0    0    0    4    0 1065   43   29   11    0    0
     0]
 [   0    0    0    0    0    0    0    0    0 1124    2    0    3    0
     0]
 [   0    0    0    0    0    0    0    0    0    0 1136    0    0    0
     0]
 [   0    0    0    0    0    0   60    0    2    0    0 1070    2    0
     0]
 [   0    0    0    0    0    0    0    0    0    0    0    1  430    0
     0]
 [   0    0    0    0    0    0    0    0    0    0    0    0    0  394
     0]
 [   0    0    0    0    0    0    0    0    0    0    0    0    0    0
   607]]---
Accuracy : 97.91%
---
class acc :
	Healthy grass: 97.39
	Stressed grass: 99.48
	Synthetic grass: 100.00
	Trees: 97.73
	Soil: 100.00
	Water: 96.99
	Residential: 98.03
	Commercial: 96.68
	Road: 92.45
	Highway: 99.56
	Railway: 100.00
	Parking Lot 1: 94.36
	Parking Lot 2: 99.77
	Tennis Court: 100.00
	Running Track: 100.00
---
AA: 98.16%
Kappa: 97.74
run 4 / 5
Best validation overall accuracy 0.9722222222222222
Confusion matrix :
[[1075   42    0   34    0    0    0    0    0    0    0    0    0    0
     0]
 [   0 1154    0    0    0    0    0    0    0    0    0    0    0    0
     0]
 [   0    0  641    0    0    0    0    0    0    0    0    0    0    0
     0]
 [   0    0    0 1145    0    0    0    0    0    0    0    0    0    0
     0]
 [   0    0    0    0 1143    0    0    0    0    0    0    0    0    0
     0]
 [   0    0    0    0    0  280   13    0    6    0    0    0    0    0
     0]
 [   0    0    0    0    0    0 1126    7    6    6    8   10    2    0
     2]
 [   0    0    0    0    1    0    0 1068    0    0    1   55    0   19
     0]
 [   0    0    0    0    0    0    0    0 1070   35   35   12    0    0
     0]
 [   0    0    0    0    0    0    0    0   10 1112    2    5    0    0
     0]
 [   0    0    0    0    0    0    0    0    0    0 1136    0    0    0
     0]
 [   0    0    0    0    0    0    8    0    8    0    0 1118    0    0
     0]
 [   0    0    0    0    0    0    0    0    0    2   16    1  412    0
     0]
 [   0    0    0    0    0    0    0    0    0    0    0    0    0  394
     0]
 [   0    0    0    0    0    0    0    0    0    0    0    0    0    0
   607]]---
Accuracy : 97.50%
---
class acc :
	Healthy grass: 93.40
	Stressed grass: 100.00
	Synthetic grass: 100.00
	Trees: 100.00
	Soil: 100.00
	Water: 93.65
	Residential: 96.49
	Commercial: 93.36
	Road: 92.88
	Highway: 98.49
	Railway: 100.00
	Parking Lot 1: 98.59
	Parking Lot 2: 95.59
	Tennis Court: 100.00
	Running Track: 100.00
---
AA: 97.50%
Kappa: 97.29
run 5 / 5
Best validation overall accuracy 0.9739583333333334
Confusion matrix :
[[1076   22    0   53    0    0    0    0    0    0    0    0    0    0
     0]
 [   8 1146    0    0    0    0    0    0    0    0    0    0    0    0
     0]
 [   0    0  641    0    0    0    0    0    0    0    0    0    0    0
     0]
 [   0    0    0 1145    0    0    0    0    0    0    0    0    0    0
     0]
 [   0    0    0    0 1143    0    0    0    0    0    0    0    0    0
     0]
 [   0    0    0    0    0  293    0    0    2    0    0    0    4    0
     0]
 [   0    0    0    0    0    0 1129   11   15    3    5    0    0    0
     4]
 [   0    0    0    0    0    0    0 1050    0    0    0   10   55   18
    11]
 [   0    0    0    0    0    0    6    2 1092   27   25    0    0    0
     0]
 [   0    0    0    0    0    0    0    0    3 1112   14    0    0    0
     0]
 [   0    0    0    0    0    0    0    0    9    0 1126    0    1    0
     0]
 [   0    0    0    0    0    0   56    7   19    3    0 1042    7    0
     0]
 [   0    0    0    0    0    0    0    0    0    0    2    0  429    0
     0]
 [   0    0    0    0    0    0    0    0    0    0    0    0    0  394
     0]
 [   0    0    0    0    0    0    0    0    0    0    0    0    0    0
   607]]---
Accuracy : 97.09%
---
class acc :
	Healthy grass: 93.48
	Stressed grass: 99.31
	Synthetic grass: 100.00
	Trees: 100.00
	Soil: 100.00
	Water: 97.99
	Residential: 96.74
	Commercial: 91.78
	Road: 94.79
	Highway: 98.49
	Railway: 99.12
	Parking Lot 1: 91.89
	Parking Lot 2: 99.54
	Tennis Court: 100.00
	Running Track: 100.00
---
AA: 97.54%
Kappa: 96.86
Agregated results :
Confusion matrix :
[[1.1100e+03 2.2400e+01 0.0000e+00 1.8600e+01 0.0000e+00 0.0000e+00
  0.0000e+00 0.0000e+00 0.0000e+00 0.0000e+00 0.0000e+00 0.0000e+00
  0.0000e+00 0.0000e+00 0.0000e+00]
 [5.2000e+00 1.1486e+03 0.0000e+00 2.0000e-01 0.0000e+00 0.0000e+00
  0.0000e+00 0.0000e+00 0.0000e+00 0.0000e+00 0.0000e+00 0.0000e+00
  0.0000e+00 0.0000e+00 0.0000e+00]
 [0.0000e+00 0.0000e+00 6.4100e+02 0.0000e+00 0.0000e+00 0.0000e+00
  0.0000e+00 0.0000e+00 0.0000e+00 0.0000e+00 0.0000e+00 0.0000e+00
  0.0000e+00 0.0000e+00 0.0000e+00]
 [1.3800e+01 4.0000e-01 0.0000e+00 1.1300e+03 0.0000e+00 0.0000e+00
  0.0000e+00 0.0000e+00 2.0000e-01 0.0000e+00 0.0000e+00 0.0000e+00
  0.0000e+00 0.0000e+00 0.0000e+00]
 [0.0000e+00 0.0000e+00 0.0000e+00 0.0000e+00 1.1430e+03 0.0000e+00
  0.0000e+00 0.0000e+00 0.0000e+00 0.0000e+00 0.0000e+00 0.0000e+00
  0.0000e+00 0.0000e+00 0.0000e+00]
 [8.0000e-01 0.0000e+00 0.0000e+00 0.0000e+00 0.0000e+00 2.9040e+02
  3.2000e+00 2.0000e-01 3.6000e+00 0.0000e+00 0.0000e+00 0.0000e+00
  8.0000e-01 0.0000e+00 0.0000e+00]
 [0.0000e+00 0.0000e+00 0.0000e+00 0.0000e+00 0.0000e+00 0.0000e+00
  1.1398e+03 3.6000e+00 8.0000e+00 1.8000e+00 8.2000e+00 3.6000e+00
  8.0000e-01 0.0000e+00 1.2000e+00]
 [0.0000e+00 0.0000e+00 0.0000e+00 0.0000e+00 1.2000e+00 0.0000e+00
  5.2000e+00 1.0632e+03 1.8000e+00 0.0000e+00 1.4600e+01 2.9400e+01
  1.2600e+01 8.8000e+00 7.8000e+00]
 [0.0000e+00 0.0000e+00 0.0000e+00 0.0000e+00 0.0000e+00 0.0000e+00
  1.0600e+01 3.0000e+00 1.0696e+03 3.4600e+01 2.7600e+01 6.6000e+00
  0.0000e+00 0.0000e+00 0.0000e+00]
 [0.0000e+00 0.0000e+00 0.0000e+00 0.0000e+00 0.0000e+00 0.0000e+00
  0.0000e+00 0.0000e+00 5.8000e+00 1.1150e+03 5.4000e+00 2.2000e+00
  6.0000e-01 0.0000e+00 0.0000e+00]
 [0.0000e+00 0.0000e+00 0.0000e+00 0.0000e+00 0.0000e+00 0.0000e+00
  0.0000e+00 1.0000e+00 4.8000e+00 2.8000e+00 1.1268e+03 0.0000e+00
  6.0000e-01 0.0000e+00 0.0000e+00]
 [0.0000e+00 0.0000e+00 0.0000e+00 0.0000e+00 1.2000e+00 0.0000e+00
  3.0400e+01 1.4000e+00 1.0000e+01 1.6000e+00 0.0000e+00 1.0874e+03
  2.0000e+00 0.0000e+00 0.0000e+00]
 [0.0000e+00 0.0000e+00 0.0000e+00 0.0000e+00 0.0000e+00 0.0000e+00
  0.0000e+00 0.0000e+00 0.0000e+00 4.0000e-01 7.4000e+00 1.8000e+00
  4.2140e+02 0.0000e+00 0.0000e+00]
 [0.0000e+00 0.0000e+00 0.0000e+00 0.0000e+00 0.0000e+00 0.0000e+00
  0.0000e+00 0.0000e+00 0.0000e+00 0.0000e+00 0.0000e+00 0.0000e+00
  0.0000e+00 3.9400e+02 0.0000e+00]
 [0.0000e+00 0.0000e+00 0.0000e+00 0.0000e+00 0.0000e+00 0.0000e+00
  0.0000e+00 0.0000e+00 0.0000e+00 0.0000e+00 0.0000e+00 0.0000e+00
  0.0000e+00 0.0000e+00 6.0700e+02]]---
Accuracy: 97.54 +- 0.27
---
class acc :
	Healthy grass: 96.44 +- 2.56
	Stressed grass: 99.53 +- 0.24
	Synthetic grass: 100.00 +- 0.00
	Trees: 98.74 +- 1.60
	Soil: 100.00 +- 0.00
	Water: 97.12 +- 2.06
	Residential: 97.67 +- 0.88
	Commercial: 92.89 +- 2.15
	Road: 92.85 +- 1.36
	Highway: 98.76 +- 0.58
	Railway: 99.19 +- 1.23
	Parking Lot 1: 95.89 +- 2.44
	Parking Lot 2: 97.77 +- 1.84
	Tennis Court: 100.00 +- 0.00
	Running Track: 100.00 +- 0.00
---
AA: 97.79 +- 0.28
Kappa: 97.34 +- 0.30
