run 1 / 5
Best validation overall accuracy 0.9826388888888888
Confusion matrix :
[[1140    8    0    3    0    0    0    0    0    0    0    0    0    0
     0]
 [   7 1147    0    0    0    0    0    0    0    0    0    0    0    0
     0]
 [   0    0  641    0    0    0    0    0    0    0    0    0    0    0
     0]
 [   2    0    0 1141    0    0    0    0    1    0    0    0    0    0
     0]
 [   0    0    0    0 1142    0    0    0    1    0    0    0    0    0
     0]
 [   0    0    0    0    0  299    0    0    0    0    0    0    0    0
     0]
 [   0    0    1    0    0    0 1138   10    9    0    9    0    0    0
     0]
 [   0    0    0    0    0    0    0 1071   31    0   14   20    0    0
     9]
 [   0    0    2    0    0    0   46    2 1074   16    2   10    0    0
     0]
 [   0    0    0    0    0    0    0    0   28 1098    1    0    2    0
     0]
 [   0    0    0    0    0    0    0    0   29    5 1102    0    0    0
     0]
 [   0    0    0    0    0    0   56    0    5    0    0 1073    0    0
     0]
 [   0    0    0    0    0    0    0    0    0    0    0    1  430    0
     0]
 [   0    0    0    0    0    0    0    0    0    0    0    0    0  394
     0]
 [   0    0    0    0    0    0    0    0    0    0    0    0    0    0
   607]]---
Accuracy : 97.61%
---
class acc :
	Healthy grass: 99.04
	Stressed grass: 99.39
	Synthetic grass: 100.00
	Trees: 99.74
	Soil: 99.91
	Water: 100.00
	Residential: 97.51
	Commercial: 93.54
	Road: 93.23
	Highway: 97.25
	Railway: 97.01
	Parking Lot 1: 94.62
	Parking Lot 2: 99.77
	Tennis Court: 100.00
	Running Track: 100.00
---
AA: 98.07%
Kappa: 97.42
run 2 / 5
Best validation overall accuracy 0.9722222222222222
Confusion matrix :
[[1151    0    0    0    0    0    0    0    0    0    0    0    0    0
     0]
 [  20 1134    0    0    0    0    0    0    0    0    0    0    0    0
     0]
 [   0    0  641    0    0    0    0    0    0    0    0    0    0    0
     0]
 [  80    0    0 1064    0    0    0    0    0    0    0    0    0    0
     0]
 [   0    0    0    0 1143    0    0    0    0    0    0    0    0    0
     0]
 [  13    0    0    0    0  281    0    0    5    0    0    0    0    0
     0]
 [   0    0    0    0    0    1 1154    5    1    0    3    3    0    0
     0]
 [   0    0    0    0    0    0    0 1057   16    0   32   23    0   15
     2]
 [   0    0    0    0    0    0    6    7 1078   61    0    0    0    0
     0]
 [   0    0    0    0    0    0    0    0    4 1125    0    0    0    0
     0]
 [   0    0    0    0    0    0    4    1    0   13 1118    0    0    0
     0]
 [   0    0    0    0    0    0   17    4   12    4    0 1097    0    0
     0]
 [   0    0    0    0    0    0    0    0    0    5   14    0  412    0
     0]
 [   0    0    0    0    0    0    0    0    0    0    0    0    0  394
     0]
 [   0    0    0    0    0    0    0    0    0    0    0    0    0    0
   607]]---
Accuracy : 97.32%
---
class acc :
	Healthy grass: 100.00
	Stressed grass: 98.27
	Synthetic grass: 100.00
	Trees: 93.01
	Soil: 100.00
	Water: 93.98
	Residential: 98.89
	Commercial: 92.31
	Road: 93.58
	Highway: 99.65
	Railway: 98.42
	Parking Lot 1: 96.74
	Parking Lot 2: 95.59
	Tennis Court: 100.00
	Running Track: 100.00
---
AA: 97.36%
Kappa: 97.10
run 3 / 5
Best validation overall accuracy 0.9947916666666666
Confusion matrix :
[[1132   19    0    0    0    0    0    0    0    0    0    0    0    0
     0]
 [  11 1143    0    0    0    0    0    0    0    0    0    0    0    0
     0]
 [   0    0  641    0    0    0    0    0    0    0    0    0    0    0
     0]
 [   6    0    0 1138    0    0    0    0    0    0    0    0    0    0
     0]
 [   0    0    0    0 1143    0    0    0    0    0    0    0    0    0
     0]
 [   0    0    1    0    0  292    0    0    6    0    0    0    0    0
     0]
 [   0    0    0    0    0    0 1146    0   10    1   10    0    0    0
     0]
 [   0    0    0    0    0    0    0 1110    0    0    0   26    0    0
     9]
 [   0    0    0    0    0    0    4    0 1098   20   21    9    0    0
     0]
 [   0    0    0    0    0    0    0    0    0 1129    0    0    0    0
     0]
 [   0    0    0    0    2    0    5    0    0   14 1115    0    0    0
     0]
 [   0    0    0    0    0    0   60    0    3   34    0 1037    0    0
     0]
 [   0    0    0    0    0    0    0    0    0    3    0    5  423    0
     0]
 [   0    0    0    0    0    0    0    0    0    0    0    0    0  394
     0]
 [   0    0    0    0    0    0    0    0    0    0    0    0    0    0
   607]]---
Accuracy : 97.98%
---
class acc :
	Healthy grass: 98.35
	Stressed grass: 99.05
	Synthetic grass: 100.00
	Trees: 99.48
	Soil: 100.00
	Water: 97.66
	Residential: 98.20
	Commercial: 96.94
	Road: 95.31
	Highway: 100.00
	Railway: 98.15
	Parking Lot 1: 91.45
	Parking Lot 2: 98.14
	Tennis Court: 100.00
	Running Track: 100.00
---
AA: 98.18%
Kappa: 97.82
run 4 / 5
Best validation overall accuracy 0.9739583333333334
Confusion matrix :
[[1129    0    0   22    0    0    0    0    0    0    0    0    0    0
     0]
 [  19 1135    0    0    0    0    0    0    0    0    0    0    0    0
     0]
 [   0    0  641    0    0    0    0    0    0    0    0    0    0    0
     0]
 [   0    0    0 1145    0    0    0    0    0    0    0    0    0    0
     0]
 [   0    0    0    0 1143    0    0    0    0    0    0    0    0    0
     0]
 [   0    0    0    0    0  289    4    0    6    0    0    0    0    0
     0]
 [   0    0    0    0    0    0 1134    4   16    0    7    4    0    0
     2]
 [   0    0    0    0    0    0    0 1085   11    0    0   28    1   19
     0]
 [   0    0    0    0    0    0    0    0 1105   45    1    1    0    0
     0]
 [   0    0    0    0    0    0    0    0   15 1113    0    1    0    0
     0]
 [   0    0    0    0    0    0    0    0    5    0 1130    0    1    0
     0]
 [   0    0    0    0    0    0   12    0   23    0    0 1099    0    0
     0]
 [   0    0    0    0    0    0    0    0    0    6   12    1  412    0
     0]
 [   0    0    0    0    0    0    0    0    0    0    0    0    0  394
     0]
 [   0    0    0    0    0    0    0    0    0    0    0    0    0    0
   607]]---
Accuracy : 98.08%
---
class acc :
	Healthy grass: 98.09
	Stressed grass: 98.35
	Synthetic grass: 100.00
	Trees: 100.00
	Soil: 100.00
	Water: 96.66
	Residential: 97.17
	Commercial: 94.84
	Road: 95.92
	Highway: 98.58
	Railway: 99.47
	Parking Lot 1: 96.91
	Parking Lot 2: 95.59
	Tennis Court: 100.00
	Running Track: 100.00
---
AA: 98.11%
Kappa: 97.92
run 5 / 5
Best validation overall accuracy 0.9704861111111112
Confusion matrix :
[[1120    8    0   23    0    0    0    0    0    0    0    0    0    0
     0]
 [  16 1138    0    0    0    0    0    0    0    0    0    0    0    0
     0]
 [   0    0  641    0    0    0    0    0    0    0    0    0    0    0
     0]
 [   7    0    0 1138    0    0    0    0    0    0    0    0    0    0
     0]
 [   0    0    0    0 1143    0    0    0    0    0    0    0    0    0
     0]
 [   3    0    0    0    0  290    0    0    4    0    0    0    2    0
     0]
 [   0    0    0    0    0    0 1101   32   16    0   16    0    1    0
     1]
 [   0    0    0    0   44    0    0 1045    0    0    0    0   23   20
    12]
 [   0    0    0    0   20    0    4   15 1090    5   18    0    0    0
     0]
 [   0    0    0    0    0    0    0    0   19 1110    0    0    0    0
     0]
 [   0    0    0    0    0    0    0    0   31    1 1094    0   10    0
     0]
 [   0    0    0    0    7    0   33   39   25    0    0 1026    4    0
     0]
 [   0    0    0    0    0    0    0    0    0    0    0    0  431    0
     0]
 [   0    0    0    0    0    0    0    0    0    0    0    0    0  394
     0]
 [   0    0    0    0    0    0    0    0    0    0    0    0    0    0
   607]]---
Accuracy : 96.68%
---
class acc :
	Healthy grass: 97.31
	Stressed grass: 98.61
	Synthetic grass: 100.00
	Trees: 99.39
	Soil: 100.00
	Water: 96.99
	Residential: 94.34
	Commercial: 91.35
	Road: 94.62
	Highway: 98.32
	Railway: 96.30
	Parking Lot 1: 90.48
	Parking Lot 2: 100.00
	Tennis Court: 100.00
	Running Track: 100.00
---
AA: 97.18%
Kappa: 96.41
Agregated results :
Confusion matrix :
[[1.1344e+03 7.0000e+00 0.0000e+00 9.6000e+00 0.0000e+00 0.0000e+00
  0.0000e+00 0.0000e+00 0.0000e+00 0.0000e+00 0.0000e+00 0.0000e+00
  0.0000e+00 0.0000e+00 0.0000e+00]
 [1.4600e+01 1.1394e+03 0.0000e+00 0.0000e+00 0.0000e+00 0.0000e+00
  0.0000e+00 0.0000e+00 0.0000e+00 0.0000e+00 0.0000e+00 0.0000e+00
  0.0000e+00 0.0000e+00 0.0000e+00]
 [0.0000e+00 0.0000e+00 6.4100e+02 0.0000e+00 0.0000e+00 0.0000e+00
  0.0000e+00 0.0000e+00 0.0000e+00 0.0000e+00 0.0000e+00 0.0000e+00
  0.0000e+00 0.0000e+00 0.0000e+00]
 [1.9000e+01 0.0000e+00 0.0000e+00 1.1252e+03 0.0000e+00 0.0000e+00
  0.0000e+00 0.0000e+00 2.0000e-01 0.0000e+00 0.0000e+00 0.0000e+00
  0.0000e+00 0.0000e+00 0.0000e+00]
 [0.0000e+00 0.0000e+00 0.0000e+00 0.0000e+00 1.1428e+03 0.0000e+00
  0.0000e+00 0.0000e+00 2.0000e-01 0.0000e+00 0.0000e+00 0.0000e+00
  0.0000e+00 0.0000e+00 0.0000e+00]
 [3.2000e+00 0.0000e+00 2.0000e-01 0.0000e+00 0.0000e+00 2.9020e+02
  8.0000e-01 0.0000e+00 4.2000e+00 0.0000e+00 0.0000e+00 0.0000e+00
  4.0000e-01 0.0000e+00 0.0000e+00]
 [0.0000e+00 0.0000e+00 2.0000e-01 0.0000e+00 0.0000e+00 2.0000e-01
  1.1346e+03 1.0200e+01 1.0400e+01 2.0000e-01 9.0000e+00 1.4000e+00
  2.0000e-01 0.0000e+00 6.0000e-01]
 [0.0000e+00 0.0000e+00 0.0000e+00 0.0000e+00 8.8000e+00 0.0000e+00
  0.0000e+00 1.0736e+03 1.1600e+01 0.0000e+00 9.2000e+00 1.9400e+01
  4.8000e+00 1.0800e+01 6.4000e+00]
 [0.0000e+00 0.0000e+00 4.0000e-01 0.0000e+00 4.0000e+00 0.0000e+00
  1.2000e+01 4.8000e+00 1.0890e+03 2.9400e+01 8.4000e+00 4.0000e+00
  0.0000e+00 0.0000e+00 0.0000e+00]
 [0.0000e+00 0.0000e+00 0.0000e+00 0.0000e+00 0.0000e+00 0.0000e+00
  0.0000e+00 0.0000e+00 1.3200e+01 1.1150e+03 2.0000e-01 2.0000e-01
  4.0000e-01 0.0000e+00 0.0000e+00]
 [0.0000e+00 0.0000e+00 0.0000e+00 0.0000e+00 4.0000e-01 0.0000e+00
  1.8000e+00 2.0000e-01 1.3000e+01 6.6000e+00 1.1118e+03 0.0000e+00
  2.2000e+00 0.0000e+00 0.0000e+00]
 [0.0000e+00 0.0000e+00 0.0000e+00 0.0000e+00 1.4000e+00 0.0000e+00
  3.5600e+01 8.6000e+00 1.3600e+01 7.6000e+00 0.0000e+00 1.0664e+03
  8.0000e-01 0.0000e+00 0.0000e+00]
 [0.0000e+00 0.0000e+00 0.0000e+00 0.0000e+00 0.0000e+00 0.0000e+00
  0.0000e+00 0.0000e+00 0.0000e+00 2.8000e+00 5.2000e+00 1.4000e+00
  4.2160e+02 0.0000e+00 0.0000e+00]
 [0.0000e+00 0.0000e+00 0.0000e+00 0.0000e+00 0.0000e+00 0.0000e+00
  0.0000e+00 0.0000e+00 0.0000e+00 0.0000e+00 0.0000e+00 0.0000e+00
  0.0000e+00 3.9400e+02 0.0000e+00]
 [0.0000e+00 0.0000e+00 0.0000e+00 0.0000e+00 0.0000e+00 0.0000e+00
  0.0000e+00 0.0000e+00 0.0000e+00 0.0000e+00 0.0000e+00 0.0000e+00
  0.0000e+00 0.0000e+00 6.0700e+02]]---
Accuracy: 97.53 +- 0.51
---
class acc :
	Healthy grass: 98.56 +- 0.91
	Stressed grass: 98.73 +- 0.43
	Synthetic grass: 100.00 +- 0.00
	Trees: 98.32 +- 2.67
	Soil: 99.98 +- 0.03
	Water: 97.06 +- 1.93
	Residential: 97.22 +- 1.56
	Commercial: 93.80 +- 1.96
	Road: 94.53 +- 1.02
	Highway: 98.76 +- 0.98
	Railway: 97.87 +- 1.11
	Parking Lot 1: 94.04 +- 2.66
	Parking Lot 2: 97.82 +- 1.93
	Tennis Court: 100.00 +- 0.00
	Running Track: 100.00 +- 0.00
---
AA: 97.78 +- 0.42
Kappa: 97.33 +- 0.55
