run 1 / 5
Best validation overall accuracy 0.9774305555555556
Confusion matrix :
[[1151    0    0    0    0    0    0    0    0    0    0    0    0    0
     0]
 [  12 1142    0    0    0    0    0    0    0    0    0    0    0    0
     0]
 [   0    0  641    0    0    0    0    0    0    0    0    0    0    0
     0]
 [   0    1    0 1143    0    0    0    0    0    0    0    0    0    0
     0]
 [   0    0    0    0 1143    0    0    0    0    0    0    0    0    0
     0]
 [   0    0    0    0    0  299    0    0    0    0    0    0    0    0
     0]
 [   0    0    0    0    0    4 1114    0   11    1   36    1    0    0
     0]
 [   0    0    0    0    0    0   26 1040    2    0   33   32    3    0
     9]
 [   0    0    0    0    0   10    0    0 1068   35    7   32    0    0
     0]
 [   0    0    0    0    0    0    0    0   10 1115    4    0    0    0
     0]
 [   0    0    0    0    0    0    0    0   13    0 1123    0    0    0
     0]
 [   0    0    0    0    0    0    1    0   30    0    0 1103    0    0
     0]
 [   0    0    0    0    0    0    0    0    0    0    0    1  430    0
     0]
 [   0    0    0    0    0    0    0    0    0    0    0    0    0  394
     0]
 [   0    0    0    0    0    0    0    0    0    0    0    0    0    0
   607]]---
Accuracy : 97.73%
---
class acc :
	Healthy grass: 100.00
	Stressed grass: 98.96
	Synthetic grass: 100.00
	Trees: 99.91
	Soil: 100.00
	Water: 100.00
	Residential: 95.46
	Commercial: 90.83
	Road: 92.71
	Highway: 98.76
	Railway: 98.86
	Parking Lot 1: 97.27
	Parking Lot 2: 99.77
	Tennis Court: 100.00
	Running Track: 100.00
---
AA: 98.17%
Kappa: 97.55
run 2 / 5
Best validation overall accuracy 0.9739583333333334
Confusion matrix :
[[1150    1    0    0    0    0    0    0    0    0    0    0    0    0
     0]
 [   8 1146    0    0    0    0    0    0    0    0    0    0    0    0
     0]
 [   0    0  641    0    0    0    0    0    0    0    0    0    0    0
     0]
 [  76    2    0 1066    0    0    0    0    0    0    0    0    0    0
     0]
 [   0    0    0    0 1143    0    0    0    0    0    0    0    0    0
     0]
 [   9    0    0    0    0  285    0    0    5    0    0    0    0    0
     0]
 [   0    0    0    0    0    0 1150    0    0    0    3   14    0    0
     0]
 [   0    0    0    0    0    0    0 1042    2    0   33   51    0   11
     6]
 [   0    0    0    0    0    0   11    0 1091   35   15    0    0    0
     0]
 [   0    0    0    0    0    0    0    0    0 1118    6    5    0    0
     0]
 [   0    0    0    0    0    0   11    0    0    0 1125    0    0    0
     0]
 [   0    0    0    0    0    0   12    0    3    2    0 1117    0    0
     0]
 [   0    0    0    0    0    0    0    0    0    0   19    1  411    0
     0]
 [   0    0    0    0    0    0    0    0    0    0    0    0    0  394
     0]
 [   0    0    0    0    0    0    0    0    0    0    0    0    0    0
   607]]---
Accuracy : 97.53%
---
class acc :
	Healthy grass: 99.91
	Stressed grass: 99.31
	Synthetic grass: 100.00
	Trees: 93.18
	Soil: 100.00
	Water: 95.32
	Residential: 98.54
	Commercial: 91.00
	Road: 94.70
	Highway: 99.03
	Railway: 99.03
	Parking Lot 1: 98.50
	Parking Lot 2: 95.36
	Tennis Court: 100.00
	Running Track: 100.00
---
AA: 97.59%
Kappa: 97.33
run 3 / 5
Best validation overall accuracy 0.9895833333333334
Confusion matrix :
[[1104   41    0    6    0    0    0    0    0    0    0    0    0    0
     0]
 [   5 1149    0    0    0    0    0    0    0    0    0    0    0    0
     0]
 [   0    0  641    0    0    0    0    0    0    0    0    0    0    0
     0]
 [   1    0    0 1143    0    0    0    0    0    0    0    0    0    0
     0]
 [   0    0    0    0 1142    0    0    0    1    0    0    0    0    0
     0]
 [   0    0    1    0    0  294    0    1    3    0    0    0    0    0
     0]
 [   0    0    1    0    0    0 1147    0    7    0   11    0    1    0
     0]
 [   0    0    0    0   19    0    0 1061    1    0    4   35    2   14
     9]
 [   0    0    0    0    0    0    3    0 1097   16   28    8    0    0
     0]
 [   0    0    0    0    0    0    0    0    0 1127    0    0    2    0
     0]
 [   0    0    0    0    0    0    0    0    0    0 1135    1    0    0
     0]
 [   0    0    0    0    0    0   60    0   20   46    0 1006    2    0
     0]
 [   0    0    0    0    0    0    0    0    0    0    0    0  431    0
     0]
 [   0    0    0    0    0    0    0    0    0    0    0    0    0  394
     0]
 [   0    0    0    0    0    0    0    0    0    0    0    0    0    0
   607]]---
Accuracy : 97.48%
---
class acc :
	Healthy grass: 95.92
	Stressed grass: 99.57
	Synthetic grass: 100.00
	Trees: 99.91
	Soil: 99.91
	Water: 98.33
	Residential: 98.29
	Commercial: 92.66
	Road: 95.23
	Highway: 99.82
	Railway: 99.91
	Parking Lot 1: 88.71
	Parking Lot 2: 100.00
	Tennis Court: 100.00
	Running Track: 100.00
---
AA: 97.88%
Kappa: 97.27
run 4 / 5
Best validation overall accuracy 0.9722222222222222
Confusion matrix :
[[1123    3    0   25    0    0    0    0    0    0    0    0    0    0
     0]
 [   3 1151    0    0    0    0    0    0    0    0    0    0    0    0
     0]
 [   0    0  641    0    0    0    0    0    0    0    0    0    0    0
     0]
 [   0    0    0 1144    0    0    0    0    1    0    0    0    0    0
     0]
 [   0    0    0    0 1143    0    0    0    0    0    0    0    0    0
     0]
 [   2    0    0    0    0  286    5    0    6    0    0    0    0    0
     0]
 [   0    0    0    0    0    0 1140    0   15    0    6    4    2    0
     0]
 [   0    0    0    0    0    0    0 1086    8    0    0   31    0   16
     3]
 [   0    0    0    0    0    0    0    0 1087   41   22    1    1    0
     0]
 [   0    0    0    0    0    0    0    0   68 1060    0    1    0    0
     0]
 [   0    0    0    0    0    0    0    0    1    0 1135    0    0    0
     0]
 [   0    0    0    0    0    0   12    0   34    2    0 1086    0    0
     0]
 [   0    0    0    0    0    0    0    0    0    3   15    0  413    0
     0]
 [   0    0    0    0    0    0    0    0    0    0    0    0    0  394
     0]
 [   0    0    0    0    0    0    0    0    0    0    0    0    0    0
   607]]---
Accuracy : 97.61%
---
class acc :
	Healthy grass: 97.57
	Stressed grass: 99.74
	Synthetic grass: 100.00
	Trees: 99.91
	Soil: 100.00
	Water: 95.65
	Residential: 97.69
	Commercial: 94.93
	Road: 94.36
	Highway: 93.89
	Railway: 99.91
	Parking Lot 1: 95.77
	Parking Lot 2: 95.82
	Tennis Court: 100.00
	Running Track: 100.00
---
AA: 97.68%
Kappa: 97.41
run 5 / 5
Best validation overall accuracy 0.9774305555555556
Confusion matrix :
[[1121    7    0   23    0    0    0    0    0    0    0    0    0    0
     0]
 [   7 1147    0    0    0    0    0    0    0    0    0    0    0    0
     0]
 [   0    0  641    0    0    0    0    0    0    0    0    0    0    0
     0]
 [   4    0    0 1141    0    0    0    0    0    0    0    0    0    0
     0]
 [   0    0    0    0 1143    0    0    0    0    0    0    0    0    0
     0]
 [   0    0    0    0    0  293    0    0    6    0    0    0    0    0
     0]
 [   0    0    0    0    0    0 1127   13   11    3    9    0    0    0
     4]
 [   0    0    0    0    0    0    0 1044    1    0    0   23   14   35
    27]
 [   0    0    0    0    1    0    4   14 1072   17   44    0    0    0
     0]
 [   0    0    0    0    0    0    0    0    2 1126    1    0    0    0
     0]
 [   0    0    0    0    0    0    0    0    0    0 1133    0    3    0
     0]
 [   0    0    0    0    0    0   10   20    4    0    0 1100    0    0
     0]
 [   0    0    0    0    0    0    0    1    0    0    0    7  423    0
     0]
 [   0    0    0    0    0    0    0    0    0    0    0    0    0  394
     0]
 [   0    0    0    0    0    0    0    0    0    0    0    0    0    0
   607]]---
Accuracy : 97.72%
---
class acc :
	Healthy grass: 97.39
	Stressed grass: 99.39
	Synthetic grass: 100.00
	Trees: 99.65
	Soil: 100.00
	Water: 97.99
	Residential: 96.57
	Commercial: 91.26
	Road: 93.06
	Highway: 99.73
	Railway: 99.74
	Parking Lot 1: 97.00
	Parking Lot 2: 98.14
	Tennis Court: 100.00
	Running Track: 100.00
---
AA: 98.00%
Kappa: 97.54
Agregated results :
Confusion matrix :
[[1.1298e+03 1.0400e+01 0.0000e+00 1.0800e+01 0.0000e+00 0.0000e+00
  0.0000e+00 0.0000e+00 0.0000e+00 0.0000e+00 0.0000e+00 0.0000e+00
  0.0000e+00 0.0000e+00 0.0000e+00]
 [7.0000e+00 1.1470e+03 0.0000e+00 0.0000e+00 0.0000e+00 0.0000e+00
  0.0000e+00 0.0000e+00 0.0000e+00 0.0000e+00 0.0000e+00 0.0000e+00
  0.0000e+00 0.0000e+00 0.0000e+00]
 [0.0000e+00 0.0000e+00 6.4100e+02 0.0000e+00 0.0000e+00 0.0000e+00
  0.0000e+00 0.0000e+00 0.0000e+00 0.0000e+00 0.0000e+00 0.0000e+00
  0.0000e+00 0.0000e+00 0.0000e+00]
 [1.6200e+01 6.0000e-01 0.0000e+00 1.1274e+03 0.0000e+00 0.0000e+00
  0.0000e+00 0.0000e+00 2.0000e-01 0.0000e+00 0.0000e+00 0.0000e+00
  0.0000e+00 0.0000e+00 0.0000e+00]
 [0.0000e+00 0.0000e+00 0.0000e+00 0.0000e+00 1.1428e+03 0.0000e+00
  0.0000e+00 0.0000e+00 2.0000e-01 0.0000e+00 0.0000e+00 0.0000e+00
  0.0000e+00 0.0000e+00 0.0000e+00]
 [2.2000e+00 0.0000e+00 2.0000e-01 0.0000e+00 0.0000e+00 2.9140e+02
  1.0000e+00 2.0000e-01 4.0000e+00 0.0000e+00 0.0000e+00 0.0000e+00
  0.0000e+00 0.0000e+00 0.0000e+00]
 [0.0000e+00 0.0000e+00 2.0000e-01 0.0000e+00 0.0000e+00 8.0000e-01
  1.1356e+03 2.6000e+00 8.8000e+00 8.0000e-01 1.3000e+01 3.8000e+00
  6.0000e-01 0.0000e+00 8.0000e-01]
 [0.0000e+00 0.0000e+00 0.0000e+00 0.0000e+00 3.8000e+00 0.0000e+00
  5.2000e+00 1.0546e+03 2.8000e+00 0.0000e+00 1.4000e+01 3.4400e+01
  3.8000e+00 1.5200e+01 1.0800e+01]
 [0.0000e+00 0.0000e+00 0.0000e+00 0.0000e+00 2.0000e-01 2.0000e+00
  3.6000e+00 2.8000e+00 1.0830e+03 2.8800e+01 2.3200e+01 8.2000e+00
  2.0000e-01 0.0000e+00 0.0000e+00]
 [0.0000e+00 0.0000e+00 0.0000e+00 0.0000e+00 0.0000e+00 0.0000e+00
  0.0000e+00 0.0000e+00 1.6000e+01 1.1092e+03 2.2000e+00 1.2000e+00
  4.0000e-01 0.0000e+00 0.0000e+00]
 [0.0000e+00 0.0000e+00 0.0000e+00 0.0000e+00 0.0000e+00 0.0000e+00
  2.2000e+00 0.0000e+00 2.8000e+00 0.0000e+00 1.1302e+03 2.0000e-01
  6.0000e-01 0.0000e+00 0.0000e+00]
 [0.0000e+00 0.0000e+00 0.0000e+00 0.0000e+00 0.0000e+00 0.0000e+00
  1.9000e+01 4.0000e+00 1.8200e+01 1.0000e+01 0.0000e+00 1.0824e+03
  4.0000e-01 0.0000e+00 0.0000e+00]
 [0.0000e+00 0.0000e+00 0.0000e+00 0.0000e+00 0.0000e+00 0.0000e+00
  0.0000e+00 2.0000e-01 0.0000e+00 6.0000e-01 6.8000e+00 1.8000e+00
  4.2160e+02 0.0000e+00 0.0000e+00]
 [0.0000e+00 0.0000e+00 0.0000e+00 0.0000e+00 0.0000e+00 0.0000e+00
  0.0000e+00 0.0000e+00 0.0000e+00 0.0000e+00 0.0000e+00 0.0000e+00
  0.0000e+00 3.9400e+02 0.0000e+00]
 [0.0000e+00 0.0000e+00 0.0000e+00 0.0000e+00 0.0000e+00 0.0000e+00
  0.0000e+00 0.0000e+00 0.0000e+00 0.0000e+00 0.0000e+00 0.0000e+00
  0.0000e+00 0.0000e+00 6.0700e+02]]---
Accuracy: 97.61 +- 0.10
---
class acc :
	Healthy grass: 98.16 +- 1.58
	Stressed grass: 99.39 +- 0.26
	Synthetic grass: 100.00 +- 0.00
	Trees: 98.51 +- 2.67
	Soil: 99.98 +- 0.03
	Water: 97.46 +- 1.75
	Residential: 97.31 +- 1.15
	Commercial: 92.14 +- 1.54
	Road: 94.01 +- 0.97
	Highway: 98.25 +- 2.22
	Railway: 99.49 +- 0.45
	Parking Lot 1: 95.45 +- 3.48
	Parking Lot 2: 97.82 +- 1.93
	Tennis Court: 100.00 +- 0.00
	Running Track: 100.00 +- 0.00
---
AA: 97.86 +- 0.21
Kappa: 97.42 +- 0.11
