run 1 / 5
Best validation overall accuracy 0.9912109375
Confusion matrix :
[[1075    1    0    0    0    0    0    0    0    0    0    0    0    0
     0]
 [   6 1072    0    0    0    0    0    0    0    0    0    0    0    0
     0]
 [   0    0  599    0    0    0    0    0    0    0    0    0    0    0
     0]
 [   1    0    0 1068    0    0    1    0    0    0    0    0    0    0
     0]
 [   0    0    0    0 1068    0    0    0    0    0    0    0    0    0
     0]
 [   0    0    0    0    0  280    0    0    0    0    0    0    0    0
     0]
 [   0    0    0    0    0    0 1082    0    9    0    0    0    0    0
     0]
 [   0    0    0    0    0    0    0 1038    0   15    0    8    0    0
     9]
 [   0    0    0    0    0    0    0    2 1057    9    0    9    0    0
     0]
 [   0    0    0    0    0    0    0    0    0 1055    0    0    0    0
     0]
 [   0    0    0    0    0    0    0    0    0    0 1062    0    0    0
     0]
 [   0    0    0    0    0    0   10    2    1    0    0 1036   11    0
     0]
 [   0    0    0    0    0    0    0    0    0    0    0    3  400    0
     0]
 [   0    0    0    0    0    0    0    0    0    0    0    0    0  368
     0]
 [   0    0    0    0    0    0    0    0    0    0    0    0    0    0
   568]]---
Accuracy : 99.25%
---
class acc :
	Healthy grass: 99.91
	Stressed grass: 99.44
	Synthetic grass: 100.00
	Trees: 99.81
	Soil: 100.00
	Water: 100.00
	Residential: 99.18
	Commercial: 97.01
	Road: 98.14
	Highway: 100.00
	Railway: 100.00
	Parking Lot 1: 97.74
	Parking Lot 2: 99.26
	Tennis Court: 100.00
	Running Track: 100.00
---
AA: 99.37%
Kappa: 99.19
run 2 / 5
Best validation overall accuracy 0.98828125
Confusion matrix :
[[1073    2    0    1    0    0    0    0    0    0    0    0    0    0
     0]
 [   6 1072    0    0    0    0    0    0    0    0    0    0    0    0
     0]
 [   0    0  597    0    0    0    0    0    0    0    0    0    0    0
     2]
 [  31    0    0 1039    0    0    0    0    0    0    0    0    0    0
     0]
 [   0    0    0    0 1068    0    0    0    0    0    0    0    0    0
     0]
 [   8    0    0    0    0  264    0    0    0    0    0    0    8    0
     0]
 [   0    0    0    0    0    0 1091    0    0    0    0    0    0    0
     0]
 [   0    0    0    0    0    0   24 1019    0    0   14   12    1    0
     0]
 [   0    0    0    0    0    0    0    0 1052   10   15    0    0    0
     0]
 [   0    0    0    0    0    0    0    0    1 1053    0    0    1    0
     0]
 [   0    0    0    0    0    0    0    0    1    0 1061    0    0    0
     0]
 [   0    0    0    0    0    0   10    0   19    0    0 1019   12    0
     0]
 [   0    0    0    0    0    0    0    0    0    0    8    0  395    0
     0]
 [   0    0    0    0    0    0    0    0    0    0    0    0    0  368
     0]
 [   0    0    0    0    0    0    0    0    0    0    0    0    0    0
   568]]---
Accuracy : 98.56%
---
class acc :
	Healthy grass: 99.72
	Stressed grass: 99.44
	Synthetic grass: 99.67
	Trees: 97.10
	Soil: 100.00
	Water: 94.29
	Residential: 100.00
	Commercial: 95.23
	Road: 97.68
	Highway: 99.81
	Railway: 99.91
	Parking Lot 1: 96.13
	Parking Lot 2: 98.01
	Tennis Court: 100.00
	Running Track: 100.00
---
AA: 98.47%
Kappa: 98.44
run 3 / 5
Best validation overall accuracy 0.9912109375
Confusion matrix :
[[1076    0    0    0    0    0    0    0    0    0    0    0    0    0
     0]
 [   9 1069    0    0    0    0    0    0    0    0    0    0    0    0
     0]
 [   0    0  599    0    0    0    0    0    0    0    0    0    0    0
     0]
 [   0    0    0 1068    0    0    1    0    1    0    0    0    0    0
     0]
 [   0    0    0    0 1068    0    0    0    0    0    0    0    0    0
     0]
 [   0    0    0    0    0  280    0    0    0    0    0    0    0    0
     0]
 [   0    0    0    0    0    0 1091    0    0    0    0    0    0    0
     0]
 [   0    0    0    0    0    0    0 1029    0    0    0   32    0    0
     9]
 [   0    0    0    0    0    0    2    0 1066    0    0    9    0    0
     0]
 [   0    0    0    0    0    0    0    0    0 1055    0    0    0    0
     0]
 [   0    0    0    0    0    0    0    0    0    0 1062    0    0    0
     0]
 [   0    0    0    0    0    0   16    0    0    8    0 1027    9    0
     0]
 [   0    0    0    0    0    0    0    0    0    0    0    0  403    0
     0]
 [   0    0    0    0    0    0    0    0    0    0    0    0    0  368
     0]
 [   0    0    0    0    0    0    0    0    0    0    0    0    0    0
   568]]---
Accuracy : 99.26%
---
class acc :
	Healthy grass: 100.00
	Stressed grass: 99.17
	Synthetic grass: 100.00
	Trees: 99.81
	Soil: 100.00
	Water: 100.00
	Residential: 100.00
	Commercial: 96.17
	Road: 98.98
	Highway: 100.00
	Railway: 100.00
	Parking Lot 1: 96.89
	Parking Lot 2: 100.00
	Tennis Court: 100.00
	Running Track: 100.00
---
AA: 99.40%
Kappa: 99.20
run 4 / 5
Best validation overall accuracy 0.990234375
Confusion matrix :
[[1054    0    0   22    0    0    0    0    0    0    0    0    0    0
     0]
 [  14 1064    0    0    0    0    0    0    0    0    0    0    0    0
     0]
 [   0    0  599    0    0    0    0    0    0    0    0    0    0    0
     0]
 [   0    0    0 1070    0    0    0    0    0    0    0    0    0    0
     0]
 [   0    0    0    0 1068    0    0    0    0    0    0    0    0    0
     0]
 [   0    0    0    0    0  275    5    0    0    0    0    0    0    0
     0]
 [   0    0    0    0    0    0 1091    0    0    0    0    0    0    0
     0]
 [   0    0    0    0    9    0    0 1050    1    0    0   10    0    0
     0]
 [   0    0    0    0    3    0    0    0 1074    0    0    0    0    0
     0]
 [   0    0    0    0    0    0    0    0    0 1055    0    0    0    0
     0]
 [   0    0    0    0    0    0    0    0    0    0 1062    0    0    0
     0]
 [   0    0    0    0    0    0   10    0    7    0    0 1043    0    0
     0]
 [   0    0    0    0    0    0    0    0    0   18    0    0  385    0
     0]
 [   0    0    0    0    0    0    0    0    0    0    0    0    0  368
     0]
 [   0    0    0    0    0    0    0    0    0    0    0    0    0    0
   568]]---
Accuracy : 99.23%
---
class acc :
	Healthy grass: 97.96
	Stressed grass: 98.70
	Synthetic grass: 100.00
	Trees: 100.00
	Soil: 100.00
	Water: 98.21
	Residential: 100.00
	Commercial: 98.13
	Road: 99.72
	Highway: 100.00
	Railway: 100.00
	Parking Lot 1: 98.40
	Parking Lot 2: 95.53
	Tennis Court: 100.00
	Running Track: 100.00
---
AA: 99.11%
Kappa: 99.17
run 5 / 5
Best validation overall accuracy 0.994140625
Confusion matrix :
[[1069    2    0    5    0    0    0    0    0    0    0    0    0    0
     0]
 [   2 1076    0    0    0    0    0    0    0    0    0    0    0    0
     0]
 [   0    0  598    0    0    0    0    0    0    0    0    0    0    0
     1]
 [   0    0    0 1070    0    0    0    0    0    0    0    0    0    0
     0]
 [   0    0    0    0 1068    0    0    0    0    0    0    0    0    0
     0]
 [   3    0    0    2    0  271    2    2    0    0    0    0    0    0
     0]
 [   0    0    0    1    0    0 1079    0    9    0    2    0    0    0
     0]
 [   0    0    0    0    5    0   19 1018    0    0    1    4    3    0
    20]
 [   0    0    0    0    0    0    2    1 1071    2    1    0    0    0
     0]
 [   0    0    0    0    0    0    0    0    1 1054    0    0    0    0
     0]
 [   0    0    0    0    0    0    0    0    0    0 1062    0    0    0
     0]
 [   0    0    0    0    0    0    0    1    0    0    0 1046   13    0
     0]
 [   0    0    0    0    0    0    0    0    0    0    0    0  403    0
     0]
 [   0    0    0    0    0    0    0    0    0    0    0    0    0  368
     0]
 [   0    0    0    0    0    0    0    0    0    0    0    0    0    0
   568]]---
Accuracy : 99.20%
---
class acc :
	Healthy grass: 99.35
	Stressed grass: 99.81
	Synthetic grass: 99.83
	Trees: 100.00
	Soil: 100.00
	Water: 96.79
	Residential: 98.90
	Commercial: 95.14
	Road: 99.44
	Highway: 99.91
	Railway: 100.00
	Parking Lot 1: 98.68
	Parking Lot 2: 100.00
	Tennis Court: 100.00
	Running Track: 100.00
---
AA: 99.19%
Kappa: 99.13
Agregated results :
Confusion matrix :
[[1.0694e+03 1.0000e+00 0.0000e+00 5.6000e+00 0.0000e+00 0.0000e+00
  0.0000e+00 0.0000e+00 0.0000e+00 0.0000e+00 0.0000e+00 0.0000e+00
  0.0000e+00 0.0000e+00 0.0000e+00]
 [7.4000e+00 1.0706e+03 0.0000e+00 0.0000e+00 0.0000e+00 0.0000e+00
  0.0000e+00 0.0000e+00 0.0000e+00 0.0000e+00 0.0000e+00 0.0000e+00
  0.0000e+00 0.0000e+00 0.0000e+00]
 [0.0000e+00 0.0000e+00 5.9840e+02 0.0000e+00 0.0000e+00 0.0000e+00
  0.0000e+00 0.0000e+00 0.0000e+00 0.0000e+00 0.0000e+00 0.0000e+00
  0.0000e+00 0.0000e+00 6.0000e-01]
 [6.4000e+00 0.0000e+00 0.0000e+00 1.0630e+03 0.0000e+00 0.0000e+00
  4.0000e-01 0.0000e+00 2.0000e-01 0.0000e+00 0.0000e+00 0.0000e+00
  0.0000e+00 0.0000e+00 0.0000e+00]
 [0.0000e+00 0.0000e+00 0.0000e+00 0.0000e+00 1.0680e+03 0.0000e+00
  0.0000e+00 0.0000e+00 0.0000e+00 0.0000e+00 0.0000e+00 0.0000e+00
  0.0000e+00 0.0000e+00 0.0000e+00]
 [2.2000e+00 0.0000e+00 0.0000e+00 4.0000e-01 0.0000e+00 2.7400e+02
  1.4000e+00 4.0000e-01 0.0000e+00 0.0000e+00 0.0000e+00 0.0000e+00
  1.6000e+00 0.0000e+00 0.0000e+00]
 [0.0000e+00 0.0000e+00 0.0000e+00 2.0000e-01 0.0000e+00 0.0000e+00
  1.0868e+03 0.0000e+00 3.6000e+00 0.0000e+00 4.0000e-01 0.0000e+00
  0.0000e+00 0.0000e+00 0.0000e+00]
 [0.0000e+00 0.0000e+00 0.0000e+00 0.0000e+00 2.8000e+00 0.0000e+00
  8.6000e+00 1.0308e+03 2.0000e-01 3.0000e+00 3.0000e+00 1.3200e+01
  8.0000e-01 0.0000e+00 7.6000e+00]
 [0.0000e+00 0.0000e+00 0.0000e+00 0.0000e+00 6.0000e-01 0.0000e+00
  8.0000e-01 6.0000e-01 1.0640e+03 4.2000e+00 3.2000e+00 3.6000e+00
  0.0000e+00 0.0000e+00 0.0000e+00]
 [0.0000e+00 0.0000e+00 0.0000e+00 0.0000e+00 0.0000e+00 0.0000e+00
  0.0000e+00 0.0000e+00 4.0000e-01 1.0544e+03 0.0000e+00 0.0000e+00
  2.0000e-01 0.0000e+00 0.0000e+00]
 [0.0000e+00 0.0000e+00 0.0000e+00 0.0000e+00 0.0000e+00 0.0000e+00
  0.0000e+00 0.0000e+00 2.0000e-01 0.0000e+00 1.0618e+03 0.0000e+00
  0.0000e+00 0.0000e+00 0.0000e+00]
 [0.0000e+00 0.0000e+00 0.0000e+00 0.0000e+00 0.0000e+00 0.0000e+00
  9.2000e+00 6.0000e-01 5.4000e+00 1.6000e+00 0.0000e+00 1.0342e+03
  9.0000e+00 0.0000e+00 0.0000e+00]
 [0.0000e+00 0.0000e+00 0.0000e+00 0.0000e+00 0.0000e+00 0.0000e+00
  0.0000e+00 0.0000e+00 0.0000e+00 3.6000e+00 1.6000e+00 6.0000e-01
  3.9720e+02 0.0000e+00 0.0000e+00]
 [0.0000e+00 0.0000e+00 0.0000e+00 0.0000e+00 0.0000e+00 0.0000e+00
  0.0000e+00 0.0000e+00 0.0000e+00 0.0000e+00 0.0000e+00 0.0000e+00
  0.0000e+00 3.6800e+02 0.0000e+00]
 [0.0000e+00 0.0000e+00 0.0000e+00 0.0000e+00 0.0000e+00 0.0000e+00
  0.0000e+00 0.0000e+00 0.0000e+00 0.0000e+00 0.0000e+00 0.0000e+00
  0.0000e+00 0.0000e+00 5.6800e+02]]---
Accuracy: 99.10 +- 0.27
---
class acc :
	Healthy grass: 99.39 +- 0.75
	Stressed grass: 99.31 +- 0.37
	Synthetic grass: 99.90 +- 0.13
	Trees: 99.35 +- 1.12
	Soil: 100.00 +- 0.00
	Water: 97.86 +- 2.15
	Residential: 99.62 +- 0.48
	Commercial: 96.34 +- 1.13
	Road: 98.79 +- 0.77
	Highway: 99.94 +- 0.08
	Railway: 99.98 +- 0.04
	Parking Lot 1: 97.57 +- 0.95
	Parking Lot 2: 98.56 +- 1.68
	Tennis Court: 100.00 +- 0.00
	Running Track: 100.00 +- 0.00
---
AA: 99.11 +- 0.34
Kappa: 99.03 +- 0.29
