run 1 / 5
Best validation overall accuracy 0.990234375
Confusion matrix :
[[1047    7    0   21    0    1    0    0    0    0    0    0    0    0
     0]
 [   1 1077    0    0    0    0    0    0    0    0    0    0    0    0
     0]
 [   0    0  598    0    0    0    0    0    0    0    0    0    0    0
     1]
 [   0    0    0 1070    0    0    0    0    0    0    0    0    0    0
     0]
 [   0    0    0    0 1068    0    0    0    0    0    0    0    0    0
     0]
 [   0    0    0    0    0  280    0    0    0    0    0    0    0    0
     0]
 [   0    0    0    0    0    5 1079    0    7    0    0    0    0    0
     0]
 [   0    0    0    0    0    0    0 1038    0   15    0    8    0    0
     9]
 [   0    0    0    0    0    0    5    0 1062    1    0    9    0    0
     0]
 [   0    0    0    0    0    0    0    0    0 1055    0    0    0    0
     0]
 [   0    0    0    0    0    0    0    0    0    0 1062    0    0    0
     0]
 [   0    0    0    0    0    0    4    0    0    0    0 1042   14    0
     0]
 [   0    0    0    0    0    0    0    0    0    0    0    8  395    0
     0]
 [   0    0    0    0    0    0    0    0    0    0    0    0    0  368
     0]
 [   0    0    0    0    0    0    0    0    0    0    0    0    0    0
   568]]---
Accuracy : 99.10%
---
class acc :
	Healthy grass: 97.30
	Stressed grass: 99.91
	Synthetic grass: 99.83
	Trees: 100.00
	Soil: 100.00
	Water: 100.00
	Residential: 98.90
	Commercial: 97.01
	Road: 98.61
	Highway: 100.00
	Railway: 100.00
	Parking Lot 1: 98.30
	Parking Lot 2: 98.01
	Tennis Court: 100.00
	Running Track: 100.00
---
AA: 99.19%
Kappa: 99.03
run 2 / 5
Best validation overall accuracy 0.990234375
Confusion matrix :
[[1076    0    0    0    0    0    0    0    0    0    0    0    0    0
     0]
 [  11 1067    0    0    0    0    0    0    0    0    0    0    0    0
     0]
 [   0    0  594    0    0    0    0    0    0    0    0    0    0    0
     5]
 [  67    0    0 1003    0    0    0    0    0    0    0    0    0    0
     0]
 [   0    0    0    0 1068    0    0    0    0    0    0    0    0    0
     0]
 [  14    0    0    0    0  261    0    0    5    0    0    0    0    0
     0]
 [   0    0    0    0    0    0 1091    0    0    0    0    0    0    0
     0]
 [   0    0    0    0    0    0    0 1059    0    0    0   11    0    0
     0]
 [   0    0    0    0    0    0    0    0 1069    8    0    0    0    0
     0]
 [   0    0    0    0    0    0    0    0    0 1055    0    0    0    0
     0]
 [   0    0    0    0    0    0    0    0    9    1 1052    0    0    0
     0]
 [   0    0    0    0    0    0   33    0   17    2    0  996   12    0
     0]
 [   0    0    0    0    0    0    0    0    0   15    2    0  386    0
     0]
 [   0    0    0    0    0    0    0    0    0    0    0    0    0  368
     0]
 [   0    0    0    0    0    0    0    0    0    0    0    0    0    0
   568]]---
Accuracy : 98.36%
---
class acc :
	Healthy grass: 100.00
	Stressed grass: 98.98
	Synthetic grass: 99.17
	Trees: 93.74
	Soil: 100.00
	Water: 93.21
	Residential: 100.00
	Commercial: 98.97
	Road: 99.26
	Highway: 100.00
	Railway: 99.06
	Parking Lot 1: 93.96
	Parking Lot 2: 95.78
	Tennis Court: 100.00
	Running Track: 100.00
---
AA: 98.14%
Kappa: 98.23
run 3 / 5
Best validation overall accuracy 0.98828125
Confusion matrix :
[[1063   13    0    0    0    0    0    0    0    0    0    0    0    0
     0]
 [   8 1070    0    0    0    0    0    0    0    0    0    0    0    0
     0]
 [   0    0  599    0    0    0    0    0    0    0    0    0    0    0
     0]
 [   1    4    0 1055    0    0    6    0    4    0    0    0    0    0
     0]
 [   0    0    0    0 1068    0    0    0    0    0    0    0    0    0
     0]
 [   0    0    0    0    0  254   26    0    0    0    0    0    0    0
     0]
 [   0    0    0    0    0    0 1091    0    0    0    0    0    0    0
     0]
 [   0    0    0    0    0   21    0  998    0    0    0   42    0    0
     9]
 [   0    0    0    0    0    0    0    0 1070    0    0    7    0    0
     0]
 [   0    0    0    0    0    0    0    0    0 1055    0    0    0    0
     0]
 [   0    0    0    0    0    0    0    0    0    0 1062    0    0    0
     0]
 [   0    0    0    0    0    0    9    0    2    0    0 1038   11    0
     0]
 [   0    0    0    0    0    0    0    0    0    0    0   13  390    0
     0]
 [   0    0    0    0    0    0    0    0    0    0    0    0    0  368
     0]
 [   0    0    4    0    0    0    0    0    0    0    0    0    0    0
   564]]---
Accuracy : 98.61%
---
class acc :
	Healthy grass: 98.79
	Stressed grass: 99.26
	Synthetic grass: 100.00
	Trees: 98.60
	Soil: 100.00
	Water: 90.71
	Residential: 100.00
	Commercial: 93.27
	Road: 99.35
	Highway: 100.00
	Railway: 100.00
	Parking Lot 1: 97.92
	Parking Lot 2: 96.77
	Tennis Court: 100.00
	Running Track: 99.30
---
AA: 98.27%
Kappa: 98.49
run 4 / 5
Best validation overall accuracy 0.98828125
Confusion matrix :
[[1054    0    0   21    0    0    1    0    0    0    0    0    0    0
     0]
 [  15 1063    0    0    0    0    0    0    0    0    0    0    0    0
     0]
 [   0    0  598    0    0    0    0    0    0    0    0    0    0    0
     1]
 [   1    0    0 1069    0    0    0    0    0    0    0    0    0    0
     0]
 [   0    0    0    0 1068    0    0    0    0    0    0    0    0    0
     0]
 [   0    0    0    0    0  275    0    0    5    0    0    0    0    0
     0]
 [   0    0    0    0    0    0 1086    0    1    0    0    0    4    0
     0]
 [   0    0    0    0    3    0    0 1050    7    0    0   10    0    0
     0]
 [   0    0    0    0    0    0    0    0 1077    0    0    0    0    0
     0]
 [   0    0    0    0    0    0    0    0    1 1054    0    0    0    0
     0]
 [   0    0    0    0    0    0    0    0    0    0 1062    0    0    0
     0]
 [   0    0    0    0    0    0   11    0    5    0    0 1042    2    0
     0]
 [   0    0    0    0    0    0    0    0    0   18    0    3  382    0
     0]
 [   0    0    0    0    0    0    0    0    0    0    0    0    0  368
     0]
 [   0    0    0    0    0    0    0    0    0    0    0    0    0    0
   568]]---
Accuracy : 99.16%
---
class acc :
	Healthy grass: 97.96
	Stressed grass: 98.61
	Synthetic grass: 99.83
	Trees: 99.91
	Soil: 100.00
	Water: 98.21
	Residential: 99.54
	Commercial: 98.13
	Road: 100.00
	Highway: 99.91
	Railway: 100.00
	Parking Lot 1: 98.30
	Parking Lot 2: 94.79
	Tennis Court: 100.00
	Running Track: 100.00
---
AA: 99.01%
Kappa: 99.09
run 5 / 5
Best validation overall accuracy 0.994140625
Confusion matrix :
[[1053    2    0   21    0    0    0    0    0    0    0    0    0    0
     0]
 [   3 1075    0    0    0    0    0    0    0    0    0    0    0    0
     0]
 [   0    0  597    0    0    0    0    0    0    0    0    0    0    0
     2]
 [   0    0    0 1069    0    0    0    0    1    0    0    0    0    0
     0]
 [   0    0    0    0 1068    0    0    0    0    0    0    0    0    0
     0]
 [   2    0    0    1    0  271    0    0    6    0    0    0    0    0
     0]
 [   0    0    0    1    0    0 1084    0    6    0    0    0    0    0
     0]
 [   0    0    0    0    0    0   19 1019    8    0    1    3    0   20
     0]
 [   0    0    0    0    0    0    0    1 1075    1    0    0    0    0
     0]
 [   0    0    0    0    0    0    0    0    0 1050    0    5    0    0
     0]
 [   0    0    0    0    0    0    0    0    0    0 1062    0    0    0
     0]
 [   0    0    0    0    0    0   15    8    3    0    0 1017   17    0
     0]
 [   0    0    0    0    0    0    0    0    0    0    0    0  403    0
     0]
 [   0    0    0    0    0    0    0    0    0    0    0    0    0  368
     0]
 [   0    0    0    0    0    0    0    0    0    0    0    0    0    0
   568]]---
Accuracy : 98.87%
---
class acc :
	Healthy grass: 97.86
	Stressed grass: 99.72
	Synthetic grass: 99.67
	Trees: 99.91
	Soil: 100.00
	Water: 96.79
	Residential: 99.36
	Commercial: 95.23
	Road: 99.81
	Highway: 99.53
	Railway: 100.00
	Parking Lot 1: 95.94
	Parking Lot 2: 100.00
	Tennis Court: 100.00
	Running Track: 100.00
---
AA: 98.92%
Kappa: 98.78
Agregated results :
Confusion matrix :
[[1.0586e+03 4.4000e+00 0.0000e+00 1.2600e+01 0.0000e+00 2.0000e-01
  2.0000e-01 0.0000e+00 0.0000e+00 0.0000e+00 0.0000e+00 0.0000e+00
  0.0000e+00 0.0000e+00 0.0000e+00]
 [7.6000e+00 1.0704e+03 0.0000e+00 0.0000e+00 0.0000e+00 0.0000e+00
  0.0000e+00 0.0000e+00 0.0000e+00 0.0000e+00 0.0000e+00 0.0000e+00
  0.0000e+00 0.0000e+00 0.0000e+00]
 [0.0000e+00 0.0000e+00 5.9720e+02 0.0000e+00 0.0000e+00 0.0000e+00
  0.0000e+00 0.0000e+00 0.0000e+00 0.0000e+00 0.0000e+00 0.0000e+00
  0.0000e+00 0.0000e+00 1.8000e+00]
 [1.3800e+01 8.0000e-01 0.0000e+00 1.0532e+03 0.0000e+00 0.0000e+00
  1.2000e+00 0.0000e+00 1.0000e+00 0.0000e+00 0.0000e+00 0.0000e+00
  0.0000e+00 0.0000e+00 0.0000e+00]
 [0.0000e+00 0.0000e+00 0.0000e+00 0.0000e+00 1.0680e+03 0.0000e+00
  0.0000e+00 0.0000e+00 0.0000e+00 0.0000e+00 0.0000e+00 0.0000e+00
  0.0000e+00 0.0000e+00 0.0000e+00]
 [3.2000e+00 0.0000e+00 0.0000e+00 2.0000e-01 0.0000e+00 2.6820e+02
  5.2000e+00 0.0000e+00 3.2000e+00 0.0000e+00 0.0000e+00 0.0000e+00
  0.0000e+00 0.0000e+00 0.0000e+00]
 [0.0000e+00 0.0000e+00 0.0000e+00 2.0000e-01 0.0000e+00 1.0000e+00
  1.0862e+03 0.0000e+00 2.8000e+00 0.0000e+00 0.0000e+00 0.0000e+00
  8.0000e-01 0.0000e+00 0.0000e+00]
 [0.0000e+00 0.0000e+00 0.0000e+00 0.0000e+00 6.0000e-01 4.2000e+00
  3.8000e+00 1.0328e+03 3.0000e+00 3.0000e+00 2.0000e-01 1.4800e+01
  0.0000e+00 4.0000e+00 3.6000e+00]
 [0.0000e+00 0.0000e+00 0.0000e+00 0.0000e+00 0.0000e+00 0.0000e+00
  1.0000e+00 2.0000e-01 1.0706e+03 2.0000e+00 0.0000e+00 3.2000e+00
  0.0000e+00 0.0000e+00 0.0000e+00]
 [0.0000e+00 0.0000e+00 0.0000e+00 0.0000e+00 0.0000e+00 0.0000e+00
  0.0000e+00 0.0000e+00 2.0000e-01 1.0538e+03 0.0000e+00 1.0000e+00
  0.0000e+00 0.0000e+00 0.0000e+00]
 [0.0000e+00 0.0000e+00 0.0000e+00 0.0000e+00 0.0000e+00 0.0000e+00
  0.0000e+00 0.0000e+00 1.8000e+00 2.0000e-01 1.0600e+03 0.0000e+00
  0.0000e+00 0.0000e+00 0.0000e+00]
 [0.0000e+00 0.0000e+00 0.0000e+00 0.0000e+00 0.0000e+00 0.0000e+00
  1.4400e+01 1.6000e+00 5.4000e+00 4.0000e-01 0.0000e+00 1.0270e+03
  1.1200e+01 0.0000e+00 0.0000e+00]
 [0.0000e+00 0.0000e+00 0.0000e+00 0.0000e+00 0.0000e+00 0.0000e+00
  0.0000e+00 0.0000e+00 0.0000e+00 6.6000e+00 4.0000e-01 4.8000e+00
  3.9120e+02 0.0000e+00 0.0000e+00]
 [0.0000e+00 0.0000e+00 0.0000e+00 0.0000e+00 0.0000e+00 0.0000e+00
  0.0000e+00 0.0000e+00 0.0000e+00 0.0000e+00 0.0000e+00 0.0000e+00
  0.0000e+00 3.6800e+02 0.0000e+00]
 [0.0000e+00 0.0000e+00 8.0000e-01 0.0000e+00 0.0000e+00 0.0000e+00
  0.0000e+00 0.0000e+00 0.0000e+00 0.0000e+00 0.0000e+00 0.0000e+00
  0.0000e+00 0.0000e+00 5.6720e+02]]---
Accuracy: 98.82 +- 0.30
---
class acc :
	Healthy grass: 98.38 +- 0.94
	Stressed grass: 99.29 +- 0.48
	Synthetic grass: 99.70 +- 0.29
	Trees: 98.43 +- 2.40
	Soil: 100.00 +- 0.00
	Water: 95.79 +- 3.38
	Residential: 99.56 +- 0.42
	Commercial: 96.52 +- 2.05
	Road: 99.41 +- 0.49
	Highway: 99.89 +- 0.18
	Railway: 99.81 +- 0.38
	Parking Lot 1: 96.89 +- 1.70
	Parking Lot 2: 97.07 +- 1.81
	Tennis Court: 100.00 +- 0.00
	Running Track: 99.86 +- 0.28
---
AA: 98.71 +- 0.42
Kappa: 98.72 +- 0.33
