run 1 / 5
Best validation overall accuracy 0.9912109375
Confusion matrix :
[[1076    0    0    0    0    0    0    0    0    0    0    0    0    0
     0]
 [   2 1076    0    0    0    0    0    0    0    0    0    0    0    0
     0]
 [   0    0  598    0    0    0    0    0    0    0    0    0    0    0
     1]
 [   3    0    0 1066    0    0    1    0    0    0    0    0    0    0
     0]
 [   0    0    0    0 1068    0    0    0    0    0    0    0    0    0
     0]
 [   0    0    0    0    0  280    0    0    0    0    0    0    0    0
     0]
 [   0    0    0    0    0    0 1082    0    9    0    0    0    0    0
     0]
 [   0    0    0    0    0    0    0 1038    0   15    0    8    0    0
     9]
 [   0    0    0    0    0    0    1    2 1049   14    0   11    0    0
     0]
 [   0    0    0    0    0    0    0    0    0 1055    0    0    0    0
     0]
 [   0    0    0    0    0    0    0    0    0    1 1061    0    0    0
     0]
 [   0    0    0    0    0    0   13    0    3    0    0 1035    9    0
     0]
 [   0    0    0    0    0    0    0    0    0    0    0    8  395    0
     0]
 [   0    0    0    0    0    0    0    0    0    0    0    0    0  368
     0]
 [   0    0    0    0    0    0    0    0    0    0    0    0    0    0
   568]]---
Accuracy : 99.15%
---
class acc :
	Healthy grass: 100.00
	Stressed grass: 99.81
	Synthetic grass: 99.83
	Trees: 99.63
	Soil: 100.00
	Water: 100.00
	Residential: 99.18
	Commercial: 97.01
	Road: 97.40
	Highway: 100.00
	Railway: 99.91
	Parking Lot 1: 97.64
	Parking Lot 2: 98.01
	Tennis Court: 100.00
	Running Track: 100.00
---
AA: 99.23%
Kappa: 99.08
run 2 / 5
Best validation overall accuracy 0.9892578125
Confusion matrix :
[[1076    0    0    0    0    0    0    0    0    0    0    0    0    0
     0]
 [  16 1062    0    0    0    0    0    0    0    0    0    0    0    0
     0]
 [   0    0  597    0    0    0    0    0    0    0    0    0    0    0
     2]
 [  78    0    0  989    0    0    3    0    0    0    0    0    0    0
     0]
 [   0    0    0    0 1068    0    0    0    0    0    0    0    0    0
     0]
 [   4    0    0    0    0  271    5    0    0    0    0    0    0    0
     0]
 [   0    0    0    0    0    0 1091    0    0    0    0    0    0    0
     0]
 [   0    0    0    0    5    0    0 1049    0    0    1   15    0    0
     0]
 [   0    0    0    0    0    0    3    0 1073    1    0    0    0    0
     0]
 [   0    0    0    0    0    0    0    0    0 1055    0    0    0    0
     0]
 [   0    0    0    0    3    0    0    0   26    0 1033    0    0    0
     0]
 [   0    0    0    0    0    0    6    0   16    7    0 1018   13    0
     0]
 [   0    0    0    0    0    0    0    0    0    0    0    0  403    0
     0]
 [   0    0    0    0    0    0    0    0    0    0    0    0    0  368
     0]
 [   0    0    0    0    0    0    0    0    0    0    0    0    0    0
   568]]---
Accuracy : 98.42%
---
class acc :
	Healthy grass: 100.00
	Stressed grass: 98.52
	Synthetic grass: 99.67
	Trees: 92.43
	Soil: 100.00
	Water: 96.79
	Residential: 100.00
	Commercial: 98.04
	Road: 99.63
	Highway: 100.00
	Railway: 97.27
	Parking Lot 1: 96.04
	Parking Lot 2: 100.00
	Tennis Court: 100.00
	Running Track: 100.00
---
AA: 98.56%
Kappa: 98.29
run 3 / 5
Best validation overall accuracy 0.990234375
Confusion matrix :
[[1051   14    0   11    0    0    0    0    0    0    0    0    0    0
     0]
 [   6 1072    0    0    0    0    0    0    0    0    0    0    0    0
     0]
 [   0    0  599    0    0    0    0    0    0    0    0    0    0    0
     0]
 [   0    4    0 1065    0    0    1    0    0    0    0    0    0    0
     0]
 [   0    0    0    0 1063    0    0    5    0    0    0    0    0    0
     0]
 [   0    0    0    0    0  280    0    0    0    0    0    0    0    0
     0]
 [   0    0    0    0    0    0 1091    0    0    0    0    0    0    0
     0]
 [   0    0    0    0    0    3    0 1015    0    0    0   43    0    0
     9]
 [   0    0    0    0    0    0    0    0 1063   14    0    0    0    0
     0]
 [   0    0    0    0    0    0    0    0    0 1055    0    0    0    0
     0]
 [   0    0    0    0    0    0    0    0    4    0 1058    0    0    0
     0]
 [   0    0    0    0    0    0   11    0    0    0    0 1042    7    0
     0]
 [   0    0    0    0    0    0    0    0    0    0    0    0  403    0
     0]
 [   0    0    0    0    0    0    0    0    0    0    0    0    0  368
     0]
 [   0    0    0    0    0    0    0    0    0    0    0    0    0    0
   568]]---
Accuracy : 98.98%
---
class acc :
	Healthy grass: 97.68
	Stressed grass: 99.44
	Synthetic grass: 100.00
	Trees: 99.53
	Soil: 99.53
	Water: 100.00
	Residential: 100.00
	Commercial: 94.86
	Road: 98.70
	Highway: 100.00
	Railway: 99.62
	Parking Lot 1: 98.30
	Parking Lot 2: 100.00
	Tennis Court: 100.00
	Running Track: 100.00
---
AA: 99.18%
Kappa: 98.90
run 4 / 5
Best validation overall accuracy 0.9912109375
Confusion matrix :
[[1054    0    0   22    0    0    0    0    0    0    0    0    0    0
     0]
 [  13 1065    0    0    0    0    0    0    0    0    0    0    0    0
     0]
 [   0    0  598    0    0    0    0    0    0    0    0    0    0    0
     1]
 [   0    0    0 1070    0    0    0    0    0    0    0    0    0    0
     0]
 [   0    0    0    0 1068    0    0    0    0    0    0    0    0    0
     0]
 [   0    0    0    0    0  278    0    0    2    0    0    0    0    0
     0]
 [   0    0    0    0    0    0 1091    0    0    0    0    0    0    0
     0]
 [   0    0    0    0    7    0    0 1051    0    0    0   10    2    0
     0]
 [   0    0    0    0    0    0    0    0 1073    2    0    2    0    0
     0]
 [   0    0    0    0    0    0    0    0    0 1055    0    0    0    0
     0]
 [   0    0    0    0    0    0    0    0    2    0 1060    0    0    0
     0]
 [   0    0    0    0    0    0   11    0    1    0    0 1045    3    0
     0]
 [   0    0    0    0    0    0    0    0    0   18    0    0  385    0
     0]
 [   0    0    0    0    0    0    0    0    0    0    0    0    0  368
     0]
 [   0    0    0    0    0    0    0    0    0    0    0    0    0    0
   568]]---
Accuracy : 99.26%
---
class acc :
	Healthy grass: 97.96
	Stressed grass: 98.79
	Synthetic grass: 99.83
	Trees: 100.00
	Soil: 100.00
	Water: 99.29
	Residential: 100.00
	Commercial: 98.22
	Road: 99.63
	Highway: 100.00
	Railway: 99.81
	Parking Lot 1: 98.58
	Parking Lot 2: 95.53
	Tennis Court: 100.00
	Running Track: 100.00
---
AA: 99.18%
Kappa: 99.20
run 5 / 5
Best validation overall accuracy 0.9921875
Confusion matrix :
[[1071    0    0    5    0    0    0    0    0    0    0    0    0    0
     0]
 [   4 1074    0    0    0    0    0    0    0    0    0    0    0    0
     0]
 [   0    0  599    0    0    0    0    0    0    0    0    0    0    0
     0]
 [   1    0    0 1069    0    0    0    0    0    0    0    0    0    0
     0]
 [   0    0    0    0 1068    0    0    0    0    0    0    0    0    0
     0]
 [   5    0    0    0    0  253   21    1    0    0    0    0    0    0
     0]
 [   0    0    0    6    0    0 1064    0   11    0    3    6    1    0
     0]
 [   0    0    0    0    1    0   19 1019    0    0    3    7    1    1
    19]
 [   0    0    0    0    0    0    0    0 1074    2    1    0    0    0
     0]
 [   0    0    0    0    0    0    0    0    0 1055    0    0    0    0
     0]
 [   0    0    0    0    0    0    0    0    0    0 1062    0    0    0
     0]
 [   0    0    0    0    0    0    0    0    0    0    0 1047   13    0
     0]
 [   0    0    0    0    0    0    0    0    0    0    0    0  403    0
     0]
 [   0    0    0    0    0    0    0    0    0    0    0    0    0  368
     0]
 [   0    0    0    0    0    0    0    0    0    0    0    0    0    0
   568]]---
Accuracy : 98.99%
---
class acc :
	Healthy grass: 99.54
	Stressed grass: 99.63
	Synthetic grass: 100.00
	Trees: 99.91
	Soil: 100.00
	Water: 90.36
	Residential: 97.53
	Commercial: 95.23
	Road: 99.72
	Highway: 100.00
	Railway: 100.00
	Parking Lot 1: 98.77
	Parking Lot 2: 100.00
	Tennis Court: 100.00
	Running Track: 100.00
---
AA: 98.71%
Kappa: 98.90
Agregated results :
Confusion matrix :
[[1.0656e+03 2.8000e+00 0.0000e+00 7.6000e+00 0.0000e+00 0.0000e+00
  0.0000e+00 0.0000e+00 0.0000e+00 0.0000e+00 0.0000e+00 0.0000e+00
  0.0000e+00 0.0000e+00 0.0000e+00]
 [8.2000e+00 1.0698e+03 0.0000e+00 0.0000e+00 0.0000e+00 0.0000e+00
  0.0000e+00 0.0000e+00 0.0000e+00 0.0000e+00 0.0000e+00 0.0000e+00
  0.0000e+00 0.0000e+00 0.0000e+00]
 [0.0000e+00 0.0000e+00 5.9820e+02 0.0000e+00 0.0000e+00 0.0000e+00
  0.0000e+00 0.0000e+00 0.0000e+00 0.0000e+00 0.0000e+00 0.0000e+00
  0.0000e+00 0.0000e+00 8.0000e-01]
 [1.6400e+01 8.0000e-01 0.0000e+00 1.0518e+03 0.0000e+00 0.0000e+00
  1.0000e+00 0.0000e+00 0.0000e+00 0.0000e+00 0.0000e+00 0.0000e+00
  0.0000e+00 0.0000e+00 0.0000e+00]
 [0.0000e+00 0.0000e+00 0.0000e+00 0.0000e+00 1.0670e+03 0.0000e+00
  0.0000e+00 1.0000e+00 0.0000e+00 0.0000e+00 0.0000e+00 0.0000e+00
  0.0000e+00 0.0000e+00 0.0000e+00]
 [1.8000e+00 0.0000e+00 0.0000e+00 0.0000e+00 0.0000e+00 2.7240e+02
  5.2000e+00 2.0000e-01 4.0000e-01 0.0000e+00 0.0000e+00 0.0000e+00
  0.0000e+00 0.0000e+00 0.0000e+00]
 [0.0000e+00 0.0000e+00 0.0000e+00 1.2000e+00 0.0000e+00 0.0000e+00
  1.0838e+03 0.0000e+00 4.0000e+00 0.0000e+00 6.0000e-01 1.2000e+00
  2.0000e-01 0.0000e+00 0.0000e+00]
 [0.0000e+00 0.0000e+00 0.0000e+00 0.0000e+00 2.6000e+00 6.0000e-01
  3.8000e+00 1.0344e+03 0.0000e+00 3.0000e+00 8.0000e-01 1.6600e+01
  6.0000e-01 2.0000e-01 7.4000e+00]
 [0.0000e+00 0.0000e+00 0.0000e+00 0.0000e+00 0.0000e+00 0.0000e+00
  8.0000e-01 4.0000e-01 1.0664e+03 6.6000e+00 2.0000e-01 2.6000e+00
  0.0000e+00 0.0000e+00 0.0000e+00]
 [0.0000e+00 0.0000e+00 0.0000e+00 0.0000e+00 0.0000e+00 0.0000e+00
  0.0000e+00 0.0000e+00 0.0000e+00 1.0550e+03 0.0000e+00 0.0000e+00
  0.0000e+00 0.0000e+00 0.0000e+00]
 [0.0000e+00 0.0000e+00 0.0000e+00 0.0000e+00 6.0000e-01 0.0000e+00
  0.0000e+00 0.0000e+00 6.4000e+00 2.0000e-01 1.0548e+03 0.0000e+00
  0.0000e+00 0.0000e+00 0.0000e+00]
 [0.0000e+00 0.0000e+00 0.0000e+00 0.0000e+00 0.0000e+00 0.0000e+00
  8.2000e+00 0.0000e+00 4.0000e+00 1.4000e+00 0.0000e+00 1.0374e+03
  9.0000e+00 0.0000e+00 0.0000e+00]
 [0.0000e+00 0.0000e+00 0.0000e+00 0.0000e+00 0.0000e+00 0.0000e+00
  0.0000e+00 0.0000e+00 0.0000e+00 3.6000e+00 0.0000e+00 1.6000e+00
  3.9780e+02 0.0000e+00 0.0000e+00]
 [0.0000e+00 0.0000e+00 0.0000e+00 0.0000e+00 0.0000e+00 0.0000e+00
  0.0000e+00 0.0000e+00 0.0000e+00 0.0000e+00 0.0000e+00 0.0000e+00
  0.0000e+00 3.6800e+02 0.0000e+00]
 [0.0000e+00 0.0000e+00 0.0000e+00 0.0000e+00 0.0000e+00 0.0000e+00
  0.0000e+00 0.0000e+00 0.0000e+00 0.0000e+00 0.0000e+00 0.0000e+00
  0.0000e+00 0.0000e+00 5.6800e+02]]---
Accuracy: 98.96 +- 0.29
---
class acc :
	Healthy grass: 99.03 +- 1.01
	Stressed grass: 99.24 +- 0.50
	Synthetic grass: 99.87 +- 0.12
	Trees: 98.30 +- 2.94
	Soil: 99.91 +- 0.19
	Water: 97.29 +- 3.66
	Residential: 99.34 +- 0.96
	Commercial: 96.67 +- 1.40
	Road: 99.02 +- 0.89
	Highway: 100.00 +- 0.00
	Railway: 99.32 +- 1.03
	Parking Lot 1: 97.87 +- 0.99
	Parking Lot 2: 98.71 +- 1.76
	Tennis Court: 100.00 +- 0.00
	Running Track: 100.00 +- 0.00
---
AA: 98.97 +- 0.28
Kappa: 98.87 +- 0.31
