run 1 / 5
Best validation overall accuracy 0.98828125
Confusion matrix :
[[1041    4    0   26    0    5    0    0    0    0    0    0    0    0
     0]
 [   9 1069    0    0    0    0    0    0    0    0    0    0    0    0
     0]
 [   0    0  598    0    0    0    0    0    0    0    0    0    0    0
     1]
 [   0    0    0 1070    0    0    0    0    0    0    0    0    0    0
     0]
 [   0    0    0    0 1068    0    0    0    0    0    0    0    0    0
     0]
 [   0    0    0    0    0  280    0    0    0    0    0    0    0    0
     0]
 [   0    0    0    0    0    3 1078    0    6    0    0    4    0    0
     0]
 [   0    0    0    0    8    0    0 1038    0   15    0    0    0    0
     9]
 [   0    0    0    0    0    0   18    0 1007   12    0   40    0    0
     0]
 [   0    0    0    0    0    0    0    0    0 1055    0    0    0    0
     0]
 [   0    0    0    0    0    0    0    0    0    0 1062    0    0    0
     0]
 [   0    0    0    0    0    0    0    0    1    0    0 1047   12    0
     0]
 [   0    0    0    0    0    0    0    0    0    0    0    7  396    0
     0]
 [   0    0    0    0    0    0    0    0    0    0    0    0    0  368
     0]
 [   0    0    0    0    0    0    0    0    0    0    0    0    0    0
   568]]---
Accuracy : 98.61%
---
class acc :
	Healthy grass: 96.75
	Stressed grass: 99.17
	Synthetic grass: 99.83
	Trees: 100.00
	Soil: 100.00
	Water: 100.00
	Residential: 98.81
	Commercial: 97.01
	Road: 93.50
	Highway: 100.00
	Railway: 100.00
	Parking Lot 1: 98.77
	Parking Lot 2: 98.26
	Tennis Court: 100.00
	Running Track: 100.00
---
AA: 98.81%
Kappa: 98.49
run 2 / 5
Best validation overall accuracy 0.98828125
Confusion matrix :
[[1074    2    0    0    0    0    0    0    0    0    0    0    0    0
     0]
 [   4 1074    0    0    0    0    0    0    0    0    0    0    0    0
     0]
 [   0    0  596    0    0    0    0    0    0    0    0    0    0    0
     3]
 [  67    0    0 1003    0    0    0    0    0    0    0    0    0    0
     0]
 [   0    0    0    0 1068    0    0    0    0    0    0    0    0    0
     0]
 [  10    0    0    0    0  265    2    0    3    0    0    0    0    0
     0]
 [   0    0    0    0    0    0 1090    0    0    0    0    1    0    0
     0]
 [   0    0    0    0    1    0   24 1029    1    0    3   12    0    0
     0]
 [   0    0    0    0    0    0    1    0 1069    6    0    1    0    0
     0]
 [   0    0    0    0    0    0    0    0    0 1055    0    0    0    0
     0]
 [   0    0    0    0    0    0    0    0    0    0 1062    0    0    0
     0]
 [   0    0    0    0    0    0    5    0    9    0    0 1034   12    0
     0]
 [   0    0    0    0    0    0    0    0    0    4    0    0  399    0
     0]
 [   0    0    0    0    0    0    0    0    0    0    0    0    0  368
     0]
 [   0    0    0    0    0    0    0    0    0    0    0    0    0    0
   568]]---
Accuracy : 98.68%
---
class acc :
	Healthy grass: 99.81
	Stressed grass: 99.63
	Synthetic grass: 99.50
	Trees: 93.74
	Soil: 100.00
	Water: 94.64
	Residential: 99.91
	Commercial: 96.17
	Road: 99.26
	Highway: 100.00
	Railway: 100.00
	Parking Lot 1: 97.55
	Parking Lot 2: 99.01
	Tennis Court: 100.00
	Running Track: 100.00
---
AA: 98.61%
Kappa: 98.57
run 3 / 5
Best validation overall accuracy 0.9931640625
Confusion matrix :
[[1072    0    0    4    0    0    0    0    0    0    0    0    0    0
     0]
 [  14 1064    0    0    0    0    0    0    0    0    0    0    0    0
     0]
 [   0    0  599    0    0    0    0    0    0    0    0    0    0    0
     0]
 [   0    0    0 1069    0    0    0    0    1    0    0    0    0    0
     0]
 [   0    0    0    0 1068    0    0    0    0    0    0    0    0    0
     0]
 [   0    0    0    0    0  278    2    0    0    0    0    0    0    0
     0]
 [   0    0    0    0    0    0 1088    3    0    0    0    0    0    0
     0]
 [   0    0    0    0    0    1    0 1028    0    0    0   32    0    0
     9]
 [   0    0    0    0    0    0    0    2 1070    2    0    3    0    0
     0]
 [   0    0    0    0    0    0    0    0    0 1046    8    0    1    0
     0]
 [   0    0    0    0    0    0    0    0    0    0 1062    0    0    0
     0]
 [   0    0    0    0    0    0   15    0    0    0    0 1033   12    0
     0]
 [   0    0    0    0    0    0    0    0    0    0    1    0  402    0
     0]
 [   0    0    0    0    0    0    0    0    0    0    0    0    0  368
     0]
 [   0    0    0    0    0    0    0    0    0    0    0    0    0    0
   568]]---
Accuracy : 99.15%
---
class acc :
	Healthy grass: 99.63
	Stressed grass: 98.70
	Synthetic grass: 100.00
	Trees: 99.91
	Soil: 100.00
	Water: 99.29
	Residential: 99.73
	Commercial: 96.07
	Road: 99.35
	Highway: 99.15
	Railway: 100.00
	Parking Lot 1: 97.45
	Parking Lot 2: 99.75
	Tennis Court: 100.00
	Running Track: 100.00
---
AA: 99.27%
Kappa: 99.08
run 4 / 5
Best validation overall accuracy 0.9912109375
Confusion matrix :
[[1053    0    0   23    0    0    0    0    0    0    0    0    0    0
     0]
 [  15 1063    0    0    0    0    0    0    0    0    0    0    0    0
     0]
 [   0    0  599    0    0    0    0    0    0    0    0    0    0    0
     0]
 [   0    0    0 1070    0    0    0    0    0    0    0    0    0    0
     0]
 [   0    0    0    0 1068    0    0    0    0    0    0    0    0    0
     0]
 [   0    0    0    0    0  275    0    0    5    0    0    0    0    0
     0]
 [   0    0    0    0    0    0 1091    0    0    0    0    0    0    0
     0]
 [   0    0    0    0    9    0    0 1051    0    0    0   10    0    0
     0]
 [   0    0    0    0    0    0    0    0 1068    3    0    6    0    0
     0]
 [   0    0    0    0    0    0    0    0    0 1055    0    0    0    0
     0]
 [   0    0    0    0    0    0    0    0    0    0 1060    2    0    0
     0]
 [   0    0    0    0    0    0    3    0    6    0    0 1051    0    0
     0]
 [   0    0    0    0    0    0    0    0    0   18    0    6  379    0
     0]
 [   0    0    0    0    0    0    0    0    0    0    0    0    0  368
     0]
 [   0    0    0    0    0    0    0    0    0    0    0    0    0    0
   568]]---
Accuracy : 99.18%
---
class acc :
	Healthy grass: 97.86
	Stressed grass: 98.61
	Synthetic grass: 100.00
	Trees: 100.00
	Soil: 100.00
	Water: 98.21
	Residential: 100.00
	Commercial: 98.22
	Road: 99.16
	Highway: 100.00
	Railway: 99.81
	Parking Lot 1: 99.15
	Parking Lot 2: 94.04
	Tennis Court: 100.00
	Running Track: 100.00
---
AA: 99.01%
Kappa: 99.11
run 5 / 5
Best validation overall accuracy 0.9951171875
Confusion matrix :
[[1076    0    0    0    0    0    0    0    0    0    0    0    0    0
     0]
 [  10 1068    0    0    0    0    0    0    0    0    0    0    0    0
     0]
 [   0    0  597    0    0    0    0    0    0    0    0    0    0    0
     2]
 [   0    1    0 1069    0    0    0    0    0    0    0    0    0    0
     0]
 [   0    0    0    0 1068    0    0    0    0    0    0    0    0    0
     0]
 [  10    0    0    0    0  265    0    0    5    0    0    0    0    0
     0]
 [   0    0    0    2    0    0 1083    0    6    0    0    0    0    0
     0]
 [   0    0    0    0    1    0    9 1011    8    0    0    0   21   20
     0]
 [   0    0    0    0    0    0    0    0 1077    0    0    0    0    0
     0]
 [   0    0    0    0    0    0    0    0    0 1055    0    0    0    0
     0]
 [   0    0    0    0    0    0    0    0    0    0 1062    0    0    0
     0]
 [   0    0    0    0    0    0    0    0    2    0    0 1047   11    0
     0]
 [   0    0    0    0    0    0    0    0    0    0    0    1  402    0
     0]
 [   0    0    0    0    0    0    0    0    0    0    0    0    0  368
     0]
 [   0    0    0    0    0    0    0    0    0    0    0    0    0    0
   568]]---
Accuracy : 99.16%
---
class acc :
	Healthy grass: 100.00
	Stressed grass: 99.07
	Synthetic grass: 99.67
	Trees: 99.91
	Soil: 100.00
	Water: 94.64
	Residential: 99.27
	Commercial: 94.49
	Road: 100.00
	Highway: 100.00
	Railway: 100.00
	Parking Lot 1: 98.77
	Parking Lot 2: 99.75
	Tennis Court: 100.00
	Running Track: 100.00
---
AA: 99.04%
Kappa: 99.09
Agregated results :
Confusion matrix :
[[1.0632e+03 1.2000e+00 0.0000e+00 1.0600e+01 0.0000e+00 1.0000e+00
  0.0000e+00 0.0000e+00 0.0000e+00 0.0000e+00 0.0000e+00 0.0000e+00
  0.0000e+00 0.0000e+00 0.0000e+00]
 [1.0400e+01 1.0676e+03 0.0000e+00 0.0000e+00 0.0000e+00 0.0000e+00
  0.0000e+00 0.0000e+00 0.0000e+00 0.0000e+00 0.0000e+00 0.0000e+00
  0.0000e+00 0.0000e+00 0.0000e+00]
 [0.0000e+00 0.0000e+00 5.9780e+02 0.0000e+00 0.0000e+00 0.0000e+00
  0.0000e+00 0.0000e+00 0.0000e+00 0.0000e+00 0.0000e+00 0.0000e+00
  0.0000e+00 0.0000e+00 1.2000e+00]
 [1.3400e+01 2.0000e-01 0.0000e+00 1.0562e+03 0.0000e+00 0.0000e+00
  0.0000e+00 0.0000e+00 2.0000e-01 0.0000e+00 0.0000e+00 0.0000e+00
  0.0000e+00 0.0000e+00 0.0000e+00]
 [0.0000e+00 0.0000e+00 0.0000e+00 0.0000e+00 1.0680e+03 0.0000e+00
  0.0000e+00 0.0000e+00 0.0000e+00 0.0000e+00 0.0000e+00 0.0000e+00
  0.0000e+00 0.0000e+00 0.0000e+00]
 [4.0000e+00 0.0000e+00 0.0000e+00 0.0000e+00 0.0000e+00 2.7260e+02
  8.0000e-01 0.0000e+00 2.6000e+00 0.0000e+00 0.0000e+00 0.0000e+00
  0.0000e+00 0.0000e+00 0.0000e+00]
 [0.0000e+00 0.0000e+00 0.0000e+00 4.0000e-01 0.0000e+00 6.0000e-01
  1.0860e+03 6.0000e-01 2.4000e+00 0.0000e+00 0.0000e+00 1.0000e+00
  0.0000e+00 0.0000e+00 0.0000e+00]
 [0.0000e+00 0.0000e+00 0.0000e+00 0.0000e+00 3.8000e+00 2.0000e-01
  6.6000e+00 1.0314e+03 1.8000e+00 3.0000e+00 6.0000e-01 1.0800e+01
  4.2000e+00 4.0000e+00 3.6000e+00]
 [0.0000e+00 0.0000e+00 0.0000e+00 0.0000e+00 0.0000e+00 0.0000e+00
  3.8000e+00 4.0000e-01 1.0582e+03 4.6000e+00 0.0000e+00 1.0000e+01
  0.0000e+00 0.0000e+00 0.0000e+00]
 [0.0000e+00 0.0000e+00 0.0000e+00 0.0000e+00 0.0000e+00 0.0000e+00
  0.0000e+00 0.0000e+00 0.0000e+00 1.0532e+03 1.6000e+00 0.0000e+00
  2.0000e-01 0.0000e+00 0.0000e+00]
 [0.0000e+00 0.0000e+00 0.0000e+00 0.0000e+00 0.0000e+00 0.0000e+00
  0.0000e+00 0.0000e+00 0.0000e+00 0.0000e+00 1.0616e+03 4.0000e-01
  0.0000e+00 0.0000e+00 0.0000e+00]
 [0.0000e+00 0.0000e+00 0.0000e+00 0.0000e+00 0.0000e+00 0.0000e+00
  4.6000e+00 0.0000e+00 3.6000e+00 0.0000e+00 0.0000e+00 1.0424e+03
  9.4000e+00 0.0000e+00 0.0000e+00]
 [0.0000e+00 0.0000e+00 0.0000e+00 0.0000e+00 0.0000e+00 0.0000e+00
  0.0000e+00 0.0000e+00 0.0000e+00 4.4000e+00 2.0000e-01 2.8000e+00
  3.9560e+02 0.0000e+00 0.0000e+00]
 [0.0000e+00 0.0000e+00 0.0000e+00 0.0000e+00 0.0000e+00 0.0000e+00
  0.0000e+00 0.0000e+00 0.0000e+00 0.0000e+00 0.0000e+00 0.0000e+00
  0.0000e+00 3.6800e+02 0.0000e+00]
 [0.0000e+00 0.0000e+00 0.0000e+00 0.0000e+00 0.0000e+00 0.0000e+00
  0.0000e+00 0.0000e+00 0.0000e+00 0.0000e+00 0.0000e+00 0.0000e+00
  0.0000e+00 0.0000e+00 5.6800e+02]]---
Accuracy: 98.95 +- 0.26
---
class acc :
	Healthy grass: 98.81 +- 1.28
	Stressed grass: 99.04 +- 0.36
	Synthetic grass: 99.80 +- 0.19
	Trees: 98.71 +- 2.49
	Soil: 100.00 +- 0.00
	Water: 97.36 +- 2.29
	Residential: 99.54 +- 0.45
	Commercial: 96.39 +- 1.23
	Road: 98.25 +- 2.40
	Highway: 99.83 +- 0.34
	Railway: 99.96 +- 0.08
	Parking Lot 1: 98.34 +- 0.70
	Parking Lot 2: 98.16 +- 2.13
	Tennis Court: 100.00 +- 0.00
	Running Track: 100.00 +- 0.00
---
AA: 98.95 +- 0.22
Kappa: 98.87 +- 0.28
