run 1 / 5
Best validation overall accuracy 0.990234375
Confusion matrix :
[[1072    4    0    0    0    0    0    0    0    0    0    0    0    0
     0]
 [   0 1078    0    0    0    0    0    0    0    0    0    0    0    0
     0]
 [   0    0  598    0    0    0    0    0    0    0    0    0    0    0
     1]
 [   2    0    0 1067    0    0    1    0    0    0    0    0    0    0
     0]
 [   0    0    0    0 1068    0    0    0    0    0    0    0    0    0
     0]
 [   0    0    0    0    0  280    0    0    0    0    0    0    0    0
     0]
 [   0    0    0    1    0    0 1075    0   13    0    0    0    0    2
     0]
 [   0    0    0    0    0    0    0 1038    0   15    0    8    0    0
     9]
 [   0    0    0    0    0    0    6    2 1050    6    0   13    0    0
     0]
 [   0    0    0    0    0    0    0    0    0 1055    0    0    0    0
     0]
 [   0    0    0    0    0    0    0    0    0    0 1062    0    0    0
     0]
 [   0    0    0    0    0    0   10    0    2    0    0 1034   14    0
     0]
 [   0    0    0    0    0    0    0    0    0    0    0    1  402    0
     0]
 [   0    0    0    0    0    0    0    0    0    0    0    0    0  368
     0]
 [   0    0    0    0    0    0    0    0    0    0    0    0    0    0
   568]]---
Accuracy : 99.15%
---
class acc :
	Healthy grass: 99.63
	Stressed grass: 100.00
	Synthetic grass: 99.83
	Trees: 99.72
	Soil: 100.00
	Water: 100.00
	Residential: 98.53
	Commercial: 97.01
	Road: 97.49
	Highway: 100.00
	Railway: 100.00
	Parking Lot 1: 97.55
	Parking Lot 2: 99.75
	Tennis Court: 100.00
	Running Track: 100.00
---
AA: 99.30%
Kappa: 99.08
run 2 / 5
Best validation overall accuracy 0.98828125
Confusion matrix :
[[1076    0    0    0    0    0    0    0    0    0    0    0    0    0
     0]
 [   8 1070    0    0    0    0    0    0    0    0    0    0    0    0
     0]
 [   0    0  596    0    0    0    0    0    0    0    0    0    0    0
     3]
 [  80    0    0  988    0    0    2    0    0    0    0    0    0    0
     0]
 [   0    0    0    0 1068    0    0    0    0    0    0    0    0    0
     0]
 [  12    0    0    0    0  268    0    0    0    0    0    0    0    0
     0]
 [   0    0    0    0    0    0 1091    0    0    0    0    0    0    0
     0]
 [   0    0    0    0    0    0   36 1023    0    0    1   10    0    0
     0]
 [   0    0    0    0    0    0    0    0 1077    0    0    0    0    0
     0]
 [   0    0    0    0    0    0    0    0    0 1055    0    0    0    0
     0]
 [   0    0    0    0    0    0    0    0   21    7 1034    0    0    0
     0]
 [   0    0    0    0    0    0    3    0   17    0    0 1027   13    0
     0]
 [   0    0    0    0    0    0    0    0    0    4    0    1  398    0
     0]
 [   0    0    0    0    0    0    0    0    0    0    0    0    0  368
     0]
 [   0    0    0    0    0    0    0    0    0    0    0    0    0    0
   568]]---
Accuracy : 98.31%
---
class acc :
	Healthy grass: 100.00
	Stressed grass: 99.26
	Synthetic grass: 99.50
	Trees: 92.34
	Soil: 100.00
	Water: 95.71
	Residential: 100.00
	Commercial: 95.61
	Road: 100.00
	Highway: 100.00
	Railway: 97.36
	Parking Lot 1: 96.89
	Parking Lot 2: 98.76
	Tennis Court: 100.00
	Running Track: 100.00
---
AA: 98.36%
Kappa: 98.18
run 3 / 5
Best validation overall accuracy 0.9921875
Confusion matrix :
[[1059    3    0   14    0    0    0    0    0    0    0    0    0    0
     0]
 [  10 1068    0    0    0    0    0    0    0    0    0    0    0    0
     0]
 [   0    0  599    0    0    0    0    0    0    0    0    0    0    0
     0]
 [   0    0    0 1067    0    0    2    0    1    0    0    0    0    0
     0]
 [   0    0    0    0 1068    0    0    0    0    0    0    0    0    0
     0]
 [   0    0    0    0    0  279    0    0    0    0    0    0    1    0
     0]
 [   0    0    0    0    0    0 1090    1    0    0    0    0    0    0
     0]
 [   0    0    0    0    0    1    0 1025    0    0    0   35    0    0
     9]
 [   0    0    0    0    0    0    0    0 1070    0    0    7    0    0
     0]
 [   0    0    0    0    0    0    0    0    0 1053    0    0    2    0
     0]
 [   0    0    0    0    0    0    0    0    7    0 1055    0    0    0
     0]
 [   0    0    0    0    0    0   11    0    0    0    0 1037   12    0
     0]
 [   0    0    0    0    0    0    0    0    0    0    0    0  403    0
     0]
 [   0    0    0    0    0    0    0    0    0    0    0    0    0  368
     0]
 [   0    0    4    0    0    0    0    0    0    0    0    0    0    0
   564]]---
Accuracy : 99.07%
---
class acc :
	Healthy grass: 98.42
	Stressed grass: 99.07
	Synthetic grass: 100.00
	Trees: 99.72
	Soil: 100.00
	Water: 99.64
	Residential: 99.91
	Commercial: 95.79
	Road: 99.35
	Highway: 99.81
	Railway: 99.34
	Parking Lot 1: 97.83
	Parking Lot 2: 100.00
	Tennis Court: 100.00
	Running Track: 99.30
---
AA: 99.21%
Kappa: 99.00
run 4 / 5
Best validation overall accuracy 0.9921875
Confusion matrix :
[[1054    0    0   22    0    0    0    0    0    0    0    0    0    0
     0]
 [  17 1061    0    0    0    0    0    0    0    0    0    0    0    0
     0]
 [   0    0  599    0    0    0    0    0    0    0    0    0    0    0
     0]
 [   0    0    0 1070    0    0    0    0    0    0    0    0    0    0
     0]
 [   0    0    0    0 1068    0    0    0    0    0    0    0    0    0
     0]
 [   0    0    0    0    0  278    0    0    0    0    0    0    2    0
     0]
 [   0    0    0    0    0    0 1091    0    0    0    0    0    0    0
     0]
 [   0    0    0    0    1    0    0 1053    0    1    0   15    0    0
     0]
 [   0    0    0    0    0    0    0    0 1077    0    0    0    0    0
     0]
 [   0    0    0    0    0    0    0    0    0 1053    2    0    0    0
     0]
 [   0    0    0    0    0    0    0    0    0    0 1062    0    0    0
     0]
 [   0    0    0    0    0    0   23    0   49    0    0  988    0    0
     0]
 [   0    0    0    0    0    0    0    0    0    0   18    0  385    0
     0]
 [   0    0    0    0    0    0    0    0    0    0    0    0    0  368
     0]
 [   0    0    0    0    0    0    0    0    0    0    0    0    0    0
   568]]---
Accuracy : 98.84%
---
class acc :
	Healthy grass: 97.96
	Stressed grass: 98.42
	Synthetic grass: 100.00
	Trees: 100.00
	Soil: 100.00
	Water: 99.29
	Residential: 100.00
	Commercial: 98.41
	Road: 100.00
	Highway: 99.81
	Railway: 100.00
	Parking Lot 1: 93.21
	Parking Lot 2: 95.53
	Tennis Court: 100.00
	Running Track: 100.00
---
AA: 98.84%
Kappa: 98.75
run 5 / 5
Best validation overall accuracy 0.990234375
Confusion matrix :
[[1055    0    0   21    0    0    0    0    0    0    0    0    0    0
     0]
 [   4 1074    0    0    0    0    0    0    0    0    0    0    0    0
     0]
 [   0    0  597    0    0    0    0    0    0    0    0    0    0    0
     2]
 [   0    0    0 1070    0    0    0    0    0    0    0    0    0    0
     0]
 [   0    0    0    0 1068    0    0    0    0    0    0    0    0    0
     0]
 [   1    0    0    0    0  273    5    0    1    0    0    0    0    0
     0]
 [   0    0    0    0    0    0 1079    0    8    0    4    0    0    0
     0]
 [   0    0    0    0    0    0    6  997    2    0    0   11   30   20
     4]
 [   0    0    0    0    0    0    3    0 1070    4    0    0    0    0
     0]
 [   0    0    0    0    0    0    0    0    0 1055    0    0    0    0
     0]
 [   0    0    0    0    0    0    0    0    0    0 1062    0    0    0
     0]
 [   0    0    0    0    0    0    0    0    0   14    0 1033   13    0
     0]
 [   0    0    0    0    0    0    4    0    0    0    0    0  399    0
     0]
 [   0    0    0    0    0    0    0    0    0    0    0    0    0  368
     0]
 [   0    0    0    0    0    0    0    0    0    0    0    0    0    0
   568]]---
Accuracy : 98.79%
---
class acc :
	Healthy grass: 98.05
	Stressed grass: 99.63
	Synthetic grass: 99.67
	Trees: 100.00
	Soil: 100.00
	Water: 97.50
	Residential: 98.90
	Commercial: 93.18
	Road: 99.35
	Highway: 100.00
	Railway: 100.00
	Parking Lot 1: 97.45
	Parking Lot 2: 99.01
	Tennis Court: 100.00
	Running Track: 100.00
---
AA: 98.85%
Kappa: 98.69
Agregated results :
Confusion matrix :
[[1.0632e+03 1.4000e+00 0.0000e+00 1.1400e+01 0.0000e+00 0.0000e+00
  0.0000e+00 0.0000e+00 0.0000e+00 0.0000e+00 0.0000e+00 0.0000e+00
  0.0000e+00 0.0000e+00 0.0000e+00]
 [7.8000e+00 1.0702e+03 0.0000e+00 0.0000e+00 0.0000e+00 0.0000e+00
  0.0000e+00 0.0000e+00 0.0000e+00 0.0000e+00 0.0000e+00 0.0000e+00
  0.0000e+00 0.0000e+00 0.0000e+00]
 [0.0000e+00 0.0000e+00 5.9780e+02 0.0000e+00 0.0000e+00 0.0000e+00
  0.0000e+00 0.0000e+00 0.0000e+00 0.0000e+00 0.0000e+00 0.0000e+00
  0.0000e+00 0.0000e+00 1.2000e+00]
 [1.6400e+01 0.0000e+00 0.0000e+00 1.0524e+03 0.0000e+00 0.0000e+00
  1.0000e+00 0.0000e+00 2.0000e-01 0.0000e+00 0.0000e+00 0.0000e+00
  0.0000e+00 0.0000e+00 0.0000e+00]
 [0.0000e+00 0.0000e+00 0.0000e+00 0.0000e+00 1.0680e+03 0.0000e+00
  0.0000e+00 0.0000e+00 0.0000e+00 0.0000e+00 0.0000e+00 0.0000e+00
  0.0000e+00 0.0000e+00 0.0000e+00]
 [2.6000e+00 0.0000e+00 0.0000e+00 0.0000e+00 0.0000e+00 2.7560e+02
  1.0000e+00 0.0000e+00 2.0000e-01 0.0000e+00 0.0000e+00 0.0000e+00
  6.0000e-01 0.0000e+00 0.0000e+00]
 [0.0000e+00 0.0000e+00 0.0000e+00 2.0000e-01 0.0000e+00 0.0000e+00
  1.0852e+03 2.0000e-01 4.2000e+00 0.0000e+00 8.0000e-01 0.0000e+00
  0.0000e+00 4.0000e-01 0.0000e+00]
 [0.0000e+00 0.0000e+00 0.0000e+00 0.0000e+00 2.0000e-01 2.0000e-01
  8.4000e+00 1.0272e+03 4.0000e-01 3.2000e+00 2.0000e-01 1.5800e+01
  6.0000e+00 4.0000e+00 4.4000e+00]
 [0.0000e+00 0.0000e+00 0.0000e+00 0.0000e+00 0.0000e+00 0.0000e+00
  1.8000e+00 4.0000e-01 1.0688e+03 2.0000e+00 0.0000e+00 4.0000e+00
  0.0000e+00 0.0000e+00 0.0000e+00]
 [0.0000e+00 0.0000e+00 0.0000e+00 0.0000e+00 0.0000e+00 0.0000e+00
  0.0000e+00 0.0000e+00 0.0000e+00 1.0542e+03 4.0000e-01 0.0000e+00
  4.0000e-01 0.0000e+00 0.0000e+00]
 [0.0000e+00 0.0000e+00 0.0000e+00 0.0000e+00 0.0000e+00 0.0000e+00
  0.0000e+00 0.0000e+00 5.6000e+00 1.4000e+00 1.0550e+03 0.0000e+00
  0.0000e+00 0.0000e+00 0.0000e+00]
 [0.0000e+00 0.0000e+00 0.0000e+00 0.0000e+00 0.0000e+00 0.0000e+00
  9.4000e+00 0.0000e+00 1.3600e+01 2.8000e+00 0.0000e+00 1.0238e+03
  1.0400e+01 0.0000e+00 0.0000e+00]
 [0.0000e+00 0.0000e+00 0.0000e+00 0.0000e+00 0.0000e+00 0.0000e+00
  8.0000e-01 0.0000e+00 0.0000e+00 8.0000e-01 3.6000e+00 4.0000e-01
  3.9740e+02 0.0000e+00 0.0000e+00]
 [0.0000e+00 0.0000e+00 0.0000e+00 0.0000e+00 0.0000e+00 0.0000e+00
  0.0000e+00 0.0000e+00 0.0000e+00 0.0000e+00 0.0000e+00 0.0000e+00
  0.0000e+00 3.6800e+02 0.0000e+00]
 [0.0000e+00 0.0000e+00 8.0000e-01 0.0000e+00 0.0000e+00 0.0000e+00
  0.0000e+00 0.0000e+00 0.0000e+00 0.0000e+00 0.0000e+00 0.0000e+00
  0.0000e+00 0.0000e+00 5.6720e+02]]---
Accuracy: 98.83 +- 0.29
---
class acc :
	Healthy grass: 98.81 +- 0.84
	Stressed grass: 99.28 +- 0.53
	Synthetic grass: 99.80 +- 0.19
	Trees: 98.36 +- 3.01
	Soil: 100.00 +- 0.00
	Water: 98.43 +- 1.61
	Residential: 99.47 +- 0.63
	Commercial: 96.00 +- 1.73
	Road: 99.24 +- 0.92
	Highway: 99.92 +- 0.09
	Railway: 99.34 +- 1.02
	Parking Lot 1: 96.58 +- 1.72
	Parking Lot 2: 98.61 +- 1.61
	Tennis Court: 100.00 +- 0.00
	Running Track: 99.86 +- 0.28
---
AA: 98.91 +- 0.33
Kappa: 98.74 +- 0.32
