run 1 / 5
Best validation overall accuracy 0.9925595238095238
Confusion matrix :
[[1016    6    0    4    0    0    0    0    0    0    0    0    0    0
     0]
 [   0 1028    0    0    0    0    0    0    0    0    0    0    0    0
     0]
 [   0    0  572    0    0    0    0    0    0    0    0    0    0    0
     0]
 [   0    0    0 1020    0    0    0    0    0    0    0    0    0    0
     0]
 [   0    0    0    0 1018    0    0    0    0    0    0    0    0    0
     0]
 [   0    0    0    0    0  262    0    4    0    0    0    0    0    0
     0]
 [   0    0    0    0    0    0 1019    0    9    0    3    9    0    0
     0]
 [   0    0    0    0    4    0   23  983    0    0    0    1    0    0
     9]
 [   0    0    0    0    0    0    0    7 1020    0    0    0    0    0
     0]
 [   0    0    0    0    0    0    0    0    0 1006    0    0    0    0
     0]
 [   0    0    0    0    0    0    0    0    0    0 1013    0    0    0
     0]
 [   0    0    0    0    0    0    0    6    0    0    0 1005    0    0
     0]
 [   0    0    0    0    0    0    0    0    0    0    0    1  384    0
     0]
 [   0    0    0    0    0    0    0    0    0    0    0    0    0  351
     0]
 [   0    0    0    0    0    0    0    0    0    0    0    0    0    0
   541]]---
Accuracy : 99.30%
---
class acc :
	Healthy grass: 99.03
	Stressed grass: 100.00
	Synthetic grass: 100.00
	Trees: 100.00
	Soil: 100.00
	Water: 98.50
	Residential: 97.98
	Commercial: 96.37
	Road: 99.32
	Highway: 100.00
	Railway: 100.00
	Parking Lot 1: 99.41
	Parking Lot 2: 99.74
	Tennis Court: 100.00
	Running Track: 100.00
---
AA: 99.36%
Kappa: 99.25
run 2 / 5
Best validation overall accuracy 0.9962797619047619
Confusion matrix :
[[1024    0    0    2    0    0    0    0    0    0    0    0    0    0
     0]
 [   8 1020    0    0    0    0    0    0    0    0    0    0    0    0
     0]
 [   0    0  568    0    0    0    0    0    0    0    0    0    0    0
     4]
 [   6    0    0 1014    0    0    0    0    0    0    0    0    0    0
     0]
 [   0    0    0    0 1018    0    0    0    0    0    0    0    0    0
     0]
 [   0    0    0    0    0  266    0    0    0    0    0    0    0    0
     0]
 [   0    0    0    0    0    0 1035    0    4    0    1    0    0    0
     0]
 [   0    0    0    0    0    0    0 1000   12    0    0    8    0    0
     0]
 [   0    0    0    0    0    0    0    0 1025    2    0    0    0    0
     0]
 [   0    0    0    0    0    0    0    0    0 1006    0    0    0    0
     0]
 [   0    0    0    0    0    0    0    0   29    0  984    0    0    0
     0]
 [   0    0    0    0    0    0   13    0   15    0    0  983    0    0
     0]
 [   0    0    0    0    0    0    0    0    0    0    0    0  385    0
     0]
 [   0    0    0    0    0    0    0    0    0    0    0    0    0  351
     0]
 [   0    0    0    0    0    0    0    0    0    0    0    0    0    0
   541]]---
Accuracy : 99.16%
---
class acc :
	Healthy grass: 99.81
	Stressed grass: 99.22
	Synthetic grass: 99.30
	Trees: 99.41
	Soil: 100.00
	Water: 100.00
	Residential: 99.52
	Commercial: 98.04
	Road: 99.81
	Highway: 100.00
	Railway: 97.14
	Parking Lot 1: 97.23
	Parking Lot 2: 100.00
	Tennis Court: 100.00
	Running Track: 100.00
---
AA: 99.30%
Kappa: 99.09
run 3 / 5
Best validation overall accuracy 0.9933035714285714
Confusion matrix :
[[1017    1    0    8    0    0    0    0    0    0    0    0    0    0
     0]
 [   3 1025    0    0    0    0    0    0    0    0    0    0    0    0
     0]
 [   0    0  572    0    0    0    0    0    0    0    0    0    0    0
     0]
 [   1    0    0 1019    0    0    0    0    0    0    0    0    0    0
     0]
 [   0    0    0    0 1018    0    0    0    0    0    0    0    0    0
     0]
 [   0    0    0    0    0  266    0    0    0    0    0    0    0    0
     0]
 [   0    2    0    0    0    0 1032    0    0    0    5    0    1    0
     0]
 [   0    0    0    0    0    0    0 1007    0    0    0    4    0    0
     9]
 [   0    0    0    0    0    0    0    0 1023    4    0    0    0    0
     0]
 [   0    0    0    0    0    0    0    0    0 1004    2    0    0    0
     0]
 [   0    0    0    0    0    0    0    0    0    0 1013    0    0    0
     0]
 [   0    0    0    0    0    0   11    0    2   37    0  949   12    0
     0]
 [   0    0    0    0    0    0    0    0    0    0    3    0  382    0
     0]
 [   0    0    0    0    0    0    0    0    0    0    0    0    0  351
     0]
 [   0    0    1    0    0    0    0    0    0    0    0    0    0    0
   540]]---
Accuracy : 99.14%
---
class acc :
	Healthy grass: 99.12
	Stressed grass: 99.71
	Synthetic grass: 100.00
	Trees: 99.90
	Soil: 100.00
	Water: 100.00
	Residential: 99.23
	Commercial: 98.73
	Road: 99.61
	Highway: 99.80
	Railway: 100.00
	Parking Lot 1: 93.87
	Parking Lot 2: 99.22
	Tennis Court: 100.00
	Running Track: 99.82
---
AA: 99.27%
Kappa: 99.07
run 4 / 5
Best validation overall accuracy 0.9947916666666666
Confusion matrix :
[[1021    0    0    0    0    5    0    0    0    0    0    0    0    0
     0]
 [   5 1023    0    0    0    0    0    0    0    0    0    0    0    0
     0]
 [   0    0  572    0    0    0    0    0    0    0    0    0    0    0
     0]
 [   0    0    0 1020    0    0    0    0    0    0    0    0    0    0
     0]
 [   0    0    0    0 1018    0    0    0    0    0    0    0    0    0
     0]
 [   0    0    0    0    0  266    0    0    0    0    0    0    0    0
     0]
 [   0    0    0    3    0    0 1024    0    7    0    6    0    0    0
     0]
 [   0    0    0    0    8    0    0  990    0    0    0   22    0    0
     0]
 [   0    6    0    0    0    0    0    0 1019    0    0    2    0    0
     0]
 [   0    0    0    0    0    0    0    0    0 1005    1    0    0    0
     0]
 [   0    0    0    0    0    0    0    0    0    0 1013    0    0    0
     0]
 [   0    0    0    0    0    0    0    0    4    0    0 1007    0    0
     0]
 [   0    0    0    0    0    0    0    0    0    0    0    0  385    0
     0]
 [   0    0    0    0    0    0    0    0    0    0    0    0    0  351
     0]
 [   0    0    0    0    0    0    0    0    0    0    0    0    0    0
   541]]---
Accuracy : 99.44%
---
class acc :
	Healthy grass: 99.51
	Stressed grass: 99.51
	Synthetic grass: 100.00
	Trees: 100.00
	Soil: 100.00
	Water: 100.00
	Residential: 98.46
	Commercial: 97.06
	Road: 99.22
	Highway: 99.90
	Railway: 100.00
	Parking Lot 1: 99.60
	Parking Lot 2: 100.00
	Tennis Court: 100.00
	Running Track: 100.00
---
AA: 99.55%
Kappa: 99.39
run 5 / 5
Best validation overall accuracy 0.9962797619047619
Confusion matrix :
[[1016    3    0    7    0    0    0    0    0    0    0    0    0    0
     0]
 [   1 1027    0    0    0    0    0    0    0    0    0    0    0    0
     0]
 [   0    0  569    0    0    0    0    0    0    0    0    0    0    0
     3]
 [   0    0    0 1020    0    0    0    0    0    0    0    0    0    0
     0]
 [   0    0    0    0 1018    0    0    0    0    0    0    0    0    0
     0]
 [   0    0    0    0    0  261    0    0    0    0    0    0    5    0
     0]
 [   0    0    0    0    0    0 1040    0    0    0    0    0    0    0
     0]
 [   0    0    0    0    0    0    0  999    0    0    0    2    0    0
    19]
 [   0    0    0    0    0    0    0    3 1015    0    9    0    0    0
     0]
 [   0    0    0    0    0    0    0    0    0 1006    0    0    0    0
     0]
 [   0    0    0    0    0    0    0    0    0    0 1013    0    0    0
     0]
 [   0    0    0    0    0    0    0    0    3    0    0  993   15    0
     0]
 [   0    0    0    0    0    0    0    0    0    0    0    0  385    0
     0]
 [   0    0    0    0    0    0    0    0    0    0    0    0    0  351
     0]
 [   0    0    0    0    0    0    0    0    0    0    0    0    0    0
   541]]---
Accuracy : 99.43%
---
class acc :
	Healthy grass: 99.03
	Stressed grass: 99.90
	Synthetic grass: 99.48
	Trees: 100.00
	Soil: 100.00
	Water: 98.12
	Residential: 100.00
	Commercial: 97.94
	Road: 98.83
	Highway: 100.00
	Railway: 100.00
	Parking Lot 1: 98.22
	Parking Lot 2: 100.00
	Tennis Court: 100.00
	Running Track: 100.00
---
AA: 99.43%
Kappa: 99.39
Agregated results :
Confusion matrix :
[[1.0188e+03 2.0000e+00 0.0000e+00 4.2000e+00 0.0000e+00 1.0000e+00
  0.0000e+00 0.0000e+00 0.0000e+00 0.0000e+00 0.0000e+00 0.0000e+00
  0.0000e+00 0.0000e+00 0.0000e+00]
 [3.4000e+00 1.0246e+03 0.0000e+00 0.0000e+00 0.0000e+00 0.0000e+00
  0.0000e+00 0.0000e+00 0.0000e+00 0.0000e+00 0.0000e+00 0.0000e+00
  0.0000e+00 0.0000e+00 0.0000e+00]
 [0.0000e+00 0.0000e+00 5.7060e+02 0.0000e+00 0.0000e+00 0.0000e+00
  0.0000e+00 0.0000e+00 0.0000e+00 0.0000e+00 0.0000e+00 0.0000e+00
  0.0000e+00 0.0000e+00 1.4000e+00]
 [1.4000e+00 0.0000e+00 0.0000e+00 1.0186e+03 0.0000e+00 0.0000e+00
  0.0000e+00 0.0000e+00 0.0000e+00 0.0000e+00 0.0000e+00 0.0000e+00
  0.0000e+00 0.0000e+00 0.0000e+00]
 [0.0000e+00 0.0000e+00 0.0000e+00 0.0000e+00 1.0180e+03 0.0000e+00
  0.0000e+00 0.0000e+00 0.0000e+00 0.0000e+00 0.0000e+00 0.0000e+00
  0.0000e+00 0.0000e+00 0.0000e+00]
 [0.0000e+00 0.0000e+00 0.0000e+00 0.0000e+00 0.0000e+00 2.6420e+02
  0.0000e+00 8.0000e-01 0.0000e+00 0.0000e+00 0.0000e+00 0.0000e+00
  1.0000e+00 0.0000e+00 0.0000e+00]
 [0.0000e+00 4.0000e-01 0.0000e+00 6.0000e-01 0.0000e+00 0.0000e+00
  1.0300e+03 0.0000e+00 4.0000e+00 0.0000e+00 3.0000e+00 1.8000e+00
  2.0000e-01 0.0000e+00 0.0000e+00]
 [0.0000e+00 0.0000e+00 0.0000e+00 0.0000e+00 2.4000e+00 0.0000e+00
  4.6000e+00 9.9580e+02 2.4000e+00 0.0000e+00 0.0000e+00 7.4000e+00
  0.0000e+00 0.0000e+00 7.4000e+00]
 [0.0000e+00 1.2000e+00 0.0000e+00 0.0000e+00 0.0000e+00 0.0000e+00
  0.0000e+00 2.0000e+00 1.0204e+03 1.2000e+00 1.8000e+00 4.0000e-01
  0.0000e+00 0.0000e+00 0.0000e+00]
 [0.0000e+00 0.0000e+00 0.0000e+00 0.0000e+00 0.0000e+00 0.0000e+00
  0.0000e+00 0.0000e+00 0.0000e+00 1.0054e+03 6.0000e-01 0.0000e+00
  0.0000e+00 0.0000e+00 0.0000e+00]
 [0.0000e+00 0.0000e+00 0.0000e+00 0.0000e+00 0.0000e+00 0.0000e+00
  0.0000e+00 0.0000e+00 5.8000e+00 0.0000e+00 1.0072e+03 0.0000e+00
  0.0000e+00 0.0000e+00 0.0000e+00]
 [0.0000e+00 0.0000e+00 0.0000e+00 0.0000e+00 0.0000e+00 0.0000e+00
  4.8000e+00 1.2000e+00 4.8000e+00 7.4000e+00 0.0000e+00 9.8740e+02
  5.4000e+00 0.0000e+00 0.0000e+00]
 [0.0000e+00 0.0000e+00 0.0000e+00 0.0000e+00 0.0000e+00 0.0000e+00
  0.0000e+00 0.0000e+00 0.0000e+00 0.0000e+00 6.0000e-01 2.0000e-01
  3.8420e+02 0.0000e+00 0.0000e+00]
 [0.0000e+00 0.0000e+00 0.0000e+00 0.0000e+00 0.0000e+00 0.0000e+00
  0.0000e+00 0.0000e+00 0.0000e+00 0.0000e+00 0.0000e+00 0.0000e+00
  0.0000e+00 3.5100e+02 0.0000e+00]
 [0.0000e+00 0.0000e+00 2.0000e-01 0.0000e+00 0.0000e+00 0.0000e+00
  0.0000e+00 0.0000e+00 0.0000e+00 0.0000e+00 0.0000e+00 0.0000e+00
  0.0000e+00 0.0000e+00 5.4080e+02]]---
Accuracy: 99.29 +- 0.13
---
class acc :
	Healthy grass: 99.30 +- 0.31
	Stressed grass: 99.67 +- 0.28
	Synthetic grass: 99.76 +- 0.30
	Trees: 99.86 +- 0.23
	Soil: 100.00 +- 0.00
	Water: 99.32 +- 0.84
	Residential: 99.04 +- 0.73
	Commercial: 97.63 +- 0.82
	Road: 99.36 +- 0.34
	Highway: 99.94 +- 0.08
	Railway: 99.43 +- 1.15
	Parking Lot 1: 97.67 +- 2.08
	Parking Lot 2: 99.79 +- 0.30
	Tennis Court: 100.00 +- 0.00
	Running Track: 99.96 +- 0.07
---
AA: 99.38 +- 0.10
Kappa: 99.24 +- 0.14
