run 1 / 5
Best validation overall accuracy 0.9925595238095238
Confusion matrix :
[[1013    1    0   12    0    0    0    0    0    0    0    0    0    0
     0]
 [   3 1025    0    0    0    0    0    0    0    0    0    0    0    0
     0]
 [   0    0  571    0    0    0    0    0    0    0    0    0    0    0
     1]
 [   0    0    0 1020    0    0    0    0    0    0    0    0    0    0
     0]
 [   0    0    0    0 1018    0    0    0    0    0    0    0    0    0
     0]
 [   0    0    0    0    0  261    0    0    5    0    0    0    0    0
     0]
 [   0    0    0    1    0    0 1030    0    3    0    1    0    5    0
     0]
 [   0    0    0    0    0    0   23  981    0    0    0    7    0    0
     9]
 [   0    0    0    0    0    0    0    0 1025    2    0    0    0    0
     0]
 [   0    0    0    0    0    0    0    0    0 1006    0    0    0    0
     0]
 [   0    0    0    0    0    0    0    0    0    0 1013    0    0    0
     0]
 [   0    0    0    0    0    0    0    3    0    0    0 1007    1    0
     0]
 [   0    0    0    0    0    0    0    0    0    0    0    9  376    0
     0]
 [   0    0    0    0    0    0    0    0    0    0    0    0    0  351
     0]
 [   0    0    0    0    0    0    0    0    0    0    0    0    0    0
   541]]---
Accuracy : 99.30%
---
class acc :
	Healthy grass: 98.73
	Stressed grass: 99.71
	Synthetic grass: 99.83
	Trees: 100.00
	Soil: 100.00
	Water: 98.12
	Residential: 99.04
	Commercial: 96.18
	Road: 99.81
	Highway: 100.00
	Railway: 100.00
	Parking Lot 1: 99.60
	Parking Lot 2: 97.66
	Tennis Court: 100.00
	Running Track: 100.00
---
AA: 99.24%
Kappa: 99.25
run 2 / 5
Best validation overall accuracy 0.9933035714285714
Confusion matrix :
[[1000    3    0   18    0    5    0    0    0    0    0    0    0    0
     0]
 [   4 1024    0    0    0    0    0    0    0    0    0    0    0    0
     0]
 [   0    0  569    0    0    0    0    0    0    0    0    0    0    0
     3]
 [   0    0    0 1020    0    0    0    0    0    0    0    0    0    0
     0]
 [   0    0    0    0 1018    0    0    0    0    0    0    0    0    0
     0]
 [   0    0    0    0    0  261    0    0    5    0    0    0    0    0
     0]
 [   0    0    0    0    0    0 1034    0    0    0    0    1    5    0
     0]
 [   0    0    0    0    0    0    0 1000    8    0    0   12    0    0
     0]
 [   0    0    0    0    0    0    0    0 1018    6    3    0    0    0
     0]
 [   0    0    0    0    0    0    0    0    0 1004    0    0    2    0
     0]
 [   0    0    0    0    0    0    0    0    0    0 1013    0    0    0
     0]
 [   0    0    0    0    0    0    9    0    7    0    0  992    3    0
     0]
 [   0    0    0    0    0    0    0    0    0    0    0    0  385    0
     0]
 [   0    0    0    0    0    0    0    0    0    0    0    0    0  351
     0]
 [   0    0    0    0    0    0    0    0    0    0    0    0    0    0
   541]]---
Accuracy : 99.24%
---
class acc :
	Healthy grass: 97.47
	Stressed grass: 99.61
	Synthetic grass: 99.48
	Trees: 100.00
	Soil: 100.00
	Water: 98.12
	Residential: 99.42
	Commercial: 98.04
	Road: 99.12
	Highway: 99.80
	Railway: 100.00
	Parking Lot 1: 98.12
	Parking Lot 2: 100.00
	Tennis Court: 100.00
	Running Track: 100.00
---
AA: 99.28%
Kappa: 99.18
run 3 / 5
Best validation overall accuracy 0.9933035714285714
Confusion matrix :
[[1026    0    0    0    0    0    0    0    0    0    0    0    0    0
     0]
 [   9 1019    0    0    0    0    0    0    0    0    0    0    0    0
     0]
 [   0    0  572    0    0    0    0    0    0    0    0    0    0    0
     0]
 [   0    0    0 1020    0    0    0    0    0    0    0    0    0    0
     0]
 [   0    0    0    0 1018    0    0    0    0    0    0    0    0    0
     0]
 [   0    0    0    0    0  255   11    0    0    0    0    0    0    0
     0]
 [   0    1    0    0    0    0 1032    0    0    0    5    0    2    0
     0]
 [   0    0    0    0    0    0    0 1007    0    0    0    4    0    0
     9]
 [   0    0    0    0    0    0    0    0 1025    0    0    2    0    0
     0]
 [   0    0    0    0    0    0    0    0    0 1006    0    0    0    0
     0]
 [   0    0    0    0    0    0    0    0    0    0 1013    0    0    0
     0]
 [   0    0    0    0    0    0   12    1    1    6    0  978   13    0
     0]
 [   0    0    0    0    0    0    0    0    0    0    0    0  385    0
     0]
 [   0    0    0    0    0    0    0    0    0    0    0    0    0  351
     0]
 [   0    0    0    0    0    0    0    0    0    0    0    0    0    0
   541]]---
Accuracy : 99.38%
---
class acc :
	Healthy grass: 100.00
	Stressed grass: 99.12
	Synthetic grass: 100.00
	Trees: 100.00
	Soil: 100.00
	Water: 95.86
	Residential: 99.23
	Commercial: 98.73
	Road: 99.81
	Highway: 100.00
	Railway: 100.00
	Parking Lot 1: 96.74
	Parking Lot 2: 100.00
	Tennis Court: 100.00
	Running Track: 100.00
---
AA: 99.30%
Kappa: 99.33
run 4 / 5
Best validation overall accuracy 0.9933035714285714
Confusion matrix :
[[1021    0    0    4    0    1    0    0    0    0    0    0    0    0
     0]
 [  11 1017    0    0    0    0    0    0    0    0    0    0    0    0
     0]
 [   0    0  572    0    0    0    0    0    0    0    0    0    0    0
     0]
 [   0    0    0 1020    0    0    0    0    0    0    0    0    0    0
     0]
 [   0    0    0    0 1018    0    0    0    0    0    0    0    0    0
     0]
 [   0    0    0    0    0  266    0    0    0    0    0    0    0    0
     0]
 [   0    0    0    0    0    0 1032    0    7    0    1    0    0    0
     0]
 [   0    0    0    0    4    0    0  990    5    0    0   21    0    0
     0]
 [   0    0    0    0    2    0    0   10 1012    0    0    3    0    0
     0]
 [   0    0    0    0    0    0    0    0    0 1006    0    0    0    0
     0]
 [   0    0    0    0    0    0    0    0    0    0 1013    0    0    0
     0]
 [   0    0    0    0    0    0    0   13    3    0    0  990    5    0
     0]
 [   0    0    0    0    0    0    0    0    0   17    0    5  363    0
     0]
 [   0    0    0    0    0    0    0    0    0    0    0    0    0  351
     0]
 [   0    0    0    0    0    0    0    0    0    0    0    0    0    0
   541]]---
Accuracy : 99.09%
---
class acc :
	Healthy grass: 99.51
	Stressed grass: 98.93
	Synthetic grass: 100.00
	Trees: 100.00
	Soil: 100.00
	Water: 100.00
	Residential: 99.23
	Commercial: 97.06
	Road: 98.54
	Highway: 100.00
	Railway: 100.00
	Parking Lot 1: 97.92
	Parking Lot 2: 94.29
	Tennis Court: 100.00
	Running Track: 100.00
---
AA: 99.03%
Kappa: 99.02
run 5 / 5
Best validation overall accuracy 0.9962797619047619
Confusion matrix :
[[1021    4    0    1    0    0    0    0    0    0    0    0    0    0
     0]
 [   2 1026    0    0    0    0    0    0    0    0    0    0    0    0
     0]
 [   0    0  568    0    0    0    0    0    0    0    0    0    0    0
     4]
 [   0    0    0 1016    0    0    4    0    0    0    0    0    0    0
     0]
 [   0    0    0    0 1018    0    0    0    0    0    0    0    0    0
     0]
 [   0    0    0    0    0  260    0    0    6    0    0    0    0    0
     0]
 [   0    0    0    0    0    0 1040    0    0    0    0    0    0    0
     0]
 [   0    0    0    0    1    0    0 1000    0    0    0    0    0   19
     0]
 [   0    0    0    0    0    0    0   18  978    8   17    5    1    0
     0]
 [   0    0    0    0    0    0    0    0    0 1006    0    0    0    0
     0]
 [   0    0    0    0    0    0    0    0    0    0 1013    0    0    0
     0]
 [   0    0    0    0    0    0    6    0    1    0    0  989   15    0
     0]
 [   0    0    0    0    0    0    0    0    0    0    0    0  385    0
     0]
 [   0    0    0    0    0    0    0    0    0    0    0    0    0  351
     0]
 [   0    0    0    0    0    0    0    0    0    0    0    0    0    0
   541]]---
Accuracy : 99.09%
---
class acc :
	Healthy grass: 99.51
	Stressed grass: 99.81
	Synthetic grass: 99.30
	Trees: 99.61
	Soil: 100.00
	Water: 97.74
	Residential: 100.00
	Commercial: 98.04
	Road: 95.23
	Highway: 100.00
	Railway: 100.00
	Parking Lot 1: 97.82
	Parking Lot 2: 100.00
	Tennis Court: 100.00
	Running Track: 100.00
---
AA: 99.14%
Kappa: 99.02
Agregated results :
Confusion matrix :
[[1.0162e+03 1.6000e+00 0.0000e+00 7.0000e+00 0.0000e+00 1.2000e+00
  0.0000e+00 0.0000e+00 0.0000e+00 0.0000e+00 0.0000e+00 0.0000e+00
  0.0000e+00 0.0000e+00 0.0000e+00]
 [5.8000e+00 1.0222e+03 0.0000e+00 0.0000e+00 0.0000e+00 0.0000e+00
  0.0000e+00 0.0000e+00 0.0000e+00 0.0000e+00 0.0000e+00 0.0000e+00
  0.0000e+00 0.0000e+00 0.0000e+00]
 [0.0000e+00 0.0000e+00 5.7040e+02 0.0000e+00 0.0000e+00 0.0000e+00
  0.0000e+00 0.0000e+00 0.0000e+00 0.0000e+00 0.0000e+00 0.0000e+00
  0.0000e+00 0.0000e+00 1.6000e+00]
 [0.0000e+00 0.0000e+00 0.0000e+00 1.0192e+03 0.0000e+00 0.0000e+00
  8.0000e-01 0.0000e+00 0.0000e+00 0.0000e+00 0.0000e+00 0.0000e+00
  0.0000e+00 0.0000e+00 0.0000e+00]
 [0.0000e+00 0.0000e+00 0.0000e+00 0.0000e+00 1.0180e+03 0.0000e+00
  0.0000e+00 0.0000e+00 0.0000e+00 0.0000e+00 0.0000e+00 0.0000e+00
  0.0000e+00 0.0000e+00 0.0000e+00]
 [0.0000e+00 0.0000e+00 0.0000e+00 0.0000e+00 0.0000e+00 2.6060e+02
  2.2000e+00 0.0000e+00 3.2000e+00 0.0000e+00 0.0000e+00 0.0000e+00
  0.0000e+00 0.0000e+00 0.0000e+00]
 [0.0000e+00 2.0000e-01 0.0000e+00 2.0000e-01 0.0000e+00 0.0000e+00
  1.0336e+03 0.0000e+00 2.0000e+00 0.0000e+00 1.4000e+00 2.0000e-01
  2.4000e+00 0.0000e+00 0.0000e+00]
 [0.0000e+00 0.0000e+00 0.0000e+00 0.0000e+00 1.0000e+00 0.0000e+00
  4.6000e+00 9.9560e+02 2.6000e+00 0.0000e+00 0.0000e+00 8.8000e+00
  0.0000e+00 3.8000e+00 3.6000e+00]
 [0.0000e+00 0.0000e+00 0.0000e+00 0.0000e+00 4.0000e-01 0.0000e+00
  0.0000e+00 5.6000e+00 1.0116e+03 3.2000e+00 4.0000e+00 2.0000e+00
  2.0000e-01 0.0000e+00 0.0000e+00]
 [0.0000e+00 0.0000e+00 0.0000e+00 0.0000e+00 0.0000e+00 0.0000e+00
  0.0000e+00 0.0000e+00 0.0000e+00 1.0056e+03 0.0000e+00 0.0000e+00
  4.0000e-01 0.0000e+00 0.0000e+00]
 [0.0000e+00 0.0000e+00 0.0000e+00 0.0000e+00 0.0000e+00 0.0000e+00
  0.0000e+00 0.0000e+00 0.0000e+00 0.0000e+00 1.0130e+03 0.0000e+00
  0.0000e+00 0.0000e+00 0.0000e+00]
 [0.0000e+00 0.0000e+00 0.0000e+00 0.0000e+00 0.0000e+00 0.0000e+00
  5.4000e+00 3.4000e+00 2.4000e+00 1.2000e+00 0.0000e+00 9.9120e+02
  7.4000e+00 0.0000e+00 0.0000e+00]
 [0.0000e+00 0.0000e+00 0.0000e+00 0.0000e+00 0.0000e+00 0.0000e+00
  0.0000e+00 0.0000e+00 0.0000e+00 3.4000e+00 0.0000e+00 2.8000e+00
  3.7880e+02 0.0000e+00 0.0000e+00]
 [0.0000e+00 0.0000e+00 0.0000e+00 0.0000e+00 0.0000e+00 0.0000e+00
  0.0000e+00 0.0000e+00 0.0000e+00 0.0000e+00 0.0000e+00 0.0000e+00
  0.0000e+00 3.5100e+02 0.0000e+00]
 [0.0000e+00 0.0000e+00 0.0000e+00 0.0000e+00 0.0000e+00 0.0000e+00
  0.0000e+00 0.0000e+00 0.0000e+00 0.0000e+00 0.0000e+00 0.0000e+00
  0.0000e+00 0.0000e+00 5.4100e+02]]---
Accuracy: 99.22 +- 0.12
---
class acc :
	Healthy grass: 99.04 +- 0.89
	Stressed grass: 99.44 +- 0.34
	Synthetic grass: 99.72 +- 0.28
	Trees: 99.92 +- 0.16
	Soil: 100.00 +- 0.00
	Water: 97.97 +- 1.32
	Residential: 99.38 +- 0.33
	Commercial: 97.61 +- 0.89
	Road: 98.50 +- 1.70
	Highway: 99.96 +- 0.08
	Railway: 100.00 +- 0.00
	Parking Lot 1: 98.04 +- 0.92
	Parking Lot 2: 98.39 +- 2.24
	Tennis Court: 100.00 +- 0.00
	Running Track: 100.00 +- 0.00
---
AA: 99.20 +- 0.10
Kappa: 99.16 +- 0.13
