run 1 / 5
Best validation overall accuracy 0.9918154761904762
Confusion matrix :
[[1015    0    0   11    0    0    0    0    0    0    0    0    0    0
     0]
 [   1 1027    0    0    0    0    0    0    0    0    0    0    0    0
     0]
 [   0    0  571    0    0    0    0    0    0    0    0    0    0    0
     1]
 [   0    0    0 1020    0    0    0    0    0    0    0    0    0    0
     0]
 [   0    0    0    0 1018    0    0    0    0    0    0    0    0    0
     0]
 [   0    0    0    0    0  261    0    0    5    0    0    0    0    0
     0]
 [   0    0    0    0    0    0 1040    0    0    0    0    0    0    0
     0]
 [   0    0    0    0    3    0   23  979    0    0    0    6    0    0
     9]
 [   0    0    0    0    0    0    2    0 1022    3    0    0    0    0
     0]
 [   0    0    0    0    0    0    0    0    0 1006    0    0    0    0
     0]
 [   0    0    0    0    0    0    0    0    0    0 1013    0    0    0
     0]
 [   0    0    0    0    0    0    0    0    2    0    0 1009    0    0
     0]
 [   0    0    0    0    0    0    0    0    0    0    0    3  382    0
     0]
 [   0    0    0    0    0    0    0    0    0    0    0    0    0  351
     0]
 [   0    0    0    0    0    0    0    0    0    0    0    0    0    0
   541]]---
Accuracy : 99.44%
---
class acc :
	Healthy grass: 98.93
	Stressed grass: 99.90
	Synthetic grass: 99.83
	Trees: 100.00
	Soil: 100.00
	Water: 98.12
	Residential: 100.00
	Commercial: 95.98
	Road: 99.51
	Highway: 100.00
	Railway: 100.00
	Parking Lot 1: 99.80
	Parking Lot 2: 99.22
	Tennis Court: 100.00
	Running Track: 100.00
---
AA: 99.42%
Kappa: 99.39
run 2 / 5
Best validation overall accuracy 0.9962797619047619
Confusion matrix :
[[1025    0    0    0    0    1    0    0    0    0    0    0    0    0
     0]
 [  11 1017    0    0    0    0    0    0    0    0    0    0    0    0
     0]
 [   0    0  569    0    0    0    0    0    0    0    0    0    0    0
     3]
 [   1    0    0 1018    0    0    1    0    0    0    0    0    0    0
     0]
 [   0    0    0    0 1018    0    0    0    0    0    0    0    0    0
     0]
 [   0    0    0    0    0  261    2    0    3    0    0    0    0    0
     0]
 [   0    0    0    0    0    0 1036    0    0    0    1    0    3    0
     0]
 [   0    0    0    0    0    0    0 1000    8    0    0   12    0    0
     0]
 [   0    0    0    0    0    0    0    0 1026    0    0    1    0    0
     0]
 [   0    0    0    0    0    0    0    0    0 1006    0    0    0    0
     0]
 [   0    0    0    0    0    0    0    0   27    0  986    0    0    0
     0]
 [   0    0    0    0    0    0   10    0   14    0    0  987    0    0
     0]
 [   0    0    0    0    0    0    0    0    0    0    0    5  380    0
     0]
 [   0    0    0    0    0    0    0    0    0    0    0    0    0  351
     0]
 [   0    0    0    0    0    0    0    0    0    0    0    0    0    0
   541]]---
Accuracy : 99.16%
---
class acc :
	Healthy grass: 99.90
	Stressed grass: 98.93
	Synthetic grass: 99.48
	Trees: 99.80
	Soil: 100.00
	Water: 98.12
	Residential: 99.62
	Commercial: 98.04
	Road: 99.90
	Highway: 100.00
	Railway: 97.33
	Parking Lot 1: 97.63
	Parking Lot 2: 98.70
	Tennis Court: 100.00
	Running Track: 100.00
---
AA: 99.16%
Kappa: 99.10
run 3 / 5
Best validation overall accuracy 0.9962797619047619
Confusion matrix :
[[1026    0    0    0    0    0    0    0    0    0    0    0    0    0
     0]
 [  11 1017    0    0    0    0    0    0    0    0    0    0    0    0
     0]
 [   0    0  572    0    0    0    0    0    0    0    0    0    0    0
     0]
 [  49    0    0  968    0    0    3    0    0    0    0    0    0    0
     0]
 [   0    0    0    0 1018    0    0    0    0    0    0    0    0    0
     0]
 [   0    0    0    0    0  266    0    0    0    0    0    0    0    0
     0]
 [   1    0    0    0    0    0 1033    0    0    0    6    0    0    0
     0]
 [   0    0    0    0    0    0    0 1007    0    0    0    4    0    0
     9]
 [   0    0    0    0    0    0    2    0 1024    0    0    1    0    0
     0]
 [   0    0    0    0    0    0    0    0    0 1006    0    0    0    0
     0]
 [   0    0    0    0    0    0    0    0    0    0 1013    0    0    0
     0]
 [   0    0    0    0    0    0   12    0    2   18    0  967   12    0
     0]
 [   0    0    0    0    0    0    0    0    0    0    1    0  384    0
     0]
 [   0    0    0    0    0    0    0    0    0    0    0    0    0  351
     0]
 [   0    0    0    0    0    0    0    0    0    0    0    0    0    0
   541]]---
Accuracy : 98.94%
---
class acc :
	Healthy grass: 100.00
	Stressed grass: 98.93
	Synthetic grass: 100.00
	Trees: 94.90
	Soil: 100.00
	Water: 100.00
	Residential: 99.33
	Commercial: 98.73
	Road: 99.71
	Highway: 100.00
	Railway: 100.00
	Parking Lot 1: 95.65
	Parking Lot 2: 99.74
	Tennis Court: 100.00
	Running Track: 100.00
---
AA: 99.13%
Kappa: 98.85
run 4 / 5
Best validation overall accuracy 0.9955357142857143
Confusion matrix :
[[1020    0    0    0    0    4    2    0    0    0    0    0    0    0
     0]
 [   1 1027    0    0    0    0    0    0    0    0    0    0    0    0
     0]
 [   0    0  572    0    0    0    0    0    0    0    0    0    0    0
     0]
 [   0    0    0 1020    0    0    0    0    0    0    0    0    0    0
     0]
 [   0    0    0    0 1018    0    0    0    0    0    0    0    0    0
     0]
 [   0    0    0    0    0  266    0    0    0    0    0    0    0    0
     0]
 [   0    0    0    0    0    0 1040    0    0    0    0    0    0    0
     0]
 [   0    0    0    0    7    0    0  991    0    0    0   22    0    0
     0]
 [   0    5    0    0   14    0    0    0 1000    0    0    8    0    0
     0]
 [   0    0    0    0    0    0    0    0    0 1006    0    0    0    0
     0]
 [   0    0    0    0    0    0    0    0    0    0 1013    0    0    0
     0]
 [   0    0    0    0    0    0    0    0    3    0    0 1007    1    0
     0]
 [   0    0    0    0    0    0    0    0    0    0    2    5  378    0
     0]
 [   0    0    0    0    0    0    0    0    0    0    0    0    0  351
     0]
 [   0    0    0    0    0    0    0    0    0    0    0    0    0    0
   541]]---
Accuracy : 99.40%
---
class acc :
	Healthy grass: 99.42
	Stressed grass: 99.90
	Synthetic grass: 100.00
	Trees: 100.00
	Soil: 100.00
	Water: 100.00
	Residential: 100.00
	Commercial: 97.16
	Road: 97.37
	Highway: 100.00
	Railway: 100.00
	Parking Lot 1: 99.60
	Parking Lot 2: 98.18
	Tennis Court: 100.00
	Running Track: 100.00
---
AA: 99.44%
Kappa: 99.35
run 5 / 5
Best validation overall accuracy 0.9947916666666666
Confusion matrix :
[[1025    1    0    0    0    0    0    0    0    0    0    0    0    0
     0]
 [   5 1023    0    0    0    0    0    0    0    0    0    0    0    0
     0]
 [   0    0  568    0    0    0    0    0    0    0    0    0    0    0
     4]
 [   1    0    0 1013    0    0    6    0    0    0    0    0    0    0
     0]
 [   0    0    0    0 1018    0    0    0    0    0    0    0    0    0
     0]
 [   0    0    0    0    0  260    0    0    6    0    0    0    0    0
     0]
 [   0    0    0    0    0    0 1040    0    0    0    0    0    0    0
     0]
 [   0    0    0    0    0    1    0  998    0    0    0    2    0    0
    19]
 [   0    0    0    0    0    0   14    1  988    7   17    0    0    0
     0]
 [   0    0    0    0    0    0    0    0    0 1006    0    0    0    0
     0]
 [   0    0    0    0    0    0    0    0    0    0 1013    0    0    0
     0]
 [   0    0    0    0    0    0    0    8    4    0    0  995    4    0
     0]
 [   0    0    0    0    0    0    0    0    0    0    0    0  385    0
     0]
 [   0    0    0    0    0    0    0    0    0    0    0    0    0  351
     0]
 [   0    0    0    0    0    0    0    0    0    0    0    0    0    0
   541]]---
Accuracy : 99.19%
---
class acc :
	Healthy grass: 99.90
	Stressed grass: 99.51
	Synthetic grass: 99.30
	Trees: 99.31
	Soil: 100.00
	Water: 97.74
	Residential: 100.00
	Commercial: 97.84
	Road: 96.20
	Highway: 100.00
	Railway: 100.00
	Parking Lot 1: 98.42
	Parking Lot 2: 100.00
	Tennis Court: 100.00
	Running Track: 100.00
---
AA: 99.22%
Kappa: 99.12
Agregated results :
Confusion matrix :
[[1.0222e+03 2.0000e-01 0.0000e+00 2.2000e+00 0.0000e+00 1.0000e+00
  4.0000e-01 0.0000e+00 0.0000e+00 0.0000e+00 0.0000e+00 0.0000e+00
  0.0000e+00 0.0000e+00 0.0000e+00]
 [5.8000e+00 1.0222e+03 0.0000e+00 0.0000e+00 0.0000e+00 0.0000e+00
  0.0000e+00 0.0000e+00 0.0000e+00 0.0000e+00 0.0000e+00 0.0000e+00
  0.0000e+00 0.0000e+00 0.0000e+00]
 [0.0000e+00 0.0000e+00 5.7040e+02 0.0000e+00 0.0000e+00 0.0000e+00
  0.0000e+00 0.0000e+00 0.0000e+00 0.0000e+00 0.0000e+00 0.0000e+00
  0.0000e+00 0.0000e+00 1.6000e+00]
 [1.0200e+01 0.0000e+00 0.0000e+00 1.0078e+03 0.0000e+00 0.0000e+00
  2.0000e+00 0.0000e+00 0.0000e+00 0.0000e+00 0.0000e+00 0.0000e+00
  0.0000e+00 0.0000e+00 0.0000e+00]
 [0.0000e+00 0.0000e+00 0.0000e+00 0.0000e+00 1.0180e+03 0.0000e+00
  0.0000e+00 0.0000e+00 0.0000e+00 0.0000e+00 0.0000e+00 0.0000e+00
  0.0000e+00 0.0000e+00 0.0000e+00]
 [0.0000e+00 0.0000e+00 0.0000e+00 0.0000e+00 0.0000e+00 2.6280e+02
  4.0000e-01 0.0000e+00 2.8000e+00 0.0000e+00 0.0000e+00 0.0000e+00
  0.0000e+00 0.0000e+00 0.0000e+00]
 [2.0000e-01 0.0000e+00 0.0000e+00 0.0000e+00 0.0000e+00 0.0000e+00
  1.0378e+03 0.0000e+00 0.0000e+00 0.0000e+00 1.4000e+00 0.0000e+00
  6.0000e-01 0.0000e+00 0.0000e+00]
 [0.0000e+00 0.0000e+00 0.0000e+00 0.0000e+00 2.0000e+00 2.0000e-01
  4.6000e+00 9.9500e+02 1.6000e+00 0.0000e+00 0.0000e+00 9.2000e+00
  0.0000e+00 0.0000e+00 7.4000e+00]
 [0.0000e+00 1.0000e+00 0.0000e+00 0.0000e+00 2.8000e+00 0.0000e+00
  3.6000e+00 2.0000e-01 1.0120e+03 2.0000e+00 3.4000e+00 2.0000e+00
  0.0000e+00 0.0000e+00 0.0000e+00]
 [0.0000e+00 0.0000e+00 0.0000e+00 0.0000e+00 0.0000e+00 0.0000e+00
  0.0000e+00 0.0000e+00 0.0000e+00 1.0060e+03 0.0000e+00 0.0000e+00
  0.0000e+00 0.0000e+00 0.0000e+00]
 [0.0000e+00 0.0000e+00 0.0000e+00 0.0000e+00 0.0000e+00 0.0000e+00
  0.0000e+00 0.0000e+00 5.4000e+00 0.0000e+00 1.0076e+03 0.0000e+00
  0.0000e+00 0.0000e+00 0.0000e+00]
 [0.0000e+00 0.0000e+00 0.0000e+00 0.0000e+00 0.0000e+00 0.0000e+00
  4.4000e+00 1.6000e+00 5.0000e+00 3.6000e+00 0.0000e+00 9.9300e+02
  3.4000e+00 0.0000e+00 0.0000e+00]
 [0.0000e+00 0.0000e+00 0.0000e+00 0.0000e+00 0.0000e+00 0.0000e+00
  0.0000e+00 0.0000e+00 0.0000e+00 0.0000e+00 6.0000e-01 2.6000e+00
  3.8180e+02 0.0000e+00 0.0000e+00]
 [0.0000e+00 0.0000e+00 0.0000e+00 0.0000e+00 0.0000e+00 0.0000e+00
  0.0000e+00 0.0000e+00 0.0000e+00 0.0000e+00 0.0000e+00 0.0000e+00
  0.0000e+00 3.5100e+02 0.0000e+00]
 [0.0000e+00 0.0000e+00 0.0000e+00 0.0000e+00 0.0000e+00 0.0000e+00
  0.0000e+00 0.0000e+00 0.0000e+00 0.0000e+00 0.0000e+00 0.0000e+00
  0.0000e+00 0.0000e+00 5.4100e+02]]---
Accuracy: 99.23 +- 0.18
---
class acc :
	Healthy grass: 99.63 +- 0.41
	Stressed grass: 99.44 +- 0.44
	Synthetic grass: 99.72 +- 0.28
	Trees: 98.80 +- 1.97
	Soil: 100.00 +- 0.00
	Water: 98.80 +- 0.99
	Residential: 99.79 +- 0.27
	Commercial: 97.55 +- 0.93
	Road: 98.54 +- 1.48
	Highway: 100.00 +- 0.00
	Railway: 99.47 +- 1.07
	Parking Lot 1: 98.22 +- 1.51
	Parking Lot 2: 99.17 +- 0.67
	Tennis Court: 100.00 +- 0.00
	Running Track: 100.00 +- 0.00
---
AA: 99.27 +- 0.13
Kappa: 99.16 +- 0.20
