run 1 / 5
Best validation overall accuracy 0.9918154761904762
Confusion matrix :
[[1024    0    0    2    0    0    0    0    0    0    0    0    0    0
     0]
 [   0 1028    0    0    0    0    0    0    0    0    0    0    0    0
     0]
 [   0    0  572    0    0    0    0    0    0    0    0    0    0    0
     0]
 [   0    1    0 1019    0    0    0    0    0    0    0    0    0    0
     0]
 [   0    0    0    0 1018    0    0    0    0    0    0    0    0    0
     0]
 [   0    0    0    0    0  261    0    5    0    0    0    0    0    0
     0]
 [   0    0    2    0    0    0 1001   21    9    0    7    0    0    0
     0]
 [   0    0    0    0    5    0    0 1002    0    0    0    4    0    0
     9]
 [   0    0    0    0    0    0    0    0 1026    1    0    0    0    0
     0]
 [   0    0    0    0    0    0    0    0    0 1006    0    0    0    0
     0]
 [   0    0    0    0    0    0    0    0    0    0 1013    0    0    0
     0]
 [   0    0    0    0    0    0    0    2    3    0    0 1006    0    0
     0]
 [   0    0    0    0    0    0    0    0    0    0    0    0  385    0
     0]
 [   0    0    0    0    0    0    0    0    0    0    0    0    0  351
     0]
 [   0    0    0    0    0    0    0    0    0    0    0    0    0    0
   541]]---
Accuracy : 99.42%
---
class acc :
	Healthy grass: 99.81
	Stressed grass: 100.00
	Synthetic grass: 100.00
	Trees: 99.90
	Soil: 100.00
	Water: 98.12
	Residential: 96.25
	Commercial: 98.24
	Road: 99.90
	Highway: 100.00
	Railway: 100.00
	Parking Lot 1: 99.51
	Parking Lot 2: 100.00
	Tennis Court: 100.00
	Running Track: 100.00
---
AA: 99.45%
Kappa: 99.38
run 2 / 5
Best validation overall accuracy 0.9955357142857143
Confusion matrix :
[[1024    0    0    1    0    1    0    0    0    0    0    0    0    0
     0]
 [   8 1020    0    0    0    0    0    0    0    0    0    0    0    0
     0]
 [   0    0  570    0    0    0    0    0    0    0    0    0    0    0
     2]
 [  10    0    0 1010    0    0    0    0    0    0    0    0    0    0
     0]
 [   0    0    0    0 1018    0    0    0    0    0    0    0    0    0
     0]
 [   0    0    0    0    0  265    0    1    0    0    0    0    0    0
     0]
 [   0    0    0    0    0    0 1032    0    0    0    8    0    0    0
     0]
 [   0    0    0    0    4    0    0 1000    1    0    0   15    0    0
     0]
 [   0    0    0    0    0    0    0    0 1023    0    0    4    0    0
     0]
 [   0    0    0    0    0    0    0    0    0 1006    0    0    0    0
     0]
 [   0    0    0    0    0    0    0    0    8    0 1005    0    0    0
     0]
 [   0    0    0    0    0    0   11    2    6    0    0  992    0    0
     0]
 [   0    0    0    0    0    0    0    0    0    0    0    2  383    0
     0]
 [   0    0    0    0    0    0    0    0    0    0    0    0    0  351
     0]
 [   0    0    0    0    0    0    0    0    0    0    0    0    0    0
   541]]---
Accuracy : 99.32%
---
class acc :
	Healthy grass: 99.81
	Stressed grass: 99.22
	Synthetic grass: 99.65
	Trees: 99.02
	Soil: 100.00
	Water: 99.62
	Residential: 99.23
	Commercial: 98.04
	Road: 99.61
	Highway: 100.00
	Railway: 99.21
	Parking Lot 1: 98.12
	Parking Lot 2: 99.48
	Tennis Court: 100.00
	Running Track: 100.00
---
AA: 99.40%
Kappa: 99.26
run 3 / 5
Best validation overall accuracy 0.9955357142857143
Confusion matrix :
[[1024    0    0    2    0    0    0    0    0    0    0    0    0    0
     0]
 [   2 1026    0    0    0    0    0    0    0    0    0    0    0    0
     0]
 [   0    0  572    0    0    0    0    0    0    0    0    0    0    0
     0]
 [   0    0    0 1020    0    0    0    0    0    0    0    0    0    0
     0]
 [   0    0    0    0 1018    0    0    0    0    0    0    0    0    0
     0]
 [   0    0    0    0    0  266    0    0    0    0    0    0    0    0
     0]
 [   0    0    0    0    0    0 1035    0    0    0    4    0    1    0
     0]
 [   0    0    0    0    0    0    0 1007    0    0    0    4    0    0
     9]
 [   0    0    0    0    0    0    3    0 1016    0    0    8    0    0
     0]
 [   0    0    0    0    0    0    0    0    0 1006    0    0    0    0
     0]
 [   0    0    0    0    0    0    0    0    0    0 1013    0    0    0
     0]
 [   0    0    0    0    0    0   15    0    3    0    0  982   11    0
     0]
 [   0    0    0    0    0    0    0    0    0    0    0    0  385    0
     0]
 [   0    0    0    0    0    0    0    0    0    0    0    0    0  351
     0]
 [   0    0    1    0    0    0    0    0    0    0    0    0    0    0
   540]]---
Accuracy : 99.49%
---
class acc :
	Healthy grass: 99.81
	Stressed grass: 99.81
	Synthetic grass: 100.00
	Trees: 100.00
	Soil: 100.00
	Water: 100.00
	Residential: 99.52
	Commercial: 98.73
	Road: 98.93
	Highway: 100.00
	Railway: 100.00
	Parking Lot 1: 97.13
	Parking Lot 2: 100.00
	Tennis Court: 100.00
	Running Track: 99.82
---
AA: 99.58%
Kappa: 99.45
run 4 / 5
Best validation overall accuracy 0.9962797619047619
Confusion matrix :
[[1024    2    0    0    0    0    0    0    0    0    0    0    0    0
     0]
 [   0 1028    0    0    0    0    0    0    0    0    0    0    0    0
     0]
 [   0    0  572    0    0    0    0    0    0    0    0    0    0    0
     0]
 [   0    3    0 1017    0    0    0    0    0    0    0    0    0    0
     0]
 [   0    0    0    0 1018    0    0    0    0    0    0    0    0    0
     0]
 [   0    0    0    0    0  254   12    0    0    0    0    0    0    0
     0]
 [   0    0    0    0    0    0 1026    0   14    0    0    0    0    0
     0]
 [   0    0    0    0    0    0    0  990    7    1    0   22    0    0
     0]
 [   0    9    0    0    5    0    0    0 1003    4    0    6    0    0
     0]
 [   0    0    0    0    0    0    0    0    0 1006    0    0    0    0
     0]
 [   0    0    0    0    0    0    0    0    0    0 1013    0    0    0
     0]
 [   0    0    0    0    0    0    1    1    4    0    0 1005    0    0
     0]
 [   0    0    0    0    0    0    0    0    0    0    0    2  383    0
     0]
 [   0    0    0    0    0    0    0    0    0    0    0    0    0  351
     0]
 [   0    0    0    0    0    0    0    0    0    0    0    0    0    0
   541]]---
Accuracy : 99.25%
---
class acc :
	Healthy grass: 99.81
	Stressed grass: 100.00
	Synthetic grass: 100.00
	Trees: 99.71
	Soil: 100.00
	Water: 95.49
	Residential: 98.65
	Commercial: 97.06
	Road: 97.66
	Highway: 100.00
	Railway: 100.00
	Parking Lot 1: 99.41
	Parking Lot 2: 99.48
	Tennis Court: 100.00
	Running Track: 100.00
---
AA: 99.15%
Kappa: 99.18
run 5 / 5
Best validation overall accuracy 0.9970238095238095
Confusion matrix :
[[1023    2    0    1    0    0    0    0    0    0    0    0    0    0
     0]
 [   3 1025    0    0    0    0    0    0    0    0    0    0    0    0
     0]
 [   0    0  569    0    0    0    0    0    0    0    0    0    0    0
     3]
 [   0    0    0 1019    0    0    1    0    0    0    0    0    0    0
     0]
 [   0    0    0    0 1018    0    0    0    0    0    0    0    0    0
     0]
 [   0    0    0    0    0  262    4    0    0    0    0    0    0    0
     0]
 [   0    0    0    0    0    0 1040    0    0    0    0    0    0    0
     0]
 [   0    0    0    0    0    0    1  998    0    0    0    2    0    0
    19]
 [   0    0    0    0    0    0    0    0 1018    5    2    2    0    0
     0]
 [   0    0    0    0    0    0    0    0    0 1005    0    0    1    0
     0]
 [   0    0    0    0    0    0    0    0    0    0 1013    0    0    0
     0]
 [   0    0    0    0    0    0    3    0    3    0    0  989   16    0
     0]
 [   0    0    0    0    0    0    0    0    0    0    0    0  385    0
     0]
 [   0    0    0    0    0    0    0    0    0    0    0    0    0  351
     0]
 [   0    0    0    0    0    0    0    0    0    0    0    0    0    0
   541]]---
Accuracy : 99.45%
---
class acc :
	Healthy grass: 99.71
	Stressed grass: 99.71
	Synthetic grass: 99.48
	Trees: 99.90
	Soil: 100.00
	Water: 98.50
	Residential: 100.00
	Commercial: 97.84
	Road: 99.12
	Highway: 99.90
	Railway: 100.00
	Parking Lot 1: 97.82
	Parking Lot 2: 100.00
	Tennis Court: 100.00
	Running Track: 100.00
---
AA: 99.47%
Kappa: 99.40
Agregated results :
Confusion matrix :
[[1.0238e+03 8.0000e-01 0.0000e+00 1.2000e+00 0.0000e+00 2.0000e-01
  0.0000e+00 0.0000e+00 0.0000e+00 0.0000e+00 0.0000e+00 0.0000e+00
  0.0000e+00 0.0000e+00 0.0000e+00]
 [2.6000e+00 1.0254e+03 0.0000e+00 0.0000e+00 0.0000e+00 0.0000e+00
  0.0000e+00 0.0000e+00 0.0000e+00 0.0000e+00 0.0000e+00 0.0000e+00
  0.0000e+00 0.0000e+00 0.0000e+00]
 [0.0000e+00 0.0000e+00 5.7100e+02 0.0000e+00 0.0000e+00 0.0000e+00
  0.0000e+00 0.0000e+00 0.0000e+00 0.0000e+00 0.0000e+00 0.0000e+00
  0.0000e+00 0.0000e+00 1.0000e+00]
 [2.0000e+00 8.0000e-01 0.0000e+00 1.0170e+03 0.0000e+00 0.0000e+00
  2.0000e-01 0.0000e+00 0.0000e+00 0.0000e+00 0.0000e+00 0.0000e+00
  0.0000e+00 0.0000e+00 0.0000e+00]
 [0.0000e+00 0.0000e+00 0.0000e+00 0.0000e+00 1.0180e+03 0.0000e+00
  0.0000e+00 0.0000e+00 0.0000e+00 0.0000e+00 0.0000e+00 0.0000e+00
  0.0000e+00 0.0000e+00 0.0000e+00]
 [0.0000e+00 0.0000e+00 0.0000e+00 0.0000e+00 0.0000e+00 2.6160e+02
  3.2000e+00 1.2000e+00 0.0000e+00 0.0000e+00 0.0000e+00 0.0000e+00
  0.0000e+00 0.0000e+00 0.0000e+00]
 [0.0000e+00 0.0000e+00 4.0000e-01 0.0000e+00 0.0000e+00 0.0000e+00
  1.0268e+03 4.2000e+00 4.6000e+00 0.0000e+00 3.8000e+00 0.0000e+00
  2.0000e-01 0.0000e+00 0.0000e+00]
 [0.0000e+00 0.0000e+00 0.0000e+00 0.0000e+00 1.8000e+00 0.0000e+00
  2.0000e-01 9.9940e+02 1.6000e+00 2.0000e-01 0.0000e+00 9.4000e+00
  0.0000e+00 0.0000e+00 7.4000e+00]
 [0.0000e+00 1.8000e+00 0.0000e+00 0.0000e+00 1.0000e+00 0.0000e+00
  6.0000e-01 0.0000e+00 1.0172e+03 2.0000e+00 4.0000e-01 4.0000e+00
  0.0000e+00 0.0000e+00 0.0000e+00]
 [0.0000e+00 0.0000e+00 0.0000e+00 0.0000e+00 0.0000e+00 0.0000e+00
  0.0000e+00 0.0000e+00 0.0000e+00 1.0058e+03 0.0000e+00 0.0000e+00
  2.0000e-01 0.0000e+00 0.0000e+00]
 [0.0000e+00 0.0000e+00 0.0000e+00 0.0000e+00 0.0000e+00 0.0000e+00
  0.0000e+00 0.0000e+00 1.6000e+00 0.0000e+00 1.0114e+03 0.0000e+00
  0.0000e+00 0.0000e+00 0.0000e+00]
 [0.0000e+00 0.0000e+00 0.0000e+00 0.0000e+00 0.0000e+00 0.0000e+00
  6.0000e+00 1.0000e+00 3.8000e+00 0.0000e+00 0.0000e+00 9.9480e+02
  5.4000e+00 0.0000e+00 0.0000e+00]
 [0.0000e+00 0.0000e+00 0.0000e+00 0.0000e+00 0.0000e+00 0.0000e+00
  0.0000e+00 0.0000e+00 0.0000e+00 0.0000e+00 0.0000e+00 8.0000e-01
  3.8420e+02 0.0000e+00 0.0000e+00]
 [0.0000e+00 0.0000e+00 0.0000e+00 0.0000e+00 0.0000e+00 0.0000e+00
  0.0000e+00 0.0000e+00 0.0000e+00 0.0000e+00 0.0000e+00 0.0000e+00
  0.0000e+00 3.5100e+02 0.0000e+00]
 [0.0000e+00 0.0000e+00 2.0000e-01 0.0000e+00 0.0000e+00 0.0000e+00
  0.0000e+00 0.0000e+00 0.0000e+00 0.0000e+00 0.0000e+00 0.0000e+00
  0.0000e+00 0.0000e+00 5.4080e+02]]---
Accuracy: 99.38 +- 0.09
---
class acc :
	Healthy grass: 99.79 +- 0.04
	Stressed grass: 99.75 +- 0.29
	Synthetic grass: 99.83 +- 0.22
	Trees: 99.71 +- 0.36
	Soil: 100.00 +- 0.00
	Water: 98.35 +- 1.59
	Residential: 98.73 +- 1.31
	Commercial: 97.98 +- 0.55
	Road: 99.05 +- 0.77
	Highway: 99.98 +- 0.04
	Railway: 99.84 +- 0.32
	Parking Lot 1: 98.40 +- 0.92
	Parking Lot 2: 99.79 +- 0.25
	Tennis Court: 100.00 +- 0.00
	Running Track: 99.96 +- 0.07
---
AA: 99.41 +- 0.14
Kappa: 99.34 +- 0.10
