run 1 / 5
Best validation overall accuracy 0.9933035714285714
Confusion matrix :
[[1026    0    0    0    0    0    0    0    0    0    0    0    0    0
     0]
 [   0 1028    0    0    0    0    0    0    0    0    0    0    0    0
     0]
 [   0    0  571    0    0    0    0    0    0    0    0    0    0    0
     1]
 [   0    0    0 1020    0    0    0    0    0    0    0    0    0    0
     0]
 [   0    0    0    0 1018    0    0    0    0    0    0    0    0    0
     0]
 [   0    0    0    0    0  262    0    4    0    0    0    0    0    0
     0]
 [   0    0    0    0    0    3 1028    0    9    0    0    0    0    0
     0]
 [   0    0    0    0    3    0   23  981    0    0    0    4    0    0
     9]
 [   0    0    0    0    0    0    0    0 1027    0    0    0    0    0
     0]
 [   0    0    0    0    0    0    0    0    2 1004    0    0    0    0
     0]
 [   0    0    0    0    0    0    0    0    0    0 1013    0    0    0
     0]
 [   0    0    0    0    0    0    0    0    0    0    0 1011    0    0
     0]
 [   0    0    0    0    0    0    0    0    0    0    0    0  385    0
     0]
 [   0    0    0    0    0    0    0    0    0    0    0    0    0  351
     0]
 [   0    0    0    0    0    0    0    0    0    0    0    0    0    0
   541]]---
Accuracy : 99.53%
---
class acc :
	Healthy grass: 100.00
	Stressed grass: 100.00
	Synthetic grass: 99.83
	Trees: 100.00
	Soil: 100.00
	Water: 98.50
	Residential: 98.85
	Commercial: 96.18
	Road: 100.00
	Highway: 99.80
	Railway: 100.00
	Parking Lot 1: 100.00
	Parking Lot 2: 100.00
	Tennis Court: 100.00
	Running Track: 100.00
---
AA: 99.54%
Kappa: 99.49
run 2 / 5
Best validation overall accuracy 0.9962797619047619
Confusion matrix :
[[1015    0    0    9    0    2    0    0    0    0    0    0    0    0
     0]
 [  10 1018    0    0    0    0    0    0    0    0    0    0    0    0
     0]
 [   0    0  571    0    0    0    0    0    0    0    0    0    0    0
     1]
 [   6    0    0 1014    0    0    0    0    0    0    0    0    0    0
     0]
 [   0    0    0    0 1018    0    0    0    0    0    0    0    0    0
     0]
 [   0    0    0    0    0  266    0    0    0    0    0    0    0    0
     0]
 [   0    0    0    0    0    0 1033    0    7    0    0    0    0    0
     0]
 [   0    0    0    0    0    0    0 1000    6    0    0   12    2    0
     0]
 [   0    0    0    0    0    0    0    0 1027    0    0    0    0    0
     0]
 [   0    0    0    0    0    0    0    0    0 1006    0    0    0    0
     0]
 [   0    0    0    0    0    0    0    0    3    0 1010    0    0    0
     0]
 [   0    0    0    0    1    0   10    0    7    0    0  993    0    0
     0]
 [   0    0    0    0    0    0    0    0    0    0    0    0  385    0
     0]
 [   0    0    0    0    0    0    0    0    0    0    0    0    0  351
     0]
 [   0    0    0    0    0    0    0    0    0    0    0    0    0    0
   541]]---
Accuracy : 99.38%
---
class acc :
	Healthy grass: 98.93
	Stressed grass: 99.03
	Synthetic grass: 99.83
	Trees: 99.41
	Soil: 100.00
	Water: 100.00
	Residential: 99.33
	Commercial: 98.04
	Road: 100.00
	Highway: 100.00
	Railway: 99.70
	Parking Lot 1: 98.22
	Parking Lot 2: 100.00
	Tennis Court: 100.00
	Running Track: 100.00
---
AA: 99.50%
Kappa: 99.33
run 3 / 5
Best validation overall accuracy 0.9962797619047619
Confusion matrix :
[[1021    0    0    5    0    0    0    0    0    0    0    0    0    0
     0]
 [   3 1025    0    0    0    0    0    0    0    0    0    0    0    0
     0]
 [   0    0  572    0    0    0    0    0    0    0    0    0    0    0
     0]
 [   3    0    0 1016    0    0    1    0    0    0    0    0    0    0
     0]
 [   0    0    0    0 1018    0    0    0    0    0    0    0    0    0
     0]
 [   0    0    0    0    0  263    3    0    0    0    0    0    0    0
     0]
 [   0    1    0    0    0    0 1029    0    0    0   10    0    0    0
     0]
 [   0    0    0    0    0    0    0 1007    0    0    0    4    0    0
     9]
 [   0    0    0    0    0    0    1    0 1025    1    0    0    0    0
     0]
 [   0    0    0    0    0    0    0    0    2 1004    0    0    0    0
     0]
 [   0    0    0    0    0    0    0    0    5    0 1008    0    0    0
     0]
 [   0    0    0    0    0    0    8    2    1    0    0  989   11    0
     0]
 [   0    0    0    0    0    0    0    0    0    0    0    0  385    0
     0]
 [   0    0    0    0    0    0    0    0    0    0    0    0    0  351
     0]
 [   0    0    0    0    0    0    0    0    0    0    0    0    0    0
   541]]---
Accuracy : 99.43%
---
class acc :
	Healthy grass: 99.51
	Stressed grass: 99.71
	Synthetic grass: 100.00
	Trees: 99.61
	Soil: 100.00
	Water: 98.87
	Residential: 98.94
	Commercial: 98.73
	Road: 99.81
	Highway: 99.80
	Railway: 99.51
	Parking Lot 1: 97.82
	Parking Lot 2: 100.00
	Tennis Court: 100.00
	Running Track: 100.00
---
AA: 99.49%
Kappa: 99.39
run 4 / 5
Best validation overall accuracy 0.9962797619047619
Confusion matrix :
[[1018    0    0    0    0    7    1    0    0    0    0    0    0    0
     0]
 [   2 1026    0    0    0    0    0    0    0    0    0    0    0    0
     0]
 [   0    0  572    0    0    0    0    0    0    0    0    0    0    0
     0]
 [   0    0    0 1019    0    0    1    0    0    0    0    0    0    0
     0]
 [   0    0    0    0 1018    0    0    0    0    0    0    0    0    0
     0]
 [   0    0    0    0    0  265    1    0    0    0    0    0    0    0
     0]
 [   0    0    0    0    0    0 1021    3   13    0    3    0    0    0
     0]
 [   0    0    0    0    2    0    0  990   13    0    0   15    0    0
     0]
 [   0    0    0    0    0    0    0    0 1027    0    0    0    0    0
     0]
 [   0    0    0    0    0    0    0    0    0 1006    0    0    0    0
     0]
 [   0    0    0    0    0    0    0    0    0    0 1013    0    0    0
     0]
 [   0    0    0    0    0    0    0    0    9    0    0 1002    0    0
     0]
 [   0    0    0    0    0    0    0    0    0    5    0    1  379    0
     0]
 [   0    0    0    0    0    0    0    0    0    0    0    0    0  351
     0]
 [   0    0    0    0    0    0    0    0    0    0    0    0    0    0
   541]]---
Accuracy : 99.38%
---
class acc :
	Healthy grass: 99.22
	Stressed grass: 99.81
	Synthetic grass: 100.00
	Trees: 99.90
	Soil: 100.00
	Water: 99.62
	Residential: 98.17
	Commercial: 97.06
	Road: 100.00
	Highway: 100.00
	Railway: 100.00
	Parking Lot 1: 99.11
	Parking Lot 2: 98.44
	Tennis Court: 100.00
	Running Track: 100.00
---
AA: 99.42%
Kappa: 99.33
run 5 / 5
Best validation overall accuracy 0.9955357142857143
Confusion matrix :
[[1026    0    0    0    0    0    0    0    0    0    0    0    0    0
     0]
 [  11 1017    0    0    0    0    0    0    0    0    0    0    0    0
     0]
 [   0    0  570    0    0    0    0    0    0    0    0    0    0    0
     2]
 [   0    0    0 1020    0    0    0    0    0    0    0    0    0    0
     0]
 [   0    0    0    0 1018    0    0    0    0    0    0    0    0    0
     0]
 [   0    0    0    0    0  261    0    5    0    0    0    0    0    0
     0]
 [   0    0    0    0    0    0 1040    0    0    0    0    0    0    0
     0]
 [   0    0    0    0    0    0    0  999    0    0    0    2    0    0
    19]
 [   0    0    0    0    0    0    0    2  987   11   22    5    0    0
     0]
 [   0    0    0    0    0    0    0    0    0 1006    0    0    0    0
     0]
 [   0    0    0    0    0    0    0    0    0    0 1013    0    0    0
     0]
 [   0    0    0    0    0    0    0    0    4    0    0  994   13    0
     0]
 [   0    0    0    0    0    0    1    0    0    0    0    0  384    0
     0]
 [   0    0    0    0    0    0    0    0    0    0    0    0    0  351
     0]
 [   0    0    0    0    0    0    0    0    0    0    0    0    0    0
   541]]---
Accuracy : 99.21%
---
class acc :
	Healthy grass: 100.00
	Stressed grass: 98.93
	Synthetic grass: 99.65
	Trees: 100.00
	Soil: 100.00
	Water: 98.12
	Residential: 100.00
	Commercial: 97.94
	Road: 96.11
	Highway: 100.00
	Railway: 100.00
	Parking Lot 1: 98.32
	Parking Lot 2: 99.74
	Tennis Court: 100.00
	Running Track: 100.00
---
AA: 99.25%
Kappa: 99.15
Agregated results :
Confusion matrix :
[[1.0212e+03 0.0000e+00 0.0000e+00 2.8000e+00 0.0000e+00 1.8000e+00
  2.0000e-01 0.0000e+00 0.0000e+00 0.0000e+00 0.0000e+00 0.0000e+00
  0.0000e+00 0.0000e+00 0.0000e+00]
 [5.2000e+00 1.0228e+03 0.0000e+00 0.0000e+00 0.0000e+00 0.0000e+00
  0.0000e+00 0.0000e+00 0.0000e+00 0.0000e+00 0.0000e+00 0.0000e+00
  0.0000e+00 0.0000e+00 0.0000e+00]
 [0.0000e+00 0.0000e+00 5.7120e+02 0.0000e+00 0.0000e+00 0.0000e+00
  0.0000e+00 0.0000e+00 0.0000e+00 0.0000e+00 0.0000e+00 0.0000e+00
  0.0000e+00 0.0000e+00 8.0000e-01]
 [1.8000e+00 0.0000e+00 0.0000e+00 1.0178e+03 0.0000e+00 0.0000e+00
  4.0000e-01 0.0000e+00 0.0000e+00 0.0000e+00 0.0000e+00 0.0000e+00
  0.0000e+00 0.0000e+00 0.0000e+00]
 [0.0000e+00 0.0000e+00 0.0000e+00 0.0000e+00 1.0180e+03 0.0000e+00
  0.0000e+00 0.0000e+00 0.0000e+00 0.0000e+00 0.0000e+00 0.0000e+00
  0.0000e+00 0.0000e+00 0.0000e+00]
 [0.0000e+00 0.0000e+00 0.0000e+00 0.0000e+00 0.0000e+00 2.6340e+02
  8.0000e-01 1.8000e+00 0.0000e+00 0.0000e+00 0.0000e+00 0.0000e+00
  0.0000e+00 0.0000e+00 0.0000e+00]
 [0.0000e+00 2.0000e-01 0.0000e+00 0.0000e+00 0.0000e+00 6.0000e-01
  1.0302e+03 6.0000e-01 5.8000e+00 0.0000e+00 2.6000e+00 0.0000e+00
  0.0000e+00 0.0000e+00 0.0000e+00]
 [0.0000e+00 0.0000e+00 0.0000e+00 0.0000e+00 1.0000e+00 0.0000e+00
  4.6000e+00 9.9540e+02 3.8000e+00 0.0000e+00 0.0000e+00 7.4000e+00
  4.0000e-01 0.0000e+00 7.4000e+00]
 [0.0000e+00 0.0000e+00 0.0000e+00 0.0000e+00 0.0000e+00 0.0000e+00
  2.0000e-01 4.0000e-01 1.0186e+03 2.4000e+00 4.4000e+00 1.0000e+00
  0.0000e+00 0.0000e+00 0.0000e+00]
 [0.0000e+00 0.0000e+00 0.0000e+00 0.0000e+00 0.0000e+00 0.0000e+00
  0.0000e+00 0.0000e+00 8.0000e-01 1.0052e+03 0.0000e+00 0.0000e+00
  0.0000e+00 0.0000e+00 0.0000e+00]
 [0.0000e+00 0.0000e+00 0.0000e+00 0.0000e+00 0.0000e+00 0.0000e+00
  0.0000e+00 0.0000e+00 1.6000e+00 0.0000e+00 1.0114e+03 0.0000e+00
  0.0000e+00 0.0000e+00 0.0000e+00]
 [0.0000e+00 0.0000e+00 0.0000e+00 0.0000e+00 2.0000e-01 0.0000e+00
  3.6000e+00 4.0000e-01 4.2000e+00 0.0000e+00 0.0000e+00 9.9780e+02
  4.8000e+00 0.0000e+00 0.0000e+00]
 [0.0000e+00 0.0000e+00 0.0000e+00 0.0000e+00 0.0000e+00 0.0000e+00
  2.0000e-01 0.0000e+00 0.0000e+00 1.0000e+00 0.0000e+00 2.0000e-01
  3.8360e+02 0.0000e+00 0.0000e+00]
 [0.0000e+00 0.0000e+00 0.0000e+00 0.0000e+00 0.0000e+00 0.0000e+00
  0.0000e+00 0.0000e+00 0.0000e+00 0.0000e+00 0.0000e+00 0.0000e+00
  0.0000e+00 3.5100e+02 0.0000e+00]
 [0.0000e+00 0.0000e+00 0.0000e+00 0.0000e+00 0.0000e+00 0.0000e+00
  0.0000e+00 0.0000e+00 0.0000e+00 0.0000e+00 0.0000e+00 0.0000e+00
  0.0000e+00 0.0000e+00 5.4100e+02]]---
Accuracy: 99.39 +- 0.10
---
class acc :
	Healthy grass: 99.53 +- 0.42
	Stressed grass: 99.49 +- 0.43
	Synthetic grass: 99.86 +- 0.13
	Trees: 99.78 +- 0.24
	Soil: 100.00 +- 0.00
	Water: 99.02 +- 0.70
	Residential: 99.06 +- 0.60
	Commercial: 97.59 +- 0.88
	Road: 99.18 +- 1.54
	Highway: 99.92 +- 0.10
	Railway: 99.84 +- 0.20
	Parking Lot 1: 98.69 +- 0.77
	Parking Lot 2: 99.64 +- 0.61
	Tennis Court: 100.00 +- 0.00
	Running Track: 100.00 +- 0.00
---
AA: 99.44 +- 0.10
Kappa: 99.34 +- 0.11
