run 1 / 5
Best validation overall accuracy 0.9943181818181818
Confusion matrix :
[[1095   20    0   11    0    0    0    0    0    0    0    0    0    0
     0]
 [   1 1128    0    0    0    0    0    0    0    0    0    0    0    0
     0]
 [   0    0  627    0    0    0    0    0    0    0    0    0    0    0
     0]
 [   0    0    0 1120    0    0    0    0    0    0    0    0    0    0
     0]
 [   0    0    0    0 1118    0    0    0    0    0    0    0    0    0
     0]
 [   0    0    0    0    0  292    0    0    0    0    0    0    0    0
     0]
 [   0    1    0    0    9    0 1125    0    0    0    6    0    0    0
     0]
 [   0    0    0    0    8    0    1 1050    0   16   31    4    1    0
     9]
 [   0    0    0    0    4    0    0    2 1086   20    3   12    0    0
     0]
 [   0    0    0    0    0    0    0    0    0 1104    0    0    0    0
     0]
 [   0    0    0    0    0    0    0    0    0    0 1112    0    0    0
     0]
 [   0    0    0    0    1    0    6    0    0    0    0 1103    0    0
     0]
 [   0    0    0    0    0    0    0    0    0    0    0    0  422    0
     0]
 [   0    0    0    0    0    0    0    0    0    0    0    0    0  385
     0]
 [   0    0    0    0    0    0    0    0    0    0    0    0    0    0
   594]]---
Accuracy : 98.77%
---
class acc :
	Healthy grass: 97.25
	Stressed grass: 99.91
	Synthetic grass: 100.00
	Trees: 100.00
	Soil: 100.00
	Water: 100.00
	Residential: 98.60
	Commercial: 93.75
	Road: 96.36
	Highway: 100.00
	Railway: 100.00
	Parking Lot 1: 99.37
	Parking Lot 2: 100.00
	Tennis Court: 100.00
	Running Track: 100.00
---
AA: 99.02%
Kappa: 98.67
run 2 / 5
Best validation overall accuracy 0.9914772727272727
Confusion matrix :
[[1119    3    0    4    0    0    0    0    0    0    0    0    0    0
     0]
 [  18 1111    0    0    0    0    0    0    0    0    0    0    0    0
     0]
 [   0    0  625    0    0    0    0    0    0    0    0    0    0    0
     2]
 [   6    0    0 1113    0    0    1    0    0    0    0    0    0    0
     0]
 [   0    0    0    0 1118    0    0    0    0    0    0    0    0    0
     0]
 [   0    0    0    0    0  290    2    0    0    0    0    0    0    0
     0]
 [   0    0    0    0    0    0 1141    0    0    0    0    0    0    0
     0]
 [   0    0    0    0    0    0    9 1068    0    0    0   43    0    0
     0]
 [   0    0    0    0    0    0    0    0 1099    6    0   22    0    0
     0]
 [   0    0    0    0    0    0    0    0    0 1104    0    0    0    0
     0]
 [   0    0    0    0    0    0    0    0    0    0 1112    0    0    0
     0]
 [   0    0    0    0    0    0   12    0    3    0    0 1095    0    0
     0]
 [   0    0    0    0    0    0    0    0    0    0    2    6  414    0
     0]
 [   0    0    0    0    0    0    0    0    0    0    0    0    0  385
     0]
 [   0    0    0    0    0    0    0    0    0    0    0    0    0    0
   594]]---
Accuracy : 98.97%
---
class acc :
	Healthy grass: 99.38
	Stressed grass: 98.41
	Synthetic grass: 99.68
	Trees: 99.38
	Soil: 100.00
	Water: 99.32
	Residential: 100.00
	Commercial: 95.36
	Road: 97.52
	Highway: 100.00
	Railway: 100.00
	Parking Lot 1: 98.65
	Parking Lot 2: 98.10
	Tennis Court: 100.00
	Running Track: 100.00
---
AA: 99.05%
Kappa: 98.89
run 3 / 5
Best validation overall accuracy 0.9886363636363636
Confusion matrix :
[[1075   48    0    2    0    1    0    0    0    0    0    0    0    0
     0]
 [   3 1126    0    0    0    0    0    0    0    0    0    0    0    0
     0]
 [   0    0  627    0    0    0    0    0    0    0    0    0    0    0
     0]
 [   3    2    0 1108    0    0    4    0    0    0    3    0    0    0
     0]
 [   0    0    0    0 1115    0    0    3    0    0    0    0    0    0
     0]
 [   0    0    0    1    0  286    0    0    0    0    0    0    5    0
     0]
 [   0    0    0    0    0    0 1138    0    1    0    2    0    0    0
     0]
 [   0    0    0    0    6    0    0 1065    0    0    0   21    0    7
    21]
 [   0    0    0    0    0    0    7    0 1101    0   19    0    0    0
     0]
 [   0    0    0    0    0    0    0    0    0 1104    0    0    0    0
     0]
 [   0    0    0    0    0    0    0    0    0    2 1110    0    0    0
     0]
 [   0    0    0    0    0    0   17    0   16    0    0 1073    4    0
     0]
 [   0    0    0    0    0    0    0    0    0   18    0    1  403    0
     0]
 [   0    0    0    0    0    0    0    0    0    0    0    0    0  385
     0]
 [   0    0    0    0    0    0    0    0    0    0    0    0    0    0
   594]]---
Accuracy : 98.40%
---
class acc :
	Healthy grass: 95.47
	Stressed grass: 99.73
	Synthetic grass: 100.00
	Trees: 98.93
	Soil: 99.73
	Water: 97.95
	Residential: 99.74
	Commercial: 95.09
	Road: 97.69
	Highway: 100.00
	Railway: 99.82
	Parking Lot 1: 96.67
	Parking Lot 2: 95.50
	Tennis Court: 100.00
	Running Track: 100.00
---
AA: 98.42%
Kappa: 98.27
run 4 / 5
Best validation overall accuracy 0.9872159090909091
Confusion matrix :
[[1113    2    0    7    0    4    0    0    0    0    0    0    0    0
     0]
 [   9 1120    0    0    0    0    0    0    0    0    0    0    0    0
     0]
 [   0    0  627    0    0    0    0    0    0    0    0    0    0    0
     0]
 [  13    0    0 1095    0    0    8    0    4    0    0    0    0    0
     0]
 [   0    0    0    0 1118    0    0    0    0    0    0    0    0    0
     0]
 [   0    0    0    0    0  252   36    0    4    0    0    0    0    0
     0]
 [   0    0    0    0    0    0 1141    0    0    0    0    0    0    0
     0]
 [   0    0    0    0    6    0    3 1063    8    2    0   17    0    0
    21]
 [   0    0    0    0    0    0    0    0 1122    4    0    1    0    0
     0]
 [   0    0    0    0    0    0    0    0    2 1100    0    2    0    0
     0]
 [   0    0    0    0    0    0    3    0    0    0 1109    0    0    0
     0]
 [   0    0    0    0    0    0    1    0    9    0    0 1100    0    0
     0]
 [   0    0    0    0    0    0    0    0    0    0    0    1  421    0
     0]
 [   0    0    0    0    0    0    0    0    0    0    0    0    0  385
     0]
 [   0    0    0    0    0    0    0    0    0    0    0    0    0    0
   594]]---
Accuracy : 98.77%
---
class acc :
	Healthy grass: 98.85
	Stressed grass: 99.20
	Synthetic grass: 100.00
	Trees: 97.77
	Soil: 100.00
	Water: 86.30
	Residential: 100.00
	Commercial: 94.91
	Road: 99.56
	Highway: 99.64
	Railway: 99.73
	Parking Lot 1: 99.10
	Parking Lot 2: 99.76
	Tennis Court: 100.00
	Running Track: 100.00
---
AA: 98.32%
Kappa: 98.67
run 5 / 5
Best validation overall accuracy 0.9900568181818182
Confusion matrix :
[[1124    0    0    0    0    0    2    0    0    0    0    0    0    0
     0]
 [   7 1122    0    0    0    0    0    0    0    0    0    0    0    0
     0]
 [   0    0  626    0    0    0    0    0    0    0    0    0    0    0
     1]
 [   1    0    0 1116    0    0    3    0    0    0    0    0    0    0
     0]
 [   0    0    0    0 1118    0    0    0    0    0    0    0    0    0
     0]
 [   0    0    0    0    0  288    0    4    0    0    0    0    0    0
     0]
 [   0    0    0    0    0    0 1132    0    9    0    0    0    0    0
     0]
 [   0    0    0    0    3    0   26 1047    0    0    0    5   15    0
    24]
 [   0    0    0    0    0    0    4    0 1094   13    9    7    0    0
     0]
 [   0    0    0    0    0    0    0    0    0 1080    0    0   24    0
     0]
 [   0    0    0    0    0    0    0    0    0   21 1090    0    1    0
     0]
 [   0    0    0    0    0    0   10    0    4    0    0 1082   14    0
     0]
 [   0    0    0    0    0    0    0    0    0    0    0    0  422    0
     0]
 [   0    0    0    0    0    0    0    0    0    0    0    0    0  385
     0]
 [   0    0    0    0    0    0    0    0    0    0    0    0    0    0
   594]]---
Accuracy : 98.47%
---
class acc :
	Healthy grass: 99.82
	Stressed grass: 99.38
	Synthetic grass: 99.84
	Trees: 99.64
	Soil: 100.00
	Water: 98.63
	Residential: 99.21
	Commercial: 93.48
	Road: 97.07
	Highway: 97.83
	Railway: 98.02
	Parking Lot 1: 97.48
	Parking Lot 2: 100.00
	Tennis Court: 100.00
	Running Track: 100.00
---
AA: 98.69%
Kappa: 98.35
Agregated results :
Confusion matrix :
[[1.1052e+03 1.4600e+01 0.0000e+00 4.8000e+00 0.0000e+00 1.0000e+00
  4.0000e-01 0.0000e+00 0.0000e+00 0.0000e+00 0.0000e+00 0.0000e+00
  0.0000e+00 0.0000e+00 0.0000e+00]
 [7.6000e+00 1.1214e+03 0.0000e+00 0.0000e+00 0.0000e+00 0.0000e+00
  0.0000e+00 0.0000e+00 0.0000e+00 0.0000e+00 0.0000e+00 0.0000e+00
  0.0000e+00 0.0000e+00 0.0000e+00]
 [0.0000e+00 0.0000e+00 6.2640e+02 0.0000e+00 0.0000e+00 0.0000e+00
  0.0000e+00 0.0000e+00 0.0000e+00 0.0000e+00 0.0000e+00 0.0000e+00
  0.0000e+00 0.0000e+00 6.0000e-01]
 [4.6000e+00 4.0000e-01 0.0000e+00 1.1104e+03 0.0000e+00 0.0000e+00
  3.2000e+00 0.0000e+00 8.0000e-01 0.0000e+00 6.0000e-01 0.0000e+00
  0.0000e+00 0.0000e+00 0.0000e+00]
 [0.0000e+00 0.0000e+00 0.0000e+00 0.0000e+00 1.1174e+03 0.0000e+00
  0.0000e+00 6.0000e-01 0.0000e+00 0.0000e+00 0.0000e+00 0.0000e+00
  0.0000e+00 0.0000e+00 0.0000e+00]
 [0.0000e+00 0.0000e+00 0.0000e+00 2.0000e-01 0.0000e+00 2.8160e+02
  7.6000e+00 8.0000e-01 8.0000e-01 0.0000e+00 0.0000e+00 0.0000e+00
  1.0000e+00 0.0000e+00 0.0000e+00]
 [0.0000e+00 2.0000e-01 0.0000e+00 0.0000e+00 1.8000e+00 0.0000e+00
  1.1354e+03 0.0000e+00 2.0000e+00 0.0000e+00 1.6000e+00 0.0000e+00
  0.0000e+00 0.0000e+00 0.0000e+00]
 [0.0000e+00 0.0000e+00 0.0000e+00 0.0000e+00 4.6000e+00 0.0000e+00
  7.8000e+00 1.0586e+03 1.6000e+00 3.6000e+00 6.2000e+00 1.8000e+01
  3.2000e+00 1.4000e+00 1.5000e+01]
 [0.0000e+00 0.0000e+00 0.0000e+00 0.0000e+00 8.0000e-01 0.0000e+00
  2.2000e+00 4.0000e-01 1.1004e+03 8.6000e+00 6.2000e+00 8.4000e+00
  0.0000e+00 0.0000e+00 0.0000e+00]
 [0.0000e+00 0.0000e+00 0.0000e+00 0.0000e+00 0.0000e+00 0.0000e+00
  0.0000e+00 0.0000e+00 4.0000e-01 1.0984e+03 0.0000e+00 4.0000e-01
  4.8000e+00 0.0000e+00 0.0000e+00]
 [0.0000e+00 0.0000e+00 0.0000e+00 0.0000e+00 0.0000e+00 0.0000e+00
  6.0000e-01 0.0000e+00 0.0000e+00 4.6000e+00 1.1066e+03 0.0000e+00
  2.0000e-01 0.0000e+00 0.0000e+00]
 [0.0000e+00 0.0000e+00 0.0000e+00 0.0000e+00 2.0000e-01 0.0000e+00
  9.2000e+00 0.0000e+00 6.4000e+00 0.0000e+00 0.0000e+00 1.0906e+03
  3.6000e+00 0.0000e+00 0.0000e+00]
 [0.0000e+00 0.0000e+00 0.0000e+00 0.0000e+00 0.0000e+00 0.0000e+00
  0.0000e+00 0.0000e+00 0.0000e+00 3.6000e+00 4.0000e-01 1.6000e+00
  4.1640e+02 0.0000e+00 0.0000e+00]
 [0.0000e+00 0.0000e+00 0.0000e+00 0.0000e+00 0.0000e+00 0.0000e+00
  0.0000e+00 0.0000e+00 0.0000e+00 0.0000e+00 0.0000e+00 0.0000e+00
  0.0000e+00 3.8500e+02 0.0000e+00]
 [0.0000e+00 0.0000e+00 0.0000e+00 0.0000e+00 0.0000e+00 0.0000e+00
  0.0000e+00 0.0000e+00 0.0000e+00 0.0000e+00 0.0000e+00 0.0000e+00
  0.0000e+00 0.0000e+00 5.9400e+02]]---
Accuracy: 98.68 +- 0.21
---
class acc :
	Healthy grass: 98.15 +- 1.60
	Stressed grass: 99.33 +- 0.52
	Synthetic grass: 99.90 +- 0.13
	Trees: 99.14 +- 0.77
	Soil: 99.95 +- 0.11
	Water: 96.44 +- 5.11
	Residential: 99.51 +- 0.54
	Commercial: 94.52 +- 0.75
	Road: 97.64 +- 1.06
	Highway: 99.49 +- 0.85
	Railway: 99.51 +- 0.75
	Parking Lot 1: 98.25 +- 1.02
	Parking Lot 2: 98.67 +- 1.74
	Tennis Court: 100.00 +- 0.00
	Running Track: 100.00 +- 0.00
---
AA: 98.70 +- 0.30
Kappa: 98.57 +- 0.23
