run 1 / 5
Best validation overall accuracy 0.9872159090909091
Confusion matrix :
[[1126    0    0    0    0    0    0    0    0    0    0    0    0    0
     0]
 [  11 1118    0    0    0    0    0    0    0    0    0    0    0    0
     0]
 [   0    0  627    0    0    0    0    0    0    0    0    0    0    0
     0]
 [   5    0    0 1115    0    0    0    0    0    0    0    0    0    0
     0]
 [   0    0    0    0 1118    0    0    0    0    0    0    0    0    0
     0]
 [   0    0    0    0    0  292    0    0    0    0    0    0    0    0
     0]
 [   0    0    0    0    0    1 1126   11    2    0    1    0    0    0
     0]
 [   0    0    0    0    0    0    0 1028   18   17   28   19    1    0
     9]
 [   0    0    0    0    0    0    0    1 1082   21   13   10    0    0
     0]
 [   0    0    0    0    0    0    0    0    2 1102    0    0    0    0
     0]
 [   0    0    0    0    0    0    0    0    0    9 1100    0    3    0
     0]
 [   0    0    0    0    1    0   39    0   10   15    0 1045    0    0
     0]
 [   0    0    0    0    0    0    0    0    0    2    4    0  416    0
     0]
 [   0    0    0    0    0    0    0    0    0    0    0    0    0  385
     0]
 [   0    0    0    0    0    0    0    0    0    0    0    0    0    0
   594]]---
Accuracy : 98.13%
---
class acc :
	Healthy grass: 100.00
	Stressed grass: 99.03
	Synthetic grass: 100.00
	Trees: 99.55
	Soil: 100.00
	Water: 100.00
	Residential: 98.69
	Commercial: 91.79
	Road: 96.01
	Highway: 99.82
	Railway: 98.92
	Parking Lot 1: 94.14
	Parking Lot 2: 98.58
	Tennis Court: 100.00
	Running Track: 100.00
---
AA: 98.43%
Kappa: 97.98
run 2 / 5
Best validation overall accuracy 0.9857954545454546
Confusion matrix :
[[1099   27    0    0    0    0    0    0    0    0    0    0    0    0
     0]
 [   5 1124    0    0    0    0    0    0    0    0    0    0    0    0
     0]
 [   0    0  627    0    0    0    0    0    0    0    0    0    0    0
     0]
 [  48    0    0 1065    0    0    7    0    0    0    0    0    0    0
     0]
 [   0    0    0    0 1118    0    0    0    0    0    0    0    0    0
     0]
 [   0    0    0    0    0  287    0    0    5    0    0    0    0    0
     0]
 [   0    0    0    0    0    0 1126    5    7    0    2    1    0    0
     0]
 [   0    0    0    0    0    0    0 1089    1    0    0   30    0    0
     0]
 [   0    0    0    0    0    0    0    8 1079   31    0    9    0    0
     0]
 [   0    0    0    0    0    0    0    0    5 1099    0    0    0    0
     0]
 [   0    0    0    0    0    0    1    0   23   15 1073    0    0    0
     0]
 [   0    0    0    0    0    0   18   11    2    0    0 1079    0    0
     0]
 [   0    0    0    0    0    0    0    0    0    6    2    0  414    0
     0]
 [   0    0    0    0    0    0    0    0    0    0    0    0    0  385
     0]
 [   0    0    0    0    0    0    0    0    0    0    0    0    0    0
   594]]---
Accuracy : 98.01%
---
class acc :
	Healthy grass: 97.60
	Stressed grass: 99.56
	Synthetic grass: 100.00
	Trees: 95.09
	Soil: 100.00
	Water: 98.29
	Residential: 98.69
	Commercial: 97.23
	Road: 95.74
	Highway: 99.55
	Railway: 96.49
	Parking Lot 1: 97.21
	Parking Lot 2: 98.10
	Tennis Court: 100.00
	Running Track: 100.00
---
AA: 98.24%
Kappa: 97.85
run 3 / 5
Best validation overall accuracy 0.9857954545454546
Confusion matrix :
[[1035   52    0   39    0    0    0    0    0    0    0    0    0    0
     0]
 [   4 1125    0    0    0    0    0    0    0    0    0    0    0    0
     0]
 [   0    0  627    0    0    0    0    0    0    0    0    0    0    0
     0]
 [   0    1    0 1119    0    0    0    0    0    0    0    0    0    0
     0]
 [   0    0    0    0 1118    0    0    0    0    0    0    0    0    0
     0]
 [   0    0    0    0    0  290    0    0    2    0    0    0    0    0
     0]
 [   0    0    0    0    0    2 1130    0    4    0    3    2    0    0
     0]
 [   0    0    0    0    5    0    0 1059    2    0    0   21    5   17
    11]
 [   0    0    0    0    7    0    2    0 1085    6   25    2    0    0
     0]
 [   0    0    0    0    0    0    0    0    5 1075   16    8    0    0
     0]
 [   0    0    0    0    0    0    0    0    3    0 1109    0    0    0
     0]
 [   0    0    0    0    0    0   17    0    0   27    0 1066    0    0
     0]
 [   0    0    0    0    0    0    0    0    0    1   17    0  404    0
     0]
 [   0    0    0    0    0    0    0    0    0    0    0    0    0  385
     0]
 [   0    0    0    0    0    0    0    0    0    0    0    0    0    0
   594]]---
Accuracy : 97.74%
---
class acc :
	Healthy grass: 91.92
	Stressed grass: 99.65
	Synthetic grass: 100.00
	Trees: 99.91
	Soil: 100.00
	Water: 99.32
	Residential: 99.04
	Commercial: 94.55
	Road: 96.27
	Highway: 97.37
	Railway: 99.73
	Parking Lot 1: 96.04
	Parking Lot 2: 95.73
	Tennis Court: 100.00
	Running Track: 100.00
---
AA: 97.97%
Kappa: 97.55
run 4 / 5
Best validation overall accuracy 0.9772727272727273
Confusion matrix :
[[1085    0    0   40    0    1    0    0    0    0    0    0    0    0
     0]
 [   8 1121    0    0    0    0    0    0    0    0    0    0    0    0
     0]
 [   0    0  627    0    0    0    0    0    0    0    0    0    0    0
     0]
 [   6    0    0 1113    0    0    0    0    1    0    0    0    0    0
     0]
 [   0    0    0    0 1118    0    0    0    0    0    0    0    0    0
     0]
 [   0    0    0    0    0  251   36    1    4    0    0    0    0    0
     0]
 [   0    0    0    1    0    0 1115    0    2    0    3   20    0    0
     0]
 [   0    0    0    0    0    0   22 1049    0    0    0   41    0    0
     8]
 [   0    0    0    0    0    0    9    0 1070   31    7   10    0    0
     0]
 [   0    0    0    0    0    0    0    0    9 1093    2    0    0    0
     0]
 [   0    0    0    0    0    0    0    0    4    0 1108    0    0    0
     0]
 [   0    0    0    0    0    0    6    4    6    2    0 1092    0    0
     0]
 [   0    0    0    0    0    0    0    0    0    0    1    0  421    0
     0]
 [   0    0    0    0    0    0    0    0    0    0    0    0    0  385
     0]
 [   0    0    0    0    0    0    0    0    0    0    0    0    0    0
   594]]---
Accuracy : 97.89%
---
class acc :
	Healthy grass: 96.36
	Stressed grass: 99.29
	Synthetic grass: 100.00
	Trees: 99.38
	Soil: 100.00
	Water: 85.96
	Residential: 97.72
	Commercial: 93.66
	Road: 94.94
	Highway: 99.00
	Railway: 99.64
	Parking Lot 1: 98.38
	Parking Lot 2: 99.76
	Tennis Court: 100.00
	Running Track: 100.00
---
AA: 97.61%
Kappa: 97.72
run 5 / 5
Best validation overall accuracy 0.9857954545454546
Confusion matrix :
[[1087   15    0   24    0    0    0    0    0    0    0    0    0    0
     0]
 [  13 1116    0    0    0    0    0    0    0    0    0    0    0    0
     0]
 [   0    0  627    0    0    0    0    0    0    0    0    0    0    0
     0]
 [   0    2    0 1118    0    0    0    0    0    0    0    0    0    0
     0]
 [   0    0    0    0 1118    0    0    0    0    0    0    0    0    0
     0]
 [   0    0    0    0    0  286    0    0    6    0    0    0    0    0
     0]
 [   0    1    0    3    0    0 1097   20   11    0    7    0    2    0
     0]
 [   0    0    0    0    0    0   26 1062    1    0    0    8    1   20
     2]
 [   0    0    0    0    0    0    2   10 1094   14    0    7    0    0
     0]
 [   0    0    0    0    0    0    0    0    0 1102    1    0    1    0
     0]
 [   0    0    0    0    0    0    0    0    5    0 1079    0   28    0
     0]
 [   0    0    0    0    0    0   39    4   11    0    0 1056    0    0
     0]
 [   0    0    0    0    0    0    0    0    0    0    0    0  422    0
     0]
 [   0    0    0    0    0    0    0    0    0    0    0    0    0  385
     0]
 [   0    0    0    0    0    0    0    0    0    0    0    0    0    0
   594]]---
Accuracy : 97.90%
---
class acc :
	Healthy grass: 96.54
	Stressed grass: 98.85
	Synthetic grass: 100.00
	Trees: 99.82
	Soil: 100.00
	Water: 97.95
	Residential: 96.14
	Commercial: 94.82
	Road: 97.07
	Highway: 99.82
	Railway: 97.03
	Parking Lot 1: 95.14
	Parking Lot 2: 100.00
	Tennis Court: 100.00
	Running Track: 100.00
---
AA: 98.21%
Kappa: 97.73
Agregated results :
Confusion matrix :
[[1.0864e+03 1.8800e+01 0.0000e+00 2.0600e+01 0.0000e+00 2.0000e-01
  0.0000e+00 0.0000e+00 0.0000e+00 0.0000e+00 0.0000e+00 0.0000e+00
  0.0000e+00 0.0000e+00 0.0000e+00]
 [8.2000e+00 1.1208e+03 0.0000e+00 0.0000e+00 0.0000e+00 0.0000e+00
  0.0000e+00 0.0000e+00 0.0000e+00 0.0000e+00 0.0000e+00 0.0000e+00
  0.0000e+00 0.0000e+00 0.0000e+00]
 [0.0000e+00 0.0000e+00 6.2700e+02 0.0000e+00 0.0000e+00 0.0000e+00
  0.0000e+00 0.0000e+00 0.0000e+00 0.0000e+00 0.0000e+00 0.0000e+00
  0.0000e+00 0.0000e+00 0.0000e+00]
 [1.1800e+01 6.0000e-01 0.0000e+00 1.1060e+03 0.0000e+00 0.0000e+00
  1.4000e+00 0.0000e+00 2.0000e-01 0.0000e+00 0.0000e+00 0.0000e+00
  0.0000e+00 0.0000e+00 0.0000e+00]
 [0.0000e+00 0.0000e+00 0.0000e+00 0.0000e+00 1.1180e+03 0.0000e+00
  0.0000e+00 0.0000e+00 0.0000e+00 0.0000e+00 0.0000e+00 0.0000e+00
  0.0000e+00 0.0000e+00 0.0000e+00]
 [0.0000e+00 0.0000e+00 0.0000e+00 0.0000e+00 0.0000e+00 2.8120e+02
  7.2000e+00 2.0000e-01 3.4000e+00 0.0000e+00 0.0000e+00 0.0000e+00
  0.0000e+00 0.0000e+00 0.0000e+00]
 [0.0000e+00 2.0000e-01 0.0000e+00 8.0000e-01 0.0000e+00 6.0000e-01
  1.1188e+03 7.2000e+00 5.2000e+00 0.0000e+00 3.2000e+00 4.6000e+00
  4.0000e-01 0.0000e+00 0.0000e+00]
 [0.0000e+00 0.0000e+00 0.0000e+00 0.0000e+00 1.0000e+00 0.0000e+00
  9.6000e+00 1.0574e+03 4.4000e+00 3.4000e+00 5.6000e+00 2.3800e+01
  1.4000e+00 7.4000e+00 6.0000e+00]
 [0.0000e+00 0.0000e+00 0.0000e+00 0.0000e+00 1.4000e+00 0.0000e+00
  2.6000e+00 3.8000e+00 1.0820e+03 2.0600e+01 9.0000e+00 7.6000e+00
  0.0000e+00 0.0000e+00 0.0000e+00]
 [0.0000e+00 0.0000e+00 0.0000e+00 0.0000e+00 0.0000e+00 0.0000e+00
  0.0000e+00 0.0000e+00 4.2000e+00 1.0942e+03 3.8000e+00 1.6000e+00
  2.0000e-01 0.0000e+00 0.0000e+00]
 [0.0000e+00 0.0000e+00 0.0000e+00 0.0000e+00 0.0000e+00 0.0000e+00
  2.0000e-01 0.0000e+00 7.0000e+00 4.8000e+00 1.0938e+03 0.0000e+00
  6.2000e+00 0.0000e+00 0.0000e+00]
 [0.0000e+00 0.0000e+00 0.0000e+00 0.0000e+00 2.0000e-01 0.0000e+00
  2.3800e+01 3.8000e+00 5.8000e+00 8.8000e+00 0.0000e+00 1.0676e+03
  0.0000e+00 0.0000e+00 0.0000e+00]
 [0.0000e+00 0.0000e+00 0.0000e+00 0.0000e+00 0.0000e+00 0.0000e+00
  0.0000e+00 0.0000e+00 0.0000e+00 1.8000e+00 4.8000e+00 0.0000e+00
  4.1540e+02 0.0000e+00 0.0000e+00]
 [0.0000e+00 0.0000e+00 0.0000e+00 0.0000e+00 0.0000e+00 0.0000e+00
  0.0000e+00 0.0000e+00 0.0000e+00 0.0000e+00 0.0000e+00 0.0000e+00
  0.0000e+00 3.8500e+02 0.0000e+00]
 [0.0000e+00 0.0000e+00 0.0000e+00 0.0000e+00 0.0000e+00 0.0000e+00
  0.0000e+00 0.0000e+00 0.0000e+00 0.0000e+00 0.0000e+00 0.0000e+00
  0.0000e+00 0.0000e+00 5.9400e+02]]---
Accuracy: 97.93 +- 0.13
---
class acc :
	Healthy grass: 96.48 +- 2.63
	Stressed grass: 99.27 +- 0.30
	Synthetic grass: 100.00 +- 0.00
	Trees: 98.75 +- 1.84
	Soil: 100.00 +- 0.00
	Water: 96.30 +- 5.22
	Residential: 98.05 +- 1.05
	Commercial: 94.41 +- 1.77
	Road: 96.01 +- 0.69
	Highway: 99.11 +- 0.92
	Railway: 98.36 +- 1.35
	Parking Lot 1: 96.18 +- 1.49
	Parking Lot 2: 98.44 +- 1.53
	Tennis Court: 100.00 +- 0.00
	Running Track: 100.00 +- 0.00
---
AA: 98.09 +- 0.28
Kappa: 97.77 +- 0.14
