run 1 / 5
Best validation overall accuracy 0.9914772727272727
Confusion matrix :
[[1112    0    0   14    0    0    0    0    0    0    0    0    0    0
     0]
 [  13 1116    0    0    0    0    0    0    0    0    0    0    0    0
     0]
 [   0    0  627    0    0    0    0    0    0    0    0    0    0    0
     0]
 [   0    0    0 1120    0    0    0    0    0    0    0    0    0    0
     0]
 [   0    0    0    0 1118    0    0    0    0    0    0    0    0    0
     0]
 [   1    0    0    0    0  291    0    0    0    0    0    0    0    0
     0]
 [   0    0    0    0    0    0 1121    0    6    0   14    0    0    0
     0]
 [   0    0    0    0   11    0    0 1047    0   17   26    8    0    0
    11]
 [   0    0    0    0    3    0    0    2 1105   16    1    0    0    0
     0]
 [   0    0    0    0    0    0    0    0    0 1104    0    0    0    0
     0]
 [   0    0    0    0    0    0    0    0    0    0 1112    0    0    0
     0]
 [   0    0    0    0    2    0    3    0    0    1    0 1101    3    0
     0]
 [   0    0    0    0    0    0    0    0    0   13    5    1  403    0
     0]
 [   0    0    0    0    0    0    0    0    0    0    0    0    0  385
     0]
 [   0    0    0    0    0    0    0    0    0    0    0    0    0    0
   594]]---
Accuracy : 98.74%
---
class acc :
	Healthy grass: 98.76
	Stressed grass: 98.85
	Synthetic grass: 100.00
	Trees: 100.00
	Soil: 100.00
	Water: 99.66
	Residential: 98.25
	Commercial: 93.48
	Road: 98.05
	Highway: 100.00
	Railway: 100.00
	Parking Lot 1: 99.19
	Parking Lot 2: 95.50
	Tennis Court: 100.00
	Running Track: 100.00
---
AA: 98.78%
Kappa: 98.63
run 2 / 5
Best validation overall accuracy 0.9886363636363636
Confusion matrix :
[[1126    0    0    0    0    0    0    0    0    0    0    0    0    0
     0]
 [  29 1100    0    0    0    0    0    0    0    0    0    0    0    0
     0]
 [   0    0  624    0    0    0    0    0    0    0    0    0    0    0
     3]
 [   0    0    0 1120    0    0    0    0    0    0    0    0    0    0
     0]
 [   0    0    0    0 1118    0    0    0    0    0    0    0    0    0
     0]
 [   3    0    0    0    0  284    0    0    5    0    0    0    0    0
     0]
 [   0    0    0    0    0    0 1133    0    8    0    0    0    0    0
     0]
 [   0    0    0    0    0    0    0 1078    3    0    0   33    6    0
     0]
 [   0    0    0    0   19    0    0    0 1098    2    0    8    0    0
     0]
 [   0    0    0    0    0    0    0    0    6 1098    0    0    0    0
     0]
 [   0    0    0    0    0    0    0    0    1    3 1108    0    0    0
     0]
 [   0    0    0    0    0    0   20    0   20    0    0 1067    3    0
     0]
 [   0    0    0    0    0    0    0    0    0   17    1    8  396    0
     0]
 [   0    0    0    0    0    0    0    0    0    0    0    0    0  385
     0]
 [   0    0    0    0    0    0    0    0    0    0    0    0    0    0
   594]]---
Accuracy : 98.54%
---
class acc :
	Healthy grass: 100.00
	Stressed grass: 97.43
	Synthetic grass: 99.52
	Trees: 100.00
	Soil: 100.00
	Water: 97.26
	Residential: 99.30
	Commercial: 96.25
	Road: 97.43
	Highway: 99.46
	Railway: 99.64
	Parking Lot 1: 96.13
	Parking Lot 2: 93.84
	Tennis Court: 100.00
	Running Track: 100.00
---
AA: 98.42%
Kappa: 98.42
run 3 / 5
Best validation overall accuracy 0.9829545454545454
Confusion matrix :
[[1067   39    0   12    0    8    0    0    0    0    0    0    0    0
     0]
 [  16 1113    0    0    0    0    0    0    0    0    0    0    0    0
     0]
 [   0    0  627    0    0    0    0    0    0    0    0    0    0    0
     0]
 [   0    0    0 1117    0    0    3    0    0    0    0    0    0    0
     0]
 [   0    0    0    0 1118    0    0    0    0    0    0    0    0    0
     0]
 [   0    0    0    0    0  286    0    0    6    0    0    0    0    0
     0]
 [   0    0    0    0    0    4 1123    0    1    0   13    0    0    0
     0]
 [   0   23    0    0    1    0    0 1047    7    0    0   14    0   19
     9]
 [   0    0    0    0    0    0   13    0 1097    0   17    0    0    0
     0]
 [   0    0    0    0    0    0    0    0    0 1104    0    0    0    0
     0]
 [   0    0    0    0    0    0    0    0    0    0 1112    0    0    0
     0]
 [   0    0    0    0    0    0    9    0   22    0    0 1067   12    0
     0]
 [   0    0    0    0    0    0    0    0    0   18    0    1  403    0
     0]
 [   0    0    0    0    0    0    0    0    0    0    0    0    0  385
     0]
 [   0    0    0    0    0    0    0    0    0    0    0    0    0    0
   594]]---
Accuracy : 98.03%
---
class acc :
	Healthy grass: 94.76
	Stressed grass: 98.58
	Synthetic grass: 100.00
	Trees: 99.73
	Soil: 100.00
	Water: 97.95
	Residential: 98.42
	Commercial: 93.48
	Road: 97.34
	Highway: 100.00
	Railway: 100.00
	Parking Lot 1: 96.13
	Parking Lot 2: 95.50
	Tennis Court: 100.00
	Running Track: 100.00
---
AA: 98.13%
Kappa: 97.87
run 4 / 5
Best validation overall accuracy 0.9801136363636364
Confusion matrix :
[[1120    0    0    0    0    4    0    0    2    0    0    0    0    0
     0]
 [  15 1114    0    0    0    0    0    0    0    0    0    0    0    0
     0]
 [   0    0  626    0    0    0    0    0    0    0    0    0    0    0
     1]
 [   8    4    0 1106    0    0    1    0    1    0    0    0    0    0
     0]
 [   0    0    0    0 1118    0    0    0    0    0    0    0    0    0
     0]
 [   1    0    0    0    0  251   35    0    5    0    0    0    0    0
     0]
 [   0    0    0    1    0    0 1139    0    0    0    1    0    0    0
     0]
 [   0    0    0    0    5    0   22 1078    0    0    0    7    0    0
     8]
 [   0    0    0    0    0    0    0    9 1070   20   12   16    0    0
     0]
 [   0    0    0    0    0    0    0    0    0 1101    3    0    0    0
     0]
 [   0    0    0    0    0    0    0    0    0    0 1112    0    0    0
     0]
 [   0    0    0    0    0    0    1    3    3    0    0 1101    2    0
     0]
 [   0    0    0    0    0    0    0    0    0    0    0    7  415    0
     0]
 [   0    0    0    0    0    0    0    0    0    0    0    0    0  385
     0]
 [   0    0    0    0    0    0    0    0    0    0    0    0    0    0
   594]]---
Accuracy : 98.54%
---
class acc :
	Healthy grass: 99.47
	Stressed grass: 98.67
	Synthetic grass: 99.84
	Trees: 98.75
	Soil: 100.00
	Water: 85.96
	Residential: 99.82
	Commercial: 96.25
	Road: 94.94
	Highway: 99.73
	Railway: 100.00
	Parking Lot 1: 99.19
	Parking Lot 2: 98.34
	Tennis Court: 100.00
	Running Track: 100.00
---
AA: 98.06%
Kappa: 98.43
run 5 / 5
Best validation overall accuracy 0.9886363636363636
Confusion matrix :
[[1112    1    0   12    0    0    1    0    0    0    0    0    0    0
     0]
 [   8 1121    0    0    0    0    0    0    0    0    0    0    0    0
     0]
 [   0    0  620    0    0    0    0    0    0    0    0    0    0    0
     7]
 [   1    0    0 1118    0    0    0    0    1    0    0    0    0    0
     0]
 [   0    0    0    0 1118    0    0    0    0    0    0    0    0    0
     0]
 [  16    0    0    0    0  267    8    0    1    0    0    0    0    0
     0]
 [   0    0    0    0    0    0 1141    0    0    0    0    0    0    0
     0]
 [   0    0    0    0    0    0   26 1065    0    0    0    9    0    0
    20]
 [   0    0    0    0    0    0    0   20 1093   10    0    4    0    0
     0]
 [   0    0    0    0    0    0    0    0    0 1102    0    0    2    0
     0]
 [   0    0    0    0    0    0    0    0    7    0 1104    0    1    0
     0]
 [   0    0    0    0    0    0    7    3    2    0    0 1085   13    0
     0]
 [   0    0    0    0    0    0    0    0    0    0    0    0  422    0
     0]
 [   0    0    0    0    0    0    0    0    0    0    0    0    0  385
     0]
 [   0    0    0    0    0    0    0    0    0    0    0    0    0    0
   594]]---
Accuracy : 98.67%
---
class acc :
	Healthy grass: 98.76
	Stressed grass: 99.29
	Synthetic grass: 98.88
	Trees: 99.82
	Soil: 100.00
	Water: 91.44
	Residential: 100.00
	Commercial: 95.09
	Road: 96.98
	Highway: 99.82
	Railway: 99.28
	Parking Lot 1: 97.75
	Parking Lot 2: 100.00
	Tennis Court: 100.00
	Running Track: 100.00
---
AA: 98.47%
Kappa: 98.56
Agregated results :
Confusion matrix :
[[1.1074e+03 8.0000e+00 0.0000e+00 7.6000e+00 0.0000e+00 2.4000e+00
  2.0000e-01 0.0000e+00 4.0000e-01 0.0000e+00 0.0000e+00 0.0000e+00
  0.0000e+00 0.0000e+00 0.0000e+00]
 [1.6200e+01 1.1128e+03 0.0000e+00 0.0000e+00 0.0000e+00 0.0000e+00
  0.0000e+00 0.0000e+00 0.0000e+00 0.0000e+00 0.0000e+00 0.0000e+00
  0.0000e+00 0.0000e+00 0.0000e+00]
 [0.0000e+00 0.0000e+00 6.2480e+02 0.0000e+00 0.0000e+00 0.0000e+00
  0.0000e+00 0.0000e+00 0.0000e+00 0.0000e+00 0.0000e+00 0.0000e+00
  0.0000e+00 0.0000e+00 2.2000e+00]
 [1.8000e+00 8.0000e-01 0.0000e+00 1.1162e+03 0.0000e+00 0.0000e+00
  8.0000e-01 0.0000e+00 4.0000e-01 0.0000e+00 0.0000e+00 0.0000e+00
  0.0000e+00 0.0000e+00 0.0000e+00]
 [0.0000e+00 0.0000e+00 0.0000e+00 0.0000e+00 1.1180e+03 0.0000e+00
  0.0000e+00 0.0000e+00 0.0000e+00 0.0000e+00 0.0000e+00 0.0000e+00
  0.0000e+00 0.0000e+00 0.0000e+00]
 [4.2000e+00 0.0000e+00 0.0000e+00 0.0000e+00 0.0000e+00 2.7580e+02
  8.6000e+00 0.0000e+00 3.4000e+00 0.0000e+00 0.0000e+00 0.0000e+00
  0.0000e+00 0.0000e+00 0.0000e+00]
 [0.0000e+00 0.0000e+00 0.0000e+00 2.0000e-01 0.0000e+00 8.0000e-01
  1.1314e+03 0.0000e+00 3.0000e+00 0.0000e+00 5.6000e+00 0.0000e+00
  0.0000e+00 0.0000e+00 0.0000e+00]
 [0.0000e+00 4.6000e+00 0.0000e+00 0.0000e+00 3.4000e+00 0.0000e+00
  9.6000e+00 1.0630e+03 2.0000e+00 3.4000e+00 5.2000e+00 1.4200e+01
  1.2000e+00 3.8000e+00 9.6000e+00]
 [0.0000e+00 0.0000e+00 0.0000e+00 0.0000e+00 4.4000e+00 0.0000e+00
  2.6000e+00 6.2000e+00 1.0926e+03 9.6000e+00 6.0000e+00 5.6000e+00
  0.0000e+00 0.0000e+00 0.0000e+00]
 [0.0000e+00 0.0000e+00 0.0000e+00 0.0000e+00 0.0000e+00 0.0000e+00
  0.0000e+00 0.0000e+00 1.2000e+00 1.1018e+03 6.0000e-01 0.0000e+00
  4.0000e-01 0.0000e+00 0.0000e+00]
 [0.0000e+00 0.0000e+00 0.0000e+00 0.0000e+00 0.0000e+00 0.0000e+00
  0.0000e+00 0.0000e+00 1.6000e+00 6.0000e-01 1.1096e+03 0.0000e+00
  2.0000e-01 0.0000e+00 0.0000e+00]
 [0.0000e+00 0.0000e+00 0.0000e+00 0.0000e+00 4.0000e-01 0.0000e+00
  8.0000e+00 1.2000e+00 9.4000e+00 2.0000e-01 0.0000e+00 1.0842e+03
  6.6000e+00 0.0000e+00 0.0000e+00]
 [0.0000e+00 0.0000e+00 0.0000e+00 0.0000e+00 0.0000e+00 0.0000e+00
  0.0000e+00 0.0000e+00 0.0000e+00 9.6000e+00 1.2000e+00 3.4000e+00
  4.0780e+02 0.0000e+00 0.0000e+00]
 [0.0000e+00 0.0000e+00 0.0000e+00 0.0000e+00 0.0000e+00 0.0000e+00
  0.0000e+00 0.0000e+00 0.0000e+00 0.0000e+00 0.0000e+00 0.0000e+00
  0.0000e+00 3.8500e+02 0.0000e+00]
 [0.0000e+00 0.0000e+00 0.0000e+00 0.0000e+00 0.0000e+00 0.0000e+00
  0.0000e+00 0.0000e+00 0.0000e+00 0.0000e+00 0.0000e+00 0.0000e+00
  0.0000e+00 0.0000e+00 5.9400e+02]]---
Accuracy: 98.50 +- 0.25
---
class acc :
	Healthy grass: 98.35 +- 1.85
	Stressed grass: 98.57 +- 0.62
	Synthetic grass: 99.65 +- 0.42
	Trees: 99.66 +- 0.47
	Soil: 100.00 +- 0.00
	Water: 94.45 +- 5.07
	Residential: 99.16 +- 0.71
	Commercial: 94.91 +- 1.24
	Road: 96.95 +- 1.06
	Highway: 99.80 +- 0.20
	Railway: 99.78 +- 0.29
	Parking Lot 1: 97.68 +- 1.37
	Parking Lot 2: 96.64 +- 2.22
	Tennis Court: 100.00 +- 0.00
	Running Track: 100.00 +- 0.00
---
AA: 98.37 +- 0.26
Kappa: 98.38 +- 0.27
