run 1 / 5
Best validation overall accuracy 0.9829545454545454
Confusion matrix :
[[1125    0    0    1    0    0    0    0    0    0    0    0    0    0
     0]
 [   9 1120    0    0    0    0    0    0    0    0    0    0    0    0
     0]
 [   0    0  627    0    0    0    0    0    0    0    0    0    0    0
     0]
 [   3    0    0 1117    0    0    0    0    0    0    0    0    0    0
     0]
 [   0    0    0    0 1118    0    0    0    0    0    0    0    0    0
     0]
 [   0    0    0    0    0  292    0    0    0    0    0    0    0    0
     0]
 [   0    0    0    0    0    1 1122    6    0    5    0    6    1    0
     0]
 [   0    0    0    0    0    0    0 1015    2   17   34   42    1    0
     9]
 [   0    0    0    0    0    0    3    0 1007   44   25   48    0    0
     0]
 [   0    0    0    0    0    0    0    0    0 1096    3    5    0    0
     0]
 [   0    0    0    0    0    0    1    0    2    3 1106    0    0    0
     0]
 [   0    0    0    0    0    0    4    0    3    1    0 1102    0    0
     0]
 [   0    0    0    0    0    0    0    0    0    1   11    2  408    0
     0]
 [   0    0    0    0    0    0    0    0    0    0    0    0    0  385
     0]
 [   0    0    0    0    0    0    1    0    0    0    0    0    0    0
   593]]---
Accuracy : 97.83%
---
class acc :
	Healthy grass: 99.91
	Stressed grass: 99.20
	Synthetic grass: 100.00
	Trees: 99.73
	Soil: 100.00
	Water: 100.00
	Residential: 98.33
	Commercial: 90.62
	Road: 89.35
	Highway: 99.28
	Railway: 99.46
	Parking Lot 1: 99.28
	Parking Lot 2: 96.68
	Tennis Court: 100.00
	Running Track: 99.83
---
AA: 98.11%
Kappa: 97.65
run 2 / 5
Best validation overall accuracy 0.9801136363636364
Confusion matrix :
[[1115    7    0    4    0    0    0    0    0    0    0    0    0    0
     0]
 [   6 1123    0    0    0    0    0    0    0    0    0    0    0    0
     0]
 [   0    0  627    0    0    0    0    0    0    0    0    0    0    0
     0]
 [   0    0    0 1120    0    0    0    0    0    0    0    0    0    0
     0]
 [   0    0    0    0 1118    0    0    0    0    0    0    0    0    0
     0]
 [   0    0    0    0    0  287    0    5    0    0    0    0    0    0
     0]
 [   0    0    0    0    0    0 1130    1    3    0    2    5    0    0
     0]
 [   0    0    0    0    0    0    0 1050    7    0    7   47    5    0
     4]
 [   0    0    0    0   17    0    0    1 1072   11    7   17    2    0
     0]
 [   0    0    0    0    0    0    0    0   61 1027    3   13    0    0
     0]
 [   0    0    0    0    0    0    0    0   31    2 1079    0    0    0
     0]
 [   0    0    0    0    0    0   28    0    3   12    0 1067    0    0
     0]
 [   0    0    0    0    0    0    0    0    0    2   13    1  406    0
     0]
 [   0    0    0    0    0    0    0    0    0    0    0    0    0  385
     0]
 [   0    0    0    0    0    0    0    0    0    0    0    0    0    0
   594]]---
Accuracy : 97.58%
---
class acc :
	Healthy grass: 99.02
	Stressed grass: 99.47
	Synthetic grass: 100.00
	Trees: 100.00
	Soil: 100.00
	Water: 98.29
	Residential: 99.04
	Commercial: 93.75
	Road: 95.12
	Highway: 93.03
	Railway: 97.03
	Parking Lot 1: 96.13
	Parking Lot 2: 96.21
	Tennis Court: 100.00
	Running Track: 100.00
---
AA: 97.81%
Kappa: 97.39
run 3 / 5
Best validation overall accuracy 0.9730113636363636
Confusion matrix :
[[1049   53    0   24    0    0    0    0    0    0    0    0    0    0
     0]
 [   4 1125    0    0    0    0    0    0    0    0    0    0    0    0
     0]
 [   0    0  627    0    0    0    0    0    0    0    0    0    0    0
     0]
 [   0    1    0 1119    0    0    0    0    0    0    0    0    0    0
     0]
 [   0    0    0    0 1118    0    0    0    0    0    0    0    0    0
     0]
 [   0    0    0    0    0  292    0    0    0    0    0    0    0    0
     0]
 [   0    0    0    0    0    0 1123    1   14    0    2    0    1    0
     0]
 [   0    0    0    0   37   23    1 1003    2    0    1   25    0   19
     9]
 [   0    0    0    0   14    0    9    0 1019   41   20   24    0    0
     0]
 [   0    0    0    0    0    0    0    0    0 1097    4    3    0    0
     0]
 [   0    0    0    0    0    0   10    0    8    0 1094    0    0    0
     0]
 [   0    0    0    0    0    0   41    2   18   42    0 1007    0    0
     0]
 [   0    0    0    0    0    0    0    0    0    2   16    4  400    0
     0]
 [   0    0    0    0    0    0    0    0    0    0    0    0    0  385
     0]
 [   0    0    0    0    0    0    0    0    0    0    0    0    0    0
   594]]---
Accuracy : 96.49%
---
class acc :
	Healthy grass: 93.16
	Stressed grass: 99.65
	Synthetic grass: 100.00
	Trees: 99.91
	Soil: 100.00
	Water: 100.00
	Residential: 98.42
	Commercial: 89.55
	Road: 90.42
	Highway: 99.37
	Railway: 98.38
	Parking Lot 1: 90.72
	Parking Lot 2: 94.79
	Tennis Court: 100.00
	Running Track: 100.00
---
AA: 96.96%
Kappa: 96.20
run 4 / 5
Best validation overall accuracy 0.9659090909090909
Confusion matrix :
[[1106    0    0   20    0    0    0    0    0    0    0    0    0    0
     0]
 [  37 1092    0    0    0    0    0    0    0    0    0    0    0    0
     0]
 [   0    0  627    0    0    0    0    0    0    0    0    0    0    0
     0]
 [  10    0    0 1110    0    0    0    0    0    0    0    0    0    0
     0]
 [   0    0    0    0 1118    0    0    0    0    0    0    0    0    0
     0]
 [   2    0    0    0    0  251   16    5    0    0    0    0   18    0
     0]
 [   0    0    0    0    0    0 1060    8    3    0   31   35    4    0
     0]
 [   0    0    0    0    0    0   22 1043    3    0    0   44    0    0
     8]
 [   0    0    0    0    0    0    8    0 1075   16   21    7    0    0
     0]
 [   0    0    0    0    0    0    0    0   36 1060    5    3    0    0
     0]
 [   0    0    0    0    0    0    0    0    4    0 1108    0    0    0
     0]
 [   0    0    0    0    0    0    8    2   11    0    0 1089    0    0
     0]
 [   0    0    0    0    0    0    0    4    0    1   13    1  403    0
     0]
 [   0    0    0    0    0    0    0    0    0    0    0    0    0  385
     0]
 [   0    0    0    0    0    0    0    0    0    0    0    0    0    0
   594]]---
Accuracy : 97.00%
---
class acc :
	Healthy grass: 98.22
	Stressed grass: 96.72
	Synthetic grass: 100.00
	Trees: 99.11
	Soil: 100.00
	Water: 85.96
	Residential: 92.90
	Commercial: 93.12
	Road: 95.39
	Highway: 96.01
	Railway: 99.64
	Parking Lot 1: 98.11
	Parking Lot 2: 95.50
	Tennis Court: 100.00
	Running Track: 100.00
---
AA: 96.71%
Kappa: 96.75
run 5 / 5
Best validation overall accuracy 0.9758522727272727
Confusion matrix :
[[1099    0    0   27    0    0    0    0    0    0    0    0    0    0
     0]
 [  10 1119    0    0    0    0    0    0    0    0    0    0    0    0
     0]
 [   0    0  627    0    0    0    0    0    0    0    0    0    0    0
     0]
 [   0    0    0 1120    0    0    0    0    0    0    0    0    0    0
     0]
 [   0    0    0    0 1118    0    0    0    0    0    0    0    0    0
     0]
 [   3    0    0    0    0  285    1    3    0    0    0    0    0    0
     0]
 [   0    0    0    0    0    0 1106    8    0   15    8    3    1    0
     0]
 [   0    0    0    0    5    0   26 1052    4    0    0    7    0   20
     6]
 [   0    0    0    0    0    0    1    9 1082    8   13   13    1    0
     0]
 [   0    0    0    0    0    0    0    0    2 1091    2    9    0    0
     0]
 [   0    0    0    0    0    0    3    0   32    0 1048    0   29    0
     0]
 [   0    0    0    0    0    0   52    6   15    0    0 1037    0    0
     0]
 [   0    0    0    0    0    0    0    0    0    0    2    1  419    0
     0]
 [   0    0    0    0    0    0    0    0    0    0    0    0    0  385
     0]
 [   0    0    0    0    0    0    0    0    0    0    0    0    0    0
   594]]---
Accuracy : 97.45%
---
class acc :
	Healthy grass: 97.60
	Stressed grass: 99.11
	Synthetic grass: 100.00
	Trees: 100.00
	Soil: 100.00
	Water: 97.60
	Residential: 96.93
	Commercial: 93.93
	Road: 96.01
	Highway: 98.82
	Railway: 94.24
	Parking Lot 1: 93.42
	Parking Lot 2: 99.29
	Tennis Court: 100.00
	Running Track: 100.00
---
AA: 97.80%
Kappa: 97.24
Agregated results :
Confusion matrix :
[[1.0988e+03 1.2000e+01 0.0000e+00 1.5200e+01 0.0000e+00 0.0000e+00
  0.0000e+00 0.0000e+00 0.0000e+00 0.0000e+00 0.0000e+00 0.0000e+00
  0.0000e+00 0.0000e+00 0.0000e+00]
 [1.3200e+01 1.1158e+03 0.0000e+00 0.0000e+00 0.0000e+00 0.0000e+00
  0.0000e+00 0.0000e+00 0.0000e+00 0.0000e+00 0.0000e+00 0.0000e+00
  0.0000e+00 0.0000e+00 0.0000e+00]
 [0.0000e+00 0.0000e+00 6.2700e+02 0.0000e+00 0.0000e+00 0.0000e+00
  0.0000e+00 0.0000e+00 0.0000e+00 0.0000e+00 0.0000e+00 0.0000e+00
  0.0000e+00 0.0000e+00 0.0000e+00]
 [2.6000e+00 2.0000e-01 0.0000e+00 1.1172e+03 0.0000e+00 0.0000e+00
  0.0000e+00 0.0000e+00 0.0000e+00 0.0000e+00 0.0000e+00 0.0000e+00
  0.0000e+00 0.0000e+00 0.0000e+00]
 [0.0000e+00 0.0000e+00 0.0000e+00 0.0000e+00 1.1180e+03 0.0000e+00
  0.0000e+00 0.0000e+00 0.0000e+00 0.0000e+00 0.0000e+00 0.0000e+00
  0.0000e+00 0.0000e+00 0.0000e+00]
 [1.0000e+00 0.0000e+00 0.0000e+00 0.0000e+00 0.0000e+00 2.8140e+02
  3.4000e+00 2.6000e+00 0.0000e+00 0.0000e+00 0.0000e+00 0.0000e+00
  3.6000e+00 0.0000e+00 0.0000e+00]
 [0.0000e+00 0.0000e+00 0.0000e+00 0.0000e+00 0.0000e+00 2.0000e-01
  1.1082e+03 4.8000e+00 4.0000e+00 4.0000e+00 8.6000e+00 9.8000e+00
  1.4000e+00 0.0000e+00 0.0000e+00]
 [0.0000e+00 0.0000e+00 0.0000e+00 0.0000e+00 8.4000e+00 4.6000e+00
  9.8000e+00 1.0326e+03 3.6000e+00 3.4000e+00 8.4000e+00 3.3000e+01
  1.2000e+00 7.8000e+00 7.2000e+00]
 [0.0000e+00 0.0000e+00 0.0000e+00 0.0000e+00 6.2000e+00 0.0000e+00
  4.2000e+00 2.0000e+00 1.0510e+03 2.4000e+01 1.7200e+01 2.1800e+01
  6.0000e-01 0.0000e+00 0.0000e+00]
 [0.0000e+00 0.0000e+00 0.0000e+00 0.0000e+00 0.0000e+00 0.0000e+00
  0.0000e+00 0.0000e+00 1.9800e+01 1.0742e+03 3.4000e+00 6.6000e+00
  0.0000e+00 0.0000e+00 0.0000e+00]
 [0.0000e+00 0.0000e+00 0.0000e+00 0.0000e+00 0.0000e+00 0.0000e+00
  2.8000e+00 0.0000e+00 1.5400e+01 1.0000e+00 1.0870e+03 0.0000e+00
  5.8000e+00 0.0000e+00 0.0000e+00]
 [0.0000e+00 0.0000e+00 0.0000e+00 0.0000e+00 0.0000e+00 0.0000e+00
  2.6600e+01 2.0000e+00 1.0000e+01 1.1000e+01 0.0000e+00 1.0604e+03
  0.0000e+00 0.0000e+00 0.0000e+00]
 [0.0000e+00 0.0000e+00 0.0000e+00 0.0000e+00 0.0000e+00 0.0000e+00
  0.0000e+00 8.0000e-01 0.0000e+00 1.2000e+00 1.1000e+01 1.8000e+00
  4.0720e+02 0.0000e+00 0.0000e+00]
 [0.0000e+00 0.0000e+00 0.0000e+00 0.0000e+00 0.0000e+00 0.0000e+00
  0.0000e+00 0.0000e+00 0.0000e+00 0.0000e+00 0.0000e+00 0.0000e+00
  0.0000e+00 3.8500e+02 0.0000e+00]
 [0.0000e+00 0.0000e+00 0.0000e+00 0.0000e+00 0.0000e+00 0.0000e+00
  2.0000e-01 0.0000e+00 0.0000e+00 0.0000e+00 0.0000e+00 0.0000e+00
  0.0000e+00 0.0000e+00 5.9380e+02]]---
Accuracy: 97.27 +- 0.47
---
class acc :
	Healthy grass: 97.58 +- 2.34
	Stressed grass: 98.83 +- 1.07
	Synthetic grass: 100.00 +- 0.00
	Trees: 99.75 +- 0.34
	Soil: 100.00 +- 0.00
	Water: 96.37 +- 5.29
	Residential: 97.13 +- 2.22
	Commercial: 92.20 +- 1.77
	Road: 93.26 +- 2.79
	Highway: 97.30 +- 2.47
	Railway: 97.75 +- 1.98
	Parking Lot 1: 95.53 +- 3.12
	Parking Lot 2: 96.49 +- 1.54
	Tennis Court: 100.00 +- 0.00
	Running Track: 99.97 +- 0.07
---
AA: 97.48 +- 0.54
Kappa: 97.05 +- 0.51
