run 1 / 5
Best validation overall accuracy 0.9957386363636364
Confusion matrix :
[[1107    2    0   17    0    0    0    0    0    0    0    0    0    0
     0]
 [   8 1121    0    0    0    0    0    0    0    0    0    0    0    0
     0]
 [   0    0  626    0    0    0    0    0    0    0    0    0    0    0
     1]
 [   1    0    0 1119    0    0    0    0    0    0    0    0    0    0
     0]
 [   0    0    0    0 1118    0    0    0    0    0    0    0    0    0
     0]
 [   2    0    0    0    0  290    0    0    0    0    0    0    0    0
     0]
 [   0    0    0    0    0    0 1129    0    7    0    5    0    0    0
     0]
 [   0    0    0    0    9    0    0 1041    0   17   32   12    0    0
     9]
 [   0    0    0    0    8    0    0    2 1102   15    0    0    0    0
     0]
 [   0    0    0    0    0    0    0    0    0 1103    0    0    1    0
     0]
 [   0    0    0    0    0    0    0    0    0    0 1112    0    0    0
     0]
 [   0    0    0    0   21    0   18    0    0    0    0 1068    3    0
     0]
 [   0    0    0    0    0    0    1    0    0    7    0    1  413    0
     0]
 [   0    0    0    0    0    0    0    0    0    0    0    0    0  385
     0]
 [   0    0    0    0    0    0    0    0    0    0    0    0    0    0
   594]]---
Accuracy : 98.53%
---
class acc :
	Healthy grass: 98.31
	Stressed grass: 99.29
	Synthetic grass: 99.84
	Trees: 99.91
	Soil: 100.00
	Water: 99.32
	Residential: 98.95
	Commercial: 92.95
	Road: 97.78
	Highway: 99.91
	Railway: 100.00
	Parking Lot 1: 96.22
	Parking Lot 2: 97.87
	Tennis Court: 100.00
	Running Track: 100.00
---
AA: 98.69%
Kappa: 98.41
run 2 / 5
Best validation overall accuracy 0.9886363636363636
Confusion matrix :
[[1124    2    0    0    0    0    0    0    0    0    0    0    0    0
     0]
 [   7 1122    0    0    0    0    0    0    0    0    0    0    0    0
     0]
 [   0    0  624    0    0    0    0    0    0    0    0    0    0    0
     3]
 [   5    0    0 1114    0    0    1    0    0    0    0    0    0    0
     0]
 [   0    0    0    0 1118    0    0    0    0    0    0    0    0    0
     0]
 [   0    0    0    0    0  287    5    0    0    0    0    0    0    0
     0]
 [   0    0    0    0    0    0 1140    0    0    0    0    0    1    0
     0]
 [   0    0    0    0    1    0    0 1062    0    0   15   42    0    0
     0]
 [   0    1    0    0   18    0    4    0 1087    2    1   14    0    0
     0]
 [   0    0    0    0    0    0    0    0    0 1104    0    0    0    0
     0]
 [   0    0    0    0    0    0    0    0    0    0 1112    0    0    0
     0]
 [   0    0    0    0    0    0    8    0    1    0    0 1098    3    0
     0]
 [   0    0    0    0    0    0    0    0    0   12    6    5  399    0
     0]
 [   0    0    0    0    0    0    0    0    0    0    0    0    0  385
     0]
 [   0    0    0    0    0    0    0    0    0    0    0    0    0    0
   594]]---
Accuracy : 98.84%
---
class acc :
	Healthy grass: 99.82
	Stressed grass: 99.38
	Synthetic grass: 99.52
	Trees: 99.46
	Soil: 100.00
	Water: 98.29
	Residential: 99.91
	Commercial: 94.82
	Road: 96.45
	Highway: 100.00
	Railway: 100.00
	Parking Lot 1: 98.92
	Parking Lot 2: 94.55
	Tennis Court: 100.00
	Running Track: 100.00
---
AA: 98.74%
Kappa: 98.75
run 3 / 5
Best validation overall accuracy 0.9857954545454546
Confusion matrix :
[[1080   35    0   11    0    0    0    0    0    0    0    0    0    0
     0]
 [   8 1121    0    0    0    0    0    0    0    0    0    0    0    0
     0]
 [   0    0  626    0    0    0    0    0    0    0    0    0    0    0
     1]
 [   0    0    0 1111    0    0    8    0    1    0    0    0    0    0
     0]
 [   0    0    0    0 1118    0    0    0    0    0    0    0    0    0
     0]
 [   1    0    0    0    0  285    0    0    6    0    0    0    0    0
     0]
 [   0    0    0    0    0    0 1127    0    2    0   12    0    0    0
     0]
 [   0    0    0    0   34    0    0 1038    7    0    0   12    0    1
    28]
 [   0    0    0    0    0    0    4    0 1101    0   22    0    0    0
     0]
 [   0    0    0    0    0    0    0    0    0 1104    0    0    0    0
     0]
 [   0    0    0    0    0    0    0    0    0    0 1112    0    0    0
     0]
 [   0    0    0    0    0    0   15    0    1    0    0 1082   12    0
     0]
 [   0    0    0    0    0    0    0    0    0   18    0    7  397    0
     0]
 [   0    0    0    0    0    0    0    0    0    0    0    0    0  385
     0]
 [   0    0    0    0    0    0    0    0    0    0    0    0    0    0
   594]]---
Accuracy : 98.18%
---
class acc :
	Healthy grass: 95.91
	Stressed grass: 99.29
	Synthetic grass: 99.84
	Trees: 99.20
	Soil: 100.00
	Water: 97.60
	Residential: 98.77
	Commercial: 92.68
	Road: 97.69
	Highway: 100.00
	Railway: 100.00
	Parking Lot 1: 97.48
	Parking Lot 2: 94.08
	Tennis Court: 100.00
	Running Track: 100.00
---
AA: 98.17%
Kappa: 98.03
run 4 / 5
Best validation overall accuracy 0.9801136363636364
Confusion matrix :
[[1102    0    0   16    0    8    0    0    0    0    0    0    0    0
     0]
 [  19 1110    0    0    0    0    0    0    0    0    0    0    0    0
     0]
 [   0    0  626    0    0    0    0    0    0    0    0    0    0    0
     1]
 [   8    0    0 1107    0    0    3    0    2    0    0    0    0    0
     0]
 [   0    0    0    0 1118    0    0    0    0    0    0    0    0    0
     0]
 [   0    0    0    0    0  251   36    0    5    0    0    0    0    0
     0]
 [   0    0    0    1    0    0 1139    0    0    0    1    0    0    0
     0]
 [   0    0    0    0    1    0   22 1077    2    0    0   10    0    0
     8]
 [   0    0    0    0    0    0    0    0 1116    1   10    0    0    0
     0]
 [   0    0    0    0    0    0    0    0    8 1095    0    0    1    0
     0]
 [   0    0    0    0    0    0    0    0    0    0 1112    0    0    0
     0]
 [   0    0    0    0    0    0    0    0   10    0    0 1095    5    0
     0]
 [   0    0    0    0    0    0    0    0    0    0    0    0  422    0
     0]
 [   0    0    0    0    0    0    0    0    0    0    0    0    0  385
     0]
 [   0    0    0    0    0    0    0    0    0    0    0    0    0    0
   594]]---
Accuracy : 98.68%
---
class acc :
	Healthy grass: 97.87
	Stressed grass: 98.32
	Synthetic grass: 99.84
	Trees: 98.84
	Soil: 100.00
	Water: 85.96
	Residential: 99.82
	Commercial: 96.16
	Road: 99.02
	Highway: 99.18
	Railway: 100.00
	Parking Lot 1: 98.65
	Parking Lot 2: 100.00
	Tennis Court: 100.00
	Running Track: 100.00
---
AA: 98.24%
Kappa: 98.58
run 5 / 5
Best validation overall accuracy 0.9857954545454546
Confusion matrix :
[[1104    3    0   19    0    0    0    0    0    0    0    0    0    0
     0]
 [   4 1125    0    0    0    0    0    0    0    0    0    0    0    0
     0]
 [   0    0  626    0    0    0    0    0    0    0    0    0    0    0
     1]
 [   0    0    0 1112    0    0    5    0    3    0    0    0    0    0
     0]
 [   0    0    0    0 1118    0    0    0    0    0    0    0    0    0
     0]
 [  23    0    0    0    0  263    0    0    6    0    0    0    0    0
     0]
 [   0    0    0    0    0    0 1120    0    2   19    0    0    0    0
     0]
 [   0    0    0    0    0    0    0 1050    0   13    0    9    4   44
     0]
 [   0    0    0    0    0    0    0   18 1093   11    0    5    0    0
     0]
 [   0    0    0    0    0    0    0    0    0 1103    0    0    1    0
     0]
 [   0    0    0    0    0    0    0    0   24    3 1085    0    0    0
     0]
 [   0    0    0    0    0    0   10    0    4    0    0 1082   14    0
     0]
 [   0    0    0    0    0    0    0    0    0    0    0    0  422    0
     0]
 [   0    0    0    0    0    0    0    0    0    0    0    0    0  385
     0]
 [   0    0    0    0    0    0    0    0    0    0    0    0    0    0
   594]]---
Accuracy : 98.19%
---
class acc :
	Healthy grass: 98.05
	Stressed grass: 99.65
	Synthetic grass: 99.84
	Trees: 99.29
	Soil: 100.00
	Water: 90.07
	Residential: 98.16
	Commercial: 93.75
	Road: 96.98
	Highway: 99.91
	Railway: 97.57
	Parking Lot 1: 97.48
	Parking Lot 2: 100.00
	Tennis Court: 100.00
	Running Track: 100.00
---
AA: 98.05%
Kappa: 98.04
Agregated results :
Confusion matrix :
[[1.1034e+03 8.4000e+00 0.0000e+00 1.2600e+01 0.0000e+00 1.6000e+00
  0.0000e+00 0.0000e+00 0.0000e+00 0.0000e+00 0.0000e+00 0.0000e+00
  0.0000e+00 0.0000e+00 0.0000e+00]
 [9.2000e+00 1.1198e+03 0.0000e+00 0.0000e+00 0.0000e+00 0.0000e+00
  0.0000e+00 0.0000e+00 0.0000e+00 0.0000e+00 0.0000e+00 0.0000e+00
  0.0000e+00 0.0000e+00 0.0000e+00]
 [0.0000e+00 0.0000e+00 6.2560e+02 0.0000e+00 0.0000e+00 0.0000e+00
  0.0000e+00 0.0000e+00 0.0000e+00 0.0000e+00 0.0000e+00 0.0000e+00
  0.0000e+00 0.0000e+00 1.4000e+00]
 [2.8000e+00 0.0000e+00 0.0000e+00 1.1126e+03 0.0000e+00 0.0000e+00
  3.4000e+00 0.0000e+00 1.2000e+00 0.0000e+00 0.0000e+00 0.0000e+00
  0.0000e+00 0.0000e+00 0.0000e+00]
 [0.0000e+00 0.0000e+00 0.0000e+00 0.0000e+00 1.1180e+03 0.0000e+00
  0.0000e+00 0.0000e+00 0.0000e+00 0.0000e+00 0.0000e+00 0.0000e+00
  0.0000e+00 0.0000e+00 0.0000e+00]
 [5.2000e+00 0.0000e+00 0.0000e+00 0.0000e+00 0.0000e+00 2.7520e+02
  8.2000e+00 0.0000e+00 3.4000e+00 0.0000e+00 0.0000e+00 0.0000e+00
  0.0000e+00 0.0000e+00 0.0000e+00]
 [0.0000e+00 0.0000e+00 0.0000e+00 2.0000e-01 0.0000e+00 0.0000e+00
  1.1310e+03 0.0000e+00 2.2000e+00 3.8000e+00 3.6000e+00 0.0000e+00
  2.0000e-01 0.0000e+00 0.0000e+00]
 [0.0000e+00 0.0000e+00 0.0000e+00 0.0000e+00 9.0000e+00 0.0000e+00
  4.4000e+00 1.0536e+03 1.8000e+00 6.0000e+00 9.4000e+00 1.7000e+01
  8.0000e-01 9.0000e+00 9.0000e+00]
 [0.0000e+00 2.0000e-01 0.0000e+00 0.0000e+00 5.2000e+00 0.0000e+00
  1.6000e+00 4.0000e+00 1.0998e+03 5.8000e+00 6.6000e+00 3.8000e+00
  0.0000e+00 0.0000e+00 0.0000e+00]
 [0.0000e+00 0.0000e+00 0.0000e+00 0.0000e+00 0.0000e+00 0.0000e+00
  0.0000e+00 0.0000e+00 1.6000e+00 1.1018e+03 0.0000e+00 0.0000e+00
  6.0000e-01 0.0000e+00 0.0000e+00]
 [0.0000e+00 0.0000e+00 0.0000e+00 0.0000e+00 0.0000e+00 0.0000e+00
  0.0000e+00 0.0000e+00 4.8000e+00 6.0000e-01 1.1066e+03 0.0000e+00
  0.0000e+00 0.0000e+00 0.0000e+00]
 [0.0000e+00 0.0000e+00 0.0000e+00 0.0000e+00 4.2000e+00 0.0000e+00
  1.0200e+01 0.0000e+00 3.2000e+00 0.0000e+00 0.0000e+00 1.0850e+03
  7.4000e+00 0.0000e+00 0.0000e+00]
 [0.0000e+00 0.0000e+00 0.0000e+00 0.0000e+00 0.0000e+00 0.0000e+00
  2.0000e-01 0.0000e+00 0.0000e+00 7.4000e+00 1.2000e+00 2.6000e+00
  4.1060e+02 0.0000e+00 0.0000e+00]
 [0.0000e+00 0.0000e+00 0.0000e+00 0.0000e+00 0.0000e+00 0.0000e+00
  0.0000e+00 0.0000e+00 0.0000e+00 0.0000e+00 0.0000e+00 0.0000e+00
  0.0000e+00 3.8500e+02 0.0000e+00]
 [0.0000e+00 0.0000e+00 0.0000e+00 0.0000e+00 0.0000e+00 0.0000e+00
  0.0000e+00 0.0000e+00 0.0000e+00 0.0000e+00 0.0000e+00 0.0000e+00
  0.0000e+00 0.0000e+00 5.9400e+02]]---
Accuracy: 98.48 +- 0.26
---
class acc :
	Healthy grass: 97.99 +- 1.25
	Stressed grass: 99.19 +- 0.45
	Synthetic grass: 99.78 +- 0.13
	Trees: 99.34 +- 0.35
	Soil: 100.00 +- 0.00
	Water: 94.25 +- 5.28
	Residential: 99.12 +- 0.66
	Commercial: 94.07 +- 1.28
	Road: 97.59 +- 0.87
	Highway: 99.80 +- 0.31
	Railway: 99.51 +- 0.97
	Parking Lot 1: 97.75 +- 0.97
	Parking Lot 2: 97.30 +- 2.56
	Tennis Court: 100.00 +- 0.00
	Running Track: 100.00 +- 0.00
---
AA: 98.38 +- 0.28
Kappa: 98.36 +- 0.28
