run 1 / 5
Best validation overall accuracy 0.9943181818181818
Confusion matrix :
[[1126    0    0    0    0    0    0    0    0    0    0    0    0    0
     0]
 [  21 1108    0    0    0    0    0    0    0    0    0    0    0    0
     0]
 [   0    0  627    0    0    0    0    0    0    0    0    0    0    0
     0]
 [   1    0    0 1118    0    0    0    0    1    0    0    0    0    0
     0]
 [   0    0    0    0 1118    0    0    0    0    0    0    0    0    0
     0]
 [   1    0    0    0    0  291    0    0    0    0    0    0    0    0
     0]
 [   0    0    0    0    0    0 1131    0    8    0    2    0    0    0
     0]
 [   0    0    0    0    2    0    1 1052    0   16   25   15    0    0
     9]
 [   0    0    0    0    0    0    0    2 1102   22    1    0    0    0
     0]
 [   0    0    0    0    0    0    0    0    0 1104    0    0    0    0
     0]
 [   0    0    0    0    0    0    0    0    0    0 1112    0    0    0
     0]
 [   0    0    0    0    0    0    8    0    2    0    0 1100    0    0
     0]
 [   0    0    0    0    0    0    0    0    0    0    0    3  419    0
     0]
 [   0    0    0    0    0    0    0    0    0    0    0    0    0  385
     0]
 [   0    0    0    0    0    0    0    0    0    0    0    0    0    0
   594]]---
Accuracy : 98.97%
---
class acc :
	Healthy grass: 100.00
	Stressed grass: 98.14
	Synthetic grass: 100.00
	Trees: 99.82
	Soil: 100.00
	Water: 99.66
	Residential: 99.12
	Commercial: 93.93
	Road: 97.78
	Highway: 100.00
	Railway: 100.00
	Parking Lot 1: 99.10
	Parking Lot 2: 99.29
	Tennis Court: 100.00
	Running Track: 100.00
---
AA: 99.12%
Kappa: 98.88
run 2 / 5
Best validation overall accuracy 0.9914772727272727
Confusion matrix :
[[1126    0    0    0    0    0    0    0    0    0    0    0    0    0
     0]
 [  12 1117    0    0    0    0    0    0    0    0    0    0    0    0
     0]
 [   0    0  627    0    0    0    0    0    0    0    0    0    0    0
     0]
 [   8    0    0 1109    0    0    3    0    0    0    0    0    0    0
     0]
 [   0    0    0    0 1118    0    0    0    0    0    0    0    0    0
     0]
 [   0    0    0    0    0  292    0    0    0    0    0    0    0    0
     0]
 [   0    0    0    0    0    0 1138    0    0    0    3    0    0    0
     0]
 [   0    0    0    0    2    0    9 1070    0    0    1   38    0    0
     0]
 [   0    0    0    0    0    0    4    0 1111    6    0    6    0    0
     0]
 [   0    0    0    0    0    0    0    0    3 1101    0    0    0    0
     0]
 [   0    0    0    0    0    0    0    0    7    1 1104    0    0    0
     0]
 [   0    0    0    0    0    0   15    0    6    0    0 1089    0    0
     0]
 [   0    0    0    0    0    0    0    0    0    3    0    8  411    0
     0]
 [   0    0    0    0    0    0    0    0    0    0    0    0    0  385
     0]
 [   0    0    0    0    0    0    0    0    0    0    0    0    0    0
   594]]---
Accuracy : 99.00%
---
class acc :
	Healthy grass: 100.00
	Stressed grass: 98.94
	Synthetic grass: 100.00
	Trees: 99.02
	Soil: 100.00
	Water: 100.00
	Residential: 99.74
	Commercial: 95.54
	Road: 98.58
	Highway: 99.73
	Railway: 99.28
	Parking Lot 1: 98.11
	Parking Lot 2: 97.39
	Tennis Court: 100.00
	Running Track: 100.00
---
AA: 99.09%
Kappa: 98.92
run 3 / 5
Best validation overall accuracy 0.984375
Confusion matrix :
[[1060   47    0   14    0    0    5    0    0    0    0    0    0    0
     0]
 [  15 1114    0    0    0    0    0    0    0    0    0    0    0    0
     0]
 [   0    0  627    0    0    0    0    0    0    0    0    0    0    0
     0]
 [   0    0    0 1114    0    0    6    0    0    0    0    0    0    0
     0]
 [   0    0    0    0 1118    0    0    0    0    0    0    0    0    0
     0]
 [   0    0    0    0    0  283    6    1    2    0    0    0    0    0
     0]
 [   0    0    0    0    0    0 1141    0    0    0    0    0    0    0
     0]
 [   0    0    0    0   31    0    0 1049    0    0    0   12    0    0
    28]
 [   0    0    0    0    0    0   29    0 1087    3    0    8    0    0
     0]
 [   0    0    0    0    0    0    0    0    0 1104    0    0    0    0
     0]
 [   0    0    0    0    0    0    0    0    0    0 1112    0    0    0
     0]
 [   0    0    0    0    0    0   29    0    0    0    0 1069   12    0
     0]
 [   0    0    0    0    0    0    0    0    0   16    2    1  403    0
     0]
 [   0    0    0    0    0    0    0    0    0    0    0    0    0  385
     0]
 [   0    0    0    0    0    0    0    0    0    0    0    0    0    0
   594]]---
Accuracy : 98.03%
---
class acc :
	Healthy grass: 94.14
	Stressed grass: 98.67
	Synthetic grass: 100.00
	Trees: 99.46
	Soil: 100.00
	Water: 96.92
	Residential: 100.00
	Commercial: 93.66
	Road: 96.45
	Highway: 100.00
	Railway: 100.00
	Parking Lot 1: 96.31
	Parking Lot 2: 95.50
	Tennis Court: 100.00
	Running Track: 100.00
---
AA: 98.07%
Kappa: 97.87
run 4 / 5
Best validation overall accuracy 0.9829545454545454
Confusion matrix :
[[1088    1    0   28    0    8    0    0    1    0    0    0    0    0
     0]
 [   6 1123    0    0    0    0    0    0    0    0    0    0    0    0
     0]
 [   0    0  627    0    0    0    0    0    0    0    0    0    0    0
     0]
 [   8    0    0 1102    0    0    4    0    6    0    0    0    0    0
     0]
 [   0    0    0    0 1117    0    0    0    1    0    0    0    0    0
     0]
 [   0    0    0    0    0  252   36    0    4    0    0    0    0    0
     0]
 [   0    0    0    0    0    0 1130    0    0    0    9    0    2    0
     0]
 [   0    0    0    0    0    1    2 1057    1    0    4   31    0    0
    24]
 [   0    0    0    0    0    0    0    0 1101    0   26    0    0    0
     0]
 [   0    0    0    0    0    0    0    0    4 1099    1    0    0    0
     0]
 [   0    0    0    0    0    0    0    0    0    0 1112    0    0    0
     0]
 [   0    0    0    0    0    0    0    0    5    0    0 1105    0    0
     0]
 [   0    0    0    0    0    0    0    0    0    0    0    0  422    0
     0]
 [   0    0    0    0    0    0    0    0    0    0    0    0    0  385
     0]
 [   0    0    0    0    0    0    0    0    0    0    0    0    0    0
   594]]---
Accuracy : 98.43%
---
class acc :
	Healthy grass: 96.63
	Stressed grass: 99.47
	Synthetic grass: 100.00
	Trees: 98.39
	Soil: 99.91
	Water: 86.30
	Residential: 99.04
	Commercial: 94.38
	Road: 97.69
	Highway: 99.55
	Railway: 100.00
	Parking Lot 1: 99.55
	Parking Lot 2: 100.00
	Tennis Court: 100.00
	Running Track: 100.00
---
AA: 98.06%
Kappa: 98.30
run 5 / 5
Best validation overall accuracy 0.9943181818181818
Confusion matrix :
[[1089    9    0   28    0    0    0    0    0    0    0    0    0    0
     0]
 [   1 1128    0    0    0    0    0    0    0    0    0    0    0    0
     0]
 [   0    0  625    0    0    0    0    0    0    0    0    0    0    0
     2]
 [   0    0    0 1120    0    0    0    0    0    0    0    0    0    0
     0]
 [   0    0    0    0 1118    0    0    0    0    0    0    0    0    0
     0]
 [   3    0    0    0    0  276   12    1    0    0    0    0    0    0
     0]
 [   0    0    0    1    0    0 1124    0   15    0    0    0    1    0
     0]
 [   0    0    0    0    5    0   28 1058    4    0    0    0    5    0
    20]
 [   0    0    0    0    0    0    0    0 1122    0    1    4    0    0
     0]
 [   0    0    0    0    0    0    0    0    4 1100    0    0    0    0
     0]
 [   0    0    0    0    0    0    0    0   15    0 1097    0    0    0
     0]
 [   0    0    0    0    0    0   11    3   20   22    0 1041   13    0
     0]
 [   0    0    0    0    0    0    0    0    0    0    0    2  420    0
     0]
 [   0    0    0    0    0    0    0    0    0    0    0    0    0  385
     0]
 [   0    0    0    0    0    0    0    0    0    0    0    0    0    0
   594]]---
Accuracy : 98.30%
---
class acc :
	Healthy grass: 96.71
	Stressed grass: 99.91
	Synthetic grass: 99.68
	Trees: 100.00
	Soil: 100.00
	Water: 94.52
	Residential: 98.51
	Commercial: 94.46
	Road: 99.56
	Highway: 99.64
	Railway: 98.65
	Parking Lot 1: 93.78
	Parking Lot 2: 99.53
	Tennis Court: 100.00
	Running Track: 100.00
---
AA: 98.33%
Kappa: 98.16
Agregated results :
Confusion matrix :
[[1.0978e+03 1.1400e+01 0.0000e+00 1.4000e+01 0.0000e+00 1.6000e+00
  1.0000e+00 0.0000e+00 2.0000e-01 0.0000e+00 0.0000e+00 0.0000e+00
  0.0000e+00 0.0000e+00 0.0000e+00]
 [1.1000e+01 1.1180e+03 0.0000e+00 0.0000e+00 0.0000e+00 0.0000e+00
  0.0000e+00 0.0000e+00 0.0000e+00 0.0000e+00 0.0000e+00 0.0000e+00
  0.0000e+00 0.0000e+00 0.0000e+00]
 [0.0000e+00 0.0000e+00 6.2660e+02 0.0000e+00 0.0000e+00 0.0000e+00
  0.0000e+00 0.0000e+00 0.0000e+00 0.0000e+00 0.0000e+00 0.0000e+00
  0.0000e+00 0.0000e+00 4.0000e-01]
 [3.4000e+00 0.0000e+00 0.0000e+00 1.1126e+03 0.0000e+00 0.0000e+00
  2.6000e+00 0.0000e+00 1.4000e+00 0.0000e+00 0.0000e+00 0.0000e+00
  0.0000e+00 0.0000e+00 0.0000e+00]
 [0.0000e+00 0.0000e+00 0.0000e+00 0.0000e+00 1.1178e+03 0.0000e+00
  0.0000e+00 0.0000e+00 2.0000e-01 0.0000e+00 0.0000e+00 0.0000e+00
  0.0000e+00 0.0000e+00 0.0000e+00]
 [8.0000e-01 0.0000e+00 0.0000e+00 0.0000e+00 0.0000e+00 2.7880e+02
  1.0800e+01 4.0000e-01 1.2000e+00 0.0000e+00 0.0000e+00 0.0000e+00
  0.0000e+00 0.0000e+00 0.0000e+00]
 [0.0000e+00 0.0000e+00 0.0000e+00 2.0000e-01 0.0000e+00 0.0000e+00
  1.1328e+03 0.0000e+00 4.6000e+00 0.0000e+00 2.8000e+00 0.0000e+00
  6.0000e-01 0.0000e+00 0.0000e+00]
 [0.0000e+00 0.0000e+00 0.0000e+00 0.0000e+00 8.0000e+00 2.0000e-01
  8.0000e+00 1.0572e+03 1.0000e+00 3.2000e+00 6.0000e+00 1.9200e+01
  1.0000e+00 0.0000e+00 1.6200e+01]
 [0.0000e+00 0.0000e+00 0.0000e+00 0.0000e+00 0.0000e+00 0.0000e+00
  6.6000e+00 4.0000e-01 1.1046e+03 6.2000e+00 5.6000e+00 3.6000e+00
  0.0000e+00 0.0000e+00 0.0000e+00]
 [0.0000e+00 0.0000e+00 0.0000e+00 0.0000e+00 0.0000e+00 0.0000e+00
  0.0000e+00 0.0000e+00 2.2000e+00 1.1016e+03 2.0000e-01 0.0000e+00
  0.0000e+00 0.0000e+00 0.0000e+00]
 [0.0000e+00 0.0000e+00 0.0000e+00 0.0000e+00 0.0000e+00 0.0000e+00
  0.0000e+00 0.0000e+00 4.4000e+00 2.0000e-01 1.1074e+03 0.0000e+00
  0.0000e+00 0.0000e+00 0.0000e+00]
 [0.0000e+00 0.0000e+00 0.0000e+00 0.0000e+00 0.0000e+00 0.0000e+00
  1.2600e+01 6.0000e-01 6.6000e+00 4.4000e+00 0.0000e+00 1.0808e+03
  5.0000e+00 0.0000e+00 0.0000e+00]
 [0.0000e+00 0.0000e+00 0.0000e+00 0.0000e+00 0.0000e+00 0.0000e+00
  0.0000e+00 0.0000e+00 0.0000e+00 3.8000e+00 4.0000e-01 2.8000e+00
  4.1500e+02 0.0000e+00 0.0000e+00]
 [0.0000e+00 0.0000e+00 0.0000e+00 0.0000e+00 0.0000e+00 0.0000e+00
  0.0000e+00 0.0000e+00 0.0000e+00 0.0000e+00 0.0000e+00 0.0000e+00
  0.0000e+00 3.8500e+02 0.0000e+00]
 [0.0000e+00 0.0000e+00 0.0000e+00 0.0000e+00 0.0000e+00 0.0000e+00
  0.0000e+00 0.0000e+00 0.0000e+00 0.0000e+00 0.0000e+00 0.0000e+00
  0.0000e+00 0.0000e+00 5.9400e+02]]---
Accuracy: 98.54 +- 0.38
---
class acc :
	Healthy grass: 97.50 +- 2.24
	Stressed grass: 99.03 +- 0.62
	Synthetic grass: 99.94 +- 0.13
	Trees: 99.34 +- 0.58
	Soil: 99.98 +- 0.04
	Water: 95.48 +- 5.00
	Residential: 99.28 +- 0.53
	Commercial: 94.39 +- 0.64
	Road: 98.01 +- 1.03
	Highway: 99.78 +- 0.19
	Railway: 99.59 +- 0.54
	Parking Lot 1: 97.37 +- 2.11
	Parking Lot 2: 98.34 +- 1.68
	Tennis Court: 100.00 +- 0.00
	Running Track: 100.00 +- 0.00
---
AA: 98.53 +- 0.48
Kappa: 98.43 +- 0.41
