run 1 / 5
Best validation overall accuracy 0.9886363636363636
Confusion matrix :
[[1105    6    0   15    0    0    0    0    0    0    0    0    0    0
     0]
 [   6 1123    0    0    0    0    0    0    0    0    0    0    0    0
     0]
 [   0    0  627    0    0    0    0    0    0    0    0    0    0    0
     0]
 [   0    0    0 1120    0    0    0    0    0    0    0    0    0    0
     0]
 [   0    0    0    0 1118    0    0    0    0    0    0    0    0    0
     0]
 [   0    0    0    0    0  292    0    0    0    0    0    0    0    0
     0]
 [   0    0    0    0    0    0 1124    3    7    0    7    0    0    0
     0]
 [   0    0    0    0    3    0    0 1038    0   15   26   27    1    1
     9]
 [   0    0    0    0    0    0    3    8  998   24   26   68    0    0
     0]
 [   0    0    0    0    0    0    0    0    0 1091    8    5    0    0
     0]
 [   0    0    0    0    0    0    0    0    0    0 1111    0    1    0
     0]
 [   0    0    0    0    0    0   35    7    0    0    0 1068    0    0
     0]
 [   0    0    0    0    0    0    0    0    0    0   12    2  408    0
     0]
 [   0    0    0    0    0    0    0    0    0    0    0    0    0  385
     0]
 [   0    0    0    0    0    0    0    0    0    0    0    0    0    0
   594]]---
Accuracy : 97.60%
---
class acc :
	Healthy grass: 98.13
	Stressed grass: 99.47
	Synthetic grass: 100.00
	Trees: 100.00
	Soil: 100.00
	Water: 100.00
	Residential: 98.51
	Commercial: 92.68
	Road: 88.55
	Highway: 98.82
	Railway: 99.91
	Parking Lot 1: 96.22
	Parking Lot 2: 96.68
	Tennis Court: 100.00
	Running Track: 100.00
---
AA: 97.93%
Kappa: 97.40
run 2 / 5
Best validation overall accuracy 0.9886363636363636
Confusion matrix :
[[1126    0    0    0    0    0    0    0    0    0    0    0    0    0
     0]
 [  19 1110    0    0    0    0    0    0    0    0    0    0    0    0
     0]
 [   0    0  627    0    0    0    0    0    0    0    0    0    0    0
     0]
 [  15    0    0 1105    0    0    0    0    0    0    0    0    0    0
     0]
 [   0    0    0    0 1118    0    0    0    0    0    0    0    0    0
     0]
 [   1    0    0    0    0  286    0    1    0    0    0    0    4    0
     0]
 [   0    0    0    0    0    0 1126    0   13    0    2    0    0    0
     0]
 [   0    0    0    0    0    0    0 1063    0    0   10   47    0    0
     0]
 [   0    0    0    0    9    0    0    0 1099    8    6    5    0    0
     0]
 [   0    0    0    0    0    0    0    0   21 1079    2    0    2    0
     0]
 [   0    0    0    0    0    0    0    0    5    0 1107    0    0    0
     0]
 [   0    0    0    0    0    0   32    0    2    0    0 1076    0    0
     0]
 [   0    0    0    0    0    0    0    0    0    3   15    0  404    0
     0]
 [   0    0    0    0    0    0    0    0    0    0    0    0    0  385
     0]
 [   0    0    0    0    0    0    0    0    0    0    0    0    0    0
   594]]---
Accuracy : 98.36%
---
class acc :
	Healthy grass: 100.00
	Stressed grass: 98.32
	Synthetic grass: 100.00
	Trees: 98.66
	Soil: 100.00
	Water: 97.95
	Residential: 98.69
	Commercial: 94.91
	Road: 97.52
	Highway: 97.74
	Railway: 99.55
	Parking Lot 1: 96.94
	Parking Lot 2: 95.73
	Tennis Court: 100.00
	Running Track: 100.00
---
AA: 98.40%
Kappa: 98.23
run 3 / 5
Best validation overall accuracy 0.9815340909090909
Confusion matrix :
[[1046   43    0   37    0    0    0    0    0    0    0    0    0    0
     0]
 [   9 1120    0    0    0    0    0    0    0    0    0    0    0    0
     0]
 [   0    0  627    0    0    0    0    0    0    0    0    0    0    0
     0]
 [   0    0    0 1120    0    0    0    0    0    0    0    0    0    0
     0]
 [   0    0    0    0 1118    0    0    0    0    0    0    0    0    0
     0]
 [   0    0    0    0    0  286    0    1    5    0    0    0    0    0
     0]
 [   0    0    0    0    0    0 1125    0    7    0    9    0    0    0
     0]
 [   0    0    0    0    4    0    1 1060    0    0    0   27    0    9
    19]
 [   0    0    0    0    9    0    7    0 1056   29   18    8    0    0
     0]
 [   0    0    0    0    0    0    0    0    0 1104    0    0    0    0
     0]
 [   0    0    0    0    0    0    0    0    0    0 1112    0    0    0
     0]
 [   0    0    0    0    0    0   18    0    7   43    0 1042    0    0
     0]
 [   0    0    0    0    0    0    0    1    0    3   16    0  402    0
     0]
 [   0    0    0    0    0    0    0    0    0    0    0    0    0  385
     0]
 [   0    0    0    0    0    0    0    0    0    0    0    0    0    0
   594]]---
Accuracy : 97.56%
---
class acc :
	Healthy grass: 92.90
	Stressed grass: 99.20
	Synthetic grass: 100.00
	Trees: 100.00
	Soil: 100.00
	Water: 97.95
	Residential: 98.60
	Commercial: 94.64
	Road: 93.70
	Highway: 100.00
	Railway: 100.00
	Parking Lot 1: 93.87
	Parking Lot 2: 95.26
	Tennis Court: 100.00
	Running Track: 100.00
---
AA: 97.74%
Kappa: 97.36
run 4 / 5
Best validation overall accuracy 0.9730113636363636
Confusion matrix :
[[1117    1    0    8    0    0    0    0    0    0    0    0    0    0
     0]
 [   5 1124    0    0    0    0    0    0    0    0    0    0    0    0
     0]
 [   0    0  627    0    0    0    0    0    0    0    0    0    0    0
     0]
 [  17    2    0 1100    0    0    0    0    1    0    0    0    0    0
     0]
 [   0    0    0    0 1116    0    0    0    0    0    0    2    0    0
     0]
 [   2    0    0    0    0  255   34    1    0    0    0    0    0    0
     0]
 [   0    0    0    1    0    0 1096    3    0    0    8   33    0    0
     0]
 [   0    0    0    0    0    0   22 1046    0    0    0   44    0    0
     8]
 [   0    0    0    0    1    0    7    0 1023   53   23   13    7    0
     0]
 [   0    0    0    0    0    0    0    0    3 1094    7    0    0    0
     0]
 [   0    0    0    0    0    0    0    0    3    0 1109    0    0    0
     0]
 [   0    0    0    0    0    0    8    3    1    0    0 1098    0    0
     0]
 [   0    0    0    0    0    0    0    0    0    0    1    1  420    0
     0]
 [   0    0    0    0    0    0    0    0    0    0    0    0    0  385
     0]
 [   0    0    0    0    0    0    0    0    0    0    0    0    0    0
   594]]---
Accuracy : 97.61%
---
class acc :
	Healthy grass: 99.20
	Stressed grass: 99.56
	Synthetic grass: 100.00
	Trees: 98.21
	Soil: 99.82
	Water: 87.33
	Residential: 96.06
	Commercial: 93.39
	Road: 90.77
	Highway: 99.09
	Railway: 99.73
	Parking Lot 1: 98.92
	Parking Lot 2: 99.53
	Tennis Court: 100.00
	Running Track: 100.00
---
AA: 97.44%
Kappa: 97.42
run 5 / 5
Best validation overall accuracy 0.984375
Confusion matrix :
[[1114    2    0   10    0    0    0    0    0    0    0    0    0    0
     0]
 [   4 1125    0    0    0    0    0    0    0    0    0    0    0    0
     0]
 [   0    0  627    0    0    0    0    0    0    0    0    0    0    0
     0]
 [   0    0    0 1120    0    0    0    0    0    0    0    0    0    0
     0]
 [   0    0    0    0 1118    0    0    0    0    0    0    0    0    0
     0]
 [   9    0    0    0    0  281    0    2    0    0    0    0    0    0
     0]
 [   0    0    0    0    0    0 1109    0   17    0    5    8    1    0
     1]
 [   0    0    0    0    1    0   26 1048    1    0    2   17    0   20
     5]
 [   0    0    0    0    0    0    3    0 1099   14    1   10    0    0
     0]
 [   0    0    0    0    0    0    0    0    0 1087    0   17    0    0
     0]
 [   0    0    0    0    0    0    0    0    5    0 1081    1   25    0
     0]
 [   0    0    0    0    0    0   13    4    1    0    0 1092    0    0
     0]
 [   0    0    0    0    0    0    0    0    0    0    0    0  422    0
     0]
 [   0    0    0    0    0    0    0    0    0    0    0    0    0  385
     0]
 [   0    0    0    0    0    0    0    0    0    0    0    0    0    0
   594]]---
Accuracy : 98.34%
---
class acc :
	Healthy grass: 98.93
	Stressed grass: 99.65
	Synthetic grass: 100.00
	Trees: 100.00
	Soil: 100.00
	Water: 96.23
	Residential: 97.20
	Commercial: 93.57
	Road: 97.52
	Highway: 98.46
	Railway: 97.21
	Parking Lot 1: 98.38
	Parking Lot 2: 100.00
	Tennis Court: 100.00
	Running Track: 100.00
---
AA: 98.48%
Kappa: 98.20
Agregated results :
Confusion matrix :
[[1.1016e+03 1.0400e+01 0.0000e+00 1.4000e+01 0.0000e+00 0.0000e+00
  0.0000e+00 0.0000e+00 0.0000e+00 0.0000e+00 0.0000e+00 0.0000e+00
  0.0000e+00 0.0000e+00 0.0000e+00]
 [8.6000e+00 1.1204e+03 0.0000e+00 0.0000e+00 0.0000e+00 0.0000e+00
  0.0000e+00 0.0000e+00 0.0000e+00 0.0000e+00 0.0000e+00 0.0000e+00
  0.0000e+00 0.0000e+00 0.0000e+00]
 [0.0000e+00 0.0000e+00 6.2700e+02 0.0000e+00 0.0000e+00 0.0000e+00
  0.0000e+00 0.0000e+00 0.0000e+00 0.0000e+00 0.0000e+00 0.0000e+00
  0.0000e+00 0.0000e+00 0.0000e+00]
 [6.4000e+00 4.0000e-01 0.0000e+00 1.1130e+03 0.0000e+00 0.0000e+00
  0.0000e+00 0.0000e+00 2.0000e-01 0.0000e+00 0.0000e+00 0.0000e+00
  0.0000e+00 0.0000e+00 0.0000e+00]
 [0.0000e+00 0.0000e+00 0.0000e+00 0.0000e+00 1.1176e+03 0.0000e+00
  0.0000e+00 0.0000e+00 0.0000e+00 0.0000e+00 0.0000e+00 4.0000e-01
  0.0000e+00 0.0000e+00 0.0000e+00]
 [2.4000e+00 0.0000e+00 0.0000e+00 0.0000e+00 0.0000e+00 2.8000e+02
  6.8000e+00 1.0000e+00 1.0000e+00 0.0000e+00 0.0000e+00 0.0000e+00
  8.0000e-01 0.0000e+00 0.0000e+00]
 [0.0000e+00 0.0000e+00 0.0000e+00 2.0000e-01 0.0000e+00 0.0000e+00
  1.1160e+03 1.2000e+00 8.8000e+00 0.0000e+00 6.2000e+00 8.2000e+00
  2.0000e-01 0.0000e+00 2.0000e-01]
 [0.0000e+00 0.0000e+00 0.0000e+00 0.0000e+00 1.6000e+00 0.0000e+00
  9.8000e+00 1.0510e+03 2.0000e-01 3.0000e+00 7.6000e+00 3.2400e+01
  2.0000e-01 6.0000e+00 8.2000e+00]
 [0.0000e+00 0.0000e+00 0.0000e+00 0.0000e+00 3.8000e+00 0.0000e+00
  4.0000e+00 1.6000e+00 1.0550e+03 2.5600e+01 1.4800e+01 2.0800e+01
  1.4000e+00 0.0000e+00 0.0000e+00]
 [0.0000e+00 0.0000e+00 0.0000e+00 0.0000e+00 0.0000e+00 0.0000e+00
  0.0000e+00 0.0000e+00 4.8000e+00 1.0910e+03 3.4000e+00 4.4000e+00
  4.0000e-01 0.0000e+00 0.0000e+00]
 [0.0000e+00 0.0000e+00 0.0000e+00 0.0000e+00 0.0000e+00 0.0000e+00
  0.0000e+00 0.0000e+00 2.6000e+00 0.0000e+00 1.1040e+03 2.0000e-01
  5.2000e+00 0.0000e+00 0.0000e+00]
 [0.0000e+00 0.0000e+00 0.0000e+00 0.0000e+00 0.0000e+00 0.0000e+00
  2.1200e+01 2.8000e+00 2.2000e+00 8.6000e+00 0.0000e+00 1.0752e+03
  0.0000e+00 0.0000e+00 0.0000e+00]
 [0.0000e+00 0.0000e+00 0.0000e+00 0.0000e+00 0.0000e+00 0.0000e+00
  0.0000e+00 2.0000e-01 0.0000e+00 1.2000e+00 8.8000e+00 6.0000e-01
  4.1120e+02 0.0000e+00 0.0000e+00]
 [0.0000e+00 0.0000e+00 0.0000e+00 0.0000e+00 0.0000e+00 0.0000e+00
  0.0000e+00 0.0000e+00 0.0000e+00 0.0000e+00 0.0000e+00 0.0000e+00
  0.0000e+00 3.8500e+02 0.0000e+00]
 [0.0000e+00 0.0000e+00 0.0000e+00 0.0000e+00 0.0000e+00 0.0000e+00
  0.0000e+00 0.0000e+00 0.0000e+00 0.0000e+00 0.0000e+00 0.0000e+00
  0.0000e+00 0.0000e+00 5.9400e+02]]---
Accuracy: 97.89 +- 0.37
---
class acc :
	Healthy grass: 97.83 +- 2.54
	Stressed grass: 99.24 +- 0.48
	Synthetic grass: 100.00 +- 0.00
	Trees: 99.38 +- 0.78
	Soil: 99.96 +- 0.07
	Water: 95.89 +- 4.44
	Residential: 97.81 +- 1.03
	Commercial: 93.84 +- 0.83
	Road: 93.61 +- 3.58
	Highway: 98.82 +- 0.74
	Railway: 99.28 +- 1.05
	Parking Lot 1: 96.86 +- 1.78
	Parking Lot 2: 97.44 +- 1.96
	Tennis Court: 100.00 +- 0.00
	Running Track: 100.00 +- 0.00
---
AA: 98.00 +- 0.39
Kappa: 97.72 +- 0.40
