run 1 / 5
Best validation overall accuracy 0.9872159090909091
Confusion matrix :
[[1124    2    0    0    0    0    0    0    0    0    0    0    0    0
     0]
 [   6 1123    0    0    0    0    0    0    0    0    0    0    0    0
     0]
 [   0    0  627    0    0    0    0    0    0    0    0    0    0    0
     0]
 [   0    0    0 1120    0    0    0    0    0    0    0    0    0    0
     0]
 [   0    0    0    0 1118    0    0    0    0    0    0    0    0    0
     0]
 [   0    0    0    0    0  292    0    0    0    0    0    0    0    0
     0]
 [   0    0    0    0    0    1 1134    0    1    0    3    2    0    0
     0]
 [   0    0    0    0    0    0    0 1032    0   17   35   27    0    0
     9]
 [   0    0    0    0    0    0    3    2 1049   20   22   31    0    0
     0]
 [   0    0    0    0    0    0    0    0    0 1104    0    0    0    0
     0]
 [   0    0    0    0    0    0    0    0    0    4 1108    0    0    0
     0]
 [   0    0    0    0    0    0    1   11    0    2    0 1096    0    0
     0]
 [   0    0    0    0    0    0    0    0    0    0    4    0  418    0
     0]
 [   0    0    0    0    0    0    0    0    0    0    0    0    0  385
     0]
 [   0    0    0    0    0    0    0    0    0    0    0    0    0    0
   594]]---
Accuracy : 98.50%
---
class acc :
	Healthy grass: 99.82
	Stressed grass: 99.47
	Synthetic grass: 100.00
	Trees: 100.00
	Soil: 100.00
	Water: 100.00
	Residential: 99.39
	Commercial: 92.14
	Road: 93.08
	Highway: 100.00
	Railway: 99.64
	Parking Lot 1: 98.74
	Parking Lot 2: 99.05
	Tennis Court: 100.00
	Running Track: 100.00
---
AA: 98.76%
Kappa: 98.38
run 2 / 5
Best validation overall accuracy 0.9900568181818182
Confusion matrix :
[[1126    0    0    0    0    0    0    0    0    0    0    0    0    0
     0]
 [  11 1118    0    0    0    0    0    0    0    0    0    0    0    0
     0]
 [   0    0  627    0    0    0    0    0    0    0    0    0    0    0
     0]
 [   7    0    0 1113    0    0    0    0    0    0    0    0    0    0
     0]
 [   0    0    0    0 1118    0    0    0    0    0    0    0    0    0
     0]
 [   0    0    0    0    0  287    0    0    5    0    0    0    0    0
     0]
 [   0    0    0    0    0    1 1128    0    6    0    0    6    0    0
     0]
 [   0    0    0    0    0    0    1 1080    6    0    0   33    0    0
     0]
 [   0    0    0    0    5    0    0    3 1092   13    6    8    0    0
     0]
 [   0    0    0    0    0    0    0    0    7 1094    3    0    0    0
     0]
 [   0    0    0    0    0    0    1    0    2    0 1109    0    0    0
     0]
 [   0    0    0    0    0    0   16    0    2   14    0 1078    0    0
     0]
 [   0    0    0    0    0    0    0    0    0    2    7    0  413    0
     0]
 [   0    0    0    0    0    0    0    0    0    0    0    0    0  385
     0]
 [   0    0    0    0    0    0    0    0    0    0    0    0    0    0
   594]]---
Accuracy : 98.78%
---
class acc :
	Healthy grass: 100.00
	Stressed grass: 99.03
	Synthetic grass: 100.00
	Trees: 99.38
	Soil: 100.00
	Water: 98.29
	Residential: 98.86
	Commercial: 96.43
	Road: 96.89
	Highway: 99.09
	Railway: 99.73
	Parking Lot 1: 97.12
	Parking Lot 2: 97.87
	Tennis Court: 100.00
	Running Track: 100.00
---
AA: 98.85%
Kappa: 98.68
run 3 / 5
Best validation overall accuracy 0.9857954545454546
Confusion matrix :
[[1079   33    0   14    0    0    0    0    0    0    0    0    0    0
     0]
 [  11 1118    0    0    0    0    0    0    0    0    0    0    0    0
     0]
 [   0    0  627    0    0    0    0    0    0    0    0    0    0    0
     0]
 [  11    0    0 1108    0    0    0    0    1    0    0    0    0    0
     0]
 [   0    0    0    0 1118    0    0    0    0    0    0    0    0    0
     0]
 [   0    0    0    0    0  289    0    0    3    0    0    0    0    0
     0]
 [   0    0    0    0    0    0 1128    0    0    0    5    2    6    0
     0]
 [   0    0    0    0    0    0    0 1068    1    0    0   23    0   19
     9]
 [   0    0    0    0   13    0    9    0 1066   14   15   10    0    0
     0]
 [   0    0    0    0    0    0    0    0    0 1103    1    0    0    0
     0]
 [   0    0    0    0    0    0    0    0    0    0 1112    0    0    0
     0]
 [   0    0    0    0    0    0   14    2    0    1    0 1093    0    0
     0]
 [   0    0    0    0    0    0    0    0    0    2   16    0  404    0
     0]
 [   0    0    0    0    0    0    0    0    0    0    0    0    0  385
     0]
 [   0    0    0    0    0    0    0    0    0    0    0    0    0    0
   594]]---
Accuracy : 98.26%
---
class acc :
	Healthy grass: 95.83
	Stressed grass: 99.03
	Synthetic grass: 100.00
	Trees: 98.93
	Soil: 100.00
	Water: 98.97
	Residential: 98.86
	Commercial: 95.36
	Road: 94.59
	Highway: 99.91
	Railway: 100.00
	Parking Lot 1: 98.47
	Parking Lot 2: 95.73
	Tennis Court: 100.00
	Running Track: 100.00
---
AA: 98.38%
Kappa: 98.12
run 4 / 5
Best validation overall accuracy 0.9786931818181818
Confusion matrix :
[[1126    0    0    0    0    0    0    0    0    0    0    0    0    0
     0]
 [  11 1118    0    0    0    0    0    0    0    0    0    0    0    0
     0]
 [   0    0  627    0    0    0    0    0    0    0    0    0    0    0
     0]
 [  35    0    0 1084    0    0    0    0    1    0    0    0    0    0
     0]
 [   0    0    0    0 1118    0    0    0    0    0    0    0    0    0
     0]
 [   6    0    0    0    0  255   22    0    1    0    0    0    7    1
     0]
 [   0    0    2    0    0    0 1119    6    0    0   10    4    0    0
     0]
 [   0    0    0    0    0    0   22 1047    1    0    0   42    0    0
     8]
 [   0    0    0    0    0    0    1    0 1051   59    7    9    0    0
     0]
 [   0    0    0    0    0    0    0    0    7 1097    0    0    0    0
     0]
 [   0    0    0    0    0    0    0    0    0    0 1112    0    0    0
     0]
 [   0    0    0    0    0    0    9    4    5    1    0 1091    0    0
     0]
 [   0    0    0    0    0    0    0    0    0    0    0    0  422    0
     0]
 [   0    0    0    0    0    0    0    0    0    0    0    0    0  385
     0]
 [   0    0    0    0    0    0    0    0    0    0    0    0    0    0
   594]]---
Accuracy : 97.92%
---
class acc :
	Healthy grass: 100.00
	Stressed grass: 99.03
	Synthetic grass: 100.00
	Trees: 96.79
	Soil: 100.00
	Water: 87.33
	Residential: 98.07
	Commercial: 93.48
	Road: 93.26
	Highway: 99.37
	Railway: 100.00
	Parking Lot 1: 98.29
	Parking Lot 2: 100.00
	Tennis Court: 100.00
	Running Track: 100.00
---
AA: 97.71%
Kappa: 97.75
run 5 / 5
Best validation overall accuracy 0.9857954545454546
Confusion matrix :
[[1114    4    0    8    0    0    0    0    0    0    0    0    0    0
     0]
 [   4 1125    0    0    0    0    0    0    0    0    0    0    0    0
     0]
 [   0    0  626    0    0    0    0    0    0    0    0    0    0    0
     1]
 [   0    0    0 1120    0    0    0    0    0    0    0    0    0    0
     0]
 [   0    0    0    0 1118    0    0    0    0    0    0    0    0    0
     0]
 [   1    0    0    0    0  286    0    4    1    0    0    0    0    0
     0]
 [   0    0    0    0    0    1 1124    0    6    3    7    0    0    0
     0]
 [   0    0    0    0    0    0   27 1057    0    0    0   16    0   20
     0]
 [   0    0    0    0    0    0    7    3 1086   17    7    7    0    0
     0]
 [   0    0    0    0    0    0    0    0    0 1101    1    2    0    0
     0]
 [   0    0    0    0    0    0    1    0   11    0 1090    0   10    0
     0]
 [   0    0    0    0    0    0   35    2   16    8    0 1049    0    0
     0]
 [   0    0    0    0    0    0    0    0    0    0    0    3  419    0
     0]
 [   0    0    0    0    0    0    0    0    0    0    0    0    0  385
     0]
 [   0    0    0    0    0    0    0    0    0    0    0    0    0    0
   594]]---
Accuracy : 98.28%
---
class acc :
	Healthy grass: 98.93
	Stressed grass: 99.65
	Synthetic grass: 99.84
	Trees: 100.00
	Soil: 100.00
	Water: 97.95
	Residential: 98.51
	Commercial: 94.38
	Road: 96.36
	Highway: 99.73
	Railway: 98.02
	Parking Lot 1: 94.50
	Parking Lot 2: 99.29
	Tennis Court: 100.00
	Running Track: 100.00
---
AA: 98.48%
Kappa: 98.14
Agregated results :
Confusion matrix :
[[1.1138e+03 7.8000e+00 0.0000e+00 4.4000e+00 0.0000e+00 0.0000e+00
  0.0000e+00 0.0000e+00 0.0000e+00 0.0000e+00 0.0000e+00 0.0000e+00
  0.0000e+00 0.0000e+00 0.0000e+00]
 [8.6000e+00 1.1204e+03 0.0000e+00 0.0000e+00 0.0000e+00 0.0000e+00
  0.0000e+00 0.0000e+00 0.0000e+00 0.0000e+00 0.0000e+00 0.0000e+00
  0.0000e+00 0.0000e+00 0.0000e+00]
 [0.0000e+00 0.0000e+00 6.2680e+02 0.0000e+00 0.0000e+00 0.0000e+00
  0.0000e+00 0.0000e+00 0.0000e+00 0.0000e+00 0.0000e+00 0.0000e+00
  0.0000e+00 0.0000e+00 2.0000e-01]
 [1.0600e+01 0.0000e+00 0.0000e+00 1.1090e+03 0.0000e+00 0.0000e+00
  0.0000e+00 0.0000e+00 4.0000e-01 0.0000e+00 0.0000e+00 0.0000e+00
  0.0000e+00 0.0000e+00 0.0000e+00]
 [0.0000e+00 0.0000e+00 0.0000e+00 0.0000e+00 1.1180e+03 0.0000e+00
  0.0000e+00 0.0000e+00 0.0000e+00 0.0000e+00 0.0000e+00 0.0000e+00
  0.0000e+00 0.0000e+00 0.0000e+00]
 [1.4000e+00 0.0000e+00 0.0000e+00 0.0000e+00 0.0000e+00 2.8180e+02
  4.4000e+00 8.0000e-01 2.0000e+00 0.0000e+00 0.0000e+00 0.0000e+00
  1.4000e+00 2.0000e-01 0.0000e+00]
 [0.0000e+00 0.0000e+00 4.0000e-01 0.0000e+00 0.0000e+00 6.0000e-01
  1.1266e+03 1.2000e+00 2.6000e+00 6.0000e-01 5.0000e+00 2.8000e+00
  1.2000e+00 0.0000e+00 0.0000e+00]
 [0.0000e+00 0.0000e+00 0.0000e+00 0.0000e+00 0.0000e+00 0.0000e+00
  1.0000e+01 1.0568e+03 1.6000e+00 3.4000e+00 7.0000e+00 2.8200e+01
  0.0000e+00 7.8000e+00 5.2000e+00]
 [0.0000e+00 0.0000e+00 0.0000e+00 0.0000e+00 3.6000e+00 0.0000e+00
  4.0000e+00 1.6000e+00 1.0688e+03 2.4600e+01 1.1400e+01 1.3000e+01
  0.0000e+00 0.0000e+00 0.0000e+00]
 [0.0000e+00 0.0000e+00 0.0000e+00 0.0000e+00 0.0000e+00 0.0000e+00
  0.0000e+00 0.0000e+00 2.8000e+00 1.0998e+03 1.0000e+00 4.0000e-01
  0.0000e+00 0.0000e+00 0.0000e+00]
 [0.0000e+00 0.0000e+00 0.0000e+00 0.0000e+00 0.0000e+00 0.0000e+00
  4.0000e-01 0.0000e+00 2.6000e+00 8.0000e-01 1.1062e+03 0.0000e+00
  2.0000e+00 0.0000e+00 0.0000e+00]
 [0.0000e+00 0.0000e+00 0.0000e+00 0.0000e+00 0.0000e+00 0.0000e+00
  1.5000e+01 3.8000e+00 4.6000e+00 5.2000e+00 0.0000e+00 1.0814e+03
  0.0000e+00 0.0000e+00 0.0000e+00]
 [0.0000e+00 0.0000e+00 0.0000e+00 0.0000e+00 0.0000e+00 0.0000e+00
  0.0000e+00 0.0000e+00 0.0000e+00 8.0000e-01 5.4000e+00 6.0000e-01
  4.1520e+02 0.0000e+00 0.0000e+00]
 [0.0000e+00 0.0000e+00 0.0000e+00 0.0000e+00 0.0000e+00 0.0000e+00
  0.0000e+00 0.0000e+00 0.0000e+00 0.0000e+00 0.0000e+00 0.0000e+00
  0.0000e+00 3.8500e+02 0.0000e+00]
 [0.0000e+00 0.0000e+00 0.0000e+00 0.0000e+00 0.0000e+00 0.0000e+00
  0.0000e+00 0.0000e+00 0.0000e+00 0.0000e+00 0.0000e+00 0.0000e+00
  0.0000e+00 0.0000e+00 5.9400e+02]]---
Accuracy: 98.35 +- 0.28
---
class acc :
	Healthy grass: 98.92 +- 1.60
	Stressed grass: 99.24 +- 0.27
	Synthetic grass: 99.97 +- 0.06
	Trees: 99.02 +- 1.19
	Soil: 100.00 +- 0.00
	Water: 96.51 +- 4.64
	Residential: 98.74 +- 0.44
	Commercial: 94.36 +- 1.48
	Road: 94.84 +- 1.56
	Highway: 99.62 +- 0.34
	Railway: 99.48 +- 0.74
	Parking Lot 1: 97.42 +- 1.56
	Parking Lot 2: 98.39 +- 1.49
	Tennis Court: 100.00 +- 0.00
	Running Track: 100.00 +- 0.00
---
AA: 98.43 +- 0.40
Kappa: 98.21 +- 0.31
