run 1 / 5
Best validation overall accuracy 0.9857954545454546
Confusion matrix :
[[1096    6    0   24    0    0    0    0    0    0    0    0    0    0
     0]
 [   5 1124    0    0    0    0    0    0    0    0    0    0    0    0
     0]
 [   0    0  627    0    0    0    0    0    0    0    0    0    0    0
     0]
 [   1    0    0 1118    0    0    1    0    0    0    0    0    0    0
     0]
 [   0    0    0    0 1118    0    0    0    0    0    0    0    0    0
     0]
 [   0    0    0    0    0  292    0    0    0    0    0    0    0    0
     0]
 [   0    0    0    0    0    0 1128    1    9    0    3    0    0    0
     0]
 [   0    0    0    0    5    1   22 1023    3   17   10   31    0    0
     8]
 [   0    0    0    0    0    0    0    0 1083    2    2   40    0    0
     0]
 [   0    0    0    0    0    0    0    0    5 1094    1    2    2    0
     0]
 [   0    0    0    0    0    0    0    0    5    5 1100    0    2    0
     0]
 [   0    0    0    0    0    0   26    4    0    0    0 1080    0    0
     0]
 [   0    0    0    0    0    0    0    0    0    0    2    1  419    0
     0]
 [   0    0    0    0    0    0    0    0    0    0    0    0    0  385
     0]
 [   0    0    0    0    0    0    0    0    0    0    0    0    0    0
   594]]---
Accuracy : 98.18%
---
class acc :
	Healthy grass: 97.34
	Stressed grass: 99.56
	Synthetic grass: 100.00
	Trees: 99.82
	Soil: 100.00
	Water: 100.00
	Residential: 98.86
	Commercial: 91.34
	Road: 96.10
	Highway: 99.09
	Railway: 98.92
	Parking Lot 1: 97.30
	Parking Lot 2: 99.29
	Tennis Court: 100.00
	Running Track: 100.00
---
AA: 98.51%
Kappa: 98.03
run 2 / 5
Best validation overall accuracy 0.984375
Confusion matrix :
[[1104    0    0   22    0    0    0    0    0    0    0    0    0    0
     0]
 [   8 1121    0    0    0    0    0    0    0    0    0    0    0    0
     0]
 [   0    0  627    0    0    0    0    0    0    0    0    0    0    0
     0]
 [  16    0    0 1103    0    0    0    0    1    0    0    0    0    0
     0]
 [   0    0    0    0 1118    0    0    0    0    0    0    0    0    0
     0]
 [   0    0    0    0    0  292    0    0    0    0    0    0    0    0
     0]
 [   0    0    1    0    0    0 1101    6   13    1    6    9    4    0
     0]
 [   0    0    0    0    0    0   26 1035    1    0   12   37    0    0
     9]
 [   0    0    0    0    0    0    0   11 1099   13    2    2    0    0
     0]
 [   0    0    0    0    0    0    0    0   24 1077    0    3    0    0
     0]
 [   0    0    0    0    0    0    0    0    0    0 1112    0    0    0
     0]
 [   0    0    0    0    0    0   12    0    6    0    0 1092    0    0
     0]
 [   0    0    0    0    0    0    0    0    0    1   18    1  402    0
     0]
 [   0    0    0    0    0    0    0    0    0    0    0    0    0  385
     0]
 [   0    0    0    0    0    0    0    0    0    0    0    0    0    0
   594]]---
Accuracy : 98.04%
---
class acc :
	Healthy grass: 98.05
	Stressed grass: 99.29
	Synthetic grass: 100.00
	Trees: 98.48
	Soil: 100.00
	Water: 100.00
	Residential: 96.49
	Commercial: 92.41
	Road: 97.52
	Highway: 97.55
	Railway: 100.00
	Parking Lot 1: 98.38
	Parking Lot 2: 95.26
	Tennis Court: 100.00
	Running Track: 100.00
---
AA: 98.23%
Kappa: 97.88
run 3 / 5
Best validation overall accuracy 0.9872159090909091
Confusion matrix :
[[1126    0    0    0    0    0    0    0    0    0    0    0    0    0
     0]
 [  14 1115    0    0    0    0    0    0    0    0    0    0    0    0
     0]
 [   0    0  627    0    0    0    0    0    0    0    0    0    0    0
     0]
 [   0    1    0 1119    0    0    0    0    0    0    0    0    0    0
     0]
 [   0    0    0    0 1103    0    0    0    0    0    0   15    0    0
     0]
 [   0    0    0    0    0  292    0    0    0    0    0    0    0    0
     0]
 [   0    0    0    0    0    0 1089   16    9    0   18    0    5    0
     4]
 [   0    0    0    0    0    7   23 1024    1    0   30   11   24    0
     0]
 [   0    0    0    0    0    0    4    0 1069   38    9    7    0    0
     0]
 [   0    0    0    0    0    0    0    0    0 1053   51    0    0    0
     0]
 [   0    0    0    0    0    0    0    0    0    0 1112    0    0    0
     0]
 [   0    0    0    0    0    0   26    1    1    4    0 1074    4    0
     0]
 [   0    0    0    0    0    0    0    0    0    0   18    0  404    0
     0]
 [   0    0    0    0    0    0    0    0    0    0    0    0    0  385
     0]
 [   0    0    0    0    0    0    0    0    0    0    0    0    0    0
   594]]---
Accuracy : 97.48%
---
class acc :
	Healthy grass: 100.00
	Stressed grass: 98.76
	Synthetic grass: 100.00
	Trees: 99.91
	Soil: 98.66
	Water: 100.00
	Residential: 95.44
	Commercial: 91.43
	Road: 94.85
	Highway: 95.38
	Railway: 100.00
	Parking Lot 1: 96.76
	Parking Lot 2: 95.73
	Tennis Court: 100.00
	Running Track: 100.00
---
AA: 97.80%
Kappa: 97.28
run 4 / 5
Best validation overall accuracy 0.9786931818181818
Confusion matrix :
[[1077   24    0   25    0    0    0    0    0    0    0    0    0    0
     0]
 [  12 1117    0    0    0    0    0    0    0    0    0    0    0    0
     0]
 [   0    0  627    0    0    0    0    0    0    0    0    0    0    0
     0]
 [   0    0    0 1120    0    0    0    0    0    0    0    0    0    0
     0]
 [   0    0    0    0 1118    0    0    0    0    0    0    0    0    0
     0]
 [   0    0    0    0    0  255   37    0    0    0    0    0    0    0
     0]
 [   0    0    0    0    0    0 1128    0    6    0    5    2    0    0
     0]
 [   0    0    0    0    0    0   50  972    6    1   45   29    0   11
     6]
 [   0    0    0    0    0    0    2    0 1110    8    0    7    0    0
     0]
 [   0    0    0    0    0    0    0    0    6 1090    8    0    0    0
     0]
 [   0    0    0    0    0    0    0    0    1    0 1111    0    0    0
     0]
 [   0    0    0    0    0    0   11    4    0    0    0 1095    0    0
     0]
 [   0    0    0    0    0    0    0    0    0    1    5    5  411    0
     0]
 [   0    0    0    0    0    0    0    0    0    0    0    0    0  385
     0]
 [   0    0    0    0    0    0    0    0    0    0    0    0    0    0
   594]]---
Accuracy : 97.66%
---
class acc :
	Healthy grass: 95.65
	Stressed grass: 98.94
	Synthetic grass: 100.00
	Trees: 100.00
	Soil: 100.00
	Water: 87.33
	Residential: 98.86
	Commercial: 86.79
	Road: 98.49
	Highway: 98.73
	Railway: 99.91
	Parking Lot 1: 98.65
	Parking Lot 2: 97.39
	Tennis Court: 100.00
	Running Track: 100.00
---
AA: 97.38%
Kappa: 97.47
run 5 / 5
Best validation overall accuracy 0.9886363636363636
Confusion matrix :
[[1099   15    0   12    0    0    0    0    0    0    0    0    0    0
     0]
 [   3 1126    0    0    0    0    0    0    0    0    0    0    0    0
     0]
 [   0    0  627    0    0    0    0    0    0    0    0    0    0    0
     0]
 [   6    0    0 1114    0    0    0    0    0    0    0    0    0    0
     0]
 [   0    0    0    0 1118    0    0    0    0    0    0    0    0    0
     0]
 [   0    0    0    0    0  287    0    1    4    0    0    0    0    0
     0]
 [   0    0    0    0    0    0 1123    0    2    0   12    4    0    0
     0]
 [   0    0    0    0    9    2    0 1088    3    0    0   18    0    0
     0]
 [   0    0    0    0    0    0    0    0 1087   22   18    0    0    0
     0]
 [   0    0    0    0    0    0    0    0   15 1076   12    1    0    0
     0]
 [   0    0    0    0    0    0    0    0    0    0 1112    0    0    0
     0]
 [   0    0    0    0    0    0    3    0   27    0    0 1080    0    0
     0]
 [   0    0    0    0    0    0    0    0    0    2   18    3  399    0
     0]
 [   0    0    0    0    0    0    0    0    0    0    0    0    0  385
     0]
 [   0    0    0    0    0    0    0    0    0    0    0    0    0    0
   594]]---
Accuracy : 98.43%
---
class acc :
	Healthy grass: 97.60
	Stressed grass: 99.73
	Synthetic grass: 100.00
	Trees: 99.46
	Soil: 100.00
	Water: 98.29
	Residential: 98.42
	Commercial: 97.14
	Road: 96.45
	Highway: 97.46
	Railway: 100.00
	Parking Lot 1: 97.30
	Parking Lot 2: 94.55
	Tennis Court: 100.00
	Running Track: 100.00
---
AA: 98.43%
Kappa: 98.31
Agregated results :
Confusion matrix :
[[1.1004e+03 9.0000e+00 0.0000e+00 1.6600e+01 0.0000e+00 0.0000e+00
  0.0000e+00 0.0000e+00 0.0000e+00 0.0000e+00 0.0000e+00 0.0000e+00
  0.0000e+00 0.0000e+00 0.0000e+00]
 [8.4000e+00 1.1206e+03 0.0000e+00 0.0000e+00 0.0000e+00 0.0000e+00
  0.0000e+00 0.0000e+00 0.0000e+00 0.0000e+00 0.0000e+00 0.0000e+00
  0.0000e+00 0.0000e+00 0.0000e+00]
 [0.0000e+00 0.0000e+00 6.2700e+02 0.0000e+00 0.0000e+00 0.0000e+00
  0.0000e+00 0.0000e+00 0.0000e+00 0.0000e+00 0.0000e+00 0.0000e+00
  0.0000e+00 0.0000e+00 0.0000e+00]
 [4.6000e+00 2.0000e-01 0.0000e+00 1.1148e+03 0.0000e+00 0.0000e+00
  2.0000e-01 0.0000e+00 2.0000e-01 0.0000e+00 0.0000e+00 0.0000e+00
  0.0000e+00 0.0000e+00 0.0000e+00]
 [0.0000e+00 0.0000e+00 0.0000e+00 0.0000e+00 1.1150e+03 0.0000e+00
  0.0000e+00 0.0000e+00 0.0000e+00 0.0000e+00 0.0000e+00 3.0000e+00
  0.0000e+00 0.0000e+00 0.0000e+00]
 [0.0000e+00 0.0000e+00 0.0000e+00 0.0000e+00 0.0000e+00 2.8360e+02
  7.4000e+00 2.0000e-01 8.0000e-01 0.0000e+00 0.0000e+00 0.0000e+00
  0.0000e+00 0.0000e+00 0.0000e+00]
 [0.0000e+00 0.0000e+00 2.0000e-01 0.0000e+00 0.0000e+00 0.0000e+00
  1.1138e+03 4.6000e+00 7.8000e+00 2.0000e-01 8.8000e+00 3.0000e+00
  1.8000e+00 0.0000e+00 8.0000e-01]
 [0.0000e+00 0.0000e+00 0.0000e+00 0.0000e+00 2.8000e+00 2.0000e+00
  2.4200e+01 1.0284e+03 2.8000e+00 3.6000e+00 1.9400e+01 2.5200e+01
  4.8000e+00 2.2000e+00 4.6000e+00]
 [0.0000e+00 0.0000e+00 0.0000e+00 0.0000e+00 0.0000e+00 0.0000e+00
  1.2000e+00 2.2000e+00 1.0896e+03 1.6600e+01 6.2000e+00 1.1200e+01
  0.0000e+00 0.0000e+00 0.0000e+00]
 [0.0000e+00 0.0000e+00 0.0000e+00 0.0000e+00 0.0000e+00 0.0000e+00
  0.0000e+00 0.0000e+00 1.0000e+01 1.0780e+03 1.4400e+01 1.2000e+00
  4.0000e-01 0.0000e+00 0.0000e+00]
 [0.0000e+00 0.0000e+00 0.0000e+00 0.0000e+00 0.0000e+00 0.0000e+00
  0.0000e+00 0.0000e+00 1.2000e+00 1.0000e+00 1.1094e+03 0.0000e+00
  4.0000e-01 0.0000e+00 0.0000e+00]
 [0.0000e+00 0.0000e+00 0.0000e+00 0.0000e+00 0.0000e+00 0.0000e+00
  1.5600e+01 1.8000e+00 6.8000e+00 8.0000e-01 0.0000e+00 1.0842e+03
  8.0000e-01 0.0000e+00 0.0000e+00]
 [0.0000e+00 0.0000e+00 0.0000e+00 0.0000e+00 0.0000e+00 0.0000e+00
  0.0000e+00 0.0000e+00 0.0000e+00 8.0000e-01 1.2200e+01 2.0000e+00
  4.0700e+02 0.0000e+00 0.0000e+00]
 [0.0000e+00 0.0000e+00 0.0000e+00 0.0000e+00 0.0000e+00 0.0000e+00
  0.0000e+00 0.0000e+00 0.0000e+00 0.0000e+00 0.0000e+00 0.0000e+00
  0.0000e+00 3.8500e+02 0.0000e+00]
 [0.0000e+00 0.0000e+00 0.0000e+00 0.0000e+00 0.0000e+00 0.0000e+00
  0.0000e+00 0.0000e+00 0.0000e+00 0.0000e+00 0.0000e+00 0.0000e+00
  0.0000e+00 0.0000e+00 5.9400e+02]]---
Accuracy: 97.96 +- 0.35
---
class acc :
	Healthy grass: 97.73 +- 1.40
	Stressed grass: 99.26 +- 0.37
	Synthetic grass: 100.00 +- 0.00
	Trees: 99.54 +- 0.56
	Soil: 99.73 +- 0.54
	Water: 97.12 +- 4.94
	Residential: 97.62 +- 1.40
	Commercial: 91.82 +- 3.30
	Road: 96.68 +- 1.24
	Highway: 97.64 +- 1.30
	Railway: 99.77 +- 0.42
	Parking Lot 1: 97.68 +- 0.72
	Parking Lot 2: 96.45 +- 1.70
	Tennis Court: 100.00 +- 0.00
	Running Track: 100.00 +- 0.00
---
AA: 98.07 +- 0.42
Kappa: 97.79 +- 0.38
