run 1 / 5
Best validation overall accuracy 0.9886363636363636
Confusion matrix :
[[1126    0    0    0    0    0    0    0    0    0    0    0    0    0
     0]
 [   6 1123    0    0    0    0    0    0    0    0    0    0    0    0
     0]
 [   0    0  627    0    0    0    0    0    0    0    0    0    0    0
     0]
 [   0    0    0 1120    0    0    0    0    0    0    0    0    0    0
     0]
 [   0    0    0    0 1118    0    0    0    0    0    0    0    0    0
     0]
 [   0    0    0    0    0  292    0    0    0    0    0    0    0    0
     0]
 [   0    0    0    0    0    0 1132    0    6    0    1    2    0    0
     0]
 [   0    0    0    0    0    0    0 1027    0   17   40   26    1    0
     9]
 [   0    1    0    0    0    0    2    0 1075   34   15    0    0    0
     0]
 [   0    0    0    0    0    0    0    0    0 1104    0    0    0    0
     0]
 [   0    0    0    0    0    0    0    0    0    0 1112    0    0    0
     0]
 [   0    0    0    0    0    0    0   14    0    2    0 1094    0    0
     0]
 [   0    0    0    0    0    0    0    0    0    1    4    1  416    0
     0]
 [   0    0    0    0    0    0    0    0    0    0    0    0    0  385
     0]
 [   0    0    0    0    0    0    0    0    0    0    0    0    0    0
   594]]---
Accuracy : 98.65%
---
class acc :
	Healthy grass: 100.00
	Stressed grass: 99.47
	Synthetic grass: 100.00
	Trees: 100.00
	Soil: 100.00
	Water: 100.00
	Residential: 99.21
	Commercial: 91.70
	Road: 95.39
	Highway: 100.00
	Railway: 100.00
	Parking Lot 1: 98.56
	Parking Lot 2: 98.58
	Tennis Court: 100.00
	Running Track: 100.00
---
AA: 98.86%
Kappa: 98.55
run 2 / 5
Best validation overall accuracy 0.9900568181818182
Confusion matrix :
[[1126    0    0    0    0    0    0    0    0    0    0    0    0    0
     0]
 [   6 1123    0    0    0    0    0    0    0    0    0    0    0    0
     0]
 [   0    0  627    0    0    0    0    0    0    0    0    0    0    0
     0]
 [   0    0    0 1120    0    0    0    0    0    0    0    0    0    0
     0]
 [   0    0    0    0 1118    0    0    0    0    0    0    0    0    0
     0]
 [   0    0    0    0    0  287    0    1    4    0    0    0    0    0
     0]
 [   0    0    0    0    0    0 1137    1    0    0    2    0    1    0
     0]
 [   0    0    0    0    0    0    1 1088   14    0    0   17    0    0
     0]
 [   0    0    0    0   15    0    0    5 1072   24    3    8    0    0
     0]
 [   0    0    0    0    0    0    0    0    5 1098    1    0    0    0
     0]
 [   0    0    0    0    0    0    0    0    2   11 1099    0    0    0
     0]
 [   0    0    0    0    0    0   44    0    9    0    0 1057    0    0
     0]
 [   0    0    0    0    0    0    0    0    0    3    0    0  419    0
     0]
 [   0    0    0    0    0    0    0    0    0    0    0    0    0  385
     0]
 [   0    0    0    0    0    0    0    0    0    0    0    0    0    0
   594]]---
Accuracy : 98.69%
---
class acc :
	Healthy grass: 100.00
	Stressed grass: 99.47
	Synthetic grass: 100.00
	Trees: 100.00
	Soil: 100.00
	Water: 98.29
	Residential: 99.65
	Commercial: 97.14
	Road: 95.12
	Highway: 99.46
	Railway: 98.83
	Parking Lot 1: 95.23
	Parking Lot 2: 99.29
	Tennis Court: 100.00
	Running Track: 100.00
---
AA: 98.83%
Kappa: 98.59
run 3 / 5
Best validation overall accuracy 0.9829545454545454
Confusion matrix :
[[1071   29    0   26    0    0    0    0    0    0    0    0    0    0
     0]
 [  11 1118    0    0    0    0    0    0    0    0    0    0    0    0
     0]
 [   0    0  627    0    0    0    0    0    0    0    0    0    0    0
     0]
 [   1    0    0 1119    0    0    0    0    0    0    0    0    0    0
     0]
 [   0    0    0    0 1118    0    0    0    0    0    0    0    0    0
     0]
 [   0    0    0    0    0  286    0    0    6    0    0    0    0    0
     0]
 [   0    0    0    0    0    0 1136    0    4    0    1    0    0    0
     0]
 [   0    0    0    0    3    1    6 1065    7    0    0   10    0   15
    13]
 [   0    0    0    0    1    0    8    0 1086    1   19   12    0    0
     0]
 [   0    0    0    0    0    0    0    0    0 1086    3   15    0    0
     0]
 [   0    0    0    0    0    0   10    0    0    0 1102    0    0    0
     0]
 [   0    0    0    0    0    0   21    4   17   45    0 1023    0    0
     0]
 [   0    0    0    0    0    0    0    0    0    1   17    0  404    0
     0]
 [   0    0    0    0    0    0    0    0    0    0    0    0    0  385
     0]
 [   0    0    0    0    0    0    0    0    0    0    0    0    0    0
   594]]---
Accuracy : 97.73%
---
class acc :
	Healthy grass: 95.12
	Stressed grass: 99.03
	Synthetic grass: 100.00
	Trees: 99.91
	Soil: 100.00
	Water: 97.95
	Residential: 99.56
	Commercial: 95.09
	Road: 96.36
	Highway: 98.37
	Railway: 99.10
	Parking Lot 1: 92.16
	Parking Lot 2: 95.73
	Tennis Court: 100.00
	Running Track: 100.00
---
AA: 97.89%
Kappa: 97.55
run 4 / 5
Best validation overall accuracy 0.9758522727272727
Confusion matrix :
[[1096    0    0   30    0    0    0    0    0    0    0    0    0    0
     0]
 [   6 1123    0    0    0    0    0    0    0    0    0    0    0    0
     0]
 [   0    0  627    0    0    0    0    0    0    0    0    0    0    0
     0]
 [  10    0    0 1109    0    0    0    0    1    0    0    0    0    0
     0]
 [   0    0    0    0 1118    0    0    0    0    0    0    0    0    0
     0]
 [   3    0    0    0    0  252   33    0    4    0    0    0    0    0
     0]
 [   0    0    0    0    0    0 1126    6    0    0    5    4    0    0
     0]
 [   0    0    0    0    0    0   22 1043    1    0    0   46    0    0
     8]
 [   0    0    0    0    0    0    1    0 1082   40    0    4    0    0
     0]
 [   0    0    0    0    0    0    0    0   33 1071    0    0    0    0
     0]
 [   0    0    0    0    0    0    7    0    4    4 1097    0    0    0
     0]
 [   0    0    0    0    0    0   13    2   17    4    0 1074    0    0
     0]
 [   0    0    0    0    0    0    0    0    0    5    4    0  413    0
     0]
 [   0    0    0    0    0    0    0    0    0    0    0    0    0  385
     0]
 [   0    0    0    0    0    0    0    0    0    0    0    0    0    0
   594]]---
Accuracy : 97.66%
---
class acc :
	Healthy grass: 97.34
	Stressed grass: 99.47
	Synthetic grass: 100.00
	Trees: 99.02
	Soil: 100.00
	Water: 86.30
	Residential: 98.69
	Commercial: 93.12
	Road: 96.01
	Highway: 97.01
	Railway: 98.65
	Parking Lot 1: 96.76
	Parking Lot 2: 97.87
	Tennis Court: 100.00
	Running Track: 100.00
---
AA: 97.35%
Kappa: 97.47
run 5 / 5
Best validation overall accuracy 0.9886363636363636
Confusion matrix :
[[1102    0    0   24    0    0    0    0    0    0    0    0    0    0
     0]
 [   9 1120    0    0    0    0    0    0    0    0    0    0    0    0
     0]
 [   0    0  627    0    0    0    0    0    0    0    0    0    0    0
     0]
 [   0    0    0 1120    0    0    0    0    0    0    0    0    0    0
     0]
 [   0    0    0    0 1118    0    0    0    0    0    0    0    0    0
     0]
 [   2    0    0    0    0  284    0    6    0    0    0    0    0    0
     0]
 [   0    0    0    0    0    0 1097    4   10    0   11   19    0    0
     0]
 [   0    0    0    0    0    0   26 1051    0    0    0   23    0   20
     0]
 [   0    0    0    0    0    0    2    6 1075   15   14   15    0    0
     0]
 [   0    0    0    0    0    0    0    0    0 1070    8   15   11    0
     0]
 [   0    0    0    0    0    0    0    0    0    0 1110    0    2    0
     0]
 [   0    0    0    0    0    0    7    7    2    1    0 1093    0    0
     0]
 [   0    0    0    0    0    0    0    0    0    0    0    6  416    0
     0]
 [   0    0    0    0    0    0    0    0    0    0    0    0    0  385
     0]
 [   0    0    0    0    0    0    0    0    0    0    0    0    0    0
   594]]---
Accuracy : 98.04%
---
class acc :
	Healthy grass: 97.87
	Stressed grass: 99.20
	Synthetic grass: 100.00
	Trees: 100.00
	Soil: 100.00
	Water: 97.26
	Residential: 96.14
	Commercial: 93.84
	Road: 95.39
	Highway: 96.92
	Railway: 99.82
	Parking Lot 1: 98.47
	Parking Lot 2: 98.58
	Tennis Court: 100.00
	Running Track: 100.00
---
AA: 98.23%
Kappa: 97.88
Agregated results :
Confusion matrix :
[[1.1042e+03 5.8000e+00 0.0000e+00 1.6000e+01 0.0000e+00 0.0000e+00
  0.0000e+00 0.0000e+00 0.0000e+00 0.0000e+00 0.0000e+00 0.0000e+00
  0.0000e+00 0.0000e+00 0.0000e+00]
 [7.6000e+00 1.1214e+03 0.0000e+00 0.0000e+00 0.0000e+00 0.0000e+00
  0.0000e+00 0.0000e+00 0.0000e+00 0.0000e+00 0.0000e+00 0.0000e+00
  0.0000e+00 0.0000e+00 0.0000e+00]
 [0.0000e+00 0.0000e+00 6.2700e+02 0.0000e+00 0.0000e+00 0.0000e+00
  0.0000e+00 0.0000e+00 0.0000e+00 0.0000e+00 0.0000e+00 0.0000e+00
  0.0000e+00 0.0000e+00 0.0000e+00]
 [2.2000e+00 0.0000e+00 0.0000e+00 1.1176e+03 0.0000e+00 0.0000e+00
  0.0000e+00 0.0000e+00 2.0000e-01 0.0000e+00 0.0000e+00 0.0000e+00
  0.0000e+00 0.0000e+00 0.0000e+00]
 [0.0000e+00 0.0000e+00 0.0000e+00 0.0000e+00 1.1180e+03 0.0000e+00
  0.0000e+00 0.0000e+00 0.0000e+00 0.0000e+00 0.0000e+00 0.0000e+00
  0.0000e+00 0.0000e+00 0.0000e+00]
 [1.0000e+00 0.0000e+00 0.0000e+00 0.0000e+00 0.0000e+00 2.8020e+02
  6.6000e+00 1.4000e+00 2.8000e+00 0.0000e+00 0.0000e+00 0.0000e+00
  0.0000e+00 0.0000e+00 0.0000e+00]
 [0.0000e+00 0.0000e+00 0.0000e+00 0.0000e+00 0.0000e+00 0.0000e+00
  1.1256e+03 2.2000e+00 4.0000e+00 0.0000e+00 4.0000e+00 5.0000e+00
  2.0000e-01 0.0000e+00 0.0000e+00]
 [0.0000e+00 0.0000e+00 0.0000e+00 0.0000e+00 6.0000e-01 2.0000e-01
  1.1000e+01 1.0548e+03 4.4000e+00 3.4000e+00 8.0000e+00 2.4400e+01
  2.0000e-01 7.0000e+00 6.0000e+00]
 [0.0000e+00 2.0000e-01 0.0000e+00 0.0000e+00 3.2000e+00 0.0000e+00
  2.6000e+00 2.2000e+00 1.0780e+03 2.2800e+01 1.0200e+01 7.8000e+00
  0.0000e+00 0.0000e+00 0.0000e+00]
 [0.0000e+00 0.0000e+00 0.0000e+00 0.0000e+00 0.0000e+00 0.0000e+00
  0.0000e+00 0.0000e+00 7.6000e+00 1.0858e+03 2.4000e+00 6.0000e+00
  2.2000e+00 0.0000e+00 0.0000e+00]
 [0.0000e+00 0.0000e+00 0.0000e+00 0.0000e+00 0.0000e+00 0.0000e+00
  3.4000e+00 0.0000e+00 1.2000e+00 3.0000e+00 1.1040e+03 0.0000e+00
  4.0000e-01 0.0000e+00 0.0000e+00]
 [0.0000e+00 0.0000e+00 0.0000e+00 0.0000e+00 0.0000e+00 0.0000e+00
  1.7000e+01 5.4000e+00 9.0000e+00 1.0400e+01 0.0000e+00 1.0682e+03
  0.0000e+00 0.0000e+00 0.0000e+00]
 [0.0000e+00 0.0000e+00 0.0000e+00 0.0000e+00 0.0000e+00 0.0000e+00
  0.0000e+00 0.0000e+00 0.0000e+00 2.0000e+00 5.0000e+00 1.4000e+00
  4.1360e+02 0.0000e+00 0.0000e+00]
 [0.0000e+00 0.0000e+00 0.0000e+00 0.0000e+00 0.0000e+00 0.0000e+00
  0.0000e+00 0.0000e+00 0.0000e+00 0.0000e+00 0.0000e+00 0.0000e+00
  0.0000e+00 3.8500e+02 0.0000e+00]
 [0.0000e+00 0.0000e+00 0.0000e+00 0.0000e+00 0.0000e+00 0.0000e+00
  0.0000e+00 0.0000e+00 0.0000e+00 0.0000e+00 0.0000e+00 0.0000e+00
  0.0000e+00 0.0000e+00 5.9400e+02]]---
Accuracy: 98.15 +- 0.44
---
class acc :
	Healthy grass: 98.06 +- 1.83
	Stressed grass: 99.33 +- 0.18
	Synthetic grass: 100.00 +- 0.00
	Trees: 99.79 +- 0.39
	Soil: 100.00 +- 0.00
	Water: 95.96 +- 4.91
	Residential: 98.65 +- 1.30
	Commercial: 94.18 +- 1.84
	Road: 95.65 +- 0.46
	Highway: 98.35 +- 1.25
	Railway: 99.28 +- 0.54
	Parking Lot 1: 96.23 +- 2.38
	Parking Lot 2: 98.01 +- 1.22
	Tennis Court: 100.00 +- 0.00
	Running Track: 100.00 +- 0.00
---
AA: 98.23 +- 0.57
Kappa: 98.01 +- 0.48
