run 1 / 5
Best validation overall accuracy 0.9900568181818182
Confusion matrix :
[[1124    2    0    0    0    0    0    0    0    0    0    0    0    0
     0]
 [   6 1123    0    0    0    0    0    0    0    0    0    0    0    0
     0]
 [   0    0  627    0    0    0    0    0    0    0    0    0    0    0
     0]
 [   0    0    0 1120    0    0    0    0    0    0    0    0    0    0
     0]
 [   0    0    0    0 1118    0    0    0    0    0    0    0    0    0
     0]
 [   0    0    0    0    0  292    0    0    0    0    0    0    0    0
     0]
 [   0    0    0    0    0    0 1135    0    1    1    4    0    0    0
     0]
 [   0    0    0    0    0    0    0 1053    0    5   33   18    2    0
     9]
 [   0    0    0    0    0    0    1    6 1056   26   17   21    0    0
     0]
 [   0    0    0    0    0    0    0    0    0 1101    0    3    0    0
     0]
 [   0    0    0    0    0    0    0    0    0    0 1112    0    0    0
     0]
 [   0    0    0    0    0    0    6    5    0    0    0 1099    0    0
     0]
 [   0    0    0    0    0    0    0    0    0    2    9    0  411    0
     0]
 [   0    0    0    0    0    0    0    0    0    0    0    0    0  385
     0]
 [   0    0    0    0    0    0    0    0    0    0    0    0    0    0
   594]]---
Accuracy : 98.69%
---
class acc :
	Healthy grass: 99.82
	Stressed grass: 99.47
	Synthetic grass: 100.00
	Trees: 100.00
	Soil: 100.00
	Water: 100.00
	Residential: 99.47
	Commercial: 94.02
	Road: 93.70
	Highway: 99.73
	Railway: 100.00
	Parking Lot 1: 99.01
	Parking Lot 2: 97.39
	Tennis Court: 100.00
	Running Track: 100.00
---
AA: 98.84%
Kappa: 98.59
run 2 / 5
Best validation overall accuracy 0.9857954545454546
Confusion matrix :
[[1126    0    0    0    0    0    0    0    0    0    0    0    0    0
     0]
 [  10 1119    0    0    0    0    0    0    0    0    0    0    0    0
     0]
 [   0    0  627    0    0    0    0    0    0    0    0    0    0    0
     0]
 [   0    0    0 1120    0    0    0    0    0    0    0    0    0    0
     0]
 [   0    0    0    0 1118    0    0    0    0    0    0    0    0    0
     0]
 [   0    0    0    0    0  287    0    1    4    0    0    0    0    0
     0]
 [   0    0    0    0    0    1 1121    0    6    0    4    9    0    0
     0]
 [   0    0    0    0    0    0    0 1078    3    0    2   37    0    0
     0]
 [   0    0    0    0    6    0    3    0 1100   15    2    1    0    0
     0]
 [   0    0    0    0    0    0    0    0    7 1096    1    0    0    0
     0]
 [   0    0    0    0    0    0    1    0   19    6 1086    0    0    0
     0]
 [   0    0    0    0    0    0    6    0    7   53    0 1044    0    0
     0]
 [   0    0    0    0    0    0    0    0    0    4    9    1  408    0
     0]
 [   0    0    0    0    0    0    0    0    0    0    0    0    0  385
     0]
 [   0    0    0    0    0    0    0    0    0    0    0    0    0    0
   594]]---
Accuracy : 98.39%
---
class acc :
	Healthy grass: 100.00
	Stressed grass: 99.11
	Synthetic grass: 100.00
	Trees: 100.00
	Soil: 100.00
	Water: 98.29
	Residential: 98.25
	Commercial: 96.25
	Road: 97.60
	Highway: 99.28
	Railway: 97.66
	Parking Lot 1: 94.05
	Parking Lot 2: 96.68
	Tennis Court: 100.00
	Running Track: 100.00
---
AA: 98.48%
Kappa: 98.26
run 3 / 5
Best validation overall accuracy 0.9872159090909091
Confusion matrix :
[[1117    9    0    0    0    0    0    0    0    0    0    0    0    0
     0]
 [  14 1115    0    0    0    0    0    0    0    0    0    0    0    0
     0]
 [   0    0  627    0    0    0    0    0    0    0    0    0    0    0
     0]
 [  44    0    0 1076    0    0    0    0    0    0    0    0    0    0
     0]
 [   0    0    0    0 1118    0    0    0    0    0    0    0    0    0
     0]
 [   0    0    0    0    1  285    0    0    6    0    0    0    0    0
     0]
 [   0    0    0    0    0    0 1135    0    2    0    4    0    0    0
     0]
 [   0    0    0    0    8    0    0 1069    7    0    0    8    0   11
    17]
 [   0    0    0    0    0    0    8    0 1080    5   22   12    0    0
     0]
 [   0    0    0    0    0    0    0    0    0 1099    4    1    0    0
     0]
 [   0    0    0    0    0    0    2    0    0    0 1110    0    0    0
     0]
 [   0    0    0    0    0    0   18    2    1   42    0 1047    0    0
     0]
 [   0    0    0    0    0    0    0    0    0    1   17    1  403    0
     0]
 [   0    0    0    0    0    0    0    0    0    0    0    0    0  385
     0]
 [   0    0    0    0    0    0    0    0    0    0    0    0    0    0
   594]]---
Accuracy : 98.03%
---
class acc :
	Healthy grass: 99.20
	Stressed grass: 98.76
	Synthetic grass: 100.00
	Trees: 96.07
	Soil: 100.00
	Water: 97.60
	Residential: 99.47
	Commercial: 95.45
	Road: 95.83
	Highway: 99.55
	Railway: 99.82
	Parking Lot 1: 94.32
	Parking Lot 2: 95.50
	Tennis Court: 100.00
	Running Track: 100.00
---
AA: 98.10%
Kappa: 97.87
run 4 / 5
Best validation overall accuracy 0.9772727272727273
Confusion matrix :
[[1097    3    0   26    0    0    0    0    0    0    0    0    0    0
     0]
 [   5 1124    0    0    0    0    0    0    0    0    0    0    0    0
     0]
 [   0    0  627    0    0    0    0    0    0    0    0    0    0    0
     0]
 [  10    0    0 1110    0    0    0    0    0    0    0    0    0    0
     0]
 [   0    0    0    0 1118    0    0    0    0    0    0    0    0    0
     0]
 [   0    0    0    0    0  256   36    0    0    0    0    0    0    0
     0]
 [   0    0    0    0    0    0 1129    3    0    0    7    2    0    0
     0]
 [   0    0    0    0    0    0   22 1046    2    0    0   42    0    0
     8]
 [   0    0    0    0    0    0    3    0 1079   15   19   11    0    0
     0]
 [   0    0    0    0    0    0    0    0   27 1071    6    0    0    0
     0]
 [   0    0    0    0    0    0    0    0    0    0 1112    0    0    0
     0]
 [   0    0    0    0    0    0   16    4    3    0    0 1087    0    0
     0]
 [   0    0    0    0    0    0    0    0    0    0    2    0  420    0
     0]
 [   0    0    0    0    0    0    0    0    0    0    0    0    0  385
     0]
 [   0    0    0    0    0    0    0    0    0    0    0    0    0    0
   594]]---
Accuracy : 97.99%
---
class acc :
	Healthy grass: 97.42
	Stressed grass: 99.56
	Synthetic grass: 100.00
	Trees: 99.11
	Soil: 100.00
	Water: 87.67
	Residential: 98.95
	Commercial: 93.39
	Road: 95.74
	Highway: 97.01
	Railway: 100.00
	Parking Lot 1: 97.93
	Parking Lot 2: 99.53
	Tennis Court: 100.00
	Running Track: 100.00
---
AA: 97.75%
Kappa: 97.83
run 5 / 5
Best validation overall accuracy 0.984375
Confusion matrix :
[[1089   14    0   23    0    0    0    0    0    0    0    0    0    0
     0]
 [   9 1120    0    0    0    0    0    0    0    0    0    0    0    0
     0]
 [   0    0  626    0    0    0    0    0    0    0    0    0    0    0
     1]
 [   0    0    0 1120    0    0    0    0    0    0    0    0    0    0
     0]
 [   0    0    0    0 1118    0    0    0    0    0    0    0    0    0
     0]
 [  12    0    0    0    0  276    0    0    4    0    0    0    0    0
     0]
 [   0    0    0    0    0    1 1120    0    5    0    5    1    0    0
     9]
 [   0    0    0    0    2    0   26 1024    2    0    2    7    0   53
     4]
 [   0    0    0    0    0    0    3   13 1083    7   12    9    0    0
     0]
 [   0    0    0    0    0    0    0    0    4 1085    8    7    0    0
     0]
 [   0    0    0    0    0    0    0    0   10    0 1100    0    2    0
     0]
 [   0    0    0    0    0    0   21    5    6    0    0 1078    0    0
     0]
 [   0    0    0    0    0    0    0    0    0    0    0    1  421    0
     0]
 [   0    0    0    0    0    0    0    0    0    0    0    0    0  385
     0]
 [   0    0    0    0    0    0    0    0    0    0    0    0    0    0
   594]]---
Accuracy : 97.87%
---
class acc :
	Healthy grass: 96.71
	Stressed grass: 99.20
	Synthetic grass: 99.84
	Trees: 100.00
	Soil: 100.00
	Water: 94.52
	Residential: 98.16
	Commercial: 91.43
	Road: 96.10
	Highway: 98.28
	Railway: 98.92
	Parking Lot 1: 97.12
	Parking Lot 2: 99.76
	Tennis Court: 100.00
	Running Track: 100.00
---
AA: 98.00%
Kappa: 97.70
Agregated results :
Confusion matrix :
[[1.1106e+03 5.6000e+00 0.0000e+00 9.8000e+00 0.0000e+00 0.0000e+00
  0.0000e+00 0.0000e+00 0.0000e+00 0.0000e+00 0.0000e+00 0.0000e+00
  0.0000e+00 0.0000e+00 0.0000e+00]
 [8.8000e+00 1.1202e+03 0.0000e+00 0.0000e+00 0.0000e+00 0.0000e+00
  0.0000e+00 0.0000e+00 0.0000e+00 0.0000e+00 0.0000e+00 0.0000e+00
  0.0000e+00 0.0000e+00 0.0000e+00]
 [0.0000e+00 0.0000e+00 6.2680e+02 0.0000e+00 0.0000e+00 0.0000e+00
  0.0000e+00 0.0000e+00 0.0000e+00 0.0000e+00 0.0000e+00 0.0000e+00
  0.0000e+00 0.0000e+00 2.0000e-01]
 [1.0800e+01 0.0000e+00 0.0000e+00 1.1092e+03 0.0000e+00 0.0000e+00
  0.0000e+00 0.0000e+00 0.0000e+00 0.0000e+00 0.0000e+00 0.0000e+00
  0.0000e+00 0.0000e+00 0.0000e+00]
 [0.0000e+00 0.0000e+00 0.0000e+00 0.0000e+00 1.1180e+03 0.0000e+00
  0.0000e+00 0.0000e+00 0.0000e+00 0.0000e+00 0.0000e+00 0.0000e+00
  0.0000e+00 0.0000e+00 0.0000e+00]
 [2.4000e+00 0.0000e+00 0.0000e+00 0.0000e+00 2.0000e-01 2.7920e+02
  7.2000e+00 2.0000e-01 2.8000e+00 0.0000e+00 0.0000e+00 0.0000e+00
  0.0000e+00 0.0000e+00 0.0000e+00]
 [0.0000e+00 0.0000e+00 0.0000e+00 0.0000e+00 0.0000e+00 4.0000e-01
  1.1280e+03 6.0000e-01 2.8000e+00 2.0000e-01 4.8000e+00 2.4000e+00
  0.0000e+00 0.0000e+00 1.8000e+00]
 [0.0000e+00 0.0000e+00 0.0000e+00 0.0000e+00 2.0000e+00 0.0000e+00
  9.6000e+00 1.0540e+03 2.8000e+00 1.0000e+00 7.4000e+00 2.2400e+01
  4.0000e-01 1.2800e+01 7.6000e+00]
 [0.0000e+00 0.0000e+00 0.0000e+00 0.0000e+00 1.2000e+00 0.0000e+00
  3.6000e+00 3.8000e+00 1.0796e+03 1.3600e+01 1.4400e+01 1.0800e+01
  0.0000e+00 0.0000e+00 0.0000e+00]
 [0.0000e+00 0.0000e+00 0.0000e+00 0.0000e+00 0.0000e+00 0.0000e+00
  0.0000e+00 0.0000e+00 7.6000e+00 1.0904e+03 3.8000e+00 2.2000e+00
  0.0000e+00 0.0000e+00 0.0000e+00]
 [0.0000e+00 0.0000e+00 0.0000e+00 0.0000e+00 0.0000e+00 0.0000e+00
  6.0000e-01 0.0000e+00 5.8000e+00 1.2000e+00 1.1040e+03 0.0000e+00
  4.0000e-01 0.0000e+00 0.0000e+00]
 [0.0000e+00 0.0000e+00 0.0000e+00 0.0000e+00 0.0000e+00 0.0000e+00
  1.3400e+01 3.2000e+00 3.4000e+00 1.9000e+01 0.0000e+00 1.0710e+03
  0.0000e+00 0.0000e+00 0.0000e+00]
 [0.0000e+00 0.0000e+00 0.0000e+00 0.0000e+00 0.0000e+00 0.0000e+00
  0.0000e+00 0.0000e+00 0.0000e+00 1.4000e+00 7.4000e+00 6.0000e-01
  4.1260e+02 0.0000e+00 0.0000e+00]
 [0.0000e+00 0.0000e+00 0.0000e+00 0.0000e+00 0.0000e+00 0.0000e+00
  0.0000e+00 0.0000e+00 0.0000e+00 0.0000e+00 0.0000e+00 0.0000e+00
  0.0000e+00 3.8500e+02 0.0000e+00]
 [0.0000e+00 0.0000e+00 0.0000e+00 0.0000e+00 0.0000e+00 0.0000e+00
  0.0000e+00 0.0000e+00 0.0000e+00 0.0000e+00 0.0000e+00 0.0000e+00
  0.0000e+00 0.0000e+00 5.9400e+02]]---
Accuracy: 98.19 +- 0.30
---
class acc :
	Healthy grass: 98.63 +- 1.32
	Stressed grass: 99.22 +- 0.28
	Synthetic grass: 99.97 +- 0.06
	Trees: 99.04 +- 1.52
	Soil: 100.00 +- 0.00
	Water: 95.62 +- 4.35
	Residential: 98.86 +- 0.57
	Commercial: 94.11 +- 1.68
	Road: 95.79 +- 1.25
	Highway: 98.77 +- 1.01
	Railway: 99.28 +- 0.90
	Parking Lot 1: 96.49 +- 1.97
	Parking Lot 2: 97.77 +- 1.65
	Tennis Court: 100.00 +- 0.00
	Running Track: 100.00 +- 0.00
---
AA: 98.24 +- 0.38
Kappa: 98.05 +- 0.33
