run 1 / 5
Best validation overall accuracy 0.9900568181818182
Confusion matrix :
[[1096    1    0   29    0    0    0    0    0    0    0    0    0    0
     0]
 [   7 1122    0    0    0    0    0    0    0    0    0    0    0    0
     0]
 [   0    0  627    0    0    0    0    0    0    0    0    0    0    0
     0]
 [   0    0    0 1120    0    0    0    0    0    0    0    0    0    0
     0]
 [   0    0    0    0 1118    0    0    0    0    0    0    0    0    0
     0]
 [   0    0    0    0    0  292    0    0    0    0    0    0    0    0
     0]
 [   0    0    0    0    0    0 1130    0    9    0    2    0    0    0
     0]
 [   0    0    0    0    4    0    4 1039    0   13   35   15    1    0
     9]
 [   0    0    0    0    0    0    1    1 1073   32    2   18    0    0
     0]
 [   0    0    0    0    0    0    0    0    0 1101    3    0    0    0
     0]
 [   0    0    0    0    0    0    0    0    0    0 1112    0    0    0
     0]
 [   0    0    0    0    2    0   13    0    0    0    0 1094    1    0
     0]
 [   0    0    0    0    0    0    0    0    0    0    0    0  422    0
     0]
 [   0    0    0    0    0    0    0    0    0    0    0    0    0  385
     0]
 [   0    0    0    0    0    0    0    0    0    0    0    0    0    0
   594]]---
Accuracy : 98.51%
---
class acc :
	Healthy grass: 97.34
	Stressed grass: 99.38
	Synthetic grass: 100.00
	Trees: 100.00
	Soil: 100.00
	Water: 100.00
	Residential: 99.04
	Commercial: 92.77
	Road: 95.21
	Highway: 99.73
	Railway: 100.00
	Parking Lot 1: 98.56
	Parking Lot 2: 100.00
	Tennis Court: 100.00
	Running Track: 100.00
---
AA: 98.80%
Kappa: 98.39
run 2 / 5
Best validation overall accuracy 0.9900568181818182
Confusion matrix :
[[1112    0    0   14    0    0    0    0    0    0    0    0    0    0
     0]
 [  25 1095    0    9    0    0    0    0    0    0    0    0    0    0
     0]
 [   0    0  627    0    0    0    0    0    0    0    0    0    0    0
     0]
 [  10    0    0 1109    0    0    1    0    0    0    0    0    0    0
     0]
 [   0    0    0    0 1118    0    0    0    0    0    0    0    0    0
     0]
 [   0    0    0    0    0  287    0    0    5    0    0    0    0    0
     0]
 [   0    0    0    0    0    0 1139    0    0    0    2    0    0    0
     0]
 [   0    0    0    0    0    0    0 1035    3    0   20   62    0    0
     0]
 [   0    0    0    0    0    0    1    0 1105    8    5    8    0    0
     0]
 [   0    0    0    0    0    0    0    0   29 1071    4    0    0    0
     0]
 [   0    0    0    0    0    0    0    0    6    0 1106    0    0    0
     0]
 [   0    0    0    0    0    0   22    0    2    0    0 1084    2    0
     0]
 [   0    0    0    0    0    0    0    0    0    0   18    1  403    0
     0]
 [   0    0    0    0    0    0    0    0    0    0    0    0    0  385
     0]
 [   0    0    0    0    0    0    0    0    0    0    0    0    0    0
   594]]---
Accuracy : 98.10%
---
class acc :
	Healthy grass: 98.76
	Stressed grass: 96.99
	Synthetic grass: 100.00
	Trees: 99.02
	Soil: 100.00
	Water: 98.29
	Residential: 99.82
	Commercial: 92.41
	Road: 98.05
	Highway: 97.01
	Railway: 99.46
	Parking Lot 1: 97.66
	Parking Lot 2: 95.50
	Tennis Court: 100.00
	Running Track: 100.00
---
AA: 98.20%
Kappa: 97.95
run 3 / 5
Best validation overall accuracy 0.9857954545454546
Confusion matrix :
[[1027   68    0   31    0    0    0    0    0    0    0    0    0    0
     0]
 [   2 1127    0    0    0    0    0    0    0    0    0    0    0    0
     0]
 [   0    0  627    0    0    0    0    0    0    0    0    0    0    0
     0]
 [   0    0    0 1120    0    0    0    0    0    0    0    0    0    0
     0]
 [   0    0    0    0 1102    0    0    0    6    0    0   10    0    0
     0]
 [   0    0    0    0    0  286    0    0    6    0    0    0    0    0
     0]
 [   0    0    0    0    0    0 1137    0    2    0    2    0    0    0
     0]
 [   0    0    0    0    0    0    0 1073    0    0    0   19    0   19
     9]
 [   0    0    0    0    0    0   17    0 1095    2   13    0    0    0
     0]
 [   0    0    0    0    0    0    0    0    0 1104    0    0    0    0
     0]
 [   0    0    0    0    0    0    2    0    0    0 1110    0    0    0
     0]
 [   0    0    0    0    0    0   33    0    1    0    0 1070    6    0
     0]
 [   0    0    0    0    0    0    0    0    0    1   17    2  402    0
     0]
 [   0    0    0    0    0    0    0    0    0    0    0    0    0  385
     0]
 [   0    0    0    0    0    0    0    0    0    0    0    0    0    0
   594]]---
Accuracy : 98.02%
---
class acc :
	Healthy grass: 91.21
	Stressed grass: 99.82
	Synthetic grass: 100.00
	Trees: 100.00
	Soil: 98.57
	Water: 97.95
	Residential: 99.65
	Commercial: 95.80
	Road: 97.16
	Highway: 100.00
	Railway: 99.82
	Parking Lot 1: 96.40
	Parking Lot 2: 95.26
	Tennis Court: 100.00
	Running Track: 100.00
---
AA: 98.11%
Kappa: 97.86
run 4 / 5
Best validation overall accuracy 0.9786931818181818
Confusion matrix :
[[1110    0    0   16    0    0    0    0    0    0    0    0    0    0
     0]
 [  12 1117    0    0    0    0    0    0    0    0    0    0    0    0
     0]
 [   0    0  627    0    0    0    0    0    0    0    0    0    0    0
     0]
 [  10    0    0 1106    0    0    3    0    1    0    0    0    0    0
     0]
 [   0    0    0    0 1118    0    0    0    0    0    0    0    0    0
     0]
 [   0    0    0    0    0  251   36    0    5    0    0    0    0    0
     0]
 [   0    0    0    0    0    0 1139    0    0    0    2    0    0    0
     0]
 [   0    0    0    0    5    0   22 1076    6    0    0    3    0    0
     8]
 [   0    0    0    0    0    0    0    0 1094    5   22    6    0    0
     0]
 [   0    0    0    0    0    0    0    0   23 1065   16    0    0    0
     0]
 [   0    0    0    0    0    0    0    0    0    0 1112    0    0    0
     0]
 [   0    0    0    0    0    0   14    0    5    0    0 1091    0    0
     0]
 [   0    0    0    0    0    0    0    0    0    0    2    0  420    0
     0]
 [   0    0    0    0    0    0    0    0    0    0    0    0    0  385
     0]
 [   0    0    0    0    0    0    0    0    0    0    0    0    0    0
   594]]---
Accuracy : 98.36%
---
class acc :
	Healthy grass: 98.58
	Stressed grass: 98.94
	Synthetic grass: 100.00
	Trees: 98.75
	Soil: 100.00
	Water: 85.96
	Residential: 99.82
	Commercial: 96.07
	Road: 97.07
	Highway: 96.47
	Railway: 100.00
	Parking Lot 1: 98.29
	Parking Lot 2: 99.53
	Tennis Court: 100.00
	Running Track: 100.00
---
AA: 97.96%
Kappa: 98.23
run 5 / 5
Best validation overall accuracy 0.9886363636363636
Confusion matrix :
[[1095    8    0   23    0    0    0    0    0    0    0    0    0    0
     0]
 [   4 1125    0    0    0    0    0    0    0    0    0    0    0    0
     0]
 [   0    0  626    0    0    0    0    0    0    0    0    0    0    0
     1]
 [   0    0    0 1120    0    0    0    0    0    0    0    0    0    0
     0]
 [   0    0    0    0 1118    0    0    0    0    0    0    0    0    0
     0]
 [  14    0    0    0    0  272    0    0    6    0    0    0    0    0
     0]
 [   0    0    0    1    0    0 1115    0    8    0    5    7    5    0
     0]
 [   0    0    0    0    1    0   26 1065    8    0    0    0    0   20
     0]
 [   0    0    0    0    0    0    4    0 1111    5    0    7    0    0
     0]
 [   0    0    0    0    0    0    0    0    5 1066   11   20    2    0
     0]
 [   0    0    0    0    0    0    0   11    6    0 1088    4    3    0
     0]
 [   0    0    0    0    0    0   16    0   19    0    0 1061   14    0
     0]
 [   0    0    0    0    0    0    0    0    0    0    0    1  421    0
     0]
 [   0    0    0    0    0    0    0    0    0    0    0    0    0  385
     0]
 [   0    0    0    0    0    0    0    0    0    0    0    0    0    0
   594]]---
Accuracy : 98.04%
---
class acc :
	Healthy grass: 97.25
	Stressed grass: 99.65
	Synthetic grass: 99.84
	Trees: 100.00
	Soil: 100.00
	Water: 93.15
	Residential: 97.72
	Commercial: 95.09
	Road: 98.58
	Highway: 96.56
	Railway: 97.84
	Parking Lot 1: 95.59
	Parking Lot 2: 99.76
	Tennis Court: 100.00
	Running Track: 100.00
---
AA: 98.07%
Kappa: 97.88
Agregated results :
Confusion matrix :
[[1.0880e+03 1.5400e+01 0.0000e+00 2.2600e+01 0.0000e+00 0.0000e+00
  0.0000e+00 0.0000e+00 0.0000e+00 0.0000e+00 0.0000e+00 0.0000e+00
  0.0000e+00 0.0000e+00 0.0000e+00]
 [1.0000e+01 1.1172e+03 0.0000e+00 1.8000e+00 0.0000e+00 0.0000e+00
  0.0000e+00 0.0000e+00 0.0000e+00 0.0000e+00 0.0000e+00 0.0000e+00
  0.0000e+00 0.0000e+00 0.0000e+00]
 [0.0000e+00 0.0000e+00 6.2680e+02 0.0000e+00 0.0000e+00 0.0000e+00
  0.0000e+00 0.0000e+00 0.0000e+00 0.0000e+00 0.0000e+00 0.0000e+00
  0.0000e+00 0.0000e+00 2.0000e-01]
 [4.0000e+00 0.0000e+00 0.0000e+00 1.1150e+03 0.0000e+00 0.0000e+00
  8.0000e-01 0.0000e+00 2.0000e-01 0.0000e+00 0.0000e+00 0.0000e+00
  0.0000e+00 0.0000e+00 0.0000e+00]
 [0.0000e+00 0.0000e+00 0.0000e+00 0.0000e+00 1.1148e+03 0.0000e+00
  0.0000e+00 0.0000e+00 1.2000e+00 0.0000e+00 0.0000e+00 2.0000e+00
  0.0000e+00 0.0000e+00 0.0000e+00]
 [2.8000e+00 0.0000e+00 0.0000e+00 0.0000e+00 0.0000e+00 2.7760e+02
  7.2000e+00 0.0000e+00 4.4000e+00 0.0000e+00 0.0000e+00 0.0000e+00
  0.0000e+00 0.0000e+00 0.0000e+00]
 [0.0000e+00 0.0000e+00 0.0000e+00 2.0000e-01 0.0000e+00 0.0000e+00
  1.1320e+03 0.0000e+00 3.8000e+00 0.0000e+00 2.6000e+00 1.4000e+00
  1.0000e+00 0.0000e+00 0.0000e+00]
 [0.0000e+00 0.0000e+00 0.0000e+00 0.0000e+00 2.0000e+00 0.0000e+00
  1.0400e+01 1.0576e+03 3.4000e+00 2.6000e+00 1.1000e+01 1.9800e+01
  2.0000e-01 7.8000e+00 5.2000e+00]
 [0.0000e+00 0.0000e+00 0.0000e+00 0.0000e+00 0.0000e+00 0.0000e+00
  4.6000e+00 2.0000e-01 1.0956e+03 1.0400e+01 8.4000e+00 7.8000e+00
  0.0000e+00 0.0000e+00 0.0000e+00]
 [0.0000e+00 0.0000e+00 0.0000e+00 0.0000e+00 0.0000e+00 0.0000e+00
  0.0000e+00 0.0000e+00 1.1400e+01 1.0814e+03 6.8000e+00 4.0000e+00
  4.0000e-01 0.0000e+00 0.0000e+00]
 [0.0000e+00 0.0000e+00 0.0000e+00 0.0000e+00 0.0000e+00 0.0000e+00
  4.0000e-01 2.2000e+00 2.4000e+00 0.0000e+00 1.1056e+03 8.0000e-01
  6.0000e-01 0.0000e+00 0.0000e+00]
 [0.0000e+00 0.0000e+00 0.0000e+00 0.0000e+00 4.0000e-01 0.0000e+00
  1.9600e+01 0.0000e+00 5.4000e+00 0.0000e+00 0.0000e+00 1.0800e+03
  4.6000e+00 0.0000e+00 0.0000e+00]
 [0.0000e+00 0.0000e+00 0.0000e+00 0.0000e+00 0.0000e+00 0.0000e+00
  0.0000e+00 0.0000e+00 0.0000e+00 2.0000e-01 7.4000e+00 8.0000e-01
  4.1360e+02 0.0000e+00 0.0000e+00]
 [0.0000e+00 0.0000e+00 0.0000e+00 0.0000e+00 0.0000e+00 0.0000e+00
  0.0000e+00 0.0000e+00 0.0000e+00 0.0000e+00 0.0000e+00 0.0000e+00
  0.0000e+00 3.8500e+02 0.0000e+00]
 [0.0000e+00 0.0000e+00 0.0000e+00 0.0000e+00 0.0000e+00 0.0000e+00
  0.0000e+00 0.0000e+00 0.0000e+00 0.0000e+00 0.0000e+00 0.0000e+00
  0.0000e+00 0.0000e+00 5.9400e+02]]---
Accuracy: 98.21 +- 0.19
---
class acc :
	Healthy grass: 96.63 +- 2.78
	Stressed grass: 98.95 +- 1.03
	Synthetic grass: 99.97 +- 0.06
	Trees: 99.55 +- 0.55
	Soil: 99.71 +- 0.57
	Water: 95.07 +- 5.09
	Residential: 99.21 +- 0.80
	Commercial: 94.43 +- 1.54
	Road: 97.21 +- 1.15
	Highway: 97.95 +- 1.57
	Railway: 99.42 +- 0.82
	Parking Lot 1: 97.30 +- 1.14
	Parking Lot 2: 98.01 +- 2.15
	Tennis Court: 100.00 +- 0.00
	Running Track: 100.00 +- 0.00
---
AA: 98.23 +- 0.30
Kappa: 98.06 +- 0.21
