run 1 / 5
Best validation overall accuracy 0.9900568181818182
Confusion matrix :
[[1116    6    0    4    0    0    0    0    0    0    0    0    0    0
     0]
 [   6 1123    0    0    0    0    0    0    0    0    0    0    0    0
     0]
 [   0    0  627    0    0    0    0    0    0    0    0    0    0    0
     0]
 [   0    0    0 1120    0    0    0    0    0    0    0    0    0    0
     0]
 [   0    0    0    0 1118    0    0    0    0    0    0    0    0    0
     0]
 [   0    0    0    0    0  292    0    0    0    0    0    0    0    0
     0]
 [   0    0    0    0    0    0 1122    0    1    6    0   12    0    0
     0]
 [   0    0    0    0    9    0    0 1033    7   17   36    9    0    0
     9]
 [   0    0    0    0    0    0    0    1 1096   18    8    4    0    0
     0]
 [   0    0    0    0    0    0    0    0    6 1093    3    2    0    0
     0]
 [   0    0    0    0    0    0    0    0    2    9 1101    0    0    0
     0]
 [   0    0    0    0    6    0    4    0    9    0    0 1091    0    0
     0]
 [   0    0    0    0    0    0    0    0    0    0    1    0  421    0
     0]
 [   0    0    0    0    0    0    0    0    0    0    0    0    0  385
     0]
 [   0    0    0    0    0    0    0    0    0    0    0    0    0    0
   594]]---
Accuracy : 98.56%
---
class acc :
	Healthy grass: 99.11
	Stressed grass: 99.47
	Synthetic grass: 100.00
	Trees: 100.00
	Soil: 100.00
	Water: 100.00
	Residential: 98.33
	Commercial: 92.23
	Road: 97.25
	Highway: 99.00
	Railway: 99.01
	Parking Lot 1: 98.29
	Parking Lot 2: 99.76
	Tennis Court: 100.00
	Running Track: 100.00
---
AA: 98.83%
Kappa: 98.44
run 2 / 5
Best validation overall accuracy 0.9872159090909091
Confusion matrix :
[[1125    0    0    1    0    0    0    0    0    0    0    0    0    0
     0]
 [  10 1119    0    0    0    0    0    0    0    0    0    0    0    0
     0]
 [   0    0  627    0    0    0    0    0    0    0    0    0    0    0
     0]
 [   0    0    0 1120    0    0    0    0    0    0    0    0    0    0
     0]
 [   0    0    0    0 1118    0    0    0    0    0    0    0    0    0
     0]
 [   0    0    0    0    0  287    1    0    4    0    0    0    0    0
     0]
 [   0    0    0    0    0    0 1133    0    8    0    0    0    0    0
     0]
 [   0    0    0    0    0    0    0 1087    6    0    1   26    0    0
     0]
 [   0    0    0    0   19    0    3    0 1079   11    7    8    0    0
     0]
 [   0    0    0    0    0    0    0    0    5 1097    2    0    0    0
     0]
 [   0    0    0    0    0    0    1    0    2    0 1109    0    0    0
     0]
 [   0    0    0    0    0    0   44    0    2    0    0 1064    0    0
     0]
 [   0    0    0    0    0    0    0    0    0    3    7    1  411    0
     0]
 [   0    0    0    0    0    0    0    0    0    0    0    0    0  385
     0]
 [   0    0    0    0    0    0    0    0    0    0    0    0    0    0
   594]]---
Accuracy : 98.73%
---
class acc :
	Healthy grass: 99.91
	Stressed grass: 99.11
	Synthetic grass: 100.00
	Trees: 100.00
	Soil: 100.00
	Water: 98.29
	Residential: 99.30
	Commercial: 97.05
	Road: 95.74
	Highway: 99.37
	Railway: 99.73
	Parking Lot 1: 95.86
	Parking Lot 2: 97.39
	Tennis Court: 100.00
	Running Track: 100.00
---
AA: 98.78%
Kappa: 98.63
run 3 / 5
Best validation overall accuracy 0.9872159090909091
Confusion matrix :
[[1075   31    0   20    0    0    0    0    0    0    0    0    0    0
     0]
 [   5 1124    0    0    0    0    0    0    0    0    0    0    0    0
     0]
 [   0    0  627    0    0    0    0    0    0    0    0    0    0    0
     0]
 [   0    0    0 1120    0    0    0    0    0    0    0    0    0    0
     0]
 [   0    0    0    0 1118    0    0    0    0    0    0    0    0    0
     0]
 [   0    0    0    0    0  286    0    0    6    0    0    0    0    0
     0]
 [   0    0    0    0    0    0 1126    0    3    0    9    0    3    0
     0]
 [   0    0    0    0    5    0   13 1054    4    0    0   16    0   19
     9]
 [   0    0    0    0    4    0   11    0 1078   18   16    0    0    0
     0]
 [   0    0    0    0    0    0    0    0    0 1103    1    0    0    0
     0]
 [   0    0    0    0    0    0    0    0    0    0 1112    0    0    0
     0]
 [   0    0    0    0    0    0   27    0    0   41    0 1042    0    0
     0]
 [   0    0    0    0    0    0    0    0    0    1   17    0  404    0
     0]
 [   0    0    0    0    0    0    0    0    0    0    0    0    0  385
     0]
 [   0    0    0    0    0    0    0    0    0    0    0    0    0    0
   594]]---
Accuracy : 97.94%
---
class acc :
	Healthy grass: 95.47
	Stressed grass: 99.56
	Synthetic grass: 100.00
	Trees: 100.00
	Soil: 100.00
	Water: 97.95
	Residential: 98.69
	Commercial: 94.11
	Road: 95.65
	Highway: 99.91
	Railway: 100.00
	Parking Lot 1: 93.87
	Parking Lot 2: 95.73
	Tennis Court: 100.00
	Running Track: 100.00
---
AA: 98.06%
Kappa: 97.77
run 4 / 5
Best validation overall accuracy 0.9772727272727273
Confusion matrix :
[[1094    0    0   32    0    0    0    0    0    0    0    0    0    0
     0]
 [  12 1117    0    0    0    0    0    0    0    0    0    0    0    0
     0]
 [   0    0  627    0    0    0    0    0    0    0    0    0    0    0
     0]
 [   8    0    0 1111    0    0    0    0    1    0    0    0    0    0
     0]
 [   0    0    0    0 1118    0    0    0    0    0    0    0    0    0
     0]
 [   0    0    0    0    0  251   36    0    5    0    0    0    0    0
     0]
 [   0    0    0    0    0    0 1117    0    3    0    2   19    0    0
     0]
 [   0    0    0    0    0    0   22 1062    0    0    0   28    0    0
     8]
 [   0    0    0    0    0    0    4    9 1057   22    9   26    0    0
     0]
 [   0    0    0    0    0    0    0    9   26 1065    3    1    0    0
     0]
 [   0    0    0    0    0    0    0    0    6    0 1106    0    0    0
     0]
 [   0    0    0    0    0    0    6   48    7    0    0 1049    0    0
     0]
 [   0    0    0    0    0    0    0    1    0    0    0    0  421    0
     0]
 [   0    0    0    0    0    0    0    0    0    0    0    0    0  385
     0]
 [   0    0    0    0    0    0    0    0    0    0    0    0    0    0
   594]]---
Accuracy : 97.39%
---
class acc :
	Healthy grass: 97.16
	Stressed grass: 98.94
	Synthetic grass: 100.00
	Trees: 99.20
	Soil: 100.00
	Water: 85.96
	Residential: 97.90
	Commercial: 94.82
	Road: 93.79
	Highway: 96.47
	Railway: 99.46
	Parking Lot 1: 94.50
	Parking Lot 2: 99.76
	Tennis Court: 100.00
	Running Track: 100.00
---
AA: 97.20%
Kappa: 97.18
run 5 / 5
Best validation overall accuracy 0.9886363636363636
Confusion matrix :
[[1097    6    0   23    0    0    0    0    0    0    0    0    0    0
     0]
 [   7 1122    0    0    0    0    0    0    0    0    0    0    0    0
     0]
 [   0    0  627    0    0    0    0    0    0    0    0    0    0    0
     0]
 [   0    0    0 1120    0    0    0    0    0    0    0    0    0    0
     0]
 [   0    0    0    0 1118    0    0    0    0    0    0    0    0    0
     0]
 [   0    0    0    0    0  286    0    1    5    0    0    0    0    0
     0]
 [   0    0    0    0    0    0 1103    6   18    0   12    0    0    0
     2]
 [   0    0    0    0    0    0   31 1060    0    0    0    9    0   20
     0]
 [   0    0    0    0    1    0    5    0 1098    6    8    9    0    0
     0]
 [   0    0    0    0    0    0    0    0    1 1066   19   18    0    0
     0]
 [   0    0    0    0    0    0    0    0    0    0 1110    0    2    0
     0]
 [   0    0    0    0    0    0   23   14    2    0    0 1071    0    0
     0]
 [   0    0    0    0    0    0    0    0    0    0    0    0  422    0
     0]
 [   0    0    0    0    0    0    0    0    0    0    0    0    0  385
     0]
 [   0    0    0    0    0    0    0    0    0    0    0    0    0    0
   594]]---
Accuracy : 98.17%
---
class acc :
	Healthy grass: 97.42
	Stressed grass: 99.38
	Synthetic grass: 100.00
	Trees: 100.00
	Soil: 100.00
	Water: 97.95
	Residential: 96.67
	Commercial: 94.64
	Road: 97.43
	Highway: 96.56
	Railway: 99.82
	Parking Lot 1: 96.49
	Parking Lot 2: 100.00
	Tennis Court: 100.00
	Running Track: 100.00
---
AA: 98.42%
Kappa: 98.02
Agregated results :
Confusion matrix :
[[1.1014e+03 8.6000e+00 0.0000e+00 1.6000e+01 0.0000e+00 0.0000e+00
  0.0000e+00 0.0000e+00 0.0000e+00 0.0000e+00 0.0000e+00 0.0000e+00
  0.0000e+00 0.0000e+00 0.0000e+00]
 [8.0000e+00 1.1210e+03 0.0000e+00 0.0000e+00 0.0000e+00 0.0000e+00
  0.0000e+00 0.0000e+00 0.0000e+00 0.0000e+00 0.0000e+00 0.0000e+00
  0.0000e+00 0.0000e+00 0.0000e+00]
 [0.0000e+00 0.0000e+00 6.2700e+02 0.0000e+00 0.0000e+00 0.0000e+00
  0.0000e+00 0.0000e+00 0.0000e+00 0.0000e+00 0.0000e+00 0.0000e+00
  0.0000e+00 0.0000e+00 0.0000e+00]
 [1.6000e+00 0.0000e+00 0.0000e+00 1.1182e+03 0.0000e+00 0.0000e+00
  0.0000e+00 0.0000e+00 2.0000e-01 0.0000e+00 0.0000e+00 0.0000e+00
  0.0000e+00 0.0000e+00 0.0000e+00]
 [0.0000e+00 0.0000e+00 0.0000e+00 0.0000e+00 1.1180e+03 0.0000e+00
  0.0000e+00 0.0000e+00 0.0000e+00 0.0000e+00 0.0000e+00 0.0000e+00
  0.0000e+00 0.0000e+00 0.0000e+00]
 [0.0000e+00 0.0000e+00 0.0000e+00 0.0000e+00 0.0000e+00 2.8040e+02
  7.4000e+00 2.0000e-01 4.0000e+00 0.0000e+00 0.0000e+00 0.0000e+00
  0.0000e+00 0.0000e+00 0.0000e+00]
 [0.0000e+00 0.0000e+00 0.0000e+00 0.0000e+00 0.0000e+00 0.0000e+00
  1.1202e+03 1.2000e+00 6.6000e+00 1.2000e+00 4.6000e+00 6.2000e+00
  6.0000e-01 0.0000e+00 4.0000e-01]
 [0.0000e+00 0.0000e+00 0.0000e+00 0.0000e+00 2.8000e+00 0.0000e+00
  1.3200e+01 1.0592e+03 3.4000e+00 3.4000e+00 7.4000e+00 1.7600e+01
  0.0000e+00 7.8000e+00 5.2000e+00]
 [0.0000e+00 0.0000e+00 0.0000e+00 0.0000e+00 4.8000e+00 0.0000e+00
  4.6000e+00 2.0000e+00 1.0816e+03 1.5000e+01 9.6000e+00 9.4000e+00
  0.0000e+00 0.0000e+00 0.0000e+00]
 [0.0000e+00 0.0000e+00 0.0000e+00 0.0000e+00 0.0000e+00 0.0000e+00
  0.0000e+00 1.8000e+00 7.6000e+00 1.0848e+03 5.6000e+00 4.2000e+00
  0.0000e+00 0.0000e+00 0.0000e+00]
 [0.0000e+00 0.0000e+00 0.0000e+00 0.0000e+00 0.0000e+00 0.0000e+00
  2.0000e-01 0.0000e+00 2.0000e+00 1.8000e+00 1.1076e+03 0.0000e+00
  4.0000e-01 0.0000e+00 0.0000e+00]
 [0.0000e+00 0.0000e+00 0.0000e+00 0.0000e+00 1.2000e+00 0.0000e+00
  2.0800e+01 1.2400e+01 4.0000e+00 8.2000e+00 0.0000e+00 1.0634e+03
  0.0000e+00 0.0000e+00 0.0000e+00]
 [0.0000e+00 0.0000e+00 0.0000e+00 0.0000e+00 0.0000e+00 0.0000e+00
  0.0000e+00 2.0000e-01 0.0000e+00 8.0000e-01 5.0000e+00 2.0000e-01
  4.1580e+02 0.0000e+00 0.0000e+00]
 [0.0000e+00 0.0000e+00 0.0000e+00 0.0000e+00 0.0000e+00 0.0000e+00
  0.0000e+00 0.0000e+00 0.0000e+00 0.0000e+00 0.0000e+00 0.0000e+00
  0.0000e+00 3.8500e+02 0.0000e+00]
 [0.0000e+00 0.0000e+00 0.0000e+00 0.0000e+00 0.0000e+00 0.0000e+00
  0.0000e+00 0.0000e+00 0.0000e+00 0.0000e+00 0.0000e+00 0.0000e+00
  0.0000e+00 0.0000e+00 5.9400e+02]]---
Accuracy: 98.16 +- 0.47
---
class acc :
	Healthy grass: 97.82 +- 1.56
	Stressed grass: 99.29 +- 0.23
	Synthetic grass: 100.00 +- 0.00
	Trees: 99.84 +- 0.32
	Soil: 100.00 +- 0.00
	Water: 96.03 +- 5.09
	Residential: 98.18 +- 0.88
	Commercial: 94.57 +- 1.54
	Road: 95.97 +- 1.32
	Highway: 98.26 +- 1.46
	Railway: 99.60 +- 0.34
	Parking Lot 1: 95.80 +- 1.55
	Parking Lot 2: 98.53 +- 1.69
	Tennis Court: 100.00 +- 0.00
	Running Track: 100.00 +- 0.00
---
AA: 98.26 +- 0.60
Kappa: 98.01 +- 0.51
