run 1 / 5
Best validation overall accuracy 0.9900568181818182
Confusion matrix :
[[1089    4    0   33    0    0    0    0    0    0    0    0    0    0
     0]
 [   2 1121    0    6    0    0    0    0    0    0    0    0    0    0
     0]
 [   0    0  627    0    0    0    0    0    0    0    0    0    0    0
     0]
 [   0    0    0 1120    0    0    0    0    0    0    0    0    0    0
     0]
 [   0    0    0    0 1118    0    0    0    0    0    0    0    0    0
     0]
 [   0    0    0    0    0  292    0    0    0    0    0    0    0    0
     0]
 [   0    0    0    0    0    0 1132    0    9    0    0    0    0    0
     0]
 [   0    0    0    0    3    0    0 1031    0   16   36   25    0    0
     9]
 [   0    1    0    0    0    0    2    0 1071   41   11    1    0    0
     0]
 [   0    0    0    0    0    0    0    0    0 1100    4    0    0    0
     0]
 [   0    0    0    0    0    0    0    0    0    0 1112    0    0    0
     0]
 [   0    0    0    0    0    0   20    0    2   11    0 1077    0    0
     0]
 [   0    0    0    0    0    0    0    0    0    0    4    2  416    0
     0]
 [   0    0    0    0    0    0    0    0    0    0    0    0    0  385
     0]
 [   0    0    0    0    0    0    0    0    0    0    0    0    0    0
   594]]---
Accuracy : 98.21%
---
class acc :
	Healthy grass: 96.71
	Stressed grass: 99.29
	Synthetic grass: 100.00
	Trees: 100.00
	Soil: 100.00
	Water: 100.00
	Residential: 99.21
	Commercial: 92.05
	Road: 95.03
	Highway: 99.64
	Railway: 100.00
	Parking Lot 1: 97.03
	Parking Lot 2: 98.58
	Tennis Court: 100.00
	Running Track: 100.00
---
AA: 98.50%
Kappa: 98.07
run 2 / 5
Best validation overall accuracy 0.9872159090909091
Confusion matrix :
[[1126    0    0    0    0    0    0    0    0    0    0    0    0    0
     0]
 [  12 1117    0    0    0    0    0    0    0    0    0    0    0    0
     0]
 [   0    0  625    0    0    0    0    0    0    0    0    0    0    0
     2]
 [   5    0    0 1115    0    0    0    0    0    0    0    0    0    0
     0]
 [   0    0    0    0 1118    0    0    0    0    0    0    0    0    0
     0]
 [   0    0    0    0    0  289    0    0    3    0    0    0    0    0
     0]
 [   0    0    0    0    0    0 1139    0    2    0    0    0    0    0
     0]
 [   0    0    0    0    0    0    0 1075    0    0    0   45    0    0
     0]
 [   0    0    0    0   19    0    1    0 1075   20    3    9    0    0
     0]
 [   0    0    0    0    0    0    0    0    6 1098    0    0    0    0
     0]
 [   0    0    0    0    0    0   12    0    7   10 1083    0    0    0
     0]
 [   0    0    0    0    0    0   31    0    0    0    0 1079    0    0
     0]
 [   0    0    0    0    0    0    0    0    0    4    7    3  408    0
     0]
 [   0    0    0    0    0    0    0    0    0    0    0    0    0  385
     0]
 [   0    0    0    0    0    0    0    0    0    0    0    0    0    0
   594]]---
Accuracy : 98.51%
---
class acc :
	Healthy grass: 100.00
	Stressed grass: 98.94
	Synthetic grass: 99.68
	Trees: 99.55
	Soil: 100.00
	Water: 98.97
	Residential: 99.82
	Commercial: 95.98
	Road: 95.39
	Highway: 99.46
	Railway: 97.39
	Parking Lot 1: 97.21
	Parking Lot 2: 96.68
	Tennis Court: 100.00
	Running Track: 100.00
---
AA: 98.61%
Kappa: 98.39
run 3 / 5
Best validation overall accuracy 0.984375
Confusion matrix :
[[1064   37    0   25    0    0    0    0    0    0    0    0    0    0
     0]
 [  10 1119    0    0    0    0    0    0    0    0    0    0    0    0
     0]
 [   0    0  627    0    0    0    0    0    0    0    0    0    0    0
     0]
 [   0    0    0 1120    0    0    0    0    0    0    0    0    0    0
     0]
 [   0    0    0    0 1118    0    0    0    0    0    0    0    0    0
     0]
 [   0    0    0    0    0  286    0    0    6    0    0    0    0    0
     0]
 [   0    0    0    0    0    0 1138    0    1    0    2    0    0    0
     0]
 [   0    0    0    0    0    0    0 1044    0    0    0   16    0   46
    14]
 [   0    0    0    0    1    0    7    3 1076   21   19    0    0    0
     0]
 [   0    0    0    0    0    0    0    0    0 1104    0    0    0    0
     0]
 [   0    0    0    0    0    0   10    0    0    0 1102    0    0    0
     0]
 [   0    0    0    0    0    0   29    9    2    3    0 1067    0    0
     0]
 [   0    0    0    0    0    0    0    1    0    4   14    0  403    0
     0]
 [   0    0    0    0    0    0    0    0    0    0    0    0    0  385
     0]
 [   0    0    0    0    0    0    0    0    0    0    0    0    0    0
   594]]---
Accuracy : 97.93%
---
class acc :
	Healthy grass: 94.49
	Stressed grass: 99.11
	Synthetic grass: 100.00
	Trees: 100.00
	Soil: 100.00
	Water: 97.95
	Residential: 99.74
	Commercial: 93.21
	Road: 95.47
	Highway: 100.00
	Railway: 99.10
	Parking Lot 1: 96.13
	Parking Lot 2: 95.50
	Tennis Court: 100.00
	Running Track: 100.00
---
AA: 98.05%
Kappa: 97.76
run 4 / 5
Best validation overall accuracy 0.9801136363636364
Confusion matrix :
[[1101    1    0   24    0    0    0    0    0    0    0    0    0    0
     0]
 [  10 1119    0    0    0    0    0    0    0    0    0    0    0    0
     0]
 [   0    0  627    0    0    0    0    0    0    0    0    0    0    0
     0]
 [   9    0    0 1109    0    0    1    0    1    0    0    0    0    0
     0]
 [   0    0    0    0 1118    0    0    0    0    0    0    0    0    0
     0]
 [   0    0    0    0    0  253   36    1    2    0    0    0    0    0
     0]
 [   0    0    0    0    0    0 1134    3    0    0    4    0    0    0
     0]
 [   0    0    0    0    0    0   22 1042    0    0    0   48    0    0
     8]
 [   0    0    0    0    0    0    7    0 1080   18    8   14    0    0
     0]
 [   0    0    0    0    0    0    0    0    5 1090    8    0    1    0
     0]
 [   0    0    0    0    0    0    0    0    4    0 1108    0    0    0
     0]
 [   0    0    0    0    0    0   15    1    7    0    0 1087    0    0
     0]
 [   0    0    0    0    0    0    0    0    0    0    0    0  422    0
     0]
 [   0    0    0    0    0    0    0    0    0    0    0    0    0  385
     0]
 [   0    0    0    0    0    0    0    0    0    0    0    0    0    0
   594]]---
Accuracy : 98.09%
---
class acc :
	Healthy grass: 97.78
	Stressed grass: 99.11
	Synthetic grass: 100.00
	Trees: 99.02
	Soil: 100.00
	Water: 86.64
	Residential: 99.39
	Commercial: 93.04
	Road: 95.83
	Highway: 98.73
	Railway: 99.64
	Parking Lot 1: 97.93
	Parking Lot 2: 100.00
	Tennis Court: 100.00
	Running Track: 100.00
---
AA: 97.81%
Kappa: 97.94
run 5 / 5
Best validation overall accuracy 0.9857954545454546
Confusion matrix :
[[1103    0    0   23    0    0    0    0    0    0    0    0    0    0
     0]
 [   8 1121    0    0    0    0    0    0    0    0    0    0    0    0
     0]
 [   0    0  627    0    0    0    0    0    0    0    0    0    0    0
     0]
 [   0    0    0 1120    0    0    0    0    0    0    0    0    0    0
     0]
 [   0    0    0    0 1118    0    0    0    0    0    0    0    0    0
     0]
 [   6    0    0    0    0  282    0    0    4    0    0    0    0    0
     0]
 [   0    0    0    0    0    0 1127    0    5    7    1    0    0    0
     1]
 [   0    0    0    0    0    0   27 1062    0    0    0   11    0   14
     6]
 [   0    0    0    0    0    0    2   15 1071   12   21    6    0    0
     0]
 [   0    0    0    0    0    0    0    0    0 1097    3    4    0    0
     0]
 [   0    0    0    0    0    0    6    0    2    0 1098    0    6    0
     0]
 [   0    0    0    0    0    0   55    3    3    0    0 1049    0    0
     0]
 [   0    0    0    0    0    0    0    0    0    0    0    0  422    0
     0]
 [   0    0    0    0    0    0    0    0    0    0    0    0    0  385
     0]
 [   0    0    0    0    0    0    0    0    0    0    0    0    0    0
   594]]---
Accuracy : 98.14%
---
class acc :
	Healthy grass: 97.96
	Stressed grass: 99.29
	Synthetic grass: 100.00
	Trees: 100.00
	Soil: 100.00
	Water: 96.58
	Residential: 98.77
	Commercial: 94.82
	Road: 95.03
	Highway: 99.37
	Railway: 98.74
	Parking Lot 1: 94.50
	Parking Lot 2: 100.00
	Tennis Court: 100.00
	Running Track: 100.00
---
AA: 98.34%
Kappa: 97.99
Agregated results :
Confusion matrix :
[[1.0966e+03 8.4000e+00 0.0000e+00 2.1000e+01 0.0000e+00 0.0000e+00
  0.0000e+00 0.0000e+00 0.0000e+00 0.0000e+00 0.0000e+00 0.0000e+00
  0.0000e+00 0.0000e+00 0.0000e+00]
 [8.4000e+00 1.1194e+03 0.0000e+00 1.2000e+00 0.0000e+00 0.0000e+00
  0.0000e+00 0.0000e+00 0.0000e+00 0.0000e+00 0.0000e+00 0.0000e+00
  0.0000e+00 0.0000e+00 0.0000e+00]
 [0.0000e+00 0.0000e+00 6.2660e+02 0.0000e+00 0.0000e+00 0.0000e+00
  0.0000e+00 0.0000e+00 0.0000e+00 0.0000e+00 0.0000e+00 0.0000e+00
  0.0000e+00 0.0000e+00 4.0000e-01]
 [2.8000e+00 0.0000e+00 0.0000e+00 1.1168e+03 0.0000e+00 0.0000e+00
  2.0000e-01 0.0000e+00 2.0000e-01 0.0000e+00 0.0000e+00 0.0000e+00
  0.0000e+00 0.0000e+00 0.0000e+00]
 [0.0000e+00 0.0000e+00 0.0000e+00 0.0000e+00 1.1180e+03 0.0000e+00
  0.0000e+00 0.0000e+00 0.0000e+00 0.0000e+00 0.0000e+00 0.0000e+00
  0.0000e+00 0.0000e+00 0.0000e+00]
 [1.2000e+00 0.0000e+00 0.0000e+00 0.0000e+00 0.0000e+00 2.8040e+02
  7.2000e+00 2.0000e-01 3.0000e+00 0.0000e+00 0.0000e+00 0.0000e+00
  0.0000e+00 0.0000e+00 0.0000e+00]
 [0.0000e+00 0.0000e+00 0.0000e+00 0.0000e+00 0.0000e+00 0.0000e+00
  1.1340e+03 6.0000e-01 3.4000e+00 1.4000e+00 1.4000e+00 0.0000e+00
  0.0000e+00 0.0000e+00 2.0000e-01]
 [0.0000e+00 0.0000e+00 0.0000e+00 0.0000e+00 6.0000e-01 0.0000e+00
  9.8000e+00 1.0508e+03 0.0000e+00 3.2000e+00 7.2000e+00 2.9000e+01
  0.0000e+00 1.2000e+01 7.4000e+00]
 [0.0000e+00 2.0000e-01 0.0000e+00 0.0000e+00 4.0000e+00 0.0000e+00
  3.8000e+00 3.6000e+00 1.0746e+03 2.2400e+01 1.2400e+01 6.0000e+00
  0.0000e+00 0.0000e+00 0.0000e+00]
 [0.0000e+00 0.0000e+00 0.0000e+00 0.0000e+00 0.0000e+00 0.0000e+00
  0.0000e+00 0.0000e+00 2.2000e+00 1.0978e+03 3.0000e+00 8.0000e-01
  2.0000e-01 0.0000e+00 0.0000e+00]
 [0.0000e+00 0.0000e+00 0.0000e+00 0.0000e+00 0.0000e+00 0.0000e+00
  5.6000e+00 0.0000e+00 2.6000e+00 2.0000e+00 1.1006e+03 0.0000e+00
  1.2000e+00 0.0000e+00 0.0000e+00]
 [0.0000e+00 0.0000e+00 0.0000e+00 0.0000e+00 0.0000e+00 0.0000e+00
  3.0000e+01 2.6000e+00 2.8000e+00 2.8000e+00 0.0000e+00 1.0718e+03
  0.0000e+00 0.0000e+00 0.0000e+00]
 [0.0000e+00 0.0000e+00 0.0000e+00 0.0000e+00 0.0000e+00 0.0000e+00
  0.0000e+00 2.0000e-01 0.0000e+00 1.6000e+00 5.0000e+00 1.0000e+00
  4.1420e+02 0.0000e+00 0.0000e+00]
 [0.0000e+00 0.0000e+00 0.0000e+00 0.0000e+00 0.0000e+00 0.0000e+00
  0.0000e+00 0.0000e+00 0.0000e+00 0.0000e+00 0.0000e+00 0.0000e+00
  0.0000e+00 3.8500e+02 0.0000e+00]
 [0.0000e+00 0.0000e+00 0.0000e+00 0.0000e+00 0.0000e+00 0.0000e+00
  0.0000e+00 0.0000e+00 0.0000e+00 0.0000e+00 0.0000e+00 0.0000e+00
  0.0000e+00 0.0000e+00 5.9400e+02]]---
Accuracy: 98.18 +- 0.19
---
class acc :
	Healthy grass: 97.39 +- 1.80
	Stressed grass: 99.15 +- 0.13
	Synthetic grass: 99.94 +- 0.13
	Trees: 99.71 +- 0.39
	Soil: 100.00 +- 0.00
	Water: 96.03 +- 4.83
	Residential: 99.39 +- 0.38
	Commercial: 93.82 +- 1.40
	Road: 95.35 +- 0.30
	Highway: 99.44 +- 0.41
	Railway: 98.97 +- 0.90
	Parking Lot 1: 96.56 +- 1.18
	Parking Lot 2: 98.15 +- 1.80
	Tennis Court: 100.00 +- 0.00
	Running Track: 100.00 +- 0.00
---
AA: 98.26 +- 0.29
Kappa: 98.03 +- 0.21
