run 1 / 5
Best validation overall accuracy 0.9914772727272727
Confusion matrix :
[[1126    0    0    0    0    0    0    0    0    0    0    0    0    0
     0]
 [  10 1119    0    0    0    0    0    0    0    0    0    0    0    0
     0]
 [   0    0  627    0    0    0    0    0    0    0    0    0    0    0
     0]
 [  11    0    0 1109    0    0    0    0    0    0    0    0    0    0
     0]
 [   0    0    0    0 1118    0    0    0    0    0    0    0    0    0
     0]
 [   0    0    0    0    0  292    0    0    0    0    0    0    0    0
     0]
 [   0    0    0    0    0    0 1138    0    2    0    1    0    0    0
     0]
 [   0    0    0    0    0    0    0 1047    0    5   34   22    3    0
     9]
 [   0    0    0    0    0    0    3    3 1064   21   26   10    0    0
     0]
 [   0    0    0    0    0    0    0    0    0 1104    0    0    0    0
     0]
 [   0    0    0    0    0    0    0    0    0    0 1112    0    0    0
     0]
 [   0    0    0    0    1    0   40    0    0    0    0 1069    0    0
     0]
 [   0    0    0    0    0    0    0    0    0    1    2    0  419    0
     0]
 [   0    0    0    0    0    0    0    0    0    0    0    0    0  385
     0]
 [   0    0    0    0    0    0    0    0    0    0    0    0    0    0
   594]]---
Accuracy : 98.49%
---
class acc :
	Healthy grass: 100.00
	Stressed grass: 99.11
	Synthetic grass: 100.00
	Trees: 99.02
	Soil: 100.00
	Water: 100.00
	Residential: 99.74
	Commercial: 93.48
	Road: 94.41
	Highway: 100.00
	Railway: 100.00
	Parking Lot 1: 96.31
	Parking Lot 2: 99.29
	Tennis Court: 100.00
	Running Track: 100.00
---
AA: 98.76%
Kappa: 98.37
run 2 / 5
Best validation overall accuracy 0.9857954545454546
Confusion matrix :
[[1117    9    0    0    0    0    0    0    0    0    0    0    0    0
     0]
 [  21 1108    0    0    0    0    0    0    0    0    0    0    0    0
     0]
 [   0    0  626    0    0    0    0    0    0    0    0    0    0    0
     1]
 [  14    0    0 1104    0    0    2    0    0    0    0    0    0    0
     0]
 [   0    0    0    0 1118    0    0    0    0    0    0    0    0    0
     0]
 [   0    0    0    0    0  287    0    0    5    0    0    0    0    0
     0]
 [   0    0    0    0    0    0 1141    0    0    0    0    0    0    0
     0]
 [   0    0    0    0    0    0    1 1072    0    1    0   46    0    0
     0]
 [   0    0    0    0    0    0    2    5 1090   12   10    8    0    0
     0]
 [   0    0    0    0    0    0    0    0   11 1089    4    0    0    0
     0]
 [   0    0    0    0    0    0    2   16    0    0 1094    0    0    0
     0]
 [   0    0    0    0    0    0   62    0    1    0    0 1047    0    0
     0]
 [   0    0    0    0    0    0    0    0    0    2   13    0  407    0
     0]
 [   0    0    0    0    0    0    0    0    0    0    0    0    0  385
     0]
 [   0    0    0    0    0    0    0    0    0    0    0    0    0    0
   594]]---
Accuracy : 98.17%
---
class acc :
	Healthy grass: 99.20
	Stressed grass: 98.14
	Synthetic grass: 99.84
	Trees: 98.57
	Soil: 100.00
	Water: 98.29
	Residential: 100.00
	Commercial: 95.71
	Road: 96.72
	Highway: 98.64
	Railway: 98.38
	Parking Lot 1: 94.32
	Parking Lot 2: 96.45
	Tennis Court: 100.00
	Running Track: 100.00
---
AA: 98.28%
Kappa: 98.02
run 3 / 5
Best validation overall accuracy 0.9886363636363636
Confusion matrix :
[[1067   46    0   12    0    0    1    0    0    0    0    0    0    0
     0]
 [   7 1122    0    0    0    0    0    0    0    0    0    0    0    0
     0]
 [   0    0  627    0    0    0    0    0    0    0    0    0    0    0
     0]
 [   0    0    0 1120    0    0    0    0    0    0    0    0    0    0
     0]
 [   0    0    0    0 1117    0    0    1    0    0    0    0    0    0
     0]
 [   0    0    0    0    0  284    2    1    5    0    0    0    0    0
     0]
 [   0    0    0    0    0    0 1140    0    0    0    1    0    0    0
     0]
 [   0    0    0    0    5    0    4 1063    1    0    0   19    0   19
     9]
 [   0    0    0    0    0    0    7    0 1083   36    1    0    0    0
     0]
 [   0    0    0    0    0    0    0    0    0 1104    0    0    0    0
     0]
 [   0    0    0    0    0    0    6    0    0    0 1106    0    0    0
     0]
 [   0    0    0    0    0    0   58    1    2   29    1 1018    1    0
     0]
 [   0    0    0    0    0    0    0    0    0    6   12    0  404    0
     0]
 [   0    0    0    0    0    0    0    0    0    0    0    0    0  385
     0]
 [   0    0    0    0    0    0    0    0    0    0    0    0    0    0
   594]]---
Accuracy : 97.83%
---
class acc :
	Healthy grass: 94.76
	Stressed grass: 99.38
	Synthetic grass: 100.00
	Trees: 100.00
	Soil: 99.91
	Water: 97.26
	Residential: 99.91
	Commercial: 94.91
	Road: 96.10
	Highway: 100.00
	Railway: 99.46
	Parking Lot 1: 91.71
	Parking Lot 2: 95.73
	Tennis Court: 100.00
	Running Track: 100.00
---
AA: 97.94%
Kappa: 97.66
run 4 / 5
Best validation overall accuracy 0.9758522727272727
Confusion matrix :
[[1123    0    0    3    0    0    0    0    0    0    0    0    0    0
     0]
 [   9 1120    0    0    0    0    0    0    0    0    0    0    0    0
     0]
 [   0    0  627    0    0    0    0    0    0    0    0    0    0    0
     0]
 [  15    0    0 1104    0    0    0    0    1    0    0    0    0    0
     0]
 [   0    0    0    0 1118    0    0    0    0    0    0    0    0    0
     0]
 [   0    0    0    0    0  251   36    0    5    0    0    0    0    0
     0]
 [   0    0    0    0    0    0 1134    0    0    0    0    3    4    0
     0]
 [   0    0    0    0    0    0   22 1048    2    0    0   40    0    0
     8]
 [   0    0    0    0    0    0   10    0 1086   21    0   10    0    0
     0]
 [   0    0    0    0    0    0    0    0   47 1057    0    0    0    0
     0]
 [   0    0    0    0    0    0    0    0    2   14 1096    0    0    0
     0]
 [   0    0    0    0    0    0   11   13    7    0    0 1079    0    0
     0]
 [   0    0    0    0    0    0    0    0    0    0    5    0  417    0
     0]
 [   0    0    0    0    0    0    0    0    0    0    0    0    0  385
     0]
 [   0    0    0    0    0    0    0    0    0    0    0    0    0    0
   594]]---
Accuracy : 97.87%
---
class acc :
	Healthy grass: 99.73
	Stressed grass: 99.20
	Synthetic grass: 100.00
	Trees: 98.57
	Soil: 100.00
	Water: 85.96
	Residential: 99.39
	Commercial: 93.57
	Road: 96.36
	Highway: 95.74
	Railway: 98.56
	Parking Lot 1: 97.21
	Parking Lot 2: 98.82
	Tennis Court: 100.00
	Running Track: 100.00
---
AA: 97.54%
Kappa: 97.70
run 5 / 5
Best validation overall accuracy 0.9857954545454546
Confusion matrix :
[[1097   18    0   11    0    0    0    0    0    0    0    0    0    0
     0]
 [   3 1126    0    0    0    0    0    0    0    0    0    0    0    0
     0]
 [   0    0  626    0    0    0    0    0    0    0    0    0    0    0
     1]
 [   0    0    0 1120    0    0    0    0    0    0    0    0    0    0
     0]
 [   0    0    0    0 1118    0    0    0    0    0    0    0    0    0
     0]
 [   0    0    0    0    0  287    0    0    5    0    0    0    0    0
     0]
 [   0    0    0    0    1    0 1098    1   16    0   25    0    0    0
     0]
 [   0    0    0    0    1    0   26 1060    0    0    0   13    0   20
     0]
 [   0    0    0    0    0    0    4    8 1071   10   30    4    0    0
     0]
 [   0    0    0    0    0    0    0    0    0 1072   24    0    8    0
     0]
 [   0    0    0    0    0    0    0    0   29    0 1073    0   10    0
     0]
 [   0    0    0    0    0    0   12    3   42    1    0 1051    1    0
     0]
 [   0    0    0    0    0    0    0    0    0    0    0    0  422    0
     0]
 [   0    0    0    0    0    0    0    0    0    0    0    0    0  385
     0]
 [   0    0    0    0    0    0    0    0    0    0    0    0    0    0
   594]]---
Accuracy : 97.58%
---
class acc :
	Healthy grass: 97.42
	Stressed grass: 99.73
	Synthetic grass: 99.84
	Trees: 100.00
	Soil: 100.00
	Water: 98.29
	Residential: 96.23
	Commercial: 94.64
	Road: 95.03
	Highway: 97.10
	Railway: 96.49
	Parking Lot 1: 94.68
	Parking Lot 2: 100.00
	Tennis Court: 100.00
	Running Track: 100.00
---
AA: 97.96%
Kappa: 97.39
Agregated results :
Confusion matrix :
[[1.1060e+03 1.4600e+01 0.0000e+00 5.2000e+00 0.0000e+00 0.0000e+00
  2.0000e-01 0.0000e+00 0.0000e+00 0.0000e+00 0.0000e+00 0.0000e+00
  0.0000e+00 0.0000e+00 0.0000e+00]
 [1.0000e+01 1.1190e+03 0.0000e+00 0.0000e+00 0.0000e+00 0.0000e+00
  0.0000e+00 0.0000e+00 0.0000e+00 0.0000e+00 0.0000e+00 0.0000e+00
  0.0000e+00 0.0000e+00 0.0000e+00]
 [0.0000e+00 0.0000e+00 6.2660e+02 0.0000e+00 0.0000e+00 0.0000e+00
  0.0000e+00 0.0000e+00 0.0000e+00 0.0000e+00 0.0000e+00 0.0000e+00
  0.0000e+00 0.0000e+00 4.0000e-01]
 [8.0000e+00 0.0000e+00 0.0000e+00 1.1114e+03 0.0000e+00 0.0000e+00
  4.0000e-01 0.0000e+00 2.0000e-01 0.0000e+00 0.0000e+00 0.0000e+00
  0.0000e+00 0.0000e+00 0.0000e+00]
 [0.0000e+00 0.0000e+00 0.0000e+00 0.0000e+00 1.1178e+03 0.0000e+00
  0.0000e+00 2.0000e-01 0.0000e+00 0.0000e+00 0.0000e+00 0.0000e+00
  0.0000e+00 0.0000e+00 0.0000e+00]
 [0.0000e+00 0.0000e+00 0.0000e+00 0.0000e+00 0.0000e+00 2.8020e+02
  7.6000e+00 2.0000e-01 4.0000e+00 0.0000e+00 0.0000e+00 0.0000e+00
  0.0000e+00 0.0000e+00 0.0000e+00]
 [0.0000e+00 0.0000e+00 0.0000e+00 0.0000e+00 2.0000e-01 0.0000e+00
  1.1302e+03 2.0000e-01 3.6000e+00 0.0000e+00 5.4000e+00 6.0000e-01
  8.0000e-01 0.0000e+00 0.0000e+00]
 [0.0000e+00 0.0000e+00 0.0000e+00 0.0000e+00 1.2000e+00 0.0000e+00
  1.0600e+01 1.0580e+03 6.0000e-01 1.2000e+00 6.8000e+00 2.8000e+01
  6.0000e-01 7.8000e+00 5.2000e+00]
 [0.0000e+00 0.0000e+00 0.0000e+00 0.0000e+00 0.0000e+00 0.0000e+00
  5.2000e+00 3.2000e+00 1.0788e+03 2.0000e+01 1.3400e+01 6.4000e+00
  0.0000e+00 0.0000e+00 0.0000e+00]
 [0.0000e+00 0.0000e+00 0.0000e+00 0.0000e+00 0.0000e+00 0.0000e+00
  0.0000e+00 0.0000e+00 1.1600e+01 1.0852e+03 5.6000e+00 0.0000e+00
  1.6000e+00 0.0000e+00 0.0000e+00]
 [0.0000e+00 0.0000e+00 0.0000e+00 0.0000e+00 0.0000e+00 0.0000e+00
  1.6000e+00 3.2000e+00 6.2000e+00 2.8000e+00 1.0962e+03 0.0000e+00
  2.0000e+00 0.0000e+00 0.0000e+00]
 [0.0000e+00 0.0000e+00 0.0000e+00 0.0000e+00 2.0000e-01 0.0000e+00
  3.6600e+01 3.4000e+00 1.0400e+01 6.0000e+00 2.0000e-01 1.0528e+03
  4.0000e-01 0.0000e+00 0.0000e+00]
 [0.0000e+00 0.0000e+00 0.0000e+00 0.0000e+00 0.0000e+00 0.0000e+00
  0.0000e+00 0.0000e+00 0.0000e+00 1.8000e+00 6.4000e+00 0.0000e+00
  4.1380e+02 0.0000e+00 0.0000e+00]
 [0.0000e+00 0.0000e+00 0.0000e+00 0.0000e+00 0.0000e+00 0.0000e+00
  0.0000e+00 0.0000e+00 0.0000e+00 0.0000e+00 0.0000e+00 0.0000e+00
  0.0000e+00 3.8500e+02 0.0000e+00]
 [0.0000e+00 0.0000e+00 0.0000e+00 0.0000e+00 0.0000e+00 0.0000e+00
  0.0000e+00 0.0000e+00 0.0000e+00 0.0000e+00 0.0000e+00 0.0000e+00
  0.0000e+00 0.0000e+00 5.9400e+02]]---
Accuracy: 97.99 +- 0.31
---
class acc :
	Healthy grass: 98.22 +- 1.95
	Stressed grass: 99.11 +- 0.53
	Synthetic grass: 99.94 +- 0.08
	Trees: 99.23 +- 0.65
	Soil: 99.98 +- 0.04
	Water: 95.96 +- 5.08
	Residential: 99.05 +- 1.43
	Commercial: 94.46 +- 0.84
	Road: 95.72 +- 0.86
	Highway: 98.30 +- 1.67
	Railway: 98.58 +- 1.20
	Parking Lot 1: 94.85 +- 1.89
	Parking Lot 2: 98.06 +- 1.66
	Tennis Court: 100.00 +- 0.00
	Running Track: 100.00 +- 0.00
---
AA: 98.10 +- 0.41
Kappa: 97.83 +- 0.34
