run 1 / 5
Best validation overall accuracy 0.9886363636363636
Confusion matrix :
[[1092    8    0   26    0    0    0    0    0    0    0    0    0    0
     0]
 [   9 1120    0    0    0    0    0    0    0    0    0    0    0    0
     0]
 [   0    0  627    0    0    0    0    0    0    0    0    0    0    0
     0]
 [   0    0    0 1120    0    0    0    0    0    0    0    0    0    0
     0]
 [   0    0    0    0 1118    0    0    0    0    0    0    0    0    0
     0]
 [   0    0    0    0    0  292    0    0    0    0    0    0    0    0
     0]
 [   0    0    0    1    0    2 1124    1    8    0    5    0    0    0
     0]
 [   0    0    0    0    5    0    0 1049    0    4   33   20    0    0
     9]
 [   0    0    0    0    0    0    2    0 1050   28   24   23    0    0
     0]
 [   0    0    0    0    0    0    0    0    0 1100    4    0    0    0
     0]
 [   0    0    0    0    0    0    0    0    0    0 1112    0    0    0
     0]
 [   0    0    0    0    0    0   24    2   10    1    0 1073    0    0
     0]
 [   0    0    0    0    0    0    0    0    0    0   14    0  408    0
     0]
 [   0    0    0    0    0    0    0    0    0    0    0    0    0  385
     0]
 [   0    0    0    0    0    0    0    0    0    0    0    0    0    0
   594]]---
Accuracy : 98.06%
---
class acc :
	Healthy grass: 96.98
	Stressed grass: 99.20
	Synthetic grass: 100.00
	Trees: 100.00
	Soil: 100.00
	Water: 100.00
	Residential: 98.51
	Commercial: 93.66
	Road: 93.17
	Highway: 99.64
	Railway: 100.00
	Parking Lot 1: 96.67
	Parking Lot 2: 96.68
	Tennis Court: 100.00
	Running Track: 100.00
---
AA: 98.30%
Kappa: 97.90
run 2 / 5
Best validation overall accuracy 0.9857954545454546
Confusion matrix :
[[1117    9    0    0    0    0    0    0    0    0    0    0    0    0
     0]
 [   4 1125    0    0    0    0    0    0    0    0    0    0    0    0
     0]
 [   0    0  626    0    0    0    0    0    0    0    0    0    0    0
     1]
 [   1    0    0 1119    0    0    0    0    0    0    0    0    0    0
     0]
 [   0    0    0    0 1118    0    0    0    0    0    0    0    0    0
     0]
 [   0    0    0    0    0  287    0    0    5    0    0    0    0    0
     0]
 [   0    0    0    0    0    0 1137    1    2    0    1    0    0    0
     0]
 [   0    0    0    0    4    0    0 1069    0    0    2   45    0    0
     0]
 [   0    0    0    0    6    0    0    0 1107   13    1    0    0    0
     0]
 [   0    0    0    0    0    0    2    0   14 1080    2    6    0    0
     0]
 [   0    0    0    0    0    0    3    0    4    0 1105    0    0    0
     0]
 [   0    0    0    0    0    0   51    0    2   26    0 1031    0    0
     0]
 [   0    0    0    0    0    0    0    0    0    0   11    0  411    0
     0]
 [   0    0    0    0    0    0    0    0    0    0    0    0    0  385
     0]
 [   0    0    0    0    0    0    0    0    0    0    0    0    0    0
   594]]---
Accuracy : 98.40%
---
class acc :
	Healthy grass: 99.20
	Stressed grass: 99.65
	Synthetic grass: 99.84
	Trees: 99.91
	Soil: 100.00
	Water: 98.29
	Residential: 99.65
	Commercial: 95.45
	Road: 98.23
	Highway: 97.83
	Railway: 99.37
	Parking Lot 1: 92.88
	Parking Lot 2: 97.39
	Tennis Court: 100.00
	Running Track: 100.00
---
AA: 98.51%
Kappa: 98.27
run 3 / 5
Best validation overall accuracy 0.984375
Confusion matrix :
[[1104   14    0    8    0    0    0    0    0    0    0    0    0    0
     0]
 [  25 1104    0    0    0    0    0    0    0    0    0    0    0    0
     0]
 [   0    0  627    0    0    0    0    0    0    0    0    0    0    0
     0]
 [   6    0    0 1112    0    0    2    0    0    0    0    0    0    0
     0]
 [   0    0    0    0 1114    0    0    0    4    0    0    0    0    0
     0]
 [   0    0    0    0    1  289    0    0    2    0    0    0    0    0
     0]
 [   0    0    0    0    0    0 1133    0    2    0    6    0    0    0
     0]
 [   0    0    0    0    0   16    0 1048    7    0    0   20    1   19
     9]
 [   0    0    0    0    0    0    8    0 1090   28    0    1    0    0
     0]
 [   0    0    0    0    0    0    0    0    5 1092    0    7    0    0
     0]
 [   0    0    0    0    0    0    0    0    1    0 1111    0    0    0
     0]
 [   0    0    0    0    0    0   18    6    0   33    0 1053    0    0
     0]
 [   0    0    0    0    0    0    0    0    0    3   15    0  404    0
     0]
 [   0    0    0    0    0    0    0    0    0    0    0    0    0  385
     0]
 [   0    0    0    0    0    0    0    0    0    0    0    0    0    0
   594]]---
Accuracy : 98.03%
---
class acc :
	Healthy grass: 98.05
	Stressed grass: 97.79
	Synthetic grass: 100.00
	Trees: 99.29
	Soil: 99.64
	Water: 98.97
	Residential: 99.30
	Commercial: 93.57
	Road: 96.72
	Highway: 98.91
	Railway: 99.91
	Parking Lot 1: 94.86
	Parking Lot 2: 95.73
	Tennis Court: 100.00
	Running Track: 100.00
---
AA: 98.18%
Kappa: 97.87
run 4 / 5
Best validation overall accuracy 0.9786931818181818
Confusion matrix :
[[1118    0    0    8    0    0    0    0    0    0    0    0    0    0
     0]
 [  17 1112    0    0    0    0    0    0    0    0    0    0    0    0
     0]
 [   0    0  627    0    0    0    0    0    0    0    0    0    0    0
     0]
 [  14    0    0 1104    0    0    2    0    0    0    0    0    0    0
     0]
 [   0    0    0    0 1118    0    0    0    0    0    0    0    0    0
     0]
 [   2    0    0    0    0  252   34    0    4    0    0    0    0    0
     0]
 [   0    0    0    0    0    0 1067    6    0    0    3   65    0    0
     0]
 [   0    0    0    0    0    0   22 1036   17    0    0   37    0    0
     8]
 [   0    0    0    0    0    0    5    0 1098   15    5    4    0    0
     0]
 [   0    0    0    0    0    0    0    0   26 1072    0    6    0    0
     0]
 [   0    0    0    0    0    0    0    0    5    0 1107    0    0    0
     0]
 [   0    0    0    0    0    0    6    2   32    0    0 1070    0    0
     0]
 [   0    0    0    0    0    0    0    0    0    0    0    1  421    0
     0]
 [   0    0    0    0    0    0    0    0    0    0    0    0    0  385
     0]
 [   0    0    0    0    0    0    0    0    0    0    0    0    0    0
   594]]---
Accuracy : 97.44%
---
class acc :
	Healthy grass: 99.29
	Stressed grass: 98.49
	Synthetic grass: 100.00
	Trees: 98.57
	Soil: 100.00
	Water: 86.30
	Residential: 93.51
	Commercial: 92.50
	Road: 97.43
	Highway: 97.10
	Railway: 99.55
	Parking Lot 1: 96.40
	Parking Lot 2: 99.76
	Tennis Court: 100.00
	Running Track: 100.00
---
AA: 97.26%
Kappa: 97.23
run 5 / 5
Best validation overall accuracy 0.9900568181818182
Confusion matrix :
[[1098    2    0   26    0    0    0    0    0    0    0    0    0    0
     0]
 [   7 1122    0    0    0    0    0    0    0    0    0    0    0    0
     0]
 [   0    0  627    0    0    0    0    0    0    0    0    0    0    0
     0]
 [   0    0    0 1120    0    0    0    0    0    0    0    0    0    0
     0]
 [   0    0    0    0 1118    0    0    0    0    0    0    0    0    0
     0]
 [   0    0    0    0    0  289    0    0    3    0    0    0    0    0
     0]
 [   0    0    0    0    0    0 1114   10   10    0    7    0    0    0
     0]
 [   0    0    0    0    2    0   26 1054    0    0    0   18    0   20
     0]
 [   0    0    0    0    0    0    2    1 1105   12    0    7    0    0
     0]
 [   0    0    0    0    0    0    0    0    0 1103    0    0    1    0
     0]
 [   0    0    0    0    0    0    0    1   11    2 1083    0   15    0
     0]
 [   0    0    0    0    0    0   19    2    9    0    0 1080    0    0
     0]
 [   0    0    0    0    0    0    0    0    0    0    0    0  422    0
     0]
 [   0    0    0    0    0    0    0    0    0    0    0    0    0  385
     0]
 [   0    0    0    0    0    0    0    0    0    0    0    0    0    0
   594]]---
Accuracy : 98.43%
---
class acc :
	Healthy grass: 97.51
	Stressed grass: 99.38
	Synthetic grass: 100.00
	Trees: 100.00
	Soil: 100.00
	Water: 98.97
	Residential: 97.63
	Commercial: 94.11
	Road: 98.05
	Highway: 99.91
	Railway: 97.39
	Parking Lot 1: 97.30
	Parking Lot 2: 100.00
	Tennis Court: 100.00
	Running Track: 100.00
---
AA: 98.68%
Kappa: 98.30
Agregated results :
Confusion matrix :
[[1.1058e+03 6.6000e+00 0.0000e+00 1.3600e+01 0.0000e+00 0.0000e+00
  0.0000e+00 0.0000e+00 0.0000e+00 0.0000e+00 0.0000e+00 0.0000e+00
  0.0000e+00 0.0000e+00 0.0000e+00]
 [1.2400e+01 1.1166e+03 0.0000e+00 0.0000e+00 0.0000e+00 0.0000e+00
  0.0000e+00 0.0000e+00 0.0000e+00 0.0000e+00 0.0000e+00 0.0000e+00
  0.0000e+00 0.0000e+00 0.0000e+00]
 [0.0000e+00 0.0000e+00 6.2680e+02 0.0000e+00 0.0000e+00 0.0000e+00
  0.0000e+00 0.0000e+00 0.0000e+00 0.0000e+00 0.0000e+00 0.0000e+00
  0.0000e+00 0.0000e+00 2.0000e-01]
 [4.2000e+00 0.0000e+00 0.0000e+00 1.1150e+03 0.0000e+00 0.0000e+00
  8.0000e-01 0.0000e+00 0.0000e+00 0.0000e+00 0.0000e+00 0.0000e+00
  0.0000e+00 0.0000e+00 0.0000e+00]
 [0.0000e+00 0.0000e+00 0.0000e+00 0.0000e+00 1.1172e+03 0.0000e+00
  0.0000e+00 0.0000e+00 8.0000e-01 0.0000e+00 0.0000e+00 0.0000e+00
  0.0000e+00 0.0000e+00 0.0000e+00]
 [4.0000e-01 0.0000e+00 0.0000e+00 0.0000e+00 2.0000e-01 2.8180e+02
  6.8000e+00 0.0000e+00 2.8000e+00 0.0000e+00 0.0000e+00 0.0000e+00
  0.0000e+00 0.0000e+00 0.0000e+00]
 [0.0000e+00 0.0000e+00 0.0000e+00 2.0000e-01 0.0000e+00 4.0000e-01
  1.1150e+03 3.6000e+00 4.4000e+00 0.0000e+00 4.4000e+00 1.3000e+01
  0.0000e+00 0.0000e+00 0.0000e+00]
 [0.0000e+00 0.0000e+00 0.0000e+00 0.0000e+00 2.2000e+00 3.2000e+00
  9.6000e+00 1.0512e+03 4.8000e+00 8.0000e-01 7.0000e+00 2.8000e+01
  2.0000e-01 7.8000e+00 5.2000e+00]
 [0.0000e+00 0.0000e+00 0.0000e+00 0.0000e+00 1.2000e+00 0.0000e+00
  3.4000e+00 2.0000e-01 1.0900e+03 1.9200e+01 6.0000e+00 7.0000e+00
  0.0000e+00 0.0000e+00 0.0000e+00]
 [0.0000e+00 0.0000e+00 0.0000e+00 0.0000e+00 0.0000e+00 0.0000e+00
  4.0000e-01 0.0000e+00 9.0000e+00 1.0894e+03 1.2000e+00 3.8000e+00
  2.0000e-01 0.0000e+00 0.0000e+00]
 [0.0000e+00 0.0000e+00 0.0000e+00 0.0000e+00 0.0000e+00 0.0000e+00
  6.0000e-01 2.0000e-01 4.2000e+00 4.0000e-01 1.1036e+03 0.0000e+00
  3.0000e+00 0.0000e+00 0.0000e+00]
 [0.0000e+00 0.0000e+00 0.0000e+00 0.0000e+00 0.0000e+00 0.0000e+00
  2.3600e+01 2.4000e+00 1.0600e+01 1.2000e+01 0.0000e+00 1.0614e+03
  0.0000e+00 0.0000e+00 0.0000e+00]
 [0.0000e+00 0.0000e+00 0.0000e+00 0.0000e+00 0.0000e+00 0.0000e+00
  0.0000e+00 0.0000e+00 0.0000e+00 6.0000e-01 8.0000e+00 2.0000e-01
  4.1320e+02 0.0000e+00 0.0000e+00]
 [0.0000e+00 0.0000e+00 0.0000e+00 0.0000e+00 0.0000e+00 0.0000e+00
  0.0000e+00 0.0000e+00 0.0000e+00 0.0000e+00 0.0000e+00 0.0000e+00
  0.0000e+00 3.8500e+02 0.0000e+00]
 [0.0000e+00 0.0000e+00 0.0000e+00 0.0000e+00 0.0000e+00 0.0000e+00
  0.0000e+00 0.0000e+00 0.0000e+00 0.0000e+00 0.0000e+00 0.0000e+00
  0.0000e+00 0.0000e+00 5.9400e+02]]---
Accuracy: 98.07 +- 0.36
---
class acc :
	Healthy grass: 98.21 +- 0.91
	Stressed grass: 98.90 +- 0.68
	Synthetic grass: 99.97 +- 0.06
	Trees: 99.55 +- 0.56
	Soil: 99.93 +- 0.14
	Water: 96.51 +- 5.13
	Residential: 97.72 +- 2.22
	Commercial: 93.86 +- 0.95
	Road: 96.72 +- 1.85
	Highway: 98.68 +- 1.07
	Railway: 99.24 +- 0.95
	Parking Lot 1: 95.62 +- 1.59
	Parking Lot 2: 97.91 +- 1.69
	Tennis Court: 100.00 +- 0.00
	Running Track: 100.00 +- 0.00
---
AA: 98.19 +- 0.49
Kappa: 97.91 +- 0.39
