run 1 / 5
Best validation overall accuracy 0.9928977272727273
Confusion matrix :
[[1121    5    0    0    0    0    0    0    0    0    0    0    0    0
     0]
 [   5 1124    0    0    0    0    0    0    0    0    0    0    0    0
     0]
 [   0    0  627    0    0    0    0    0    0    0    0    0    0    0
     0]
 [   0    0    0 1120    0    0    0    0    0    0    0    0    0    0
     0]
 [   0    0    0    0 1118    0    0    0    0    0    0    0    0    0
     0]
 [   1    0    0    0    0  291    0    0    0    0    0    0    0    0
     0]
 [   0    0    0    0    0    0 1136    0    0    0    5    0    0    0
     0]
 [   0    0    0    0   10    0    1 1044    1   16   30    9    0    0
     9]
 [   0    1    0    0    0    0    1    3 1082   22   15    3    0    0
     0]
 [   0    0    0    0    0    0    0    0    0 1103    0    0    1    0
     0]
 [   0    0    0    0    0    0    0    0    0    0 1112    0    0    0
     0]
 [   0    0    0    0    4    0    8    0    0    0    0 1098    0    0
     0]
 [   0    0    0    0    0    0    0    0    0    0    0    4  418    0
     0]
 [   0    0    0    0    0    0    0    0    0    0    0    0    0  385
     0]
 [   0    0    0    0    0    0    0    0    0    0    0    0    0    0
   594]]---
Accuracy : 98.86%
---
class acc :
	Healthy grass: 99.56
	Stressed grass: 99.56
	Synthetic grass: 100.00
	Trees: 100.00
	Soil: 100.00
	Water: 99.66
	Residential: 99.56
	Commercial: 93.21
	Road: 96.01
	Highway: 99.91
	Railway: 100.00
	Parking Lot 1: 98.92
	Parking Lot 2: 99.05
	Tennis Court: 100.00
	Running Track: 100.00
---
AA: 99.03%
Kappa: 98.77
run 2 / 5
Best validation overall accuracy 0.9928977272727273
Confusion matrix :
[[1125    0    0    0    0    0    1    0    0    0    0    0    0    0
     0]
 [  14 1115    0    0    0    0    0    0    0    0    0    0    0    0
     0]
 [   0    0  624    0    0    0    0    0    0    0    0    0    0    0
     3]
 [   4    0    0 1112    0    0    4    0    0    0    0    0    0    0
     0]
 [   0    0    0    0 1118    0    0    0    0    0    0    0    0    0
     0]
 [   0    0    0    0    0  287    0    0    5    0    0    0    0    0
     0]
 [   0    0    0    0    0    0 1134    0    7    0    0    0    0    0
     0]
 [   0    0    0    0    5    0    0 1077    0    0    0   34    4    0
     0]
 [   0    0    0    2    3    0    5    0 1104   13    0    0    0    0
     0]
 [   0    0    0    0    0    0    0    0    0 1104    0    0    0    0
     0]
 [   0    0    0    0    0    0    0    0    0    0 1112    0    0    0
     0]
 [   0    0    0    0    0    0    8    0    9   45    0 1046    2    0
     0]
 [   0    0    0    0    0    0    0    0    0    4    7   15  396    0
     0]
 [   0    0    0    0    0    0    0    0    0    0    0    0    0  385
     0]
 [   0    0    0    0    0    0    0    0    0    0    0    0    0    0
   594]]---
Accuracy : 98.57%
---
class acc :
	Healthy grass: 99.91
	Stressed grass: 98.76
	Synthetic grass: 99.52
	Trees: 99.29
	Soil: 100.00
	Water: 98.29
	Residential: 99.39
	Commercial: 96.16
	Road: 97.96
	Highway: 100.00
	Railway: 100.00
	Parking Lot 1: 94.23
	Parking Lot 2: 93.84
	Tennis Court: 100.00
	Running Track: 100.00
---
AA: 98.49%
Kappa: 98.45
run 3 / 5
Best validation overall accuracy 0.9857954545454546
Confusion matrix :
[[1100   11    0   15    0    0    0    0    0    0    0    0    0    0
     0]
 [  17 1112    0    0    0    0    0    0    0    0    0    0    0    0
     0]
 [   0    0  627    0    0    0    0    0    0    0    0    0    0    0
     0]
 [   0    0    0 1118    0    0    2    0    0    0    0    0    0    0
     0]
 [   0    0    0    0 1117    0    0    1    0    0    0    0    0    0
     0]
 [   0    0    0    0    1  285    0    0    6    0    0    0    0    0
     0]
 [   0    0    0    0    0    0 1141    0    0    0    0    0    0    0
     0]
 [   0    0    0    0   12    0    0 1065    3    0    0   12    0    7
    21]
 [   0    0    0    0    0    0   30    0 1097    0    0    0    0    0
     0]
 [   0    0    0    0    0    0    0    0    2 1102    0    0    0    0
     0]
 [   0    0    0    0    0    0    0    0    0    0 1112    0    0    0
     0]
 [   0    0    0    0    0    0   19    0    0    0    0 1079   12    0
     0]
 [   0    0    0    0    0    0    0    0    0   18    0    0  404    0
     0]
 [   0    0    0    0    0    0    0    0    0    0    0    0    0  385
     0]
 [   0    0    0    0    0    0    0    0    0    0    0    0    0    0
   594]]---
Accuracy : 98.60%
---
class acc :
	Healthy grass: 97.69
	Stressed grass: 98.49
	Synthetic grass: 100.00
	Trees: 99.82
	Soil: 99.91
	Water: 97.60
	Residential: 100.00
	Commercial: 95.09
	Road: 97.34
	Highway: 99.82
	Railway: 100.00
	Parking Lot 1: 97.21
	Parking Lot 2: 95.73
	Tennis Court: 100.00
	Running Track: 100.00
---
AA: 98.58%
Kappa: 98.49
run 4 / 5
Best validation overall accuracy 0.9815340909090909
Confusion matrix :
[[1109    0    0   11    0    4    0    0    2    0    0    0    0    0
     0]
 [  18 1111    0    0    0    0    0    0    0    0    0    0    0    0
     0]
 [   0    0  627    0    0    0    0    0    0    0    0    0    0    0
     0]
 [   8    0    0 1107    0    0    4    0    1    0    0    0    0    0
     0]
 [   0    0    0    0 1118    0    0    0    0    0    0    0    0    0
     0]
 [   4    0    0    0    0  251   32    0    5    0    0    0    0    0
     0]
 [   0    0    0    0    0    0 1141    0    0    0    0    0    0    0
     0]
 [   0    0    0    0    8    0   22 1069    2    0    0   11    0    0
     8]
 [   0    0    0    0    0    0    6    5 1093    4    7   12    0    0
     0]
 [   0    0    0    0    0    0    0    0    6 1097    1    0    0    0
     0]
 [   0    0    0    0    0    0    2    0    0    0 1110    0    0    0
     0]
 [   0    0    0    0    0    0    5    1    7    0    0 1094    3    0
     0]
 [   0    0    0    0    0    0    0    0    0    0    0    1  421    0
     0]
 [   0    0    0    0    0    0    0    0    0    0    0    0    0  385
     0]
 [   0    0    0    0    0    0    0    0    0    0    0    0    0    0
   594]]---
Accuracy : 98.52%
---
class acc :
	Healthy grass: 98.49
	Stressed grass: 98.41
	Synthetic grass: 100.00
	Trees: 98.84
	Soil: 100.00
	Water: 85.96
	Residential: 100.00
	Commercial: 95.45
	Road: 96.98
	Highway: 99.37
	Railway: 99.82
	Parking Lot 1: 98.56
	Parking Lot 2: 99.76
	Tennis Court: 100.00
	Running Track: 100.00
---
AA: 98.11%
Kappa: 98.40
run 5 / 5
Best validation overall accuracy 0.9914772727272727
Confusion matrix :
[[1101    2    0   22    0    0    1    0    0    0    0    0    0    0
     0]
 [  10 1119    0    0    0    0    0    0    0    0    0    0    0    0
     0]
 [   0    0  624    0    0    0    0    0    0    0    0    0    0    0
     3]
 [   0    0    0 1119    0    0    1    0    0    0    0    0    0    0
     0]
 [   0    0    0    0 1118    0    0    0    0    0    0    0    0    0
     0]
 [   2    0    0    1    0  283    0    0    6    0    0    0    0    0
     0]
 [   0    0    0    2    0    0 1131    2    6    0    0    0    0    0
     0]
 [   0    0    0    0    9    0    9 1082    0    0    0    0    0    9
    11]
 [   0    0    0    0    0    0   29    0 1083    2   11    2    0    0
     0]
 [   0    0    0    0    0    0    0    0    0 1092   11    0    1    0
     0]
 [   0    0    0    0    0    0    0    0    0    0 1112    0    0    0
     0]
 [   0    0    0    0    1    0   11    1   11    5    0 1066   15    0
     0]
 [   0    0    0    0    0    0    0    0    0    0    0    2  420    0
     0]
 [   0    0    0    0    0    0    0    0    0    0    0    0    0  385
     0]
 [   0    0    0    0    0    0    0    0    0    0    0    0    0    0
   594]]---
Accuracy : 98.54%
---
class acc :
	Healthy grass: 97.78
	Stressed grass: 99.11
	Synthetic grass: 99.52
	Trees: 99.91
	Soil: 100.00
	Water: 96.92
	Residential: 99.12
	Commercial: 96.61
	Road: 96.10
	Highway: 98.91
	Railway: 100.00
	Parking Lot 1: 96.04
	Parking Lot 2: 99.53
	Tennis Court: 100.00
	Running Track: 100.00
---
AA: 98.64%
Kappa: 98.42
Agregated results :
Confusion matrix :
[[1.1112e+03 3.6000e+00 0.0000e+00 9.6000e+00 0.0000e+00 8.0000e-01
  4.0000e-01 0.0000e+00 4.0000e-01 0.0000e+00 0.0000e+00 0.0000e+00
  0.0000e+00 0.0000e+00 0.0000e+00]
 [1.2800e+01 1.1162e+03 0.0000e+00 0.0000e+00 0.0000e+00 0.0000e+00
  0.0000e+00 0.0000e+00 0.0000e+00 0.0000e+00 0.0000e+00 0.0000e+00
  0.0000e+00 0.0000e+00 0.0000e+00]
 [0.0000e+00 0.0000e+00 6.2580e+02 0.0000e+00 0.0000e+00 0.0000e+00
  0.0000e+00 0.0000e+00 0.0000e+00 0.0000e+00 0.0000e+00 0.0000e+00
  0.0000e+00 0.0000e+00 1.2000e+00]
 [2.4000e+00 0.0000e+00 0.0000e+00 1.1152e+03 0.0000e+00 0.0000e+00
  2.2000e+00 0.0000e+00 2.0000e-01 0.0000e+00 0.0000e+00 0.0000e+00
  0.0000e+00 0.0000e+00 0.0000e+00]
 [0.0000e+00 0.0000e+00 0.0000e+00 0.0000e+00 1.1178e+03 0.0000e+00
  0.0000e+00 2.0000e-01 0.0000e+00 0.0000e+00 0.0000e+00 0.0000e+00
  0.0000e+00 0.0000e+00 0.0000e+00]
 [1.4000e+00 0.0000e+00 0.0000e+00 2.0000e-01 2.0000e-01 2.7940e+02
  6.4000e+00 0.0000e+00 4.4000e+00 0.0000e+00 0.0000e+00 0.0000e+00
  0.0000e+00 0.0000e+00 0.0000e+00]
 [0.0000e+00 0.0000e+00 0.0000e+00 4.0000e-01 0.0000e+00 0.0000e+00
  1.1366e+03 4.0000e-01 2.6000e+00 0.0000e+00 1.0000e+00 0.0000e+00
  0.0000e+00 0.0000e+00 0.0000e+00]
 [0.0000e+00 0.0000e+00 0.0000e+00 0.0000e+00 8.8000e+00 0.0000e+00
  6.4000e+00 1.0674e+03 1.2000e+00 3.2000e+00 6.0000e+00 1.3200e+01
  8.0000e-01 3.2000e+00 9.8000e+00]
 [0.0000e+00 2.0000e-01 0.0000e+00 4.0000e-01 6.0000e-01 0.0000e+00
  1.4200e+01 1.6000e+00 1.0918e+03 8.2000e+00 6.6000e+00 3.4000e+00
  0.0000e+00 0.0000e+00 0.0000e+00]
 [0.0000e+00 0.0000e+00 0.0000e+00 0.0000e+00 0.0000e+00 0.0000e+00
  0.0000e+00 0.0000e+00 1.6000e+00 1.0996e+03 2.4000e+00 0.0000e+00
  4.0000e-01 0.0000e+00 0.0000e+00]
 [0.0000e+00 0.0000e+00 0.0000e+00 0.0000e+00 0.0000e+00 0.0000e+00
  4.0000e-01 0.0000e+00 0.0000e+00 0.0000e+00 1.1116e+03 0.0000e+00
  0.0000e+00 0.0000e+00 0.0000e+00]
 [0.0000e+00 0.0000e+00 0.0000e+00 0.0000e+00 1.0000e+00 0.0000e+00
  1.0200e+01 4.0000e-01 5.4000e+00 1.0000e+01 0.0000e+00 1.0766e+03
  6.4000e+00 0.0000e+00 0.0000e+00]
 [0.0000e+00 0.0000e+00 0.0000e+00 0.0000e+00 0.0000e+00 0.0000e+00
  0.0000e+00 0.0000e+00 0.0000e+00 4.4000e+00 1.4000e+00 4.4000e+00
  4.1180e+02 0.0000e+00 0.0000e+00]
 [0.0000e+00 0.0000e+00 0.0000e+00 0.0000e+00 0.0000e+00 0.0000e+00
  0.0000e+00 0.0000e+00 0.0000e+00 0.0000e+00 0.0000e+00 0.0000e+00
  0.0000e+00 3.8500e+02 0.0000e+00]
 [0.0000e+00 0.0000e+00 0.0000e+00 0.0000e+00 0.0000e+00 0.0000e+00
  0.0000e+00 0.0000e+00 0.0000e+00 0.0000e+00 0.0000e+00 0.0000e+00
  0.0000e+00 0.0000e+00 5.9400e+02]]---
Accuracy: 98.62 +- 0.13
---
class acc :
	Healthy grass: 98.69 +- 0.91
	Stressed grass: 98.87 +- 0.42
	Synthetic grass: 99.81 +- 0.23
	Trees: 99.57 +- 0.44
	Soil: 99.98 +- 0.04
	Water: 95.68 +- 4.95
	Residential: 99.61 +- 0.34
	Commercial: 95.30 +- 1.17
	Road: 96.88 +- 0.74
	Highway: 99.60 +- 0.41
	Railway: 99.96 +- 0.07
	Parking Lot 1: 96.99 +- 1.72
	Parking Lot 2: 97.58 +- 2.37
	Tennis Court: 100.00 +- 0.00
	Running Track: 100.00 +- 0.00
---
AA: 98.57 +- 0.29
Kappa: 98.51 +- 0.14
