run 1 / 5
Best validation overall accuracy 0.9928977272727273
Confusion matrix :
[[1126    0    0    0    0    0    0    0    0    0    0    0    0    0
     0]
 [  10 1119    0    0    0    0    0    0    0    0    0    0    0    0
     0]
 [   0    0  625    0    0    0    0    0    0    0    0    0    0    0
     2]
 [   0    0    0 1120    0    0    0    0    0    0    0    0    0    0
     0]
 [   0    0    0    0 1118    0    0    0    0    0    0    0    0    0
     0]
 [  11    0    0    0    0  281    0    0    0    0    0    0    0    0
     0]
 [   0    0    0    0    0    0 1140    0    0    0    1    0    0    0
     0]
 [   0    0    0    0    9    0    0 1049    0   17   30    6    0    0
     9]
 [   0    0    0    2    1    0    0    0 1109   15    0    0    0    0
     0]
 [   0    0    0    0    0    0    0    0    0 1104    0    0    0    0
     0]
 [   0    0    0    0    0    0    0    0    0    0 1112    0    0    0
     0]
 [   0    0    0    0    0    0    0    5    0    0    0 1098    7    0
     0]
 [   0    0    0    0    0    0    0    0    0    1    0    0  421    0
     0]
 [   0    0    0    0    0    0    0    0    0    0    0    0    0  385
     0]
 [   0    0    0    0    0    0    0    0    0    0    0    0    0    0
   594]]---
Accuracy : 99.07%
---
class acc :
	Healthy grass: 100.00
	Stressed grass: 99.11
	Synthetic grass: 99.68
	Trees: 100.00
	Soil: 100.00
	Water: 96.23
	Residential: 99.91
	Commercial: 93.66
	Road: 98.40
	Highway: 100.00
	Railway: 100.00
	Parking Lot 1: 98.92
	Parking Lot 2: 99.76
	Tennis Court: 100.00
	Running Track: 100.00
---
AA: 99.05%
Kappa: 98.99
run 2 / 5
Best validation overall accuracy 0.9914772727272727
Confusion matrix :
[[1122    4    0    0    0    0    0    0    0    0    0    0    0    0
     0]
 [  14 1115    0    0    0    0    0    0    0    0    0    0    0    0
     0]
 [   0    0  623    0    0    0    0    0    0    0    0    0    0    0
     4]
 [   0    0    0 1120    0    0    0    0    0    0    0    0    0    0
     0]
 [   0    0    0    0 1118    0    0    0    0    0    0    0    0    0
     0]
 [   1    0    0    0    0  286    0    0    5    0    0    0    0    0
     0]
 [   0    0    0    1    0    4 1136    0    0    0    0    0    0    0
     0]
 [   0    0    0    0    3    0    0 1086    4    0    0   27    0    0
     0]
 [   0   15    0    0    0    0    4    0 1100    0    0    8    0    0
     0]
 [   0    0    0    0    0    0    0    0    0 1104    0    0    0    0
     0]
 [   0    0    0    0    0    0    0    0    2    0 1110    0    0    0
     0]
 [   0    0    0    0    0    0   21    0    3    0    0 1082    4    0
     0]
 [   0    0    0    0    0    0    0    0    0    0    0    0  422    0
     0]
 [   0    0    0    0    0    0    0    0    0    0    0    0    0  385
     0]
 [   0    0    0    0    0    0    0    0    0    0    0    0    0    0
   594]]---
Accuracy : 99.08%
---
class acc :
	Healthy grass: 99.64
	Stressed grass: 98.76
	Synthetic grass: 99.36
	Trees: 100.00
	Soil: 100.00
	Water: 97.95
	Residential: 99.56
	Commercial: 96.96
	Road: 97.60
	Highway: 100.00
	Railway: 99.82
	Parking Lot 1: 97.48
	Parking Lot 2: 100.00
	Tennis Court: 100.00
	Running Track: 100.00
---
AA: 99.14%
Kappa: 99.01
run 3 / 5
Best validation overall accuracy 0.9857954545454546
Confusion matrix :
[[1032   61    0   23    0    6    1    0    0    0    3    0    0    0
     0]
 [   1 1128    0    0    0    0    0    0    0    0    0    0    0    0
     0]
 [   0    0  626    0    0    0    0    0    0    0    0    0    0    0
     1]
 [   0    0    0 1115    0    0    5    0    0    0    0    0    0    0
     0]
 [   0    0    0    0 1118    0    0    0    0    0    0    0    0    0
     0]
 [   0    0    0    0    0  286    0    0    6    0    0    0    0    0
     0]
 [   0    0    0    1    0    2 1137    0    0    0    1    0    0    0
     0]
 [   0   32    0    0    0    0    0 1051    0    0    0    7    2   10
    18]
 [   0    0    0    0    0    0   30    0 1097    0    0    0    0    0
     0]
 [   0    0    0    0    0    0    0    0    0 1104    0    0    0    0
     0]
 [   0    0    0    0    0    0    0    0    0    0 1112    0    0    0
     0]
 [   0    0    0    0    0    0   30    0    0    0    0 1047   33    0
     0]
 [   0    0    0    0    0    0    0    0    0   18    0    0  404    0
     0]
 [   0    0    0    0    0    0    0    0    0    0    0    0    0  385
     0]
 [   0    0    0    0    0    0    0    0    0    0    0    0    0    0
   594]]---
Accuracy : 97.85%
---
class acc :
	Healthy grass: 91.65
	Stressed grass: 99.91
	Synthetic grass: 99.84
	Trees: 99.55
	Soil: 100.00
	Water: 97.95
	Residential: 99.65
	Commercial: 93.84
	Road: 97.34
	Highway: 100.00
	Railway: 100.00
	Parking Lot 1: 94.32
	Parking Lot 2: 95.73
	Tennis Court: 100.00
	Running Track: 100.00
---
AA: 97.99%
Kappa: 97.67
run 4 / 5
Best validation overall accuracy 0.9829545454545454
Confusion matrix :
[[1104    2    0   14    0    6    0    0    0    0    0    0    0    0
     0]
 [  10 1119    0    0    0    0    0    0    0    0    0    0    0    0
     0]
 [   0    0  626    0    0    0    0    0    0    0    0    0    0    0
     1]
 [   0    0    0 1112    0    0    6    0    2    0    0    0    0    0
     0]
 [   0    0    0    0 1118    0    0    0    0    0    0    0    0    0
     0]
 [   4    0    0    0    0  251   30    0    5    0    1    1    0    0
     0]
 [   0    0    0    9    0    0 1118    0   12    0    2    0    0    0
     0]
 [   0    0    0    0    9    0   22 1081    0    0    0    0    0    0
     8]
 [   0    0    0    9    0    0    0    0 1102    3    3   10    0    0
     0]
 [   0    0    0    0    0    0    0    0    0 1104    0    0    0    0
     0]
 [   0    0    0    0    0    0    0    0    0    0 1112    0    0    0
     0]
 [   0    0    0    0    0    0    0    0    3    0    0 1105    2    0
     0]
 [   0    0    0    0    0    0    0    0    0    0    0    8  414    0
     0]
 [   0    0    0    0    0    0    0    0    0    0    0    0    0  385
     0]
 [   0    0    0    0    0    0    0    0    0    0    0    0    0    0
   594]]---
Accuracy : 98.65%
---
class acc :
	Healthy grass: 98.05
	Stressed grass: 99.11
	Synthetic grass: 99.84
	Trees: 99.29
	Soil: 100.00
	Water: 85.96
	Residential: 97.98
	Commercial: 96.52
	Road: 97.78
	Highway: 100.00
	Railway: 100.00
	Parking Lot 1: 99.55
	Parking Lot 2: 98.10
	Tennis Court: 100.00
	Running Track: 100.00
---
AA: 98.15%
Kappa: 98.55
run 5 / 5
Best validation overall accuracy 0.9928977272727273
Confusion matrix :
[[1108    2    0   16    0    0    0    0    0    0    0    0    0    0
     0]
 [   7 1122    0    0    0    0    0    0    0    0    0    0    0    0
     0]
 [   0    0  619    0    0    0    0    0    0    0    0    0    0    0
     8]
 [   0    0    0 1114    0    0    6    0    0    0    0    0    0    0
     0]
 [   0    0    0    0 1118    0    0    0    0    0    0    0    0    0
     0]
 [  26    0    0    2    0  258    6    0    0    0    0    0    0    0
     0]
 [   0    0    0    4    0    0 1132    0    0    0    5    0    0    0
     0]
 [   0    0    0    0    0    0   26 1065    9    0    0    0    0   20
     0]
 [   0    0    0    0    0    0    4   22 1101    0    0    0    0    0
     0]
 [   0    0    0    0    0    0    0    0    0 1104    0    0    0    0
     0]
 [   0    0    0    0    0    0    0    0    0    0 1112    0    0    0
     0]
 [   0    0    0    0    0    0    4    0    6    0    0 1087   13    0
     0]
 [   0    0    0    0    0    0    0    0    0    0    0    1  421    0
     0]
 [   0    0    0    0    0    0    0    0    0    0    0    0    0  385
     0]
 [   0    0    0    0    0    0    0    0    0    0    0    0    0    0
   594]]---
Accuracy : 98.62%
---
class acc :
	Healthy grass: 98.40
	Stressed grass: 99.38
	Synthetic grass: 98.72
	Trees: 99.46
	Soil: 100.00
	Water: 88.36
	Residential: 99.21
	Commercial: 95.09
	Road: 97.69
	Highway: 100.00
	Railway: 100.00
	Parking Lot 1: 97.93
	Parking Lot 2: 99.76
	Tennis Court: 100.00
	Running Track: 100.00
---
AA: 98.27%
Kappa: 98.51
Agregated results :
Confusion matrix :
[[1.0984e+03 1.3800e+01 0.0000e+00 1.0600e+01 0.0000e+00 2.4000e+00
  2.0000e-01 0.0000e+00 0.0000e+00 0.0000e+00 6.0000e-01 0.0000e+00
  0.0000e+00 0.0000e+00 0.0000e+00]
 [8.4000e+00 1.1206e+03 0.0000e+00 0.0000e+00 0.0000e+00 0.0000e+00
  0.0000e+00 0.0000e+00 0.0000e+00 0.0000e+00 0.0000e+00 0.0000e+00
  0.0000e+00 0.0000e+00 0.0000e+00]
 [0.0000e+00 0.0000e+00 6.2380e+02 0.0000e+00 0.0000e+00 0.0000e+00
  0.0000e+00 0.0000e+00 0.0000e+00 0.0000e+00 0.0000e+00 0.0000e+00
  0.0000e+00 0.0000e+00 3.2000e+00]
 [0.0000e+00 0.0000e+00 0.0000e+00 1.1162e+03 0.0000e+00 0.0000e+00
  3.4000e+00 0.0000e+00 4.0000e-01 0.0000e+00 0.0000e+00 0.0000e+00
  0.0000e+00 0.0000e+00 0.0000e+00]
 [0.0000e+00 0.0000e+00 0.0000e+00 0.0000e+00 1.1180e+03 0.0000e+00
  0.0000e+00 0.0000e+00 0.0000e+00 0.0000e+00 0.0000e+00 0.0000e+00
  0.0000e+00 0.0000e+00 0.0000e+00]
 [8.4000e+00 0.0000e+00 0.0000e+00 4.0000e-01 0.0000e+00 2.7240e+02
  7.2000e+00 0.0000e+00 3.2000e+00 0.0000e+00 2.0000e-01 2.0000e-01
  0.0000e+00 0.0000e+00 0.0000e+00]
 [0.0000e+00 0.0000e+00 0.0000e+00 3.0000e+00 0.0000e+00 1.2000e+00
  1.1326e+03 0.0000e+00 2.4000e+00 0.0000e+00 1.8000e+00 0.0000e+00
  0.0000e+00 0.0000e+00 0.0000e+00]
 [0.0000e+00 6.4000e+00 0.0000e+00 0.0000e+00 4.2000e+00 0.0000e+00
  9.6000e+00 1.0664e+03 2.6000e+00 3.4000e+00 6.0000e+00 8.0000e+00
  4.0000e-01 6.0000e+00 7.0000e+00]
 [0.0000e+00 3.0000e+00 0.0000e+00 2.2000e+00 2.0000e-01 0.0000e+00
  7.6000e+00 4.4000e+00 1.1018e+03 3.6000e+00 6.0000e-01 3.6000e+00
  0.0000e+00 0.0000e+00 0.0000e+00]
 [0.0000e+00 0.0000e+00 0.0000e+00 0.0000e+00 0.0000e+00 0.0000e+00
  0.0000e+00 0.0000e+00 0.0000e+00 1.1040e+03 0.0000e+00 0.0000e+00
  0.0000e+00 0.0000e+00 0.0000e+00]
 [0.0000e+00 0.0000e+00 0.0000e+00 0.0000e+00 0.0000e+00 0.0000e+00
  0.0000e+00 0.0000e+00 4.0000e-01 0.0000e+00 1.1116e+03 0.0000e+00
  0.0000e+00 0.0000e+00 0.0000e+00]
 [0.0000e+00 0.0000e+00 0.0000e+00 0.0000e+00 0.0000e+00 0.0000e+00
  1.1000e+01 1.0000e+00 2.4000e+00 0.0000e+00 0.0000e+00 1.0838e+03
  1.1800e+01 0.0000e+00 0.0000e+00]
 [0.0000e+00 0.0000e+00 0.0000e+00 0.0000e+00 0.0000e+00 0.0000e+00
  0.0000e+00 0.0000e+00 0.0000e+00 3.8000e+00 0.0000e+00 1.8000e+00
  4.1640e+02 0.0000e+00 0.0000e+00]
 [0.0000e+00 0.0000e+00 0.0000e+00 0.0000e+00 0.0000e+00 0.0000e+00
  0.0000e+00 0.0000e+00 0.0000e+00 0.0000e+00 0.0000e+00 0.0000e+00
  0.0000e+00 3.8500e+02 0.0000e+00]
 [0.0000e+00 0.0000e+00 0.0000e+00 0.0000e+00 0.0000e+00 0.0000e+00
  0.0000e+00 0.0000e+00 0.0000e+00 0.0000e+00 0.0000e+00 0.0000e+00
  0.0000e+00 0.0000e+00 5.9400e+02]]---
Accuracy: 98.65 +- 0.45
---
class acc :
	Healthy grass: 97.55 +- 3.04
	Stressed grass: 99.26 +- 0.38
	Synthetic grass: 99.49 +- 0.42
	Trees: 99.66 +- 0.29
	Soil: 100.00 +- 0.00
	Water: 93.29 +- 5.10
	Residential: 99.26 +- 0.68
	Commercial: 95.21 +- 1.35
	Road: 97.76 +- 0.35
	Highway: 100.00 +- 0.00
	Railway: 99.96 +- 0.07
	Parking Lot 1: 97.64 +- 1.81
	Parking Lot 2: 98.67 +- 1.62
	Tennis Court: 100.00 +- 0.00
	Running Track: 100.00 +- 0.00
---
AA: 98.52 +- 0.48
Kappa: 98.55 +- 0.48
