run 1 / 5
Best validation overall accuracy 0.9886363636363636
Confusion matrix :
[[1124    0    0    2    0    0    0    0    0    0    0    0    0    0
     0]
 [   8 1121    0    0    0    0    0    0    0    0    0    0    0    0
     0]
 [   0    0  627    0    0    0    0    0    0    0    0    0    0    0
     0]
 [   0    0    0 1120    0    0    0    0    0    0    0    0    0    0
     0]
 [   0    0    0    0 1118    0    0    0    0    0    0    0    0    0
     0]
 [   0    0    0    0    0  292    0    0    0    0    0    0    0    0
     0]
 [   0    0    0    0    0    0 1138    1    1    0    1    0    0    0
     0]
 [   0    0    0    0    4    0    0 1030    0   17   36   24    0    0
     9]
 [   0    0    0    0    0    0    0    0 1019   82    0   26    0    0
     0]
 [   0    0    0    0    0    0    0    0    0 1104    0    0    0    0
     0]
 [   0    0    0    0    0    0    0    0    2   14 1094    0    2    0
     0]
 [   0    0    0    0    0    0   13    0    8    0    0 1089    0    0
     0]
 [   0    0    0    0    0    0    0    0    0    0    0    0  422    0
     0]
 [   0    0    0    0    0    0    0    0    0    0    0    0    0  385
     0]
 [   0    0    0    0    0    0    0    0    0    0    0    0    0    0
   594]]---
Accuracy : 98.15%
---
class acc :
	Healthy grass: 99.82
	Stressed grass: 99.29
	Synthetic grass: 100.00
	Trees: 100.00
	Soil: 100.00
	Water: 100.00
	Residential: 99.74
	Commercial: 91.96
	Road: 90.42
	Highway: 100.00
	Railway: 98.38
	Parking Lot 1: 98.11
	Parking Lot 2: 100.00
	Tennis Court: 100.00
	Running Track: 100.00
---
AA: 98.51%
Kappa: 98.00
run 2 / 5
Best validation overall accuracy 0.9872159090909091
Confusion matrix :
[[1123    3    0    0    0    0    0    0    0    0    0    0    0    0
     0]
 [   6 1123    0    0    0    0    0    0    0    0    0    0    0    0
     0]
 [   0    0  626    0    0    0    0    0    0    0    0    0    0    0
     1]
 [   7    0    0 1113    0    0    0    0    0    0    0    0    0    0
     0]
 [   0    0    0    0 1118    0    0    0    0    0    0    0    0    0
     0]
 [   0    0    0    0    0  287    0    0    5    0    0    0    0    0
     0]
 [   0    0    0    0    0    0 1124    0    1    0   11    5    0    0
     0]
 [   0    0    0    0    0    0    0 1067    3    1    1   48    0    0
     0]
 [   0    0    0    0   12    0    0    0 1084   10   13    8    0    0
     0]
 [   0    0    0    0    0    0    0    0    8 1085    5    2    4    0
     0]
 [   0    0    0    0    0    0    0    0    0    0 1112    0    0    0
     0]
 [   0    0    0    0    0    0   16    0    2    0    0 1092    0    0
     0]
 [   0    0    0    0    0    0    0    0    0    1    9    0  412    0
     0]
 [   0    0    0    0    0    0    0    0    0    0    0    0    0  385
     0]
 [   0    0    0    0    0    0    0    0    0    0    0    0    0    0
   594]]---
Accuracy : 98.65%
---
class acc :
	Healthy grass: 99.73
	Stressed grass: 99.47
	Synthetic grass: 99.84
	Trees: 99.38
	Soil: 100.00
	Water: 98.29
	Residential: 98.51
	Commercial: 95.27
	Road: 96.18
	Highway: 98.28
	Railway: 100.00
	Parking Lot 1: 98.38
	Parking Lot 2: 97.63
	Tennis Court: 100.00
	Running Track: 100.00
---
AA: 98.73%
Kappa: 98.55
run 3 / 5
Best validation overall accuracy 0.984375
Confusion matrix :
[[1089   11    0   26    0    0    0    0    0    0    0    0    0    0
     0]
 [  18 1108    0    3    0    0    0    0    0    0    0    0    0    0
     0]
 [   0    0  627    0    0    0    0    0    0    0    0    0    0    0
     0]
 [   1    0    0 1119    0    0    0    0    0    0    0    0    0    0
     0]
 [   0    0    0    0 1118    0    0    0    0    0    0    0    0    0
     0]
 [   0    0    0    0    1  286    0    0    5    0    0    0    0    0
     0]
 [   0    0    0    0    0    0 1135    0    2    0    4    0    0    0
     0]
 [   0    0    0    0   14    0    0 1068    0    0    0   10    0   15
    13]
 [   0    0    0    0   12    0    8    2 1070   15   19    1    0    0
     0]
 [   0    0    0    0    0    0    0    0    0 1099    1    4    0    0
     0]
 [   0    0    0    0    0    0    7    0    0    0 1105    0    0    0
     0]
 [   0    0    0    0    0    0   57    7    0    0    0 1046    0    0
     0]
 [   0    0    0    0    0    0    0    2    0    2   16    0  402    0
     0]
 [   0    0    0    0    0    0    0    0    0    0    0    0    0  385
     0]
 [   0    0    0    0    0    0    0    0    0    0    0    0    0    0
   594]]---
Accuracy : 97.96%
---
class acc :
	Healthy grass: 96.71
	Stressed grass: 98.14
	Synthetic grass: 100.00
	Trees: 99.91
	Soil: 100.00
	Water: 97.95
	Residential: 99.47
	Commercial: 95.36
	Road: 94.94
	Highway: 99.55
	Railway: 99.37
	Parking Lot 1: 94.23
	Parking Lot 2: 95.26
	Tennis Court: 100.00
	Running Track: 100.00
---
AA: 98.06%
Kappa: 97.79
run 4 / 5
Best validation overall accuracy 0.9772727272727273
Confusion matrix :
[[1099    0    0   27    0    0    0    0    0    0    0    0    0    0
     0]
 [  32 1097    0    0    0    0    0    0    0    0    0    0    0    0
     0]
 [   0    0  627    0    0    0    0    0    0    0    0    0    0    0
     0]
 [   9    0    0 1110    0    0    0    0    1    0    0    0    0    0
     0]
 [   0    0    0    0 1118    0    0    0    0    0    0    0    0    0
     0]
 [   3    0    0    0    0  251   33    1    4    0    0    0    0    0
     0]
 [   0    0    0    0    0    0 1117    7    0    0    3   14    0    0
     0]
 [   0    0    0    0    6    0   22 1062    0    0    0   22    0    0
     8]
 [   0    0    0    0    0    0    7    7 1057   46    1    9    0    0
     0]
 [   0    0    0    0    0    0    0    0   20 1084    0    0    0    0
     0]
 [   0    0    0    0    0    0    3    0    5    0 1104    0    0    0
     0]
 [   0    0    0    0    0    0    9    8    2    0    0 1091    0    0
     0]
 [   0    0    0    0    0    0    0    0    0    1    0    0  421    0
     0]
 [   0    0    0    0    0    0    0    0    0    0    0    0    0  385
     0]
 [   0    0    0    0    0    0    0    0    0    0    0    0    0    0
   594]]---
Accuracy : 97.71%
---
class acc :
	Healthy grass: 97.60
	Stressed grass: 97.17
	Synthetic grass: 100.00
	Trees: 99.11
	Soil: 100.00
	Water: 85.96
	Residential: 97.90
	Commercial: 94.82
	Road: 93.79
	Highway: 98.19
	Railway: 99.28
	Parking Lot 1: 98.29
	Parking Lot 2: 99.76
	Tennis Court: 100.00
	Running Track: 100.00
---
AA: 97.46%
Kappa: 97.52
run 5 / 5
Best validation overall accuracy 0.9886363636363636
Confusion matrix :
[[1105    3    0   18    0    0    0    0    0    0    0    0    0    0
     0]
 [   4 1125    0    0    0    0    0    0    0    0    0    0    0    0
     0]
 [   0    0  626    0    0    0    0    0    0    0    0    0    0    0
     1]
 [   0    0    0 1120    0    0    0    0    0    0    0    0    0    0
     0]
 [   0    0    0    0 1118    0    0    0    0    0    0    0    0    0
     0]
 [   2    0    0    0    0  284    0    4    2    0    0    0    0    0
     0]
 [   0    0    0    1    0    0 1065    5   30   16   17    0    0    0
     7]
 [   0    0    0    0    2    0    9 1065    0   18    0    6    0   20
     0]
 [   0    0    0    0    0    0    2    0 1102    8    6    9    0    0
     0]
 [   0    0    0    0    0    0    0    0    0 1104    0    0    0    0
     0]
 [   0    0    0    0    0    0    0    0    2    0 1109    0    1    0
     0]
 [   0    0    0    0    0    0   20    3    3    0    1 1083    0    0
     0]
 [   0    0    0    0    0    0    0    0    0    0    0    0  422    0
     0]
 [   0    0    0    0    0    0    0    0    0    0    0    0    0  385
     0]
 [   0    0    0    0    0    0    0    0    0    0    0    0    0    0
   594]]---
Accuracy : 98.37%
---
class acc :
	Healthy grass: 98.13
	Stressed grass: 99.65
	Synthetic grass: 99.84
	Trees: 100.00
	Soil: 100.00
	Water: 97.26
	Residential: 93.34
	Commercial: 95.09
	Road: 97.78
	Highway: 100.00
	Railway: 99.73
	Parking Lot 1: 97.57
	Parking Lot 2: 100.00
	Tennis Court: 100.00
	Running Track: 100.00
---
AA: 98.56%
Kappa: 98.24
Agregated results :
Confusion matrix :
[[1.1080e+03 3.4000e+00 0.0000e+00 1.4600e+01 0.0000e+00 0.0000e+00
  0.0000e+00 0.0000e+00 0.0000e+00 0.0000e+00 0.0000e+00 0.0000e+00
  0.0000e+00 0.0000e+00 0.0000e+00]
 [1.3600e+01 1.1148e+03 0.0000e+00 6.0000e-01 0.0000e+00 0.0000e+00
  0.0000e+00 0.0000e+00 0.0000e+00 0.0000e+00 0.0000e+00 0.0000e+00
  0.0000e+00 0.0000e+00 0.0000e+00]
 [0.0000e+00 0.0000e+00 6.2660e+02 0.0000e+00 0.0000e+00 0.0000e+00
  0.0000e+00 0.0000e+00 0.0000e+00 0.0000e+00 0.0000e+00 0.0000e+00
  0.0000e+00 0.0000e+00 4.0000e-01]
 [3.4000e+00 0.0000e+00 0.0000e+00 1.1164e+03 0.0000e+00 0.0000e+00
  0.0000e+00 0.0000e+00 2.0000e-01 0.0000e+00 0.0000e+00 0.0000e+00
  0.0000e+00 0.0000e+00 0.0000e+00]
 [0.0000e+00 0.0000e+00 0.0000e+00 0.0000e+00 1.1180e+03 0.0000e+00
  0.0000e+00 0.0000e+00 0.0000e+00 0.0000e+00 0.0000e+00 0.0000e+00
  0.0000e+00 0.0000e+00 0.0000e+00]
 [1.0000e+00 0.0000e+00 0.0000e+00 0.0000e+00 2.0000e-01 2.8000e+02
  6.6000e+00 1.0000e+00 3.2000e+00 0.0000e+00 0.0000e+00 0.0000e+00
  0.0000e+00 0.0000e+00 0.0000e+00]
 [0.0000e+00 0.0000e+00 0.0000e+00 2.0000e-01 0.0000e+00 0.0000e+00
  1.1158e+03 2.6000e+00 6.8000e+00 3.2000e+00 7.2000e+00 3.8000e+00
  0.0000e+00 0.0000e+00 1.4000e+00]
 [0.0000e+00 0.0000e+00 0.0000e+00 0.0000e+00 5.2000e+00 0.0000e+00
  6.2000e+00 1.0584e+03 6.0000e-01 7.2000e+00 7.4000e+00 2.2000e+01
  0.0000e+00 7.0000e+00 6.0000e+00]
 [0.0000e+00 0.0000e+00 0.0000e+00 0.0000e+00 4.8000e+00 0.0000e+00
  3.4000e+00 1.8000e+00 1.0664e+03 3.2200e+01 7.8000e+00 1.0600e+01
  0.0000e+00 0.0000e+00 0.0000e+00]
 [0.0000e+00 0.0000e+00 0.0000e+00 0.0000e+00 0.0000e+00 0.0000e+00
  0.0000e+00 0.0000e+00 5.6000e+00 1.0952e+03 1.2000e+00 1.2000e+00
  8.0000e-01 0.0000e+00 0.0000e+00]
 [0.0000e+00 0.0000e+00 0.0000e+00 0.0000e+00 0.0000e+00 0.0000e+00
  2.0000e+00 0.0000e+00 1.8000e+00 2.8000e+00 1.1048e+03 0.0000e+00
  6.0000e-01 0.0000e+00 0.0000e+00]
 [0.0000e+00 0.0000e+00 0.0000e+00 0.0000e+00 0.0000e+00 0.0000e+00
  2.3000e+01 3.6000e+00 3.0000e+00 0.0000e+00 2.0000e-01 1.0802e+03
  0.0000e+00 0.0000e+00 0.0000e+00]
 [0.0000e+00 0.0000e+00 0.0000e+00 0.0000e+00 0.0000e+00 0.0000e+00
  0.0000e+00 4.0000e-01 0.0000e+00 8.0000e-01 5.0000e+00 0.0000e+00
  4.1580e+02 0.0000e+00 0.0000e+00]
 [0.0000e+00 0.0000e+00 0.0000e+00 0.0000e+00 0.0000e+00 0.0000e+00
  0.0000e+00 0.0000e+00 0.0000e+00 0.0000e+00 0.0000e+00 0.0000e+00
  0.0000e+00 3.8500e+02 0.0000e+00]
 [0.0000e+00 0.0000e+00 0.0000e+00 0.0000e+00 0.0000e+00 0.0000e+00
  0.0000e+00 0.0000e+00 0.0000e+00 0.0000e+00 0.0000e+00 0.0000e+00
  0.0000e+00 0.0000e+00 5.9400e+02]]---
Accuracy: 98.17 +- 0.33
---
class acc :
	Healthy grass: 98.40 +- 1.21
	Stressed grass: 98.74 +- 0.95
	Synthetic grass: 99.94 +- 0.08
	Trees: 99.68 +- 0.37
	Soil: 100.00 +- 0.00
	Water: 95.89 +- 5.05
	Residential: 97.79 +- 2.32
	Commercial: 94.50 +- 1.28
	Road: 94.62 +- 2.49
	Highway: 99.20 +- 0.81
	Railway: 99.35 +- 0.55
	Parking Lot 1: 97.32 +- 1.57
	Parking Lot 2: 98.53 +- 1.86
	Tennis Court: 100.00 +- 0.00
	Running Track: 100.00 +- 0.00
---
AA: 98.26 +- 0.46
Kappa: 98.02 +- 0.35
