run 1 / 5
Best validation overall accuracy 0.9886363636363636
Confusion matrix :
[[1117    5    0    4    0    0    0    0    0    0    0    0    0    0
     0]
 [   4 1125    0    0    0    0    0    0    0    0    0    0    0    0
     0]
 [   0    0  627    0    0    0    0    0    0    0    0    0    0    0
     0]
 [   0    0    0 1120    0    0    0    0    0    0    0    0    0    0
     0]
 [   0    0    0    0 1118    0    0    0    0    0    0    0    0    0
     0]
 [   0    0    0    0    0  292    0    0    0    0    0    0    0    0
     0]
 [   0    0    0    0    0    0 1125    0    1    0    5   10    0    0
     0]
 [   0    0    0    0    0    0    0 1029    2   17   36   25    2    0
     9]
 [   0    0    0    0    0    0    6    0 1066   16   32    7    0    0
     0]
 [   0    0    0    0    0    0    0    0    0 1099    5    0    0    0
     0]
 [   0    0    0    0    0    0    0    0    0    0 1112    0    0    0
     0]
 [   0    0    0    0    0    0    4    3    1    0    0 1102    0    0
     0]
 [   0    0    0    0    0    0    0    0    0    0    7    6  409    0
     0]
 [   0    0    0    0    0    0    0    0    0    0    0    0    0  385
     0]
 [   0    0    0    0    0    0    0    0    0    0    0    0    0    0
   594]]---
Accuracy : 98.47%
---
class acc :
	Healthy grass: 99.20
	Stressed grass: 99.65
	Synthetic grass: 100.00
	Trees: 100.00
	Soil: 100.00
	Water: 100.00
	Residential: 98.60
	Commercial: 91.88
	Road: 94.59
	Highway: 99.55
	Railway: 100.00
	Parking Lot 1: 99.28
	Parking Lot 2: 96.92
	Tennis Court: 100.00
	Running Track: 100.00
---
AA: 98.64%
Kappa: 98.35
run 2 / 5
Best validation overall accuracy 0.9872159090909091
Confusion matrix :
[[1120    6    0    0    0    0    0    0    0    0    0    0    0    0
     0]
 [  22 1107    0    0    0    0    0    0    0    0    0    0    0    0
     0]
 [   0    0  627    0    0    0    0    0    0    0    0    0    0    0
     0]
 [  16    1    0 1103    0    0    0    0    0    0    0    0    0    0
     0]
 [   0    0    0    0 1118    0    0    0    0    0    0    0    0    0
     0]
 [   0    0    0    0    0  287    0    1    4    0    0    0    0    0
     0]
 [   0    0    0    0    0    0 1118    3    9    0    4    7    0    0
     0]
 [   0    0    0    0    0    0    0 1088    1    0    1   30    0    0
     0]
 [   0    0    0    0   14    0    0    3 1087   14    4    5    0    0
     0]
 [   0    0    0    0    0    0    0    0   17 1084    3    0    0    0
     0]
 [   0    0    0    0    0    0    0    0    9   15 1088    0    0    0
     0]
 [   0    0    0    0    0    0   13    0    0    0    0 1097    0    0
     0]
 [   0    0    0    0    0    0    0    0    0    3   14    3  402    0
     0]
 [   0    0    0    0    0    0    0    0    0    0    0    0    0  385
     0]
 [   0    0    0    0    0    0    0    0    0    0    0    0    0    0
   594]]---
Accuracy : 98.36%
---
class acc :
	Healthy grass: 99.47
	Stressed grass: 98.05
	Synthetic grass: 100.00
	Trees: 98.48
	Soil: 100.00
	Water: 98.29
	Residential: 97.98
	Commercial: 97.14
	Road: 96.45
	Highway: 98.19
	Railway: 97.84
	Parking Lot 1: 98.83
	Parking Lot 2: 95.26
	Tennis Court: 100.00
	Running Track: 100.00
---
AA: 98.40%
Kappa: 98.23
run 3 / 5
Best validation overall accuracy 0.9857954545454546
Confusion matrix :
[[1057   46    0   23    0    0    0    0    0    0    0    0    0    0
     0]
 [   7 1122    0    0    0    0    0    0    0    0    0    0    0    0
     0]
 [   0    0  627    0    0    0    0    0    0    0    0    0    0    0
     0]
 [   0    0    0 1119    0    0    0    0    1    0    0    0    0    0
     0]
 [   0    0    0    0 1118    0    0    0    0    0    0    0    0    0
     0]
 [   0    0    0    0    0  286    0    0    6    0    0    0    0    0
     0]
 [   0    0    0    0    0    0 1131    0    0    0    6    3    1    0
     0]
 [   0    0    0    0    5    0    9 1062    0    0    0   16    0   19
     9]
 [   0    0    0    0   12    0   14    5 1036   43   12    5    0    0
     0]
 [   0    0    0    0    0    0    0    0    0 1083    2   19    0    0
     0]
 [   0    0    0    0    0    0    7    0    0    0 1105    0    0    0
     0]
 [   0    0    0    0    0    0   11    5    0   10    0 1082    2    0
     0]
 [   0    0    0    0    0    0    0    0    0    1   17    0  404    0
     0]
 [   0    0    0    0    0    0    0    0    0    0    0    0    0  385
     0]
 [   0    0    0    0    0    0    0    0    0    0    0    0    0    0
   594]]---
Accuracy : 97.66%
---
class acc :
	Healthy grass: 93.87
	Stressed grass: 99.38
	Synthetic grass: 100.00
	Trees: 99.91
	Soil: 100.00
	Water: 97.95
	Residential: 99.12
	Commercial: 94.82
	Road: 91.93
	Highway: 98.10
	Railway: 99.37
	Parking Lot 1: 97.48
	Parking Lot 2: 95.73
	Tennis Court: 100.00
	Running Track: 100.00
---
AA: 97.84%
Kappa: 97.47
run 4 / 5
Best validation overall accuracy 0.9786931818181818
Confusion matrix :
[[1093    3    0   30    0    0    0    0    0    0    0    0    0    0
     0]
 [   4 1125    0    0    0    0    0    0    0    0    0    0    0    0
     0]
 [   0    0  627    0    0    0    0    0    0    0    0    0    0    0
     0]
 [   8    0    0 1112    0    0    0    0    0    0    0    0    0    0
     0]
 [   0    0    0    0 1118    0    0    0    0    0    0    0    0    0
     0]
 [   0    0    0    0    0  255   36    0    1    0    0    0    0    0
     0]
 [   0    0    0    0    0    0 1130    3    0    0    5    3    0    0
     0]
 [   0    0    0    0    0    0   22 1042    3    1    0   44    0    0
     8]
 [   0    0    0    0    0    0   10    0 1064   34    1   18    0    0
     0]
 [   0    0    0    0    0    0    0    0   18 1086    0    0    0    0
     0]
 [   0    0    0    0    0    0    0    0    0    0 1112    0    0    0
     0]
 [   0    0    0    0    0    0   15    3    5    0    0 1087    0    0
     0]
 [   0    0    0    0    0    0    0    0    0    0    0    0  422    0
     0]
 [   0    0    0    0    0    0    0    0    0    0    0    0    0  385
     0]
 [   0    0    0    0    0    0    0    0    0    0    0    0    0    0
   594]]---
Accuracy : 97.97%
---
class acc :
	Healthy grass: 97.07
	Stressed grass: 99.65
	Synthetic grass: 100.00
	Trees: 99.29
	Soil: 100.00
	Water: 87.33
	Residential: 99.04
	Commercial: 93.04
	Road: 94.41
	Highway: 98.37
	Railway: 100.00
	Parking Lot 1: 97.93
	Parking Lot 2: 100.00
	Tennis Court: 100.00
	Running Track: 100.00
---
AA: 97.74%
Kappa: 97.80
run 5 / 5
Best validation overall accuracy 0.9872159090909091
Confusion matrix :
[[1102    0    0   24    0    0    0    0    0    0    0    0    0    0
     0]
 [  13 1116    0    0    0    0    0    0    0    0    0    0    0    0
     0]
 [   0    0  627    0    0    0    0    0    0    0    0    0    0    0
     0]
 [   0    0    0 1120    0    0    0    0    0    0    0    0    0    0
     0]
 [   0    0    0    0 1118    0    0    0    0    0    0    0    0    0
     0]
 [   1    0    0    0    0  285    0    0    6    0    0    0    0    0
     0]
 [   0    0    7    0    0    0 1047    3   25    2    4   53    0    0
     0]
 [   0    0    0    0    0    0   26 1039    0    0    0   35    0   20
     0]
 [   0    0    0    0    0    0    0    5 1092   16    0   14    0    0
     0]
 [   0    0    0    0    0    0    0    0    0 1102    0    1    1    0
     0]
 [   0    0    7    0    0    0    0    0    1    3 1074    0   27    0
     0]
 [   0    0    0    0    0    0    6    4    0    0    0 1100    0    0
     0]
 [   0    0    0    0    0    0    0    0    0    0    0    1  421    0
     0]
 [   0    0    0    0    0    0    0    0    0    0    0    0    0  385
     0]
 [   0    0    0    0    0    0    0    0    0    0    0    0    0    0
   594]]---
Accuracy : 97.75%
---
class acc :
	Healthy grass: 97.87
	Stressed grass: 98.85
	Synthetic grass: 100.00
	Trees: 100.00
	Soil: 100.00
	Water: 97.60
	Residential: 91.76
	Commercial: 92.77
	Road: 96.89
	Highway: 99.82
	Railway: 96.58
	Parking Lot 1: 99.10
	Parking Lot 2: 99.76
	Tennis Court: 100.00
	Running Track: 100.00
---
AA: 98.07%
Kappa: 97.56
Agregated results :
Confusion matrix :
[[1.0978e+03 1.2000e+01 0.0000e+00 1.6200e+01 0.0000e+00 0.0000e+00
  0.0000e+00 0.0000e+00 0.0000e+00 0.0000e+00 0.0000e+00 0.0000e+00
  0.0000e+00 0.0000e+00 0.0000e+00]
 [1.0000e+01 1.1190e+03 0.0000e+00 0.0000e+00 0.0000e+00 0.0000e+00
  0.0000e+00 0.0000e+00 0.0000e+00 0.0000e+00 0.0000e+00 0.0000e+00
  0.0000e+00 0.0000e+00 0.0000e+00]
 [0.0000e+00 0.0000e+00 6.2700e+02 0.0000e+00 0.0000e+00 0.0000e+00
  0.0000e+00 0.0000e+00 0.0000e+00 0.0000e+00 0.0000e+00 0.0000e+00
  0.0000e+00 0.0000e+00 0.0000e+00]
 [4.8000e+00 2.0000e-01 0.0000e+00 1.1148e+03 0.0000e+00 0.0000e+00
  0.0000e+00 0.0000e+00 2.0000e-01 0.0000e+00 0.0000e+00 0.0000e+00
  0.0000e+00 0.0000e+00 0.0000e+00]
 [0.0000e+00 0.0000e+00 0.0000e+00 0.0000e+00 1.1180e+03 0.0000e+00
  0.0000e+00 0.0000e+00 0.0000e+00 0.0000e+00 0.0000e+00 0.0000e+00
  0.0000e+00 0.0000e+00 0.0000e+00]
 [2.0000e-01 0.0000e+00 0.0000e+00 0.0000e+00 0.0000e+00 2.8100e+02
  7.2000e+00 2.0000e-01 3.4000e+00 0.0000e+00 0.0000e+00 0.0000e+00
  0.0000e+00 0.0000e+00 0.0000e+00]
 [0.0000e+00 0.0000e+00 1.4000e+00 0.0000e+00 0.0000e+00 0.0000e+00
  1.1102e+03 1.8000e+00 7.0000e+00 4.0000e-01 4.8000e+00 1.5200e+01
  2.0000e-01 0.0000e+00 0.0000e+00]
 [0.0000e+00 0.0000e+00 0.0000e+00 0.0000e+00 1.0000e+00 0.0000e+00
  1.1400e+01 1.0520e+03 1.2000e+00 3.6000e+00 7.4000e+00 3.0000e+01
  4.0000e-01 7.8000e+00 5.2000e+00]
 [0.0000e+00 0.0000e+00 0.0000e+00 0.0000e+00 5.2000e+00 0.0000e+00
  6.0000e+00 2.6000e+00 1.0690e+03 2.4600e+01 9.8000e+00 9.8000e+00
  0.0000e+00 0.0000e+00 0.0000e+00]
 [0.0000e+00 0.0000e+00 0.0000e+00 0.0000e+00 0.0000e+00 0.0000e+00
  0.0000e+00 0.0000e+00 7.0000e+00 1.0908e+03 2.0000e+00 4.0000e+00
  2.0000e-01 0.0000e+00 0.0000e+00]
 [0.0000e+00 0.0000e+00 1.4000e+00 0.0000e+00 0.0000e+00 0.0000e+00
  1.4000e+00 0.0000e+00 2.0000e+00 3.6000e+00 1.0982e+03 0.0000e+00
  5.4000e+00 0.0000e+00 0.0000e+00]
 [0.0000e+00 0.0000e+00 0.0000e+00 0.0000e+00 0.0000e+00 0.0000e+00
  9.8000e+00 3.0000e+00 1.2000e+00 2.0000e+00 0.0000e+00 1.0936e+03
  4.0000e-01 0.0000e+00 0.0000e+00]
 [0.0000e+00 0.0000e+00 0.0000e+00 0.0000e+00 0.0000e+00 0.0000e+00
  0.0000e+00 0.0000e+00 0.0000e+00 8.0000e-01 7.6000e+00 2.0000e+00
  4.1160e+02 0.0000e+00 0.0000e+00]
 [0.0000e+00 0.0000e+00 0.0000e+00 0.0000e+00 0.0000e+00 0.0000e+00
  0.0000e+00 0.0000e+00 0.0000e+00 0.0000e+00 0.0000e+00 0.0000e+00
  0.0000e+00 3.8500e+02 0.0000e+00]
 [0.0000e+00 0.0000e+00 0.0000e+00 0.0000e+00 0.0000e+00 0.0000e+00
  0.0000e+00 0.0000e+00 0.0000e+00 0.0000e+00 0.0000e+00 0.0000e+00
  0.0000e+00 0.0000e+00 5.9400e+02]]---
Accuracy: 98.04 +- 0.32
---
class acc :
	Healthy grass: 97.50 +- 2.01
	Stressed grass: 99.11 +- 0.61
	Synthetic grass: 100.00 +- 0.00
	Trees: 99.54 +- 0.59
	Soil: 100.00 +- 0.00
	Water: 96.23 +- 4.53
	Residential: 97.30 +- 2.80
	Commercial: 93.93 +- 1.87
	Road: 94.85 +- 1.76
	Highway: 98.80 +- 0.73
	Railway: 98.76 +- 1.34
	Parking Lot 1: 98.52 +- 0.70
	Parking Lot 2: 97.54 +- 1.99
	Tennis Court: 100.00 +- 0.00
	Running Track: 100.00 +- 0.00
---
AA: 98.14 +- 0.34
Kappa: 97.88 +- 0.35
