run 1 / 5
Best validation overall accuracy 0.9928977272727273
Confusion matrix :
[[1125    0    0    0    0    1    0    0    0    0    0    0    0    0
     0]
 [  12 1117    0    0    0    0    0    0    0    0    0    0    0    0
     0]
 [   0    0  624    0    0    0    0    0    0    0    0    0    0    0
     3]
 [   0    0    0 1117    0    0    3    0    0    0    0    0    0    0
     0]
 [   0    0    0    0 1118    0    0    0    0    0    0    0    0    0
     0]
 [  11    0    0    0    0  281    0    0    0    0    0    0    0    0
     0]
 [   0    0    0    1    0    0 1129    0    1    0   10    0    0    0
     0]
 [   0    0    0    0    9    0    0 1047    0   17   21    8    0    0
    18]
 [   0    0    0    1    0    0    4    0 1102   20    0    0    0    0
     0]
 [   0    0    0    0    0    0    0    0    0 1104    0    0    0    0
     0]
 [   0    0    0    0    0    0    0    0    0    0 1112    0    0    0
     0]
 [   0    0    0    0    0    0    0    0    0    0    0 1110    0    0
     0]
 [   0    0    0    0    0    0    0    0    2    0    0    9  411    0
     0]
 [   0    0    0    0    0    0    0    0    0    0    0    0    0  385
     0]
 [   0    0    0    0    0    0    0    0    0    0    0    0    0    0
   594]]---
Accuracy : 98.88%
---
class acc :
	Healthy grass: 99.91
	Stressed grass: 98.94
	Synthetic grass: 99.52
	Trees: 99.73
	Soil: 100.00
	Water: 96.23
	Residential: 98.95
	Commercial: 93.48
	Road: 97.78
	Highway: 100.00
	Railway: 100.00
	Parking Lot 1: 100.00
	Parking Lot 2: 97.39
	Tennis Court: 100.00
	Running Track: 100.00
---
AA: 98.80%
Kappa: 98.79
run 2 / 5
Best validation overall accuracy 0.9928977272727273
Confusion matrix :
[[1122    3    0    1    0    0    0    0    0    0    0    0    0    0
     0]
 [  19 1110    0    0    0    0    0    0    0    0    0    0    0    0
     0]
 [   0    0  622    0    0    0    0    0    0    0    0    0    0    0
     5]
 [   3    0    0 1096    0    0   21    0    0    0    0    0    0    0
     0]
 [   0    0    0    0 1118    0    0    0    0    0    0    0    0    0
     0]
 [   0    0    0    2    0  287    3    0    0    0    0    0    0    0
     0]
 [   0    0    0    2    0    0 1139    0    0    0    0    0    0    0
     0]
 [   0    0    0    0    9    0    0 1089    0    0    0   22    0    0
     0]
 [   0   19    0    2    0    0    5    0 1098    0    0    3    0    0
     0]
 [   0    0    0    0    0    0    0    0    0 1104    0    0    0    0
     0]
 [   0    0    0    0    0    0    0    0    0    0 1112    0    0    0
     0]
 [   0    0    0    0    0    0   16    0    0    0    0 1089    5    0
     0]
 [   0    0    0    0    0    0    0    0    0    0    0    6  416    0
     0]
 [   0    0    0    0    0    0    0    0    0    0    0    0    0  385
     0]
 [   0    0    0    0    0    0    0    0    0    0    0    0    0    0
   594]]---
Accuracy : 98.92%
---
class acc :
	Healthy grass: 99.64
	Stressed grass: 98.32
	Synthetic grass: 99.20
	Trees: 97.86
	Soil: 100.00
	Water: 98.29
	Residential: 99.82
	Commercial: 97.23
	Road: 97.43
	Highway: 100.00
	Railway: 100.00
	Parking Lot 1: 98.11
	Parking Lot 2: 98.58
	Tennis Court: 100.00
	Running Track: 100.00
---
AA: 98.97%
Kappa: 98.83
run 3 / 5
Best validation overall accuracy 0.9829545454545454
Confusion matrix :
[[1032   78    0    3    0   11    0    0    0    0    2    0    0    0
     0]
 [   5 1123    0    0    0    0    1    0    0    0    0    0    0    0
     0]
 [   0    0  618    0    0    0    0    0    0    0    0    0    0    0
     9]
 [   0    0    0 1106    0    0   13    0    1    0    0    0    0    0
     0]
 [   0    0    0    0 1118    0    0    0    0    0    0    0    0    0
     0]
 [   0    0    0    1    0  285    0    0    6    0    0    0    0    0
     0]
 [   0    0    0    1    0    0 1137    0    2    0    1    0    0    0
     0]
 [   2    6    0    0   24    0    0 1051    0    0    0    8    0   11
    18]
 [   0    0    0    0    0    0   30    0 1097    0    0    0    0    0
     0]
 [   0    0    0    0    0    0    0    0    0 1104    0    0    0    0
     0]
 [   0    0    0    0    0    0    0    0    0    0 1112    0    0    0
     0]
 [   0    0    0    0    0    0    9    0    2    1    0 1089    9    0
     0]
 [   0    0    0    0    0    0    0    0    0   18    0    0  404    0
     0]
 [   0    0    0    0    0    0    0    0    0    0    0    0    0  385
     0]
 [   0    0    0    0    0    0    0    0    0    0    0    0    0    0
   594]]---
Accuracy : 97.99%
---
class acc :
	Healthy grass: 91.65
	Stressed grass: 99.47
	Synthetic grass: 98.56
	Trees: 98.75
	Soil: 100.00
	Water: 97.60
	Residential: 99.65
	Commercial: 93.84
	Road: 97.34
	Highway: 100.00
	Railway: 100.00
	Parking Lot 1: 98.11
	Parking Lot 2: 95.73
	Tennis Court: 100.00
	Running Track: 100.00
---
AA: 98.05%
Kappa: 97.83
run 4 / 5
Best validation overall accuracy 0.9786931818181818
Confusion matrix :
[[1067    4    0    5    0   50    0    0    0    0    0    0    0    0
     0]
 [  28 1101    0    0    0    0    0    0    0    0    0    0    0    0
     0]
 [   0    0  622    0    0    0    0    0    0    0    0    0    0    0
     5]
 [   0    0    0 1108    0    0    8    0    4    0    0    0    0    0
     0]
 [   0    0    0    0 1118    0    0    0    0    0    0    0    0    0
     0]
 [   0    0    0    0    0  251   36    0    5    0    0    0    0    0
     0]
 [   0    0    0    9    0    0 1130    0    2    0    0    0    0    0
     0]
 [   0    0    0    0    0    0   22 1081    0    0    0    9    0    0
     8]
 [   0    0    0    4    0    0    0    0 1078    6   12   27    0    0
     0]
 [   0    0    0    0    0    0    0    0    0 1104    0    0    0    0
     0]
 [   0    0    0    0    0    0    0    0    0    0 1112    0    0    0
     0]
 [   0    0    0    0    0    0    0    0    2    0    0 1106    2    0
     0]
 [   0    0    0    0    0    0    0    0    0    0    0    6  416    0
     0]
 [   0    0    0    0    0    0    0    0    0    0    0    0    0  385
     0]
 [   0    0    0    0    0    0    0    0    0    0    0    0    0    0
   594]]---
Accuracy : 98.12%
---
class acc :
	Healthy grass: 94.76
	Stressed grass: 97.52
	Synthetic grass: 99.20
	Trees: 98.93
	Soil: 100.00
	Water: 85.96
	Residential: 99.04
	Commercial: 96.52
	Road: 95.65
	Highway: 100.00
	Railway: 100.00
	Parking Lot 1: 99.64
	Parking Lot 2: 98.58
	Tennis Court: 100.00
	Running Track: 100.00
---
AA: 97.72%
Kappa: 97.97
run 5 / 5
Best validation overall accuracy 0.9928977272727273
Confusion matrix :
[[1126    0    0    0    0    0    0    0    0    0    0    0    0    0
     0]
 [  27 1100    0    0    0    0    0    0    2    0    0    0    0    0
     0]
 [   0    0  619    0    0    0    0    0    0    0    0    0    0    0
     8]
 [   0    0    0 1108    0    0    9    0    3    0    0    0    0    0
     0]
 [   0    0    0    0 1118    0    0    0    0    0    0    0    0    0
     0]
 [  29    0    0    2    0  254    7    0    0    0    0    0    0    0
     0]
 [   0    0    0   18    0    0 1119    0    4    0    0    0    0    0
     0]
 [   0    0    0   33    0    0   26 1034    0    0    0    7    0   17
     3]
 [   0    0    0    0    0    0    4   36 1071    2   14    0    0    0
     0]
 [   0    0    0    0    0    0    0    0    0 1104    0    0    0    0
     0]
 [   0    0    0    0    0    0    0    0    0    0 1112    0    0    0
     0]
 [   0    0    0    0    0    0    2    0    0    0    0 1091   17    0
     0]
 [   0    0    0    0    0    0    0    0    0    0    0    0  422    0
     0]
 [   0    0    0    0    0    0    0    0    0    0    0    0    0  385
     0]
 [   0    0    0    0    0    0    0    0    0    0    0    0    0    0
   594]]---
Accuracy : 98.00%
---
class acc :
	Healthy grass: 100.00
	Stressed grass: 97.43
	Synthetic grass: 98.72
	Trees: 98.93
	Soil: 100.00
	Water: 86.99
	Residential: 98.07
	Commercial: 92.32
	Road: 95.03
	Highway: 100.00
	Railway: 100.00
	Parking Lot 1: 98.29
	Parking Lot 2: 100.00
	Tennis Court: 100.00
	Running Track: 100.00
---
AA: 97.72%
Kappa: 97.84
Agregated results :
Confusion matrix :
[[1.0944e+03 1.7000e+01 0.0000e+00 1.8000e+00 0.0000e+00 1.2400e+01
  0.0000e+00 0.0000e+00 0.0000e+00 0.0000e+00 4.0000e-01 0.0000e+00
  0.0000e+00 0.0000e+00 0.0000e+00]
 [1.8200e+01 1.1102e+03 0.0000e+00 0.0000e+00 0.0000e+00 0.0000e+00
  2.0000e-01 0.0000e+00 4.0000e-01 0.0000e+00 0.0000e+00 0.0000e+00
  0.0000e+00 0.0000e+00 0.0000e+00]
 [0.0000e+00 0.0000e+00 6.2100e+02 0.0000e+00 0.0000e+00 0.0000e+00
  0.0000e+00 0.0000e+00 0.0000e+00 0.0000e+00 0.0000e+00 0.0000e+00
  0.0000e+00 0.0000e+00 6.0000e+00]
 [6.0000e-01 0.0000e+00 0.0000e+00 1.1070e+03 0.0000e+00 0.0000e+00
  1.0800e+01 0.0000e+00 1.6000e+00 0.0000e+00 0.0000e+00 0.0000e+00
  0.0000e+00 0.0000e+00 0.0000e+00]
 [0.0000e+00 0.0000e+00 0.0000e+00 0.0000e+00 1.1180e+03 0.0000e+00
  0.0000e+00 0.0000e+00 0.0000e+00 0.0000e+00 0.0000e+00 0.0000e+00
  0.0000e+00 0.0000e+00 0.0000e+00]
 [8.0000e+00 0.0000e+00 0.0000e+00 1.0000e+00 0.0000e+00 2.7160e+02
  9.2000e+00 0.0000e+00 2.2000e+00 0.0000e+00 0.0000e+00 0.0000e+00
  0.0000e+00 0.0000e+00 0.0000e+00]
 [0.0000e+00 0.0000e+00 0.0000e+00 6.2000e+00 0.0000e+00 0.0000e+00
  1.1308e+03 0.0000e+00 1.8000e+00 0.0000e+00 2.2000e+00 0.0000e+00
  0.0000e+00 0.0000e+00 0.0000e+00]
 [4.0000e-01 1.2000e+00 0.0000e+00 6.6000e+00 8.4000e+00 0.0000e+00
  9.6000e+00 1.0604e+03 0.0000e+00 3.4000e+00 4.2000e+00 1.0800e+01
  0.0000e+00 5.6000e+00 9.4000e+00]
 [0.0000e+00 3.8000e+00 0.0000e+00 1.4000e+00 0.0000e+00 0.0000e+00
  8.6000e+00 7.2000e+00 1.0892e+03 5.6000e+00 5.2000e+00 6.0000e+00
  0.0000e+00 0.0000e+00 0.0000e+00]
 [0.0000e+00 0.0000e+00 0.0000e+00 0.0000e+00 0.0000e+00 0.0000e+00
  0.0000e+00 0.0000e+00 0.0000e+00 1.1040e+03 0.0000e+00 0.0000e+00
  0.0000e+00 0.0000e+00 0.0000e+00]
 [0.0000e+00 0.0000e+00 0.0000e+00 0.0000e+00 0.0000e+00 0.0000e+00
  0.0000e+00 0.0000e+00 0.0000e+00 0.0000e+00 1.1120e+03 0.0000e+00
  0.0000e+00 0.0000e+00 0.0000e+00]
 [0.0000e+00 0.0000e+00 0.0000e+00 0.0000e+00 0.0000e+00 0.0000e+00
  5.4000e+00 0.0000e+00 8.0000e-01 2.0000e-01 0.0000e+00 1.0970e+03
  6.6000e+00 0.0000e+00 0.0000e+00]
 [0.0000e+00 0.0000e+00 0.0000e+00 0.0000e+00 0.0000e+00 0.0000e+00
  0.0000e+00 0.0000e+00 4.0000e-01 3.6000e+00 0.0000e+00 4.2000e+00
  4.1380e+02 0.0000e+00 0.0000e+00]
 [0.0000e+00 0.0000e+00 0.0000e+00 0.0000e+00 0.0000e+00 0.0000e+00
  0.0000e+00 0.0000e+00 0.0000e+00 0.0000e+00 0.0000e+00 0.0000e+00
  0.0000e+00 3.8500e+02 0.0000e+00]
 [0.0000e+00 0.0000e+00 0.0000e+00 0.0000e+00 0.0000e+00 0.0000e+00
  0.0000e+00 0.0000e+00 0.0000e+00 0.0000e+00 0.0000e+00 0.0000e+00
  0.0000e+00 0.0000e+00 5.9400e+02]]---
Accuracy: 98.38 +- 0.43
---
class acc :
	Healthy grass: 97.19 +- 3.40
	Stressed grass: 98.33 +- 0.79
	Synthetic grass: 99.04 +- 0.35
	Trees: 98.84 +- 0.60
	Soil: 100.00 +- 0.00
	Water: 93.01 +- 5.39
	Residential: 99.11 +- 0.62
	Commercial: 94.68 +- 1.88
	Road: 96.65 +- 1.09
	Highway: 100.00 +- 0.00
	Railway: 100.00 +- 0.00
	Parking Lot 1: 98.83 +- 0.82
	Parking Lot 2: 98.06 +- 1.42
	Tennis Court: 100.00 +- 0.00
	Running Track: 100.00 +- 0.00
---
AA: 98.25 +- 0.53
Kappa: 98.25 +- 0.46
