run 1 / 5
Best validation overall accuracy 0.9886363636363636
Confusion matrix :
[[1125    0    0    1    0    0    0    0    0    0    0    0    0    0
     0]
 [   7 1122    0    0    0    0    0    0    0    0    0    0    0    0
     0]
 [   0    0  627    0    0    0    0    0    0    0    0    0    0    0
     0]
 [   0    0    0 1120    0    0    0    0    0    0    0    0    0    0
     0]
 [   0    0    0    0 1118    0    0    0    0    0    0    0    0    0
     0]
 [   0    0    0    0    0  292    0    0    0    0    0    0    0    0
     0]
 [   0    0    0    0    0    0 1121    0   10    0    0   10    0    0
     0]
 [   0    0    0    0    0    1    0 1037    0   15   37   21    0    0
     9]
 [   0    0    0    0    0    0    2    0 1069   38   10    8    0    0
     0]
 [   0    0    0    0    0    0    0    0    0 1103    1    0    0    0
     0]
 [   0    0    0    0    0    0    0    0    0    0 1112    0    0    0
     0]
 [   0    0    0    0    0    0    3    8    1    0    0 1098    0    0
     0]
 [   0    0    0    0    0    0    0    0    0    0    7    0  415    0
     0]
 [   0    0    0    0    0    0    0    0    0    0    0    0    0  385
     0]
 [   0    0    0    0    0    0    0    0    0    0    0    0    0    0
   594]]---
Accuracy : 98.60%
---
class acc :
	Healthy grass: 99.91
	Stressed grass: 99.38
	Synthetic grass: 100.00
	Trees: 100.00
	Soil: 100.00
	Water: 100.00
	Residential: 98.25
	Commercial: 92.59
	Road: 94.85
	Highway: 99.91
	Railway: 100.00
	Parking Lot 1: 98.92
	Parking Lot 2: 98.34
	Tennis Court: 100.00
	Running Track: 100.00
---
AA: 98.81%
Kappa: 98.49
run 2 / 5
Best validation overall accuracy 0.9872159090909091
Confusion matrix :
[[1125    0    0    1    0    0    0    0    0    0    0    0    0    0
     0]
 [  12 1117    0    0    0    0    0    0    0    0    0    0    0    0
     0]
 [   0    0  627    0    0    0    0    0    0    0    0    0    0    0
     0]
 [   0    0    0 1120    0    0    0    0    0    0    0    0    0    0
     0]
 [   0    0    0    0 1118    0    0    0    0    0    0    0    0    0
     0]
 [   0    0    0    0    0  289    0    0    3    0    0    0    0    0
     0]
 [   0    0    0    1    0    0 1114    7    8    0   11    0    0    0
     0]
 [   0    0    0    0    0    0    2 1070    1    0    0   46    1    0
     0]
 [   0    0    0    0    3    0    0    3 1053   19   21   28    0    0
     0]
 [   0    0    0    0    0    0    0    0    5 1095    1    0    3    0
     0]
 [   0    0    0    0    0    0    0    0    3    0 1109    0    0    0
     0]
 [   0    0    0    0    0    0   32    0    2    0    0 1076    0    0
     0]
 [   0    0    0    0    0    0    0    0    0    0    0    0  422    0
     0]
 [   0    0    0    0    0    0    0    0    0    0    0    0    0  385
     0]
 [   0    0    0    0    0    0    0    0    0    0    0    0    0    0
   594]]---
Accuracy : 98.43%
---
class acc :
	Healthy grass: 99.91
	Stressed grass: 98.94
	Synthetic grass: 100.00
	Trees: 100.00
	Soil: 100.00
	Water: 98.97
	Residential: 97.63
	Commercial: 95.54
	Road: 93.43
	Highway: 99.18
	Railway: 99.73
	Parking Lot 1: 96.94
	Parking Lot 2: 100.00
	Tennis Court: 100.00
	Running Track: 100.00
---
AA: 98.69%
Kappa: 98.30
run 3 / 5
Best validation overall accuracy 0.9872159090909091
Confusion matrix :
[[1098   28    0    0    0    0    0    0    0    0    0    0    0    0
     0]
 [  15 1114    0    0    0    0    0    0    0    0    0    0    0    0
     0]
 [   0    0  627    0    0    0    0    0    0    0    0    0    0    0
     0]
 [  23    4    0 1092    0    0    0    0    1    0    0    0    0    0
     0]
 [   0    0    0    0 1118    0    0    0    0    0    0    0    0    0
     0]
 [   0    0    0    0    0  286    0    0    6    0    0    0    0    0
     0]
 [   0    0    0    0    0    0 1132    0    0    0    9    0    0    0
     0]
 [   0    0    0    0    2    0    0 1074    7    0    0    9    0   19
     9]
 [   0    0    0    0    0    0   11    3 1080   25    7    1    0    0
     0]
 [   0    0    0    0    0    0    0    0    0 1104    0    0    0    0
     0]
 [   0    0    0    0    0    0    8    0    0    0 1104    0    0    0
     0]
 [   0    0    0    0    0    0   56   14   11    2    0 1027    0    0
     0]
 [   0    0    0    0    0    0    0    0    0    4   14    0  404    0
     0]
 [   0    0    0    0    0    0    0    0    0    0    0    0    0  385
     0]
 [   0    0    0    0    0    0    0    0    0    0    0    0    0    0
   594]]---
Accuracy : 97.87%
---
class acc :
	Healthy grass: 97.51
	Stressed grass: 98.67
	Synthetic grass: 100.00
	Trees: 97.50
	Soil: 100.00
	Water: 97.95
	Residential: 99.21
	Commercial: 95.89
	Road: 95.83
	Highway: 100.00
	Railway: 99.28
	Parking Lot 1: 92.52
	Parking Lot 2: 95.73
	Tennis Court: 100.00
	Running Track: 100.00
---
AA: 98.01%
Kappa: 97.70
run 4 / 5
Best validation overall accuracy 0.9801136363636364
Confusion matrix :
[[1109    0    0   17    0    0    0    0    0    0    0    0    0    0
     0]
 [   6 1123    0    0    0    0    0    0    0    0    0    0    0    0
     0]
 [   0    0  627    0    0    0    0    0    0    0    0    0    0    0
     0]
 [  10    1    0 1108    0    0    0    0    1    0    0    0    0    0
     0]
 [   0    0    0    0 1118    0    0    0    0    0    0    0    0    0
     0]
 [   1    0    0    0    0  252   34    0    4    0    0    0    1    0
     0]
 [   0    0    0    0    0    0 1127    3    0    0    4    7    0    0
     0]
 [   0    0    0    0    0    0   22 1043    1    0    0   46    0    0
     8]
 [   0    0    0    0    0    0   10    0 1053   10   25   29    0    0
     0]
 [   0    0    0    0    0    0    0    0    3 1096    3    2    0    0
     0]
 [   0    0    0    0    0    0    0    0    1    0 1111    0    0    0
     0]
 [   0    0    0    0    0    0    6    3    1    0    0 1100    0    0
     0]
 [   0    0    0    0    0    0    0    0    0    0    0    0  422    0
     0]
 [   0    0    0    0    0    0    0    0    0    0    0    0    0  385
     0]
 [   0    0    0    0    0    0    0    0    0    0    0    0    0    0
   594]]---
Accuracy : 98.09%
---
class acc :
	Healthy grass: 98.49
	Stressed grass: 99.47
	Synthetic grass: 100.00
	Trees: 98.93
	Soil: 100.00
	Water: 86.30
	Residential: 98.77
	Commercial: 93.12
	Road: 93.43
	Highway: 99.28
	Railway: 99.91
	Parking Lot 1: 99.10
	Parking Lot 2: 100.00
	Tennis Court: 100.00
	Running Track: 100.00
---
AA: 97.79%
Kappa: 97.93
run 5 / 5
Best validation overall accuracy 0.9872159090909091
Confusion matrix :
[[1126    0    0    0    0    0    0    0    0    0    0    0    0    0
     0]
 [  10 1119    0    0    0    0    0    0    0    0    0    0    0    0
     0]
 [   0    0  627    0    0    0    0    0    0    0    0    0    0    0
     0]
 [   0    0    0 1120    0    0    0    0    0    0    0    0    0    0
     0]
 [   0    0    0    0 1118    0    0    0    0    0    0    0    0    0
     0]
 [   5    0    0    0    0  281    0    0    6    0    0    0    0    0
     0]
 [   0    0    0    0    0    0 1074    4   13   11    3   35    0    0
     1]
 [   0    0    0    0    0    0   26 1031    0    0    0   10    0   53
     0]
 [   0    0    0    0    0    0    2   13 1091   14    0    7    0    0
     0]
 [   0    0    0    0    0    0    0    0    0 1103    1    0    0    0
     0]
 [   0    0    0    0    0    0    0    0   21    0 1087    0    4    0
     0]
 [   0    0    0    0    0    0    9   16    6    2    0 1077    0    0
     0]
 [   0    0    0    0    0    0    0    0    0    0    0    0  422    0
     0]
 [   0    0    0    0    0    0    0    0    0    0    0    0    0  385
     0]
 [   0    0    0    0    0    0    0    0    0    0    0    0    0    0
   594]]---
Accuracy : 97.99%
---
class acc :
	Healthy grass: 100.00
	Stressed grass: 99.11
	Synthetic grass: 100.00
	Trees: 100.00
	Soil: 100.00
	Water: 96.23
	Residential: 94.13
	Commercial: 92.05
	Road: 96.81
	Highway: 99.91
	Railway: 97.75
	Parking Lot 1: 97.03
	Parking Lot 2: 100.00
	Tennis Court: 100.00
	Running Track: 100.00
---
AA: 98.20%
Kappa: 97.83
Agregated results :
Confusion matrix :
[[1.1166e+03 5.6000e+00 0.0000e+00 3.8000e+00 0.0000e+00 0.0000e+00
  0.0000e+00 0.0000e+00 0.0000e+00 0.0000e+00 0.0000e+00 0.0000e+00
  0.0000e+00 0.0000e+00 0.0000e+00]
 [1.0000e+01 1.1190e+03 0.0000e+00 0.0000e+00 0.0000e+00 0.0000e+00
  0.0000e+00 0.0000e+00 0.0000e+00 0.0000e+00 0.0000e+00 0.0000e+00
  0.0000e+00 0.0000e+00 0.0000e+00]
 [0.0000e+00 0.0000e+00 6.2700e+02 0.0000e+00 0.0000e+00 0.0000e+00
  0.0000e+00 0.0000e+00 0.0000e+00 0.0000e+00 0.0000e+00 0.0000e+00
  0.0000e+00 0.0000e+00 0.0000e+00]
 [6.6000e+00 1.0000e+00 0.0000e+00 1.1120e+03 0.0000e+00 0.0000e+00
  0.0000e+00 0.0000e+00 4.0000e-01 0.0000e+00 0.0000e+00 0.0000e+00
  0.0000e+00 0.0000e+00 0.0000e+00]
 [0.0000e+00 0.0000e+00 0.0000e+00 0.0000e+00 1.1180e+03 0.0000e+00
  0.0000e+00 0.0000e+00 0.0000e+00 0.0000e+00 0.0000e+00 0.0000e+00
  0.0000e+00 0.0000e+00 0.0000e+00]
 [1.2000e+00 0.0000e+00 0.0000e+00 0.0000e+00 0.0000e+00 2.8000e+02
  6.8000e+00 0.0000e+00 3.8000e+00 0.0000e+00 0.0000e+00 0.0000e+00
  2.0000e-01 0.0000e+00 0.0000e+00]
 [0.0000e+00 0.0000e+00 0.0000e+00 2.0000e-01 0.0000e+00 0.0000e+00
  1.1136e+03 2.8000e+00 6.2000e+00 2.2000e+00 5.4000e+00 1.0400e+01
  0.0000e+00 0.0000e+00 2.0000e-01]
 [0.0000e+00 0.0000e+00 0.0000e+00 0.0000e+00 4.0000e-01 2.0000e-01
  1.0000e+01 1.0510e+03 1.8000e+00 3.0000e+00 7.4000e+00 2.6400e+01
  2.0000e-01 1.4400e+01 5.2000e+00]
 [0.0000e+00 0.0000e+00 0.0000e+00 0.0000e+00 6.0000e-01 0.0000e+00
  5.0000e+00 3.8000e+00 1.0692e+03 2.1200e+01 1.2600e+01 1.4600e+01
  0.0000e+00 0.0000e+00 0.0000e+00]
 [0.0000e+00 0.0000e+00 0.0000e+00 0.0000e+00 0.0000e+00 0.0000e+00
  0.0000e+00 0.0000e+00 1.6000e+00 1.1002e+03 1.2000e+00 4.0000e-01
  6.0000e-01 0.0000e+00 0.0000e+00]
 [0.0000e+00 0.0000e+00 0.0000e+00 0.0000e+00 0.0000e+00 0.0000e+00
  1.6000e+00 0.0000e+00 5.0000e+00 0.0000e+00 1.1046e+03 0.0000e+00
  8.0000e-01 0.0000e+00 0.0000e+00]
 [0.0000e+00 0.0000e+00 0.0000e+00 0.0000e+00 0.0000e+00 0.0000e+00
  2.1200e+01 8.2000e+00 4.2000e+00 8.0000e-01 0.0000e+00 1.0756e+03
  0.0000e+00 0.0000e+00 0.0000e+00]
 [0.0000e+00 0.0000e+00 0.0000e+00 0.0000e+00 0.0000e+00 0.0000e+00
  0.0000e+00 0.0000e+00 0.0000e+00 8.0000e-01 4.2000e+00 0.0000e+00
  4.1700e+02 0.0000e+00 0.0000e+00]
 [0.0000e+00 0.0000e+00 0.0000e+00 0.0000e+00 0.0000e+00 0.0000e+00
  0.0000e+00 0.0000e+00 0.0000e+00 0.0000e+00 0.0000e+00 0.0000e+00
  0.0000e+00 3.8500e+02 0.0000e+00]
 [0.0000e+00 0.0000e+00 0.0000e+00 0.0000e+00 0.0000e+00 0.0000e+00
  0.0000e+00 0.0000e+00 0.0000e+00 0.0000e+00 0.0000e+00 0.0000e+00
  0.0000e+00 0.0000e+00 5.9400e+02]]---
Accuracy: 98.19 +- 0.28
---
class acc :
	Healthy grass: 99.17 +- 1.00
	Stressed grass: 99.11 +- 0.29
	Synthetic grass: 100.00 +- 0.00
	Trees: 99.29 +- 0.98
	Soil: 100.00 +- 0.00
	Water: 95.89 +- 4.95
	Residential: 97.60 +- 1.81
	Commercial: 93.84 +- 1.57
	Road: 94.87 +- 1.33
	Highway: 99.66 +- 0.35
	Railway: 99.33 +- 0.83
	Parking Lot 1: 96.90 +- 2.37
	Parking Lot 2: 98.82 +- 1.67
	Tennis Court: 100.00 +- 0.00
	Running Track: 100.00 +- 0.00
---
AA: 98.30 +- 0.39
Kappa: 98.05 +- 0.30
