run 1 / 5
Best validation overall accuracy 0.9872159090909091
Confusion matrix :
[[1125    0    0    1    0    0    0    0    0    0    0    0    0    0
     0]
 [  11 1118    0    0    0    0    0    0    0    0    0    0    0    0
     0]
 [   0    0  627    0    0    0    0    0    0    0    0    0    0    0
     0]
 [   0    0    0 1120    0    0    0    0    0    0    0    0    0    0
     0]
 [   0    0    0    0 1118    0    0    0    0    0    0    0    0    0
     0]
 [   0    0    0    0    0  292    0    0    0    0    0    0    0    0
     0]
 [   0    0    0    0    0    0 1139    0    0    0    2    0    0    0
     0]
 [   0    0    0    0    4    0    0 1045    0   11   36   15    0    0
     9]
 [   0    0    0    0    0    0    1    1 1074   20   15   16    0    0
     0]
 [   0    0    0    0    0    0    0    0    0 1100    3    1    0    0
     0]
 [   0    0    0    0    0    0    0    0    0    0 1112    0    0    0
     0]
 [   0    0    0    0    1    0   39    0    1    1    0 1068    0    0
     0]
 [   0    0    0    0    0    0    0    0    0    0    9    0  413    0
     0]
 [   0    0    0    0    0    0    0    0    0    0    0    0    0  385
     0]
 [   0    0    0    0    0    0    0    0    0    0    0    0    0    0
   594]]---
Accuracy : 98.54%
---
class acc :
	Healthy grass: 99.91
	Stressed grass: 99.03
	Synthetic grass: 100.00
	Trees: 100.00
	Soil: 100.00
	Water: 100.00
	Residential: 99.82
	Commercial: 93.30
	Road: 95.30
	Highway: 99.64
	Railway: 100.00
	Parking Lot 1: 96.22
	Parking Lot 2: 97.87
	Tennis Court: 100.00
	Running Track: 100.00
---
AA: 98.74%
Kappa: 98.43
run 2 / 5
Best validation overall accuracy 0.984375
Confusion matrix :
[[1114   12    0    0    0    0    0    0    0    0    0    0    0    0
     0]
 [  18 1111    0    0    0    0    0    0    0    0    0    0    0    0
     0]
 [   0    0  627    0    0    0    0    0    0    0    0    0    0    0
     0]
 [   8    0    0 1112    0    0    0    0    0    0    0    0    0    0
     0]
 [   0    0    0    0 1118    0    0    0    0    0    0    0    0    0
     0]
 [   0    0    0    0    0  288    0    0    4    0    0    0    0    0
     0]
 [   0    0    0    0    0    0 1093    0   17    0   11   20    0    0
     0]
 [   0    0    0    0    0    0    0 1065    4    0    8   43    0    0
     0]
 [   0    0    0    0   19    0    0    0 1071   12   17    8    0    0
     0]
 [   0    0    0    0    0    0    0    0   22 1077    5    0    0    0
     0]
 [   0    0    0    0    0    0    0    0    1    0 1111    0    0    0
     0]
 [   0    0    0    0    0    0    4    0    3    0    0 1103    0    0
     0]
 [   0    0    0    0    0    0    0    0    0    1   16    3  402    0
     0]
 [   0    0    0    0    0    0    0    0    0    0    0    0    0  385
     0]
 [   0    0    0    0    0    0    0    0    0    0    0    0    0    0
   594]]---
Accuracy : 98.11%
---
class acc :
	Healthy grass: 98.93
	Stressed grass: 98.41
	Synthetic grass: 100.00
	Trees: 99.29
	Soil: 100.00
	Water: 98.63
	Residential: 95.79
	Commercial: 95.09
	Road: 95.03
	Highway: 97.55
	Railway: 99.91
	Parking Lot 1: 99.37
	Parking Lot 2: 95.26
	Tennis Court: 100.00
	Running Track: 100.00
---
AA: 98.22%
Kappa: 97.95
run 3 / 5
Best validation overall accuracy 0.9829545454545454
Confusion matrix :
[[1054   30    0   42    0    0    0    0    0    0    0    0    0    0
     0]
 [   9 1120    0    0    0    0    0    0    0    0    0    0    0    0
     0]
 [   0    0  627    0    0    0    0    0    0    0    0    0    0    0
     0]
 [   0    0    0 1119    0    0    0    0    1    0    0    0    0    0
     0]
 [   0    0    0    0 1118    0    0    0    0    0    0    0    0    0
     0]
 [   0    0    0    0    0  286    0    0    6    0    0    0    0    0
     0]
 [   0    0    0    0    0    0 1139    1    0    0    1    0    0    0
     0]
 [   0    0    0    0   42    0    0 1037    6    0    0    7    0   14
    14]
 [   0    0    0    0    2    0    9    0 1072   25    4   15    0    0
     0]
 [   0    0    0    0    0    0    0    0    1 1102    1    0    0    0
     0]
 [   0    0    0    0    0    0   22    0    0    7 1083    0    0    0
     0]
 [   0    0    0    0    0    0   58    0    5    2    0 1045    0    0
     0]
 [   0    0    0    0    0    0    0    0    0    7   11    0  404    0
     0]
 [   0    0    0    0    0    0    0    0    0    0    0    0    0  385
     0]
 [   0    0    0    0    0    0    0    0    0    0    0    0    0    0
   594]]---
Accuracy : 97.47%
---
class acc :
	Healthy grass: 93.61
	Stressed grass: 99.20
	Synthetic grass: 100.00
	Trees: 99.91
	Soil: 100.00
	Water: 97.95
	Residential: 99.82
	Commercial: 92.59
	Road: 95.12
	Highway: 99.82
	Railway: 97.39
	Parking Lot 1: 94.14
	Parking Lot 2: 95.73
	Tennis Court: 100.00
	Running Track: 100.00
---
AA: 97.69%
Kappa: 97.27
run 4 / 5
Best validation overall accuracy 0.9744318181818182
Confusion matrix :
[[1099    1    0   26    0    0    0    0    0    0    0    0    0    0
     0]
 [   5 1124    0    0    0    0    0    0    0    0    0    0    0    0
     0]
 [   0    0  627    0    0    0    0    0    0    0    0    0    0    0
     0]
 [  10    0    0 1109    0    0    0    0    1    0    0    0    0    0
     0]
 [   0    0    0    0 1118    0    0    0    0    0    0    0    0    0
     0]
 [   0    0    0    0    0  251   33    0    2    0    0    0    5    1
     0]
 [   0    0    0    0    0    0 1123    9    0    0    7    2    0    0
     0]
 [   0    0    0    0    0    0   22 1040    5    0    0   45    0    0
     8]
 [   0    0    0    0    0    0    1    0 1039   44   22   21    0    0
     0]
 [   0    0    0    0    0    0    0    3    3 1084    9    0    5    0
     0]
 [   0    0    0    0    0    0    0    0    2    0 1110    0    0    0
     0]
 [   0    0    0    0    0    0   10    3    3    1    0 1093    0    0
     0]
 [   0    0    0    0    0    0    0    0    0    0    0    0  422    0
     0]
 [   0    0    0    0    0    0    0    0    0    0    0    0    0  385
     0]
 [   0    0    0    0    0    0    0    0    0    0    0    0    0    0
   594]]---
Accuracy : 97.72%
---
class acc :
	Healthy grass: 97.60
	Stressed grass: 99.56
	Synthetic grass: 100.00
	Trees: 99.02
	Soil: 100.00
	Water: 85.96
	Residential: 98.42
	Commercial: 92.86
	Road: 92.19
	Highway: 98.19
	Railway: 99.82
	Parking Lot 1: 98.47
	Parking Lot 2: 100.00
	Tennis Court: 100.00
	Running Track: 100.00
---
AA: 97.47%
Kappa: 97.53
run 5 / 5
Best validation overall accuracy 0.9872159090909091
Confusion matrix :
[[1100    3    0   23    0    0    0    0    0    0    0    0    0    0
     0]
 [   4 1125    0    0    0    0    0    0    0    0    0    0    0    0
     0]
 [   0    0  627    0    0    0    0    0    0    0    0    0    0    0
     0]
 [   0    0    0 1120    0    0    0    0    0    0    0    0    0    0
     0]
 [   0    0    0    0 1118    0    0    0    0    0    0    0    0    0
     0]
 [   6    0    0    0    0  280    0    0    6    0    0    0    0    0
     0]
 [   0    0    0    0    0    0 1112    3   16    0    6    0    0    0
     4]
 [   0    0    0    0    5    0   26 1065    1    0    0    3    0   20
     0]
 [   0    0    0    0    0    0    2    7 1102    5    4    7    0    0
     0]
 [   0    0    0    0    0    0    0    0    0 1097    7    0    0    0
     0]
 [   0    0    0    0    0    0    0    0   17    0 1089    0    6    0
     0]
 [   0    0    0    0    0    0   15    6   19    0    0 1070    0    0
     0]
 [   0    0    0    0    0    0    0    0    0    0    0    0  422    0
     0]
 [   0    0    0    0    0    0    0    0    0    0    0    0    0  385
     0]
 [   0    0    0    0    0    0    0    0    0    0    0    0    0    0
   594]]---
Accuracy : 98.37%
---
class acc :
	Healthy grass: 97.69
	Stressed grass: 99.65
	Synthetic grass: 100.00
	Trees: 100.00
	Soil: 100.00
	Water: 95.89
	Residential: 97.46
	Commercial: 95.09
	Road: 97.78
	Highway: 99.37
	Railway: 97.93
	Parking Lot 1: 96.40
	Parking Lot 2: 100.00
	Tennis Court: 100.00
	Running Track: 100.00
---
AA: 98.48%
Kappa: 98.23
Agregated results :
Confusion matrix :
[[1.0984e+03 9.2000e+00 0.0000e+00 1.8400e+01 0.0000e+00 0.0000e+00
  0.0000e+00 0.0000e+00 0.0000e+00 0.0000e+00 0.0000e+00 0.0000e+00
  0.0000e+00 0.0000e+00 0.0000e+00]
 [9.4000e+00 1.1196e+03 0.0000e+00 0.0000e+00 0.0000e+00 0.0000e+00
  0.0000e+00 0.0000e+00 0.0000e+00 0.0000e+00 0.0000e+00 0.0000e+00
  0.0000e+00 0.0000e+00 0.0000e+00]
 [0.0000e+00 0.0000e+00 6.2700e+02 0.0000e+00 0.0000e+00 0.0000e+00
  0.0000e+00 0.0000e+00 0.0000e+00 0.0000e+00 0.0000e+00 0.0000e+00
  0.0000e+00 0.0000e+00 0.0000e+00]
 [3.6000e+00 0.0000e+00 0.0000e+00 1.1160e+03 0.0000e+00 0.0000e+00
  0.0000e+00 0.0000e+00 4.0000e-01 0.0000e+00 0.0000e+00 0.0000e+00
  0.0000e+00 0.0000e+00 0.0000e+00]
 [0.0000e+00 0.0000e+00 0.0000e+00 0.0000e+00 1.1180e+03 0.0000e+00
  0.0000e+00 0.0000e+00 0.0000e+00 0.0000e+00 0.0000e+00 0.0000e+00
  0.0000e+00 0.0000e+00 0.0000e+00]
 [1.2000e+00 0.0000e+00 0.0000e+00 0.0000e+00 0.0000e+00 2.7940e+02
  6.6000e+00 0.0000e+00 3.6000e+00 0.0000e+00 0.0000e+00 0.0000e+00
  1.0000e+00 2.0000e-01 0.0000e+00]
 [0.0000e+00 0.0000e+00 0.0000e+00 0.0000e+00 0.0000e+00 0.0000e+00
  1.1212e+03 2.6000e+00 6.6000e+00 0.0000e+00 5.4000e+00 4.4000e+00
  0.0000e+00 0.0000e+00 8.0000e-01]
 [0.0000e+00 0.0000e+00 0.0000e+00 0.0000e+00 1.0200e+01 0.0000e+00
  9.6000e+00 1.0504e+03 3.2000e+00 2.2000e+00 8.8000e+00 2.2600e+01
  0.0000e+00 6.8000e+00 6.2000e+00]
 [0.0000e+00 0.0000e+00 0.0000e+00 0.0000e+00 4.2000e+00 0.0000e+00
  2.6000e+00 1.6000e+00 1.0716e+03 2.1200e+01 1.2400e+01 1.3400e+01
  0.0000e+00 0.0000e+00 0.0000e+00]
 [0.0000e+00 0.0000e+00 0.0000e+00 0.0000e+00 0.0000e+00 0.0000e+00
  0.0000e+00 6.0000e-01 5.2000e+00 1.0920e+03 5.0000e+00 2.0000e-01
  1.0000e+00 0.0000e+00 0.0000e+00]
 [0.0000e+00 0.0000e+00 0.0000e+00 0.0000e+00 0.0000e+00 0.0000e+00
  4.4000e+00 0.0000e+00 4.0000e+00 1.4000e+00 1.1010e+03 0.0000e+00
  1.2000e+00 0.0000e+00 0.0000e+00]
 [0.0000e+00 0.0000e+00 0.0000e+00 0.0000e+00 2.0000e-01 0.0000e+00
  2.5200e+01 1.8000e+00 6.2000e+00 8.0000e-01 0.0000e+00 1.0758e+03
  0.0000e+00 0.0000e+00 0.0000e+00]
 [0.0000e+00 0.0000e+00 0.0000e+00 0.0000e+00 0.0000e+00 0.0000e+00
  0.0000e+00 0.0000e+00 0.0000e+00 1.6000e+00 7.2000e+00 6.0000e-01
  4.1260e+02 0.0000e+00 0.0000e+00]
 [0.0000e+00 0.0000e+00 0.0000e+00 0.0000e+00 0.0000e+00 0.0000e+00
  0.0000e+00 0.0000e+00 0.0000e+00 0.0000e+00 0.0000e+00 0.0000e+00
  0.0000e+00 3.8500e+02 0.0000e+00]
 [0.0000e+00 0.0000e+00 0.0000e+00 0.0000e+00 0.0000e+00 0.0000e+00
  0.0000e+00 0.0000e+00 0.0000e+00 0.0000e+00 0.0000e+00 0.0000e+00
  0.0000e+00 0.0000e+00 5.9400e+02]]---
Accuracy: 98.04 +- 0.40
---
class acc :
	Healthy grass: 97.55 +- 2.15
	Stressed grass: 99.17 +- 0.44
	Synthetic grass: 100.00 +- 0.00
	Trees: 99.64 +- 0.41
	Soil: 100.00 +- 0.00
	Water: 95.68 +- 5.04
	Residential: 98.26 +- 1.53
	Commercial: 93.79 +- 1.09
	Road: 95.08 +- 1.77
	Highway: 98.91 +- 0.89
	Railway: 99.01 +- 1.12
	Parking Lot 1: 96.92 +- 1.84
	Parking Lot 2: 97.77 +- 2.02
	Tennis Court: 100.00 +- 0.00
	Running Track: 100.00 +- 0.00
---
AA: 98.12 +- 0.48
Kappa: 97.88 +- 0.43
