run 1 / 5
Best validation overall accuracy 0.9872159090909091
Confusion matrix :
[[1125    0    0    1    0    0    0    0    0    0    0    0    0    0
     0]
 [   8 1121    0    0    0    0    0    0    0    0    0    0    0    0
     0]
 [   0    0  627    0    0    0    0    0    0    0    0    0    0    0
     0]
 [   0    0    0 1120    0    0    0    0    0    0    0    0    0    0
     0]
 [   0    0    0    0 1118    0    0    0    0    0    0    0    0    0
     0]
 [   0    0    0    0    0  292    0    0    0    0    0    0    0    0
     0]
 [   0    0    0    0    0    0 1132    0    7    2    0    0    0    0
     0]
 [   0    0    0    0    7    0    0 1043    0   10   34   15    2    0
     9]
 [   0    0    0    0    0    0    2    9 1046   38   14   18    0    0
     0]
 [   0    0    0    0    0    0    0    0    0 1104    0    0    0    0
     0]
 [   0    0    0    0    0    0    0    0    0    7 1104    0    1    0
     0]
 [   0    0    0    0    1    0    7   11    0    0    0 1091    0    0
     0]
 [   0    0    0    0    0    0    0    0    0    1    2    0  419    0
     0]
 [   0    0    0    0    0    0    0    0    0    0    0    0    0  385
     0]
 [   0    0    0    0    0    0    0    0    0    0    0    0    0    0
   594]]---
Accuracy : 98.48%
---
class acc :
	Healthy grass: 99.91
	Stressed grass: 99.29
	Synthetic grass: 100.00
	Trees: 100.00
	Soil: 100.00
	Water: 100.00
	Residential: 99.21
	Commercial: 93.12
	Road: 92.81
	Highway: 100.00
	Railway: 99.28
	Parking Lot 1: 98.29
	Parking Lot 2: 99.29
	Tennis Court: 100.00
	Running Track: 100.00
---
AA: 98.75%
Kappa: 98.35
run 2 / 5
Best validation overall accuracy 0.9886363636363636
Confusion matrix :
[[1126    0    0    0    0    0    0    0    0    0    0    0    0    0
     0]
 [  12 1117    0    0    0    0    0    0    0    0    0    0    0    0
     0]
 [   0    0  627    0    0    0    0    0    0    0    0    0    0    0
     0]
 [  23    0    0 1097    0    0    0    0    0    0    0    0    0    0
     0]
 [   0    0    0    0 1118    0    0    0    0    0    0    0    0    0
     0]
 [   0    0    0    0    0  287    1    0    4    0    0    0    0    0
     0]
 [   0    0    0    0    0    0 1140    0    0    0    1    0    0    0
     0]
 [   0    0    0    0    0    0    0 1070    1    0    0   49    0    0
     0]
 [   0    0    0    0    1    0    2    7 1102    3   10    2    0    0
     0]
 [   0    0    0    0    0    0    0    0   21 1078    5    0    0    0
     0]
 [   0    0    0    0    0    0    0    0    0    0 1112    0    0    0
     0]
 [   0    0    0    0    0    0   54    0   14    0    0 1041    1    0
     0]
 [   0    0    0    0    0    0    0    0    0    2   14    0  406    0
     0]
 [   0    0    0    0    0    0    0    0    0    0    0    0    0  385
     0]
 [   0    0    0    0    0    0    0    0    0    0    0    0    0    0
   594]]---
Accuracy : 98.32%
---
class acc :
	Healthy grass: 100.00
	Stressed grass: 98.94
	Synthetic grass: 100.00
	Trees: 97.95
	Soil: 100.00
	Water: 98.29
	Residential: 99.91
	Commercial: 95.54
	Road: 97.78
	Highway: 97.64
	Railway: 100.00
	Parking Lot 1: 93.78
	Parking Lot 2: 96.21
	Tennis Court: 100.00
	Running Track: 100.00
---
AA: 98.40%
Kappa: 98.19
run 3 / 5
Best validation overall accuracy 0.9857954545454546
Confusion matrix :
[[1062   42    0   22    0    0    0    0    0    0    0    0    0    0
     0]
 [   9 1120    0    0    0    0    0    0    0    0    0    0    0    0
     0]
 [   0    0  627    0    0    0    0    0    0    0    0    0    0    0
     0]
 [   0    0    0 1120    0    0    0    0    0    0    0    0    0    0
     0]
 [   0    0    0    0 1118    0    0    0    0    0    0    0    0    0
     0]
 [   0    0    0    0    0  286    0    0    6    0    0    0    0    0
     0]
 [   0    0    0    0    0    0 1131    0    0    0   10    0    0    0
     0]
 [   0    0    0    0    5    0    0 1074    2    0    0   11    0   19
     9]
 [   0    0    0    0    8    0   10    0 1079    9   14    7    0    0
     0]
 [   0    0    0    0    0    0    0    0    5 1099    0    0    0    0
     0]
 [   0    0    0    0    0    0    0    0    6    0 1106    0    0    0
     0]
 [   0    0    0    0    0    0   53    0    0    0    0 1057    0    0
     0]
 [   0    0    0    0    0    0    0    0    0    1   17    0  404    0
     0]
 [   0    0    0    0    0    0    0    0    0    0    0    0    0  385
     0]
 [   0    0    0    0    0    0    0    0    0    0    0    0    0    0
   594]]---
Accuracy : 98.04%
---
class acc :
	Healthy grass: 94.32
	Stressed grass: 99.20
	Synthetic grass: 100.00
	Trees: 100.00
	Soil: 100.00
	Water: 97.95
	Residential: 99.12
	Commercial: 95.89
	Road: 95.74
	Highway: 99.55
	Railway: 99.46
	Parking Lot 1: 95.23
	Parking Lot 2: 95.73
	Tennis Court: 100.00
	Running Track: 100.00
---
AA: 98.15%
Kappa: 97.88
run 4 / 5
Best validation overall accuracy 0.9758522727272727
Confusion matrix :
[[1092    2    0   32    0    0    0    0    0    0    0    0    0    0
     0]
 [  16 1113    0    0    0    0    0    0    0    0    0    0    0    0
     0]
 [   0    0  627    0    0    0    0    0    0    0    0    0    0    0
     0]
 [   7    0    0 1113    0    0    0    0    0    0    0    0    0    0
     0]
 [   0    0    0    0 1118    0    0    0    0    0    0    0    0    0
     0]
 [   0    0    0    0    0  254   36    1    1    0    0    0    0    0
     0]
 [   0    0    0    0    0    0 1131    7    2    0    0    0    1    0
     0]
 [   0    0    0    0    0    0   22 1072    2    0    0   16    0    0
     8]
 [   0    0    0    0    3    0    5    0 1063   42    0   14    0    0
     0]
 [   0    0    0    0    0    0    0    0   10 1094    0    0    0    0
     0]
 [   0    0    0    0    0    0   16    0    6    9 1081    0    0    0
     0]
 [   0    0    0    0    0    0   18    5    5    2    0 1080    0    0
     0]
 [   0    0    0    0    0    0    0    0    0    0    0    0  422    0
     0]
 [   0    0    0    0    0    0    0    0    0    0    0    0    0  385
     0]
 [   0    0    0    0    0    0    0    0    0    0    0    0    0    0
   594]]---
Accuracy : 97.87%
---
class acc :
	Healthy grass: 96.98
	Stressed grass: 98.58
	Synthetic grass: 100.00
	Trees: 99.38
	Soil: 100.00
	Water: 86.99
	Residential: 99.12
	Commercial: 95.71
	Road: 94.32
	Highway: 99.09
	Railway: 97.21
	Parking Lot 1: 97.30
	Parking Lot 2: 100.00
	Tennis Court: 100.00
	Running Track: 100.00
---
AA: 97.65%
Kappa: 97.70
run 5 / 5
Best validation overall accuracy 0.9857954545454546
Confusion matrix :
[[1096    6    0   24    0    0    0    0    0    0    0    0    0    0
     0]
 [   6 1123    0    0    0    0    0    0    0    0    0    0    0    0
     0]
 [   0    0  627    0    0    0    0    0    0    0    0    0    0    0
     0]
 [   0    0    0 1120    0    0    0    0    0    0    0    0    0    0
     0]
 [   0    0    0    0 1118    0    0    0    0    0    0    0    0    0
     0]
 [   5    0    0    0    0  283    0    2    0    0    0    0    2    0
     0]
 [   0    0    0    0    0    0 1114    0   20    0    2    0    0    0
     5]
 [   0    0    0    0    0    0   26 1050    0    0    0   24    0   20
     0]
 [   0    0    0    0    1    0    4    0 1086   16    5   15    0    0
     0]
 [   0    0    0    0    0    0    0    0    1 1072   17   14    0    0
     0]
 [   0    0    0    0    0    0    2   21    0    0 1081    0    8    0
     0]
 [   0    0    0    0    0    0   47    4    0    2    0 1057    0    0
     0]
 [   0    0    0    0    0    0    0    0    0    0    0    1  421    0
     0]
 [   0    0    0    0    0    0    0    0    0    0    0    0    0  385
     0]
 [   0    0    0    0    0    0    0    0    0    0    0    0    0    0
   594]]---
Accuracy : 97.78%
---
class acc :
	Healthy grass: 97.34
	Stressed grass: 99.47
	Synthetic grass: 100.00
	Trees: 100.00
	Soil: 100.00
	Water: 96.92
	Residential: 97.63
	Commercial: 93.75
	Road: 96.36
	Highway: 97.10
	Railway: 97.21
	Parking Lot 1: 95.23
	Parking Lot 2: 99.76
	Tennis Court: 100.00
	Running Track: 100.00
---
AA: 98.05%
Kappa: 97.60
Agregated results :
Confusion matrix :
[[1.1002e+03 1.0000e+01 0.0000e+00 1.5800e+01 0.0000e+00 0.0000e+00
  0.0000e+00 0.0000e+00 0.0000e+00 0.0000e+00 0.0000e+00 0.0000e+00
  0.0000e+00 0.0000e+00 0.0000e+00]
 [1.0200e+01 1.1188e+03 0.0000e+00 0.0000e+00 0.0000e+00 0.0000e+00
  0.0000e+00 0.0000e+00 0.0000e+00 0.0000e+00 0.0000e+00 0.0000e+00
  0.0000e+00 0.0000e+00 0.0000e+00]
 [0.0000e+00 0.0000e+00 6.2700e+02 0.0000e+00 0.0000e+00 0.0000e+00
  0.0000e+00 0.0000e+00 0.0000e+00 0.0000e+00 0.0000e+00 0.0000e+00
  0.0000e+00 0.0000e+00 0.0000e+00]
 [6.0000e+00 0.0000e+00 0.0000e+00 1.1140e+03 0.0000e+00 0.0000e+00
  0.0000e+00 0.0000e+00 0.0000e+00 0.0000e+00 0.0000e+00 0.0000e+00
  0.0000e+00 0.0000e+00 0.0000e+00]
 [0.0000e+00 0.0000e+00 0.0000e+00 0.0000e+00 1.1180e+03 0.0000e+00
  0.0000e+00 0.0000e+00 0.0000e+00 0.0000e+00 0.0000e+00 0.0000e+00
  0.0000e+00 0.0000e+00 0.0000e+00]
 [1.0000e+00 0.0000e+00 0.0000e+00 0.0000e+00 0.0000e+00 2.8040e+02
  7.4000e+00 6.0000e-01 2.2000e+00 0.0000e+00 0.0000e+00 0.0000e+00
  4.0000e-01 0.0000e+00 0.0000e+00]
 [0.0000e+00 0.0000e+00 0.0000e+00 0.0000e+00 0.0000e+00 0.0000e+00
  1.1296e+03 1.4000e+00 5.8000e+00 4.0000e-01 2.6000e+00 0.0000e+00
  2.0000e-01 0.0000e+00 1.0000e+00]
 [0.0000e+00 0.0000e+00 0.0000e+00 0.0000e+00 2.4000e+00 0.0000e+00
  9.6000e+00 1.0618e+03 1.0000e+00 2.0000e+00 6.8000e+00 2.3000e+01
  4.0000e-01 7.8000e+00 5.2000e+00]
 [0.0000e+00 0.0000e+00 0.0000e+00 0.0000e+00 2.6000e+00 0.0000e+00
  4.6000e+00 3.2000e+00 1.0752e+03 2.1600e+01 8.6000e+00 1.1200e+01
  0.0000e+00 0.0000e+00 0.0000e+00]
 [0.0000e+00 0.0000e+00 0.0000e+00 0.0000e+00 0.0000e+00 0.0000e+00
  0.0000e+00 0.0000e+00 7.4000e+00 1.0894e+03 4.4000e+00 2.8000e+00
  0.0000e+00 0.0000e+00 0.0000e+00]
 [0.0000e+00 0.0000e+00 0.0000e+00 0.0000e+00 0.0000e+00 0.0000e+00
  3.6000e+00 4.2000e+00 2.4000e+00 3.2000e+00 1.0968e+03 0.0000e+00
  1.8000e+00 0.0000e+00 0.0000e+00]
 [0.0000e+00 0.0000e+00 0.0000e+00 0.0000e+00 2.0000e-01 0.0000e+00
  3.5800e+01 4.0000e+00 3.8000e+00 8.0000e-01 0.0000e+00 1.0652e+03
  2.0000e-01 0.0000e+00 0.0000e+00]
 [0.0000e+00 0.0000e+00 0.0000e+00 0.0000e+00 0.0000e+00 0.0000e+00
  0.0000e+00 0.0000e+00 0.0000e+00 8.0000e-01 6.6000e+00 2.0000e-01
  4.1440e+02 0.0000e+00 0.0000e+00]
 [0.0000e+00 0.0000e+00 0.0000e+00 0.0000e+00 0.0000e+00 0.0000e+00
  0.0000e+00 0.0000e+00 0.0000e+00 0.0000e+00 0.0000e+00 0.0000e+00
  0.0000e+00 3.8500e+02 0.0000e+00]
 [0.0000e+00 0.0000e+00 0.0000e+00 0.0000e+00 0.0000e+00 0.0000e+00
  0.0000e+00 0.0000e+00 0.0000e+00 0.0000e+00 0.0000e+00 0.0000e+00
  0.0000e+00 0.0000e+00 5.9400e+02]]---
Accuracy: 98.10 +- 0.26
---
class acc :
	Healthy grass: 97.71 +- 2.11
	Stressed grass: 99.10 +- 0.31
	Synthetic grass: 100.00 +- 0.00
	Trees: 99.46 +- 0.80
	Soil: 100.00 +- 0.00
	Water: 96.03 +- 4.63
	Residential: 99.00 +- 0.74
	Commercial: 94.80 +- 1.14
	Road: 95.40 +- 1.71
	Highway: 98.68 +- 1.12
	Railway: 98.63 +- 1.18
	Parking Lot 1: 95.96 +- 1.61
	Parking Lot 2: 98.20 +- 1.84
	Tennis Court: 100.00 +- 0.00
	Running Track: 100.00 +- 0.00
---
AA: 98.20 +- 0.37
Kappa: 97.94 +- 0.29
