run 1 / 5
Best validation overall accuracy 0.9900568181818182
Confusion matrix :
[[1124    2    0    0    0    0    0    0    0    0    0    0    0    0
     0]
 [  37 1092    0    0    0    0    0    0    0    0    0    0    0    0
     0]
 [   0    0  627    0    0    0    0    0    0    0    0    0    0    0
     0]
 [   0    0    0 1120    0    0    0    0    0    0    0    0    0    0
     0]
 [   0    0    0    0 1118    0    0    0    0    0    0    0    0    0
     0]
 [   0    0    0    0    0  292    0    0    0    0    0    0    0    0
     0]
 [   0    0    0    0    0    1 1093    0    8    0    0   39    0    0
     0]
 [   0    0    0    0    1    0    0 1045    0   17   33   15    0    0
     9]
 [   0    0    0    0    0    0    2    0 1071   30   10   14    0    0
     0]
 [   0    0    0    0    0    0    0    0    1 1101    0    2    0    0
     0]
 [   0    0    0    0    0    0    0    0    0    0 1111    0    1    0
     0]
 [   0    0    0    0    0    0    0   14    1    0    0 1095    0    0
     0]
 [   0    0    0    0    0    0    0    0    0    1    2    6  413    0
     0]
 [   0    0    0    0    0    0    0    0    0    0    0    0    0  385
     0]
 [   0    0    0    0    0    0    0    0    0    0    0    0    0    0
   594]]---
Accuracy : 98.18%
---
class acc :
	Healthy grass: 99.82
	Stressed grass: 96.72
	Synthetic grass: 100.00
	Trees: 100.00
	Soil: 100.00
	Water: 100.00
	Residential: 95.79
	Commercial: 93.30
	Road: 95.03
	Highway: 99.73
	Railway: 99.91
	Parking Lot 1: 98.65
	Parking Lot 2: 97.87
	Tennis Court: 100.00
	Running Track: 100.00
---
AA: 98.46%
Kappa: 98.03
run 2 / 5
Best validation overall accuracy 0.9872159090909091
Confusion matrix :
[[1121    5    0    0    0    0    0    0    0    0    0    0    0    0
     0]
 [   5 1124    0    0    0    0    0    0    0    0    0    0    0    0
     0]
 [   0    0  627    0    0    0    0    0    0    0    0    0    0    0
     0]
 [   3    0    0 1117    0    0    0    0    0    0    0    0    0    0
     0]
 [   0    0    0    0 1118    0    0    0    0    0    0    0    0    0
     0]
 [   0    0    0    0    0  287    0    2    3    0    0    0    0    0
     0]
 [   0    0    0    0    0    0 1132    0    7    0    2    0    0    0
     0]
 [   0    0    0    0    0    0    0 1064    3    0   11   36    0    0
     6]
 [   0    0    0    0   14    0    1    3 1082   14    5    8    0    0
     0]
 [   0    0    0    0    0    0    0    0   11 1089    4    0    0    0
     0]
 [   0    0    0    0    0    0    0   12    6    0 1094    0    0    0
     0]
 [   0    0    0    0    0    0   28    0    7    0    0 1075    0    0
     0]
 [   0    0    0    0    0    0    0    0    0    2   11    1  408    0
     0]
 [   0    0    0    0    0    0    0    0    0    0    0    0    0  385
     0]
 [   0    0    0    0    0    0    0    0    0    0    0    0    0    0
   594]]---
Accuracy : 98.45%
---
class acc :
	Healthy grass: 99.56
	Stressed grass: 99.56
	Synthetic grass: 100.00
	Trees: 99.73
	Soil: 100.00
	Water: 98.29
	Residential: 99.21
	Commercial: 95.00
	Road: 96.01
	Highway: 98.64
	Railway: 98.38
	Parking Lot 1: 96.85
	Parking Lot 2: 96.68
	Tennis Court: 100.00
	Running Track: 100.00
---
AA: 98.53%
Kappa: 98.32
run 3 / 5
Best validation overall accuracy 0.9857954545454546
Confusion matrix :
[[1080   34    0   12    0    0    0    0    0    0    0    0    0    0
     0]
 [   9 1120    0    0    0    0    0    0    0    0    0    0    0    0
     0]
 [   0    0  627    0    0    0    0    0    0    0    0    0    0    0
     0]
 [   2    0    0 1117    0    0    1    0    0    0    0    0    0    0
     0]
 [   0    0    0    0 1118    0    0    0    0    0    0    0    0    0
     0]
 [   0    0    0    0    0  286    0    0    6    0    0    0    0    0
     0]
 [   0    0    0    0    0    0 1137    0    0    0    4    0    0    0
     0]
 [   0    0    0    0    2    0    0 1069    5    0    0   16    0   18
    10]
 [   0    0    0    0   10    0    8    0 1079    4   18    8    0    0
     0]
 [   0    0    0    0    0    0    0    0   10 1093    1    0    0    0
     0]
 [   0    0    0    0    0    0    1    0    0    0 1111    0    0    0
     0]
 [   0    0    0    0    0    0   32    0    0    0    0 1078    0    0
     0]
 [   0    0    0    0    0    0    0    0    0    1   17    2  402    0
     0]
 [   0    0    0    0    0    0    0    0    0    0    0    0    0  385
     0]
 [   0    0    0    0    0    0    0    0    0    0    0    0    0    0
   594]]---
Accuracy : 98.29%
---
class acc :
	Healthy grass: 95.91
	Stressed grass: 99.20
	Synthetic grass: 100.00
	Trees: 99.73
	Soil: 100.00
	Water: 97.95
	Residential: 99.65
	Commercial: 95.45
	Road: 95.74
	Highway: 99.00
	Railway: 99.91
	Parking Lot 1: 97.12
	Parking Lot 2: 95.26
	Tennis Court: 100.00
	Running Track: 100.00
---
AA: 98.33%
Kappa: 98.15
run 4 / 5
Best validation overall accuracy 0.9758522727272727
Confusion matrix :
[[1115    0    0   11    0    0    0    0    0    0    0    0    0    0
     0]
 [  11 1118    0    0    0    0    0    0    0    0    0    0    0    0
     0]
 [   0    0  627    0    0    0    0    0    0    0    0    0    0    0
     0]
 [  14    0    0 1106    0    0    0    0    0    0    0    0    0    0
     0]
 [   0    0    0    0 1118    0    0    0    0    0    0    0    0    0
     0]
 [   1    0    0    0    0  251   35    1    4    0    0    0    0    0
     0]
 [   0    0    0    0    0    0 1128    7    0    0    4    2    0    0
     0]
 [   0    0    0    0    0    0   22 1044    3    0    0   43    0    0
     8]
 [   0    0    0    0    0    0    4    0 1086   23    2   12    0    0
     0]
 [   0    0    0    0    0    0    0    0   28 1076    0    0    0    0
     0]
 [   0    0    0    0    0    0    0    0    2    0 1110    0    0    0
     0]
 [   0    0    0    0    0    0   19    4    0    0    0 1087    0    0
     0]
 [   0    0    0    0    0    0    0    0    0    2    0    2  418    0
     0]
 [   0    0    0    0    0    0    0    0    0    0    0    0    0  385
     0]
 [   0    0    0    0    0    0    0    0    0    0    0    0    0    0
   594]]---
Accuracy : 98.05%
---
class acc :
	Healthy grass: 99.02
	Stressed grass: 99.03
	Synthetic grass: 100.00
	Trees: 98.75
	Soil: 100.00
	Water: 85.96
	Residential: 98.86
	Commercial: 93.21
	Road: 96.36
	Highway: 97.46
	Railway: 99.82
	Parking Lot 1: 97.93
	Parking Lot 2: 99.05
	Tennis Court: 100.00
	Running Track: 100.00
---
AA: 97.70%
Kappa: 97.89
run 5 / 5
Best validation overall accuracy 0.9872159090909091
Confusion matrix :
[[1098    1    0   27    0    0    0    0    0    0    0    0    0    0
     0]
 [   6 1123    0    0    0    0    0    0    0    0    0    0    0    0
     0]
 [   0    0  627    0    0    0    0    0    0    0    0    0    0    0
     0]
 [   0    0    0 1120    0    0    0    0    0    0    0    0    0    0
     0]
 [   0    0    0    0 1118    0    0    0    0    0    0    0    0    0
     0]
 [   3    0    0    0    0  284    0    0    5    0    0    0    0    0
     0]
 [   0    0    0    0    0    1 1114    0    8    0   16    2    0    0
     0]
 [   0    0    0    0    0    0   26 1052    0    0    0   20    1   14
     7]
 [   0    0    0    0    0    0    0    0 1099    8   14    6    0    0
     0]
 [   0    0    0    0    0    0    0    0    1 1044   37   15    7    0
     0]
 [   0    0    0    0    0    0    0    0    0    0 1087    0   25    0
     0]
 [   0    0    0    0    0    0   13    2    7    2    0 1086    0    0
     0]
 [   0    0    0    0    0    0    0    0    0    0    0    0  422    0
     0]
 [   0    0    0    0    0    0    0    0    0    0    0    0    0  385
     0]
 [   0    0    0    0    0    0    0    0    0    0    0    0    0    0
   594]]---
Accuracy : 97.97%
---
class acc :
	Healthy grass: 97.51
	Stressed grass: 99.47
	Synthetic grass: 100.00
	Trees: 100.00
	Soil: 100.00
	Water: 97.26
	Residential: 97.63
	Commercial: 93.93
	Road: 97.52
	Highway: 94.57
	Railway: 97.75
	Parking Lot 1: 97.84
	Parking Lot 2: 100.00
	Tennis Court: 100.00
	Running Track: 100.00
---
AA: 98.23%
Kappa: 97.81
Agregated results :
Confusion matrix :
[[1.1076e+03 8.4000e+00 0.0000e+00 1.0000e+01 0.0000e+00 0.0000e+00
  0.0000e+00 0.0000e+00 0.0000e+00 0.0000e+00 0.0000e+00 0.0000e+00
  0.0000e+00 0.0000e+00 0.0000e+00]
 [1.3600e+01 1.1154e+03 0.0000e+00 0.0000e+00 0.0000e+00 0.0000e+00
  0.0000e+00 0.0000e+00 0.0000e+00 0.0000e+00 0.0000e+00 0.0000e+00
  0.0000e+00 0.0000e+00 0.0000e+00]
 [0.0000e+00 0.0000e+00 6.2700e+02 0.0000e+00 0.0000e+00 0.0000e+00
  0.0000e+00 0.0000e+00 0.0000e+00 0.0000e+00 0.0000e+00 0.0000e+00
  0.0000e+00 0.0000e+00 0.0000e+00]
 [3.8000e+00 0.0000e+00 0.0000e+00 1.1160e+03 0.0000e+00 0.0000e+00
  2.0000e-01 0.0000e+00 0.0000e+00 0.0000e+00 0.0000e+00 0.0000e+00
  0.0000e+00 0.0000e+00 0.0000e+00]
 [0.0000e+00 0.0000e+00 0.0000e+00 0.0000e+00 1.1180e+03 0.0000e+00
  0.0000e+00 0.0000e+00 0.0000e+00 0.0000e+00 0.0000e+00 0.0000e+00
  0.0000e+00 0.0000e+00 0.0000e+00]
 [8.0000e-01 0.0000e+00 0.0000e+00 0.0000e+00 0.0000e+00 2.8000e+02
  7.0000e+00 6.0000e-01 3.6000e+00 0.0000e+00 0.0000e+00 0.0000e+00
  0.0000e+00 0.0000e+00 0.0000e+00]
 [0.0000e+00 0.0000e+00 0.0000e+00 0.0000e+00 0.0000e+00 4.0000e-01
  1.1208e+03 1.4000e+00 4.6000e+00 0.0000e+00 5.2000e+00 8.6000e+00
  0.0000e+00 0.0000e+00 0.0000e+00]
 [0.0000e+00 0.0000e+00 0.0000e+00 0.0000e+00 6.0000e-01 0.0000e+00
  9.6000e+00 1.0548e+03 2.2000e+00 3.4000e+00 8.8000e+00 2.6000e+01
  2.0000e-01 6.4000e+00 8.0000e+00]
 [0.0000e+00 0.0000e+00 0.0000e+00 0.0000e+00 4.8000e+00 0.0000e+00
  3.0000e+00 6.0000e-01 1.0834e+03 1.5800e+01 9.8000e+00 9.6000e+00
  0.0000e+00 0.0000e+00 0.0000e+00]
 [0.0000e+00 0.0000e+00 0.0000e+00 0.0000e+00 0.0000e+00 0.0000e+00
  0.0000e+00 0.0000e+00 1.0200e+01 1.0806e+03 8.4000e+00 3.4000e+00
  1.4000e+00 0.0000e+00 0.0000e+00]
 [0.0000e+00 0.0000e+00 0.0000e+00 0.0000e+00 0.0000e+00 0.0000e+00
  2.0000e-01 2.4000e+00 1.6000e+00 0.0000e+00 1.1026e+03 0.0000e+00
  5.2000e+00 0.0000e+00 0.0000e+00]
 [0.0000e+00 0.0000e+00 0.0000e+00 0.0000e+00 0.0000e+00 0.0000e+00
  1.8400e+01 4.0000e+00 3.0000e+00 4.0000e-01 0.0000e+00 1.0842e+03
  0.0000e+00 0.0000e+00 0.0000e+00]
 [0.0000e+00 0.0000e+00 0.0000e+00 0.0000e+00 0.0000e+00 0.0000e+00
  0.0000e+00 0.0000e+00 0.0000e+00 1.2000e+00 6.0000e+00 2.2000e+00
  4.1260e+02 0.0000e+00 0.0000e+00]
 [0.0000e+00 0.0000e+00 0.0000e+00 0.0000e+00 0.0000e+00 0.0000e+00
  0.0000e+00 0.0000e+00 0.0000e+00 0.0000e+00 0.0000e+00 0.0000e+00
  0.0000e+00 3.8500e+02 0.0000e+00]
 [0.0000e+00 0.0000e+00 0.0000e+00 0.0000e+00 0.0000e+00 0.0000e+00
  0.0000e+00 0.0000e+00 0.0000e+00 0.0000e+00 0.0000e+00 0.0000e+00
  0.0000e+00 0.0000e+00 5.9400e+02]]---
Accuracy: 98.19 +- 0.17
---
class acc :
	Healthy grass: 98.37 +- 1.46
	Stressed grass: 98.80 +- 1.05
	Synthetic grass: 100.00 +- 0.00
	Trees: 99.64 +- 0.46
	Soil: 100.00 +- 0.00
	Water: 95.89 +- 5.05
	Residential: 98.23 +- 1.39
	Commercial: 94.18 +- 0.90
	Road: 96.13 +- 0.82
	Highway: 97.88 +- 1.81
	Railway: 99.15 +- 0.91
	Parking Lot 1: 97.68 +- 0.64
	Parking Lot 2: 97.77 +- 1.68
	Tennis Court: 100.00 +- 0.00
	Running Track: 100.00 +- 0.00
---
AA: 98.25 +- 0.29
Kappa: 98.04 +- 0.18
