run 1 / 5
Best validation overall accuracy 0.9801136363636364
Confusion matrix :
[[1103    0    0   23    0    0    0    0    0    0    0    0    0    0
     0]
 [  13 1115    0    1    0    0    0    0    0    0    0    0    0    0
     0]
 [   0    0  627    0    0    0    0    0    0    0    0    0    0    0
     0]
 [   2    0    0 1118    0    0    0    0    0    0    0    0    0    0
     0]
 [   0    0    0    0 1118    0    0    0    0    0    0    0    0    0
     0]
 [   0    0    0    0    0  287    5    0    0    0    0    0    0    0
     0]
 [   0    0    0    0    0    0 1107    5    9    0    6   14    0    0
     0]
 [   0    0    0    0    8    5   21 1042   11   17    7    1    0    0
     8]
 [   0    0    0    0    0    0    0    2 1095    6    0   24    0    0
     0]
 [   0    0    0    0    0    0    0    0    0 1103    0    1    0    0
     0]
 [   0    0    0    0    0    0    0    0   20    0 1090    0    2    0
     0]
 [   0    0    0    0    0    0   11   10    1    0    0 1088    0    0
     0]
 [   0    0    0    0    0    0    0    0    0    1    5    6  410    0
     0]
 [   0    0    0    0    0    0    0    0    0    0    0    0    0  385
     0]
 [   0    0    0    0    0    0    0    0    0    0    0    0    0    0
   594]]---
Accuracy : 98.19%
---
class acc :
	Healthy grass: 97.96
	Stressed grass: 98.76
	Synthetic grass: 100.00
	Trees: 99.82
	Soil: 100.00
	Water: 98.29
	Residential: 97.02
	Commercial: 93.04
	Road: 97.16
	Highway: 99.91
	Railway: 98.02
	Parking Lot 1: 98.02
	Parking Lot 2: 97.16
	Tennis Court: 100.00
	Running Track: 100.00
---
AA: 98.34%
Kappa: 98.04
run 2 / 5
Best validation overall accuracy 0.984375
Confusion matrix :
[[1104    0    0   22    0    0    0    0    0    0    0    0    0    0
     0]
 [   2 1127    0    0    0    0    0    0    0    0    0    0    0    0
     0]
 [   0    0  627    0    0    0    0    0    0    0    0    0    0    0
     0]
 [   3    0    0 1117    0    0    0    0    0    0    0    0    0    0
     0]
 [   0    0    0    0 1118    0    0    0    0    0    0    0    0    0
     0]
 [   0    0    0    0    0  292    0    0    0    0    0    0    0    0
     0]
 [   0    0    0    0    0    0 1117    0    8    5   10    0    1    0
     0]
 [   0    0    0    0    0    0   26 1077    0    0    0    8    0    0
     9]
 [   0    0    0    0    0    0    2   21 1089   13    2    0    0    0
     0]
 [   0    0    0    0    0    0    0    0   31 1073    0    0    0    0
     0]
 [   0    0    0    0    0    0    0    0    0    0 1112    0    0    0
     0]
 [   0    0    0    0    0    0   47    0   11    0    0 1052    0    0
     0]
 [   0    0    0    0    0    0    0    0    0    1   18    0  403    0
     0]
 [   0    0    0    0    0    0    0    0    0    0    0    0    0  385
     0]
 [   0    0    0    0    0    0    0    0    0    0    0    0    0    0
   594]]---
Accuracy : 98.23%
---
class acc :
	Healthy grass: 98.05
	Stressed grass: 99.82
	Synthetic grass: 100.00
	Trees: 99.73
	Soil: 100.00
	Water: 100.00
	Residential: 97.90
	Commercial: 96.16
	Road: 96.63
	Highway: 97.19
	Railway: 100.00
	Parking Lot 1: 94.77
	Parking Lot 2: 95.50
	Tennis Court: 100.00
	Running Track: 100.00
---
AA: 98.38%
Kappa: 98.08
run 3 / 5
Best validation overall accuracy 0.9872159090909091
Confusion matrix :
[[1123    0    0    3    0    0    0    0    0    0    0    0    0    0
     0]
 [   8 1121    0    0    0    0    0    0    0    0    0    0    0    0
     0]
 [   0    0  627    0    0    0    0    0    0    0    0    0    0    0
     0]
 [   0    0    0 1120    0    0    0    0    0    0    0    0    0    0
     0]
 [   0    0    0    0 1118    0    0    0    0    0    0    0    0    0
     0]
 [   0    0    0    0    0  286    6    0    0    0    0    0    0    0
     0]
 [   0    0    0    0    0    0 1100    9   22    0    5    4    1    0
     0]
 [   0    0    0    0    0    0   49 1004    9    0   32    2   24    0
     0]
 [   0    0    0    0    0    0    0    0 1117    5    0    5    0    0
     0]
 [   0    0    0    0    0    0    0    0    2 1069   26    7    0    0
     0]
 [   0    0    0    0    0    0    0    0    0    0 1112    0    0    0
     0]
 [   0    0    0    0    0    0   13    5    8    0    0 1084    0    0
     0]
 [   0    0    0    0    0    0    0    0    0    0   18    0  404    0
     0]
 [   0    0    0    0    0    0    0    0    0    0    0    0    0  385
     0]
 [   0    0    0    0    0    0    0    0    0    0    0    0    0    0
   594]]---
Accuracy : 98.06%
---
class acc :
	Healthy grass: 99.73
	Stressed grass: 99.29
	Synthetic grass: 100.00
	Trees: 100.00
	Soil: 100.00
	Water: 97.95
	Residential: 96.41
	Commercial: 89.64
	Road: 99.11
	Highway: 96.83
	Railway: 100.00
	Parking Lot 1: 97.66
	Parking Lot 2: 95.73
	Tennis Court: 100.00
	Running Track: 100.00
---
AA: 98.16%
Kappa: 97.90
run 4 / 5
Best validation overall accuracy 0.9772727272727273
Confusion matrix :
[[1082   17    0   27    0    0    0    0    0    0    0    0    0    0
     0]
 [  13 1116    0    0    0    0    0    0    0    0    0    0    0    0
     0]
 [   0    0  627    0    0    0    0    0    0    0    0    0    0    0
     0]
 [   0    0    0 1120    0    0    0    0    0    0    0    0    0    0
     0]
 [   0    0    0    0 1118    0    0    0    0    0    0    0    0    0
     0]
 [   0    0    0    0    0  255   37    0    0    0    0    0    0    0
     0]
 [   0    0    0    0    0    0 1116    1   17    0    7    0    0    0
     0]
 [   0    0    0    0    0    0   49  977    7    0   24   36    1    0
    26]
 [   0    0    0    0    0    0    0    0 1089   18    0   20    0    0
     0]
 [   0    0    0    0    0    0    0    0    0 1104    0    0    0    0
     0]
 [   0    0    0    0    0    0    6    0   12    0 1094    0    0    0
     0]
 [   0    0    0    0    0    0   41    4    0    0    0 1065    0    0
     0]
 [   0    0    0    0    0    0    1    0    0    1    0    0  420    0
     0]
 [   0    0    0    0    0    0    0    0    0    0    0    0    0  385
     0]
 [   0    0    0    0    0    0    0    0    0    0    0    0    0    0
   594]]---
Accuracy : 97.30%
---
class acc :
	Healthy grass: 96.09
	Stressed grass: 98.85
	Synthetic grass: 100.00
	Trees: 100.00
	Soil: 100.00
	Water: 87.33
	Residential: 97.81
	Commercial: 87.23
	Road: 96.63
	Highway: 100.00
	Railway: 98.38
	Parking Lot 1: 95.95
	Parking Lot 2: 99.53
	Tennis Court: 100.00
	Running Track: 100.00
---
AA: 97.19%
Kappa: 97.08
run 5 / 5
Best validation overall accuracy 0.9900568181818182
Confusion matrix :
[[1113    2    0   11    0    0    0    0    0    0    0    0    0    0
     0]
 [   6 1123    0    0    0    0    0    0    0    0    0    0    0    0
     0]
 [   0    0  627    0    0    0    0    0    0    0    0    0    0    0
     0]
 [   7    0    0 1113    0    0    0    0    0    0    0    0    0    0
     0]
 [   0    0    0    0 1118    0    0    0    0    0    0    0    0    0
     0]
 [   0    0    0    0    0  288    0    0    4    0    0    0    0    0
     0]
 [   0    0    0    0    0    0 1123    0    6    0   12    0    0    0
     0]
 [   0    0    0    0    2    0    0 1095    6    0    0   16    1    0
     0]
 [   0    0    0    0    0    0    2    0 1080   37    7    1    0    0
     0]
 [   0    0    0    0    0    0    0    0    0 1104    0    0    0    0
     0]
 [   0    0    0    0    0    0    0    0    0    0 1112    0    0    0
     0]
 [   0    0    0    0    0    0   46    0   13    0    0 1051    0    0
     0]
 [   0    0    0    0    0    0    0    0    0    4   16    0  402    0
     0]
 [   0    0    0    0    0    0    0    0    0    0    0    0    0  385
     0]
 [   0    0    0    0    0    0    0    0    0    0    0    0    0    0
   594]]---
Accuracy : 98.53%
---
class acc :
	Healthy grass: 98.85
	Stressed grass: 99.47
	Synthetic grass: 100.00
	Trees: 99.38
	Soil: 100.00
	Water: 98.63
	Residential: 98.42
	Commercial: 97.77
	Road: 95.83
	Highway: 100.00
	Railway: 100.00
	Parking Lot 1: 94.68
	Parking Lot 2: 95.26
	Tennis Court: 100.00
	Running Track: 100.00
---
AA: 98.55%
Kappa: 98.41
Agregated results :
Confusion matrix :
[[1.1050e+03 3.8000e+00 0.0000e+00 1.7200e+01 0.0000e+00 0.0000e+00
  0.0000e+00 0.0000e+00 0.0000e+00 0.0000e+00 0.0000e+00 0.0000e+00
  0.0000e+00 0.0000e+00 0.0000e+00]
 [8.4000e+00 1.1204e+03 0.0000e+00 2.0000e-01 0.0000e+00 0.0000e+00
  0.0000e+00 0.0000e+00 0.0000e+00 0.0000e+00 0.0000e+00 0.0000e+00
  0.0000e+00 0.0000e+00 0.0000e+00]
 [0.0000e+00 0.0000e+00 6.2700e+02 0.0000e+00 0.0000e+00 0.0000e+00
  0.0000e+00 0.0000e+00 0.0000e+00 0.0000e+00 0.0000e+00 0.0000e+00
  0.0000e+00 0.0000e+00 0.0000e+00]
 [2.4000e+00 0.0000e+00 0.0000e+00 1.1176e+03 0.0000e+00 0.0000e+00
  0.0000e+00 0.0000e+00 0.0000e+00 0.0000e+00 0.0000e+00 0.0000e+00
  0.0000e+00 0.0000e+00 0.0000e+00]
 [0.0000e+00 0.0000e+00 0.0000e+00 0.0000e+00 1.1180e+03 0.0000e+00
  0.0000e+00 0.0000e+00 0.0000e+00 0.0000e+00 0.0000e+00 0.0000e+00
  0.0000e+00 0.0000e+00 0.0000e+00]
 [0.0000e+00 0.0000e+00 0.0000e+00 0.0000e+00 0.0000e+00 2.8160e+02
  9.6000e+00 0.0000e+00 8.0000e-01 0.0000e+00 0.0000e+00 0.0000e+00
  0.0000e+00 0.0000e+00 0.0000e+00]
 [0.0000e+00 0.0000e+00 0.0000e+00 0.0000e+00 0.0000e+00 0.0000e+00
  1.1126e+03 3.0000e+00 1.2400e+01 1.0000e+00 8.0000e+00 3.6000e+00
  4.0000e-01 0.0000e+00 0.0000e+00]
 [0.0000e+00 0.0000e+00 0.0000e+00 0.0000e+00 2.0000e+00 1.0000e+00
  2.9000e+01 1.0390e+03 6.6000e+00 3.4000e+00 1.2600e+01 1.2600e+01
  5.2000e+00 0.0000e+00 8.6000e+00]
 [0.0000e+00 0.0000e+00 0.0000e+00 0.0000e+00 0.0000e+00 0.0000e+00
  8.0000e-01 4.6000e+00 1.0940e+03 1.5800e+01 1.8000e+00 1.0000e+01
  0.0000e+00 0.0000e+00 0.0000e+00]
 [0.0000e+00 0.0000e+00 0.0000e+00 0.0000e+00 0.0000e+00 0.0000e+00
  0.0000e+00 0.0000e+00 6.6000e+00 1.0906e+03 5.2000e+00 1.6000e+00
  0.0000e+00 0.0000e+00 0.0000e+00]
 [0.0000e+00 0.0000e+00 0.0000e+00 0.0000e+00 0.0000e+00 0.0000e+00
  1.2000e+00 0.0000e+00 6.4000e+00 0.0000e+00 1.1040e+03 0.0000e+00
  4.0000e-01 0.0000e+00 0.0000e+00]
 [0.0000e+00 0.0000e+00 0.0000e+00 0.0000e+00 0.0000e+00 0.0000e+00
  3.1600e+01 3.8000e+00 6.6000e+00 0.0000e+00 0.0000e+00 1.0680e+03
  0.0000e+00 0.0000e+00 0.0000e+00]
 [0.0000e+00 0.0000e+00 0.0000e+00 0.0000e+00 0.0000e+00 0.0000e+00
  2.0000e-01 0.0000e+00 0.0000e+00 1.4000e+00 1.1400e+01 1.2000e+00
  4.0780e+02 0.0000e+00 0.0000e+00]
 [0.0000e+00 0.0000e+00 0.0000e+00 0.0000e+00 0.0000e+00 0.0000e+00
  0.0000e+00 0.0000e+00 0.0000e+00 0.0000e+00 0.0000e+00 0.0000e+00
  0.0000e+00 3.8500e+02 0.0000e+00]
 [0.0000e+00 0.0000e+00 0.0000e+00 0.0000e+00 0.0000e+00 0.0000e+00
  0.0000e+00 0.0000e+00 0.0000e+00 0.0000e+00 0.0000e+00 0.0000e+00
  0.0000e+00 0.0000e+00 5.9400e+02]]---
Accuracy: 98.06 +- 0.41
---
class acc :
	Healthy grass: 98.13 +- 1.21
	Stressed grass: 99.24 +- 0.39
	Synthetic grass: 100.00 +- 0.00
	Trees: 99.79 +- 0.23
	Soil: 100.00 +- 0.00
	Water: 96.44 +- 4.61
	Residential: 97.51 +- 0.71
	Commercial: 92.77 +- 3.92
	Road: 97.07 +- 1.11
	Highway: 98.79 +- 1.45
	Railway: 99.28 +- 0.89
	Parking Lot 1: 96.22 +- 1.40
	Parking Lot 2: 96.64 +- 1.59
	Tennis Court: 100.00 +- 0.00
	Running Track: 100.00 +- 0.00
---
AA: 98.12 +- 0.49
Kappa: 97.90 +- 0.44
