run 1 / 5
Best validation overall accuracy 0.9943181818181818
Confusion matrix :
[[1125    0    0    1    0    0    0    0    0    0    0    0    0    0
     0]
 [   7 1122    0    0    0    0    0    0    0    0    0    0    0    0
     0]
 [   0    0  627    0    0    0    0    0    0    0    0    0    0    0
     0]
 [   0    0    0 1120    0    0    0    0    0    0    0    0    0    0
     0]
 [   0    0    0    0 1118    0    0    0    0    0    0    0    0    0
     0]
 [   0    0    0    0    0  292    0    0    0    0    0    0    0    0
     0]
 [   0    0    0    0    0    0 1135    0    5    0    1    0    0    0
     0]
 [   0    0    0    0    0    0    0 1040    0   17   29   25    0    0
     9]
 [   0    0    0    0    0    0    0    6 1066   28    0   27    0    0
     0]
 [   0    0    0    0    0    0    0    0    0 1104    0    0    0    0
     0]
 [   0    0    0    0    0    0    0    0    0    3 1109    0    0    0
     0]
 [   0    0    0    0    0    0    0    8    2    0    0 1100    0    0
     0]
 [   0    0    0    0    0    0    0    0    0    2    4    3  413    0
     0]
 [   0    0    0    0    0    0    0    0    0    0    0    0    0  385
     0]
 [   0    0    0    0    0    0    0    0    0    0    0    0    0    0
   594]]---
Accuracy : 98.69%
---
class acc :
	Healthy grass: 99.91
	Stressed grass: 99.38
	Synthetic grass: 100.00
	Trees: 100.00
	Soil: 100.00
	Water: 100.00
	Residential: 99.47
	Commercial: 92.86
	Road: 94.59
	Highway: 100.00
	Railway: 99.73
	Parking Lot 1: 99.10
	Parking Lot 2: 97.87
	Tennis Court: 100.00
	Running Track: 100.00
---
AA: 98.86%
Kappa: 98.59
run 2 / 5
Best validation overall accuracy 0.9928977272727273
Confusion matrix :
[[1117    5    0    4    0    0    0    0    0    0    0    0    0    0
     0]
 [   3 1126    0    0    0    0    0    0    0    0    0    0    0    0
     0]
 [   0    0  624    0    0    0    0    0    0    0    0    0    0    0
     3]
 [   7    0    0 1112    0    0    1    0    0    0    0    0    0    0
     0]
 [   0    0    0    0 1118    0    0    0    0    0    0    0    0    0
     0]
 [   0    0    0    0    0  291    1    0    0    0    0    0    0    0
     0]
 [   0    0    0    0    0    0 1141    0    0    0    0    0    0    0
     0]
 [   0    0    0    0    0    0    0 1077    0    0    0   43    0    0
     0]
 [   0    0    0    0    0    0    4    0 1109    3    3    8    0    0
     0]
 [   0    0    0    0    0    0    0    0    1 1103    0    0    0    0
     0]
 [   0    0    0    0    0    0    0    0    0    0 1112    0    0    0
     0]
 [   0    0    0    0    0    0   51    0    5    0    0 1054    0    0
     0]
 [   0    0    0    0    0    0    0    0    0    0    0    3  419    0
     0]
 [   0    0    0    0    0    0    0    0    0    0    0    0    0  385
     0]
 [   0    0    0    0    0    0    0    0    0    0    0    0    0    0
   594]]---
Accuracy : 98.93%
---
class acc :
	Healthy grass: 99.20
	Stressed grass: 99.73
	Synthetic grass: 99.52
	Trees: 99.29
	Soil: 100.00
	Water: 99.66
	Residential: 100.00
	Commercial: 96.16
	Road: 98.40
	Highway: 99.91
	Railway: 100.00
	Parking Lot 1: 94.95
	Parking Lot 2: 99.29
	Tennis Court: 100.00
	Running Track: 100.00
---
AA: 99.07%
Kappa: 98.84
run 3 / 5
Best validation overall accuracy 0.9886363636363636
Confusion matrix :
[[1046   44    0   32    0    4    0    0    0    0    0    0    0    0
     0]
 [  23 1106    0    0    0    0    0    0    0    0    0    0    0    0
     0]
 [   0    0  627    0    0    0    0    0    0    0    0    0    0    0
     0]
 [   0    0    0 1120    0    0    0    0    0    0    0    0    0    0
     0]
 [   0    0    0    0 1117    0    0    1    0    0    0    0    0    0
     0]
 [   0    0    0    0    0  286    0    6    0    0    0    0    0    0
     0]
 [   0    0    0    0    0    0 1139    0    2    0    0    0    0    0
     0]
 [   0    0    0    0    6    0    0 1074    0    0    0   12    0    0
    28]
 [   0    0    0    0    0    0    4    0 1121    0    2    0    0    0
     0]
 [   0    0    0    0    0    0    0    0    0 1104    0    0    0    0
     0]
 [   0    0    0    0    0    0    0    0    0    0 1112    0    0    0
     0]
 [   0    0    0    0    0    0   18    0    5    0    0 1083    4    0
     0]
 [   0    0    0    0    0    0    0    0    0   18    0    0  404    0
     0]
 [   0    0    0    0    0    0    0    0    0    0    0    0    0  385
     0]
 [   0    0    0    0    0    0    0    0    0    0    0    0    0    0
   594]]---
Accuracy : 98.45%
---
class acc :
	Healthy grass: 92.90
	Stressed grass: 97.96
	Synthetic grass: 100.00
	Trees: 100.00
	Soil: 99.91
	Water: 97.95
	Residential: 99.82
	Commercial: 95.89
	Road: 99.47
	Highway: 100.00
	Railway: 100.00
	Parking Lot 1: 97.57
	Parking Lot 2: 95.73
	Tennis Court: 100.00
	Running Track: 100.00
---
AA: 98.48%
Kappa: 98.33
run 4 / 5
Best validation overall accuracy 0.9857954545454546
Confusion matrix :
[[1108    0    0   11    0    7    0    0    0    0    0    0    0    0
     0]
 [   6 1123    0    0    0    0    0    0    0    0    0    0    0    0
     0]
 [   0    0  627    0    0    0    0    0    0    0    0    0    0    0
     0]
 [  10    0    0 1100    0    0    5    0    5    0    0    0    0    0
     0]
 [   0    0    0    0 1118    0    0    0    0    0    0    0    0    0
     0]
 [   0    0    0    0    0  255   36    0    1    0    0    0    0    0
     0]
 [   0    0    0    0    0    0 1136    0    0    0    5    0    0    0
     0]
 [   0    0    0    0    2    0    2 1077    2    0    0    7    1    0
    29]
 [   0    0    0    0    0    0    0    0 1124    2    0    1    0    0
     0]
 [   0    0    0    0    0    0    0    0    0 1104    0    0    0    0
     0]
 [   0    0    0    0    0    0    0    0    0    0 1112    0    0    0
     0]
 [   0    0    0    0    0    0    0    3    1    0    0 1106    0    0
     0]
 [   0    0    0    0    0    0    0    0    0    0    0    1  421    0
     0]
 [   0    0    0    0    0    0    0    0    0    0    0    0    0  385
     0]
 [   0    0    2    0    0    0    0    0    0    0    0    0    0    0
   592]]---
Accuracy : 98.97%
---
class acc :
	Healthy grass: 98.40
	Stressed grass: 99.47
	Synthetic grass: 100.00
	Trees: 98.21
	Soil: 100.00
	Water: 87.33
	Residential: 99.56
	Commercial: 96.16
	Road: 99.73
	Highway: 100.00
	Railway: 100.00
	Parking Lot 1: 99.64
	Parking Lot 2: 99.76
	Tennis Court: 100.00
	Running Track: 99.66
---
AA: 98.53%
Kappa: 98.89
run 5 / 5
Best validation overall accuracy 0.9971590909090909
Confusion matrix :
[[1108    3    0   15    0    0    0    0    0    0    0    0    0    0
     0]
 [   2 1127    0    0    0    0    0    0    0    0    0    0    0    0
     0]
 [   0    0  626    0    0    0    0    0    0    0    0    0    0    0
     1]
 [   0    0    0 1119    0    0    1    0    0    0    0    0    0    0
     0]
 [   0    0    0    0 1118    0    0    0    0    0    0    0    0    0
     0]
 [   6    0    0    1    0  284    0    1    0    0    0    0    0    0
     0]
 [   0    0    0    0    0    0 1133    0    7    0    1    0    0    0
     0]
 [   0    0    0    0    8    0   26 1065    0    0    0    0    1    0
    20]
 [   0    0    0    0    0    0    3    0 1106    4   14    0    0    0
     0]
 [   0    0    0    0    0    0    0    0    0 1102    0    0    2    0
     0]
 [   0    0    0    0    0    0    0    0    0    0 1112    0    0    0
     0]
 [   0    0    0    0    0    0    7    0    4   11    0 1074   14    0
     0]
 [   0    0    0    0    0    0    0    0    0    0    0    0  422    0
     0]
 [   0    0    0    0    0    0    0    0    0    0    0    0    0  385
     0]
 [   0    0    0    0    0    0    0    0    0    0    0    0    0    0
   594]]---
Accuracy : 98.88%
---
class acc :
	Healthy grass: 98.40
	Stressed grass: 99.82
	Synthetic grass: 99.84
	Trees: 99.91
	Soil: 100.00
	Water: 97.26
	Residential: 99.30
	Commercial: 95.09
	Road: 98.14
	Highway: 99.82
	Railway: 100.00
	Parking Lot 1: 96.76
	Parking Lot 2: 100.00
	Tennis Court: 100.00
	Running Track: 100.00
---
AA: 98.96%
Kappa: 98.79
Agregated results :
Confusion matrix :
[[1.1008e+03 1.0400e+01 0.0000e+00 1.2600e+01 0.0000e+00 2.2000e+00
  0.0000e+00 0.0000e+00 0.0000e+00 0.0000e+00 0.0000e+00 0.0000e+00
  0.0000e+00 0.0000e+00 0.0000e+00]
 [8.2000e+00 1.1208e+03 0.0000e+00 0.0000e+00 0.0000e+00 0.0000e+00
  0.0000e+00 0.0000e+00 0.0000e+00 0.0000e+00 0.0000e+00 0.0000e+00
  0.0000e+00 0.0000e+00 0.0000e+00]
 [0.0000e+00 0.0000e+00 6.2620e+02 0.0000e+00 0.0000e+00 0.0000e+00
  0.0000e+00 0.0000e+00 0.0000e+00 0.0000e+00 0.0000e+00 0.0000e+00
  0.0000e+00 0.0000e+00 8.0000e-01]
 [3.4000e+00 0.0000e+00 0.0000e+00 1.1142e+03 0.0000e+00 0.0000e+00
  1.4000e+00 0.0000e+00 1.0000e+00 0.0000e+00 0.0000e+00 0.0000e+00
  0.0000e+00 0.0000e+00 0.0000e+00]
 [0.0000e+00 0.0000e+00 0.0000e+00 0.0000e+00 1.1178e+03 0.0000e+00
  0.0000e+00 2.0000e-01 0.0000e+00 0.0000e+00 0.0000e+00 0.0000e+00
  0.0000e+00 0.0000e+00 0.0000e+00]
 [1.2000e+00 0.0000e+00 0.0000e+00 2.0000e-01 0.0000e+00 2.8160e+02
  7.4000e+00 1.4000e+00 2.0000e-01 0.0000e+00 0.0000e+00 0.0000e+00
  0.0000e+00 0.0000e+00 0.0000e+00]
 [0.0000e+00 0.0000e+00 0.0000e+00 0.0000e+00 0.0000e+00 0.0000e+00
  1.1368e+03 0.0000e+00 2.8000e+00 0.0000e+00 1.4000e+00 0.0000e+00
  0.0000e+00 0.0000e+00 0.0000e+00]
 [0.0000e+00 0.0000e+00 0.0000e+00 0.0000e+00 3.2000e+00 0.0000e+00
  5.6000e+00 1.0666e+03 4.0000e-01 3.4000e+00 5.8000e+00 1.7400e+01
  4.0000e-01 0.0000e+00 1.7200e+01]
 [0.0000e+00 0.0000e+00 0.0000e+00 0.0000e+00 0.0000e+00 0.0000e+00
  2.2000e+00 1.2000e+00 1.1052e+03 7.4000e+00 3.8000e+00 7.2000e+00
  0.0000e+00 0.0000e+00 0.0000e+00]
 [0.0000e+00 0.0000e+00 0.0000e+00 0.0000e+00 0.0000e+00 0.0000e+00
  0.0000e+00 0.0000e+00 2.0000e-01 1.1034e+03 0.0000e+00 0.0000e+00
  4.0000e-01 0.0000e+00 0.0000e+00]
 [0.0000e+00 0.0000e+00 0.0000e+00 0.0000e+00 0.0000e+00 0.0000e+00
  0.0000e+00 0.0000e+00 0.0000e+00 6.0000e-01 1.1114e+03 0.0000e+00
  0.0000e+00 0.0000e+00 0.0000e+00]
 [0.0000e+00 0.0000e+00 0.0000e+00 0.0000e+00 0.0000e+00 0.0000e+00
  1.5200e+01 2.2000e+00 3.4000e+00 2.2000e+00 0.0000e+00 1.0834e+03
  3.6000e+00 0.0000e+00 0.0000e+00]
 [0.0000e+00 0.0000e+00 0.0000e+00 0.0000e+00 0.0000e+00 0.0000e+00
  0.0000e+00 0.0000e+00 0.0000e+00 4.0000e+00 8.0000e-01 1.4000e+00
  4.1580e+02 0.0000e+00 0.0000e+00]
 [0.0000e+00 0.0000e+00 0.0000e+00 0.0000e+00 0.0000e+00 0.0000e+00
  0.0000e+00 0.0000e+00 0.0000e+00 0.0000e+00 0.0000e+00 0.0000e+00
  0.0000e+00 3.8500e+02 0.0000e+00]
 [0.0000e+00 0.0000e+00 4.0000e-01 0.0000e+00 0.0000e+00 0.0000e+00
  0.0000e+00 0.0000e+00 0.0000e+00 0.0000e+00 0.0000e+00 0.0000e+00
  0.0000e+00 0.0000e+00 5.9360e+02]]---
Accuracy: 98.78 +- 0.19
---
class acc :
	Healthy grass: 97.76 +- 2.50
	Stressed grass: 99.27 +- 0.68
	Synthetic grass: 99.87 +- 0.19
	Trees: 99.48 +- 0.69
	Soil: 99.98 +- 0.04
	Water: 96.44 +- 4.67
	Residential: 99.63 +- 0.25
	Commercial: 95.23 +- 1.25
	Road: 98.07 +- 1.84
	Highway: 99.95 +- 0.07
	Railway: 99.95 +- 0.11
	Parking Lot 1: 97.60 +- 1.68
	Parking Lot 2: 98.53 +- 1.58
	Tennis Court: 100.00 +- 0.00
	Running Track: 99.93 +- 0.13
---
AA: 98.78 +- 0.24
Kappa: 98.69 +- 0.21
