run 1 / 5
Best validation overall accuracy 0.9744318181818182
Confusion matrix :
[[1102    7    0   17    0    0    0    0    0    0    0    0    0    0
     0]
 [   7 1122    0    0    0    0    0    0    0    0    0    0    0    0
     0]
 [   0    0  626    0    0    0    1    0    0    0    0    0    0    0
     0]
 [  13    2    0 1105    0    0    0    0    0    0    0    0    0    0
     0]
 [   0    0    0    0 1118    0    0    0    0    0    0    0    0    0
     0]
 [   0    0    6    0    0  286    0    0    0    0    0    0    0    0
     0]
 [   0    1    3    0    0    1 1094   17    8    4    7    0    6    0
     0]
 [   0    0    0    0   17    0    9  984    5   17   18   33   20    0
    17]
 [   0    0    0    0    4    0    3    0  968   54   35   58    5    0
     0]
 [   0    0    0    0    0    0    1    0   39 1049    7    8    0    0
     0]
 [   0    0    0    0    0    0   19    0   16   25 1050    0    2    0
     0]
 [   0    0    0    0    1    0   57    1   38   13    5  995    0    0
     0]
 [   0    0    0    0    0    0    1    5    1    1   11   28  375    0
     0]
 [   0    0    0    0    0    0    1    0    0    0    0    0    1  383
     0]
 [   0    0    0    0    0    0    0    0    0    0    0    0    2    0
   592]]---
Accuracy : 94.99%
---
class acc :
	Healthy grass: 97.87
	Stressed grass: 99.38
	Synthetic grass: 99.84
	Trees: 98.66
	Soil: 100.00
	Water: 97.95
	Residential: 95.88
	Commercial: 87.86
	Road: 85.89
	Highway: 95.02
	Railway: 94.42
	Parking Lot 1: 89.64
	Parking Lot 2: 88.86
	Tennis Court: 99.48
	Running Track: 99.66
---
AA: 95.36%
Kappa: 94.58
run 2 / 5
Best validation overall accuracy 0.9659090909090909
Confusion matrix :
[[1084   12    0   30    0    0    0    0    0    0    0    0    0    0
     0]
 [   9 1113    0    7    0    0    0    0    0    0    0    0    0    0
     0]
 [   0    0  615    0    0    0   10    0    0    1    1    0    0    0
     0]
 [   1    0    0 1119    0    0    0    0    0    0    0    0    0    0
     0]
 [   0    0    0    0 1107    0    0    0   11    0    0    0    0    0
     0]
 [   0    0    0    0    0  278    3    5    0    0    0    6    0    0
     0]
 [   0    0    0    1    0    0 1115    5    0    2    4   10    4    0
     0]
 [   0    0    0    0    3    0    7 1016   12    1   13   39   21    0
     8]
 [   0    0    0    0   18    0    8    0  938   97   20   44    2    0
     0]
 [   0    0    0    0    0    0    0    0    8 1092    3    1    0    0
     0]
 [   0    0    0    0    1    0    5    0   39   25 1033    0    9    0
     0]
 [   0    0    0    0    0    0   43    1   36   36    3  990    1    0
     0]
 [   0    0    0    0    0    0    0    1    0    3    6   21  391    0
     0]
 [   0    0    0    0    0    0    0    0    0    0    2    0    1  382
     0]
 [   0    0    0    0    0    0    0    0    0    0    0    0    0    0
   594]]---
Accuracy : 95.12%
---
class acc :
	Healthy grass: 96.27
	Stressed grass: 98.58
	Synthetic grass: 98.09
	Trees: 99.91
	Soil: 99.02
	Water: 95.21
	Residential: 97.72
	Commercial: 90.71
	Road: 83.23
	Highway: 98.91
	Railway: 92.90
	Parking Lot 1: 89.19
	Parking Lot 2: 92.65
	Tennis Court: 99.22
	Running Track: 100.00
---
AA: 95.44%
Kappa: 94.73
run 3 / 5
Best validation overall accuracy 0.953125
Confusion matrix :
[[1051   44    0   31    0    0    0    0    0    0    0    0    0    0
     0]
 [   6 1123    0    0    0    0    0    0    0    0    0    0    0    0
     0]
 [   0    0  627    0    0    0    0    0    0    0    0    0    0    0
     0]
 [  40   16    0 1064    0    0    0    0    0    0    0    0    0    0
     0]
 [   0    0    0    0 1117    0    0    0    0    0    0    1    0    0
     0]
 [   0    0    0    0    0  266    4    5    1    0    0    0   16    0
     0]
 [   0    1    2    0    0    0 1107    7    2    1    9    9    3    0
     0]
 [   0    0    0    0   14    3    4  990    4    0   10   26   41   19
     9]
 [   0    0    0    0   18    0    4    0 1014   22   29   38    2    0
     0]
 [   0    0    0    0    0    0    0    0   56 1028    9   10    1    0
     0]
 [   0    0    0    0    0    0    8    0   28   12 1064    0    0    0
     0]
 [   0    0    0    0    0    0   52    0   34   13    1 1009    1    0
     0]
 [   0    0    0    0    0    0    2    7    3    2   14   14  380    0
     0]
 [   0    0    0    0    0    0    0    0    0    0    0    0    2  383
     0]
 [   0    0    0    0    0    0    0    0    0    0    0    0    1    0
   593]]---
Accuracy : 94.74%
---
class acc :
	Healthy grass: 93.34
	Stressed grass: 99.47
	Synthetic grass: 100.00
	Trees: 95.00
	Soil: 99.91
	Water: 91.10
	Residential: 97.02
	Commercial: 88.39
	Road: 89.97
	Highway: 93.12
	Railway: 95.68
	Parking Lot 1: 90.90
	Parking Lot 2: 90.05
	Tennis Court: 99.48
	Running Track: 99.83
---
AA: 94.88%
Kappa: 94.32
run 4 / 5
Best validation overall accuracy 0.9474431818181818
Confusion matrix :
[[1095    2    0   29    0    0    0    0    0    0    0    0    0    0
     0]
 [  22 1107    0    0    0    0    0    0    0    0    0    0    0    0
     0]
 [   0    0  627    0    0    0    0    0    0    0    0    0    0    0
     0]
 [   7   14    0 1099    0    0    0    0    0    0    0    0    0    0
     0]
 [   0    0    0    0 1100    0    0    0   15    0    0    3    0    0
     0]
 [   0    0    3    0    0  253   32    4    0    0    0    0    0    0
     0]
 [   0    1    2    1    0    0 1041   22    2    2   22   39    9    0
     0]
 [   0    0    0    0    1    0   22 1002   19    1    5   52    5    0
    13]
 [   0    0    0    0    0    0    2    0 1035   33   24   33    0    0
     0]
 [   0    0    0    0    0    0    0    0   34 1063    2    5    0    0
     0]
 [   0    0    0    0    0    0   12    2   43   14 1029    1    9    2
     0]
 [   0    0    0    0    0    0    8    3   50   19    0 1030    0    0
     0]
 [   0    0    0    0    0    0    3   17   13    2    4   15  368    0
     0]
 [   0    0    0    0    0    0    0    0    0    0    0    0    1  384
     0]
 [   0    0    0    0    0    0    0    0    0    0    1    0    0    0
   593]]---
Accuracy : 94.82%
---
class acc :
	Healthy grass: 97.25
	Stressed grass: 98.05
	Synthetic grass: 100.00
	Trees: 98.12
	Soil: 98.39
	Water: 86.64
	Residential: 91.24
	Commercial: 89.46
	Road: 91.84
	Highway: 96.29
	Railway: 92.54
	Parking Lot 1: 92.79
	Parking Lot 2: 87.20
	Tennis Court: 99.74
	Running Track: 99.83
---
AA: 94.63%
Kappa: 94.40
run 5 / 5
Best validation overall accuracy 0.9559659090909091
Confusion matrix :
[[1092    7    0   27    0    0    0    0    0    0    0    0    0    0
     0]
 [   7 1122    0    0    0    0    0    0    0    0    0    0    0    0
     0]
 [   0    0  622    0    0    0    1    0    0    0    1    0    3    0
     0]
 [   7   13    0 1099    0    0    1    0    0    0    0    0    0    0
     0]
 [   0    0    0    0 1115    0    0    0    0    0    1    2    0    0
     0]
 [   0    0    0    0    0  285    0    1    0    0    0    0    6    0
     0]
 [   0    1    0    0    0    0 1089   18    3    5   14    0    6    0
     5]
 [   0    0    0    0    6    0   27 1024    4    0    5   16   11   17
    10]
 [   1    1    0    0   10    0    2   11  937   43   33   87    2    0
     0]
 [   0    0    0    0    0    0    0    0   30 1033   23   18    0    0
     0]
 [   0    0    0    0    0    0   14    0   23    5 1067    1    2    0
     0]
 [   0    0    0    0    0    0   58   21   30    3    1  997    0    0
     0]
 [   0    0    0    0    0    0    0    6    0    1   12   14  388    0
     1]
 [   0    0    0    0    0    0    0    0    0    0    0    0    1  384
     0]
 [   0    0    0    0    0    0    0    0    0    0    0    0    0    0
   594]]---
Accuracy : 94.98%
---
class acc :
	Healthy grass: 96.98
	Stressed grass: 99.38
	Synthetic grass: 99.20
	Trees: 98.12
	Soil: 99.73
	Water: 97.60
	Residential: 95.44
	Commercial: 91.43
	Road: 83.14
	Highway: 93.57
	Railway: 95.95
	Parking Lot 1: 89.82
	Parking Lot 2: 91.94
	Tennis Court: 99.74
	Running Track: 100.00
---
AA: 95.47%
Kappa: 94.57
Agregated results :
Confusion matrix :
[[1.0848e+03 1.4400e+01 0.0000e+00 2.6800e+01 0.0000e+00 0.0000e+00
  0.0000e+00 0.0000e+00 0.0000e+00 0.0000e+00 0.0000e+00 0.0000e+00
  0.0000e+00 0.0000e+00 0.0000e+00]
 [1.0200e+01 1.1174e+03 0.0000e+00 1.4000e+00 0.0000e+00 0.0000e+00
  0.0000e+00 0.0000e+00 0.0000e+00 0.0000e+00 0.0000e+00 0.0000e+00
  0.0000e+00 0.0000e+00 0.0000e+00]
 [0.0000e+00 0.0000e+00 6.2340e+02 0.0000e+00 0.0000e+00 0.0000e+00
  2.4000e+00 0.0000e+00 0.0000e+00 2.0000e-01 4.0000e-01 0.0000e+00
  6.0000e-01 0.0000e+00 0.0000e+00]
 [1.3600e+01 9.0000e+00 0.0000e+00 1.0972e+03 0.0000e+00 0.0000e+00
  2.0000e-01 0.0000e+00 0.0000e+00 0.0000e+00 0.0000e+00 0.0000e+00
  0.0000e+00 0.0000e+00 0.0000e+00]
 [0.0000e+00 0.0000e+00 0.0000e+00 0.0000e+00 1.1114e+03 0.0000e+00
  0.0000e+00 0.0000e+00 5.2000e+00 0.0000e+00 2.0000e-01 1.2000e+00
  0.0000e+00 0.0000e+00 0.0000e+00]
 [0.0000e+00 0.0000e+00 1.8000e+00 0.0000e+00 0.0000e+00 2.7360e+02
  7.8000e+00 3.0000e+00 2.0000e-01 0.0000e+00 0.0000e+00 1.2000e+00
  4.4000e+00 0.0000e+00 0.0000e+00]
 [0.0000e+00 8.0000e-01 1.4000e+00 4.0000e-01 0.0000e+00 2.0000e-01
  1.0892e+03 1.3800e+01 3.0000e+00 2.8000e+00 1.1200e+01 1.1600e+01
  5.6000e+00 0.0000e+00 1.0000e+00]
 [0.0000e+00 0.0000e+00 0.0000e+00 0.0000e+00 8.2000e+00 6.0000e-01
  1.3800e+01 1.0032e+03 8.8000e+00 3.8000e+00 1.0200e+01 3.3200e+01
  1.9600e+01 7.2000e+00 1.1400e+01]
 [2.0000e-01 2.0000e-01 0.0000e+00 0.0000e+00 1.0000e+01 0.0000e+00
  3.8000e+00 2.2000e+00 9.7840e+02 4.9800e+01 2.8200e+01 5.2000e+01
  2.2000e+00 0.0000e+00 0.0000e+00]
 [0.0000e+00 0.0000e+00 0.0000e+00 0.0000e+00 0.0000e+00 0.0000e+00
  2.0000e-01 0.0000e+00 3.3400e+01 1.0530e+03 8.8000e+00 8.4000e+00
  2.0000e-01 0.0000e+00 0.0000e+00]
 [0.0000e+00 0.0000e+00 0.0000e+00 0.0000e+00 2.0000e-01 0.0000e+00
  1.1600e+01 4.0000e-01 2.9800e+01 1.6200e+01 1.0486e+03 4.0000e-01
  4.4000e+00 4.0000e-01 0.0000e+00]
 [0.0000e+00 0.0000e+00 0.0000e+00 0.0000e+00 2.0000e-01 0.0000e+00
  4.3600e+01 5.2000e+00 3.7600e+01 1.6800e+01 2.0000e+00 1.0042e+03
  4.0000e-01 0.0000e+00 0.0000e+00]
 [0.0000e+00 0.0000e+00 0.0000e+00 0.0000e+00 0.0000e+00 0.0000e+00
  1.2000e+00 7.2000e+00 3.4000e+00 1.8000e+00 9.4000e+00 1.8400e+01
  3.8040e+02 0.0000e+00 2.0000e-01]
 [0.0000e+00 0.0000e+00 0.0000e+00 0.0000e+00 0.0000e+00 0.0000e+00
  2.0000e-01 0.0000e+00 0.0000e+00 0.0000e+00 4.0000e-01 0.0000e+00
  1.2000e+00 3.8320e+02 0.0000e+00]
 [0.0000e+00 0.0000e+00 0.0000e+00 0.0000e+00 0.0000e+00 0.0000e+00
  0.0000e+00 0.0000e+00 0.0000e+00 0.0000e+00 2.0000e-01 0.0000e+00
  6.0000e-01 0.0000e+00 5.9320e+02]]---
Accuracy: 94.93 +- 0.13
---
class acc :
	Healthy grass: 96.34 +- 1.59
	Stressed grass: 98.97 +- 0.56
	Synthetic grass: 99.43 +- 0.73
	Trees: 97.96 +- 1.62
	Soil: 99.41 +- 0.62
	Water: 93.70 +- 4.29
	Residential: 95.46 +- 2.26
	Commercial: 89.57 +- 1.35
	Road: 86.81 +- 3.53
	Highway: 95.38 +- 2.09
	Railway: 94.30 +- 1.40
	Parking Lot 1: 90.47 +- 1.29
	Parking Lot 2: 90.14 +- 1.99
	Tennis Court: 99.53 +- 0.19
	Running Track: 99.87 +- 0.13
---
AA: 95.16 +- 0.34
Kappa: 94.52 +- 0.14
