run 1 / 5
Best validation overall accuracy 0.996875
Confusion matrix :
[[976   0   0   0   0   0   0   0   0   0   0   0   0   0   0]
 [  5 973   0   0   0   0   0   0   0   0   0   0   0   0   0]
 [  0   0 543   0   0   0   0   0   0   0   0   0   0   0   1]
 [  2   1   0 967   0   0   0   0   0   0   0   0   0   0   0]
 [  0   0   0   0 969   0   0   0   0   0   0   0   0   0   0]
 [  0   0   0   0   0 249   1   0   3   0   0   0   0   0   0]
 [  0   0   0   0   0   0 986   0   0   0   3   0   0   0   0]
 [  0   0   0   0   0   0   0 957   0   0   4   0   0   0   9]
 [  0   0   0   0   0   0   0   0 961   8   0   8   0   0   0]
 [  0   0   0   0   0   0   0   0   0 957   0   0   0   0   0]
 [  0   0   0   0   0   0   0   0   0   0 963   0   0   0   0]
 [  0   0   0   0   0   0   9   1   0   0   0 950   2   0   0]
 [  0   0   0   0   0   0   0   0   0   0   0   0 366   0   0]
 [  0   0   0   0   0   0   0   0   0   0   0   0   0 334   0]
 [  0   0   0   0   0   0   0   0   0   0   0   0   0   0 515]]---
Accuracy : 99.51%
---
class acc :
	Healthy grass: 100.00
	Stressed grass: 99.49
	Synthetic grass: 99.82
	Trees: 99.69
	Soil: 100.00
	Water: 98.42
	Residential: 99.70
	Commercial: 98.66
	Road: 98.36
	Highway: 100.00
	Railway: 100.00
	Parking Lot 1: 98.75
	Parking Lot 2: 100.00
	Tennis Court: 100.00
	Running Track: 100.00
---
AA: 99.53%
Kappa: 99.47
run 2 / 5
Best validation overall accuracy 0.99625
Confusion matrix :
[[976   0   0   0   0   0   0   0   0   0   0   0   0   0   0]
 [ 15 963   0   0   0   0   0   0   0   0   0   0   0   0   0]
 [  0   0 541   0   0   0   0   0   0   0   0   0   0   0   3]
 [  3   0   0 966   0   0   1   0   0   0   0   0   0   0   0]
 [  0   0   0   0 969   0   0   0   0   0   0   0   0   0   0]
 [  0   0   0   0   0 248   2   0   3   0   0   0   0   0   0]
 [  0   0   0   0   0   0 989   0   0   0   0   0   0   0   0]
 [  0   0   0   0   0   0   0 966   0   0   0   4   0   0   0]
 [  0   0   0   0   0   0   0   0 975   0   0   2   0   0   0]
 [  0   0   0   0   0   0   0   0   0 957   0   0   0   0   0]
 [  0   0   0   0   0   0   0   0  11   0 952   0   0   0   0]
 [  0   0   0   0   0   0   8   0   1   0   0 952   1   0   0]
 [  0   0   0   0   0   0   0   0   0   0   0   6 360   0   0]
 [  0   0   0   0   0   0   0   0   0   0   0   0   0 334   0]
 [  0   0   0   0   0   0   0   0   0   0   0   0   0   0 515]]---
Accuracy : 99.49%
---
class acc :
	Healthy grass: 100.00
	Stressed grass: 98.47
	Synthetic grass: 99.45
	Trees: 99.59
	Soil: 100.00
	Water: 98.02
	Residential: 100.00
	Commercial: 99.59
	Road: 99.80
	Highway: 100.00
	Railway: 98.86
	Parking Lot 1: 98.96
	Parking Lot 2: 98.36
	Tennis Court: 100.00
	Running Track: 100.00
---
AA: 99.41%
Kappa: 99.45
run 3 / 5
Best validation overall accuracy 0.994375
Confusion matrix :
[[974   0   0   0   0   0   2   0   0   0   0   0   0   0   0]
 [ 12 966   0   0   0   0   0   0   0   0   0   0   0   0   0]
 [  0   0 544   0   0   0   0   0   0   0   0   0   0   0   0]
 [  2   0   0 965   0   0   3   0   0   0   0   0   0   0   0]
 [  0   0   0   0 969   0   0   0   0   0   0   0   0   0   0]
 [  1   0   0   0   0 242  10   0   0   0   0   0   0   0   0]
 [  0   0   0   0   0   0 989   0   0   0   0   0   0   0   0]
 [  0   0   0   0   0   0   0 942   0  15   0   4   0   0   9]
 [  0   0   0   0   0   0   0   0 970   7   0   0   0   0   0]
 [  0   0   0   0   0   0   0   0   0 957   0   0   0   0   0]
 [  0   0   0   0   0   0   0   0   0   0 963   0   0   0   0]
 [  0   0   0   0   0   0  11   3   0   0   0 948   0   0   0]
 [  0   0   0   0   0   0   0   0   0   0   0   8 358   0   0]
 [  0   0   0   0   0   0   0   0   0   0   0   0   0 334   0]
 [  0   0   0   0   0   0   0   0   0   0   0   0   0   0 515]]---
Accuracy : 99.26%
---
class acc :
	Healthy grass: 99.80
	Stressed grass: 98.77
	Synthetic grass: 100.00
	Trees: 99.48
	Soil: 100.00
	Water: 95.65
	Residential: 100.00
	Commercial: 97.11
	Road: 99.28
	Highway: 100.00
	Railway: 100.00
	Parking Lot 1: 98.54
	Parking Lot 2: 97.81
	Tennis Court: 100.00
	Running Track: 100.00
---
AA: 99.10%
Kappa: 99.20
run 4 / 5
Best validation overall accuracy 0.99375
Confusion matrix :
[[976   0   0   0   0   0   0   0   0   0   0   0   0   0   0]
 [  0 978   0   0   0   0   0   0   0   0   0   0   0   0   0]
 [  0   0 543   0   0   0   0   0   0   0   0   0   0   0   1]
 [  2   0   0 967   0   0   0   0   1   0   0   0   0   0   0]
 [  0   0   0   0 969   0   0   0   0   0   0   0   0   0   0]
 [  0   0   0   0   0 249   0   0   4   0   0   0   0   0   0]
 [  0   0   0   0   0   0 989   0   0   0   0   0   0   0   0]
 [  0   0   0   0   8   0   0 940   3   0   0  11   8   0   0]
 [  0   0   0   0   0   0   0   0 977   0   0   0   0   0   0]
 [  0   0   0   0   0   0   0   0   0 957   0   0   0   0   0]
 [  0   0   0   0   0   0   0   0   0   0 963   0   0   0   0]
 [  0   0   0   0   0   0   6   0   0   0   0 941  15   0   0]
 [  0   0   0   0   0   0   0   0   0   8   0   0 358   0   0]
 [  0   0   0   0   0   0   0   0   0   0   0   0   0 334   0]
 [  0   0   0   0   0   0   0   0   0   0   0   0   0   0 515]]---
Accuracy : 99.43%
---
class acc :
	Healthy grass: 100.00
	Stressed grass: 100.00
	Synthetic grass: 99.82
	Trees: 99.69
	Soil: 100.00
	Water: 98.42
	Residential: 100.00
	Commercial: 96.91
	Road: 100.00
	Highway: 100.00
	Railway: 100.00
	Parking Lot 1: 97.82
	Parking Lot 2: 97.81
	Tennis Court: 100.00
	Running Track: 100.00
---
AA: 99.36%
Kappa: 99.38
run 5 / 5
Best validation overall accuracy 0.99125
Confusion matrix :
[[957   0   0  19   0   0   0   0   0   0   0   0   0   0   0]
 [  4 974   0   0   0   0   0   0   0   0   0   0   0   0   0]
 [  0   0 543   0   0   0   0   0   0   0   0   0   0   0   1]
 [  0   0   0 969   0   0   1   0   0   0   0   0   0   0   0]
 [  0   0   0   0 969   0   0   0   0   0   0   0   0   0   0]
 [  0   0   0   0   0 253   0   0   0   0   0   0   0   0   0]
 [  0   0   0   0   0   0 989   0   0   0   0   0   0   0   0]
 [  0   0   0   0   6   0   0 945   0   0   0   1  18   0   0]
 [  0   0   0   0   0   0   0   0 977   0   0   0   0   0   0]
 [  0   0   0   0   0   0   0   0   0 957   0   0   0   0   0]
 [  0   0   0   0   0   0   0   0   0   0 963   0   0   0   0]
 [  0   0   0   0   0   0   1   0   7   0   0 941  13   0   0]
 [  0   0   0   0   0   0   0   0   0   0   0   0 366   0   0]
 [  0   0   0   0   0   0   0   0   0   0   0   0   0 334   0]
 [  0   0   0   0   0   0   0   0   0   0   0   0   0   0 515]]---
Accuracy : 99.39%
---
class acc :
	Healthy grass: 98.05
	Stressed grass: 99.59
	Synthetic grass: 99.82
	Trees: 99.90
	Soil: 100.00
	Water: 100.00
	Residential: 100.00
	Commercial: 97.42
	Road: 100.00
	Highway: 100.00
	Railway: 100.00
	Parking Lot 1: 97.82
	Parking Lot 2: 100.00
	Tennis Court: 100.00
	Running Track: 100.00
---
AA: 99.51%
Kappa: 99.35
Agregated results :
Confusion matrix :
[[9.718e+02 0.000e+00 0.000e+00 3.800e+00 0.000e+00 0.000e+00 4.000e-01
  0.000e+00 0.000e+00 0.000e+00 0.000e+00 0.000e+00 0.000e+00 0.000e+00
  0.000e+00]
 [7.200e+00 9.708e+02 0.000e+00 0.000e+00 0.000e+00 0.000e+00 0.000e+00
  0.000e+00 0.000e+00 0.000e+00 0.000e+00 0.000e+00 0.000e+00 0.000e+00
  0.000e+00]
 [0.000e+00 0.000e+00 5.428e+02 0.000e+00 0.000e+00 0.000e+00 0.000e+00
  0.000e+00 0.000e+00 0.000e+00 0.000e+00 0.000e+00 0.000e+00 0.000e+00
  1.200e+00]
 [1.800e+00 2.000e-01 0.000e+00 9.668e+02 0.000e+00 0.000e+00 1.000e+00
  0.000e+00 2.000e-01 0.000e+00 0.000e+00 0.000e+00 0.000e+00 0.000e+00
  0.000e+00]
 [0.000e+00 0.000e+00 0.000e+00 0.000e+00 9.690e+02 0.000e+00 0.000e+00
  0.000e+00 0.000e+00 0.000e+00 0.000e+00 0.000e+00 0.000e+00 0.000e+00
  0.000e+00]
 [2.000e-01 0.000e+00 0.000e+00 0.000e+00 0.000e+00 2.482e+02 2.600e+00
  0.000e+00 2.000e+00 0.000e+00 0.000e+00 0.000e+00 0.000e+00 0.000e+00
  0.000e+00]
 [0.000e+00 0.000e+00 0.000e+00 0.000e+00 0.000e+00 0.000e+00 9.884e+02
  0.000e+00 0.000e+00 0.000e+00 6.000e-01 0.000e+00 0.000e+00 0.000e+00
  0.000e+00]
 [0.000e+00 0.000e+00 0.000e+00 0.000e+00 2.800e+00 0.000e+00 0.000e+00
  9.500e+02 6.000e-01 3.000e+00 8.000e-01 4.000e+00 5.200e+00 0.000e+00
  3.600e+00]
 [0.000e+00 0.000e+00 0.000e+00 0.000e+00 0.000e+00 0.000e+00 0.000e+00
  0.000e+00 9.720e+02 3.000e+00 0.000e+00 2.000e+00 0.000e+00 0.000e+00
  0.000e+00]
 [0.000e+00 0.000e+00 0.000e+00 0.000e+00 0.000e+00 0.000e+00 0.000e+00
  0.000e+00 0.000e+00 9.570e+02 0.000e+00 0.000e+00 0.000e+00 0.000e+00
  0.000e+00]
 [0.000e+00 0.000e+00 0.000e+00 0.000e+00 0.000e+00 0.000e+00 0.000e+00
  0.000e+00 2.200e+00 0.000e+00 9.608e+02 0.000e+00 0.000e+00 0.000e+00
  0.000e+00]
 [0.000e+00 0.000e+00 0.000e+00 0.000e+00 0.000e+00 0.000e+00 7.000e+00
  8.000e-01 1.600e+00 0.000e+00 0.000e+00 9.464e+02 6.200e+00 0.000e+00
  0.000e+00]
 [0.000e+00 0.000e+00 0.000e+00 0.000e+00 0.000e+00 0.000e+00 0.000e+00
  0.000e+00 0.000e+00 1.600e+00 0.000e+00 2.800e+00 3.616e+02 0.000e+00
  0.000e+00]
 [0.000e+00 0.000e+00 0.000e+00 0.000e+00 0.000e+00 0.000e+00 0.000e+00
  0.000e+00 0.000e+00 0.000e+00 0.000e+00 0.000e+00 0.000e+00 3.340e+02
  0.000e+00]
 [0.000e+00 0.000e+00 0.000e+00 0.000e+00 0.000e+00 0.000e+00 0.000e+00
  0.000e+00 0.000e+00 0.000e+00 0.000e+00 0.000e+00 0.000e+00 0.000e+00
  5.150e+02]]---
Accuracy: 99.42 +- 0.09
---
class acc :
	Healthy grass: 99.57 +- 0.76
	Stressed grass: 99.26 +- 0.56
	Synthetic grass: 99.78 +- 0.18
	Trees: 99.67 +- 0.14
	Soil: 100.00 +- 0.00
	Water: 98.10 +- 1.40
	Residential: 99.94 +- 0.12
	Commercial: 97.94 +- 1.02
	Road: 99.49 +- 0.62
	Highway: 100.00 +- 0.00
	Railway: 99.77 +- 0.46
	Parking Lot 1: 98.38 +- 0.48
	Parking Lot 2: 98.80 +- 1.00
	Tennis Court: 100.00 +- 0.00
	Running Track: 100.00 +- 0.00
---
AA: 99.38 +- 0.15
Kappa: 99.37 +- 0.10
