run 1 / 5
Best validation overall accuracy 0.99625
Confusion matrix :
[[973   0   0   3   0   0   0   0   0   0   0   0   0   0   0]
 [  5 973   0   0   0   0   0   0   0   0   0   0   0   0   0]
 [  0   0 544   0   0   0   0   0   0   0   0   0   0   0   0]
 [  0   0   0 970   0   0   0   0   0   0   0   0   0   0   0]
 [  0   0   0   0 969   0   0   0   0   0   0   0   0   0   0]
 [  0   0   0   0   0 253   0   0   0   0   0   0   0   0   0]
 [  0   0   0   0   0   0 987   0   2   0   0   0   0   0   0]
 [  0   0   0   0   0   0   0 961   0   0   0   0   0   0   9]
 [  0   0   0   0   0   0   0   0 968   9   0   0   0   0   0]
 [  0   0   0   0   0   0   0   0   0 957   0   0   0   0   0]
 [  0   0   0   0   0   0   0   0   0   0 963   0   0   0   0]
 [  0   0   0   0   0   0   0   2   1   0   0 959   0   0   0]
 [  0   0   0   0   0   0   0   0   0   0   0   0 366   0   0]
 [  0   0   0   0   0   0   0   0   0   0   0   0   0 334   0]
 [  0   0   0   0   0   0   0   0   0   0   0   0   0   0 515]]---
Accuracy : 99.74%
---
class acc :
	Healthy grass: 99.69
	Stressed grass: 99.49
	Synthetic grass: 100.00
	Trees: 100.00
	Soil: 100.00
	Water: 100.00
	Residential: 99.80
	Commercial: 99.07
	Road: 99.08
	Highway: 100.00
	Railway: 100.00
	Parking Lot 1: 99.69
	Parking Lot 2: 100.00
	Tennis Court: 100.00
	Running Track: 100.00
---
AA: 99.79%
Kappa: 99.71
run 2 / 5
Best validation overall accuracy 0.99625
Confusion matrix :
[[975   0   0   0   0   1   0   0   0   0   0   0   0   0   0]
 [ 10 968   0   0   0   0   0   0   0   0   0   0   0   0   0]
 [  0   0 543   0   0   0   0   0   0   0   0   0   0   0   1]
 [  6   0   0 964   0   0   0   0   0   0   0   0   0   0   0]
 [  0   0   0   0 969   0   0   0   0   0   0   0   0   0   0]
 [  0   0   0   0   0 248   3   0   2   0   0   0   0   0   0]
 [  0   0   0   0   0   0 989   0   0   0   0   0   0   0   0]
 [  0   0   0   0   0   0   0 965   0   0   0   5   0   0   0]
 [  0   0   0   0   0   0   2   0 974   0   0   1   0   0   0]
 [  0   0   0   0   0   0   0   0   0 957   0   0   0   0   0]
 [  0   0   0   0   0   0   0   0  29   0 934   0   0   0   0]
 [  0   0   0   0   0   0  10  16   0   0   0 936   0   0   0]
 [  0   0   0   0   0   0   0   0   0   0   0   7 359   0   0]
 [  0   0   0   0   0   0   0   0   0   0   0   0   0 334   0]
 [  0   0   0   0   0   0   0   0   0   0   0   0   0   0 515]]---
Accuracy : 99.21%
---
class acc :
	Healthy grass: 99.90
	Stressed grass: 98.98
	Synthetic grass: 99.82
	Trees: 99.38
	Soil: 100.00
	Water: 98.02
	Residential: 100.00
	Commercial: 99.48
	Road: 99.69
	Highway: 100.00
	Railway: 96.99
	Parking Lot 1: 97.30
	Parking Lot 2: 98.09
	Tennis Court: 100.00
	Running Track: 100.00
---
AA: 99.18%
Kappa: 99.14
run 3 / 5
Best validation overall accuracy 0.994375
Confusion matrix :
[[975   1   0   0   0   0   0   0   0   0   0   0   0   0   0]
 [  7 971   0   0   0   0   0   0   0   0   0   0   0   0   0]
 [  0   0 543   0   0   0   0   0   0   0   0   0   0   0   1]
 [  0   0   0 966   0   0   4   0   0   0   0   0   0   0   0]
 [  0   0   0   0 969   0   0   0   0   0   0   0   0   0   0]
 [  0   0   0   0   0 253   0   0   0   0   0   0   0   0   0]
 [  0   0   0   0   0   0 977   0   1   0  10   0   1   0   0]
 [  0   0   0   0   0   0   0 941   0  16   1   3   0   0   9]
 [  0   0   0   0   0   0   0   0 977   0   0   0   0   0   0]
 [  0   0   0   0   0   0   0   0   0 955   0   0   2   0   0]
 [  0   0   0   0   0   0   0   0   0   0 963   0   0   0   0]
 [  0   0   0   0   0   0  13   0   5   0   0 944   0   0   0]
 [  0   0   0   0   0   0   0   0   0   0   0   0 366   0   0]
 [  0   0   0   0   0   0   0   0   0   0   0   0   0 334   0]
 [  0   0   0   0   0   0   0   0   0   0   0   0   0   0 515]]---
Accuracy : 99.37%
---
class acc :
	Healthy grass: 99.90
	Stressed grass: 99.28
	Synthetic grass: 99.82
	Trees: 99.59
	Soil: 100.00
	Water: 100.00
	Residential: 98.79
	Commercial: 97.01
	Road: 100.00
	Highway: 99.79
	Railway: 100.00
	Parking Lot 1: 98.13
	Parking Lot 2: 100.00
	Tennis Court: 100.00
	Running Track: 100.00
---
AA: 99.49%
Kappa: 99.32
run 4 / 5
Best validation overall accuracy 0.995625
Confusion matrix :
[[969   0   0   6   0   0   1   0   0   0   0   0   0   0   0]
 [  0 978   0   0   0   0   0   0   0   0   0   0   0   0   0]
 [  0   0 544   0   0   0   0   0   0   0   0   0   0   0   0]
 [ 16   0   0 954   0   0   0   0   0   0   0   0   0   0   0]
 [  0   0   0   0 969   0   0   0   0   0   0   0   0   0   0]
 [  0   0   0   0   0 251   2   0   0   0   0   0   0   0   0]
 [  0   0   0   0   0   0 989   0   0   0   0   0   0   0   0]
 [  0   0   0   0   8   0   0 937   0   0   0  25   0   0   0]
 [  0   0   0   0   0   0   2   0 974   1   0   0   0   0   0]
 [  0   0   0   0   0   0   0   0   0 957   0   0   0   0   0]
 [  0   0   0   0   0   0   0   0   0   0 963   0   0   0   0]
 [  0   0   0   0   0   0   6   0   3   0   0 941  12   0   0]
 [  0   0   0   0   0   0   0   0   0   0   0   0 366   0   0]
 [  0   0   0   0   0   0   0   0   0   0   0   0   0 334   0]
 [  0   0   0   0   0   0   0   0   0   0   0   0   0   0 515]]---
Accuracy : 99.30%
---
class acc :
	Healthy grass: 99.28
	Stressed grass: 100.00
	Synthetic grass: 100.00
	Trees: 98.35
	Soil: 100.00
	Water: 99.21
	Residential: 100.00
	Commercial: 96.60
	Road: 99.69
	Highway: 100.00
	Railway: 100.00
	Parking Lot 1: 97.82
	Parking Lot 2: 100.00
	Tennis Court: 100.00
	Running Track: 100.00
---
AA: 99.40%
Kappa: 99.24
run 5 / 5
Best validation overall accuracy 0.99375
Confusion matrix :
[[957   0   0  19   0   0   0   0   0   0   0   0   0   0   0]
 [  3 975   0   0   0   0   0   0   0   0   0   0   0   0   0]
 [  0   0 543   0   0   0   0   0   0   0   0   0   0   0   1]
 [  0   0   0 969   0   0   1   0   0   0   0   0   0   0   0]
 [  0   0   0   0 969   0   0   0   0   0   0   0   0   0   0]
 [  0   0   0   0   0 253   0   0   0   0   0   0   0   0   0]
 [  0   0   0   0   0   0 989   0   0   0   0   0   0   0   0]
 [  0   0   0   0   0   4   0 959   7   0   0   0   0   0   0]
 [  0   0   0   0   0   0   0   1 976   0   0   0   0   0   0]
 [  0   0   0   0   0   0   0   0   0 957   0   0   0   0   0]
 [  0   0   0   0   0   0   0   0   0   0 963   0   0   0   0]
 [  0   0   0   0   0   0   0  14   2   0   0 938   8   0   0]
 [  0   0   0   0   0   0   0   0   0   0   0   0 366   0   0]
 [  0   0   0   0   0   0   0   0   0   0   0   0   0 334   0]
 [  0   0   0   0   0   0   0   0   0   0   0   0   0   0 515]]---
Accuracy : 99.49%
---
class acc :
	Healthy grass: 98.05
	Stressed grass: 99.69
	Synthetic grass: 99.82
	Trees: 99.90
	Soil: 100.00
	Water: 100.00
	Residential: 100.00
	Commercial: 98.87
	Road: 99.90
	Highway: 100.00
	Railway: 100.00
	Parking Lot 1: 97.51
	Parking Lot 2: 100.00
	Tennis Court: 100.00
	Running Track: 100.00
---
AA: 99.58%
Kappa: 99.45
Agregated results :
Confusion matrix :
[[9.698e+02 2.000e-01 0.000e+00 5.600e+00 0.000e+00 2.000e-01 2.000e-01
  0.000e+00 0.000e+00 0.000e+00 0.000e+00 0.000e+00 0.000e+00 0.000e+00
  0.000e+00]
 [5.000e+00 9.730e+02 0.000e+00 0.000e+00 0.000e+00 0.000e+00 0.000e+00
  0.000e+00 0.000e+00 0.000e+00 0.000e+00 0.000e+00 0.000e+00 0.000e+00
  0.000e+00]
 [0.000e+00 0.000e+00 5.434e+02 0.000e+00 0.000e+00 0.000e+00 0.000e+00
  0.000e+00 0.000e+00 0.000e+00 0.000e+00 0.000e+00 0.000e+00 0.000e+00
  6.000e-01]
 [4.400e+00 0.000e+00 0.000e+00 9.646e+02 0.000e+00 0.000e+00 1.000e+00
  0.000e+00 0.000e+00 0.000e+00 0.000e+00 0.000e+00 0.000e+00 0.000e+00
  0.000e+00]
 [0.000e+00 0.000e+00 0.000e+00 0.000e+00 9.690e+02 0.000e+00 0.000e+00
  0.000e+00 0.000e+00 0.000e+00 0.000e+00 0.000e+00 0.000e+00 0.000e+00
  0.000e+00]
 [0.000e+00 0.000e+00 0.000e+00 0.000e+00 0.000e+00 2.516e+02 1.000e+00
  0.000e+00 4.000e-01 0.000e+00 0.000e+00 0.000e+00 0.000e+00 0.000e+00
  0.000e+00]
 [0.000e+00 0.000e+00 0.000e+00 0.000e+00 0.000e+00 0.000e+00 9.862e+02
  0.000e+00 6.000e-01 0.000e+00 2.000e+00 0.000e+00 2.000e-01 0.000e+00
  0.000e+00]
 [0.000e+00 0.000e+00 0.000e+00 0.000e+00 1.600e+00 8.000e-01 0.000e+00
  9.526e+02 1.400e+00 3.200e+00 2.000e-01 6.600e+00 0.000e+00 0.000e+00
  3.600e+00]
 [0.000e+00 0.000e+00 0.000e+00 0.000e+00 0.000e+00 0.000e+00 8.000e-01
  2.000e-01 9.738e+02 2.000e+00 0.000e+00 2.000e-01 0.000e+00 0.000e+00
  0.000e+00]
 [0.000e+00 0.000e+00 0.000e+00 0.000e+00 0.000e+00 0.000e+00 0.000e+00
  0.000e+00 0.000e+00 9.566e+02 0.000e+00 0.000e+00 4.000e-01 0.000e+00
  0.000e+00]
 [0.000e+00 0.000e+00 0.000e+00 0.000e+00 0.000e+00 0.000e+00 0.000e+00
  0.000e+00 5.800e+00 0.000e+00 9.572e+02 0.000e+00 0.000e+00 0.000e+00
  0.000e+00]
 [0.000e+00 0.000e+00 0.000e+00 0.000e+00 0.000e+00 0.000e+00 5.800e+00
  6.400e+00 2.200e+00 0.000e+00 0.000e+00 9.436e+02 4.000e+00 0.000e+00
  0.000e+00]
 [0.000e+00 0.000e+00 0.000e+00 0.000e+00 0.000e+00 0.000e+00 0.000e+00
  0.000e+00 0.000e+00 0.000e+00 0.000e+00 1.400e+00 3.646e+02 0.000e+00
  0.000e+00]
 [0.000e+00 0.000e+00 0.000e+00 0.000e+00 0.000e+00 0.000e+00 0.000e+00
  0.000e+00 0.000e+00 0.000e+00 0.000e+00 0.000e+00 0.000e+00 3.340e+02
  0.000e+00]
 [0.000e+00 0.000e+00 0.000e+00 0.000e+00 0.000e+00 0.000e+00 0.000e+00
  0.000e+00 0.000e+00 0.000e+00 0.000e+00 0.000e+00 0.000e+00 0.000e+00
  5.150e+02]]---
Accuracy: 99.42 +- 0.18
---
class acc :
	Healthy grass: 99.36 +- 0.69
	Stressed grass: 99.49 +- 0.35
	Synthetic grass: 99.89 +- 0.09
	Trees: 99.44 +- 0.59
	Soil: 100.00 +- 0.00
	Water: 99.45 +- 0.77
	Residential: 99.72 +- 0.47
	Commercial: 98.21 +- 1.17
	Road: 99.67 +- 0.32
	Highway: 99.96 +- 0.08
	Railway: 99.40 +- 1.20
	Parking Lot 1: 98.09 +- 0.85
	Parking Lot 2: 99.62 +- 0.77
	Tennis Court: 100.00 +- 0.00
	Running Track: 100.00 +- 0.00
---
AA: 99.49 +- 0.20
Kappa: 99.37 +- 0.20
