run 1 / 5
Best validation overall accuracy 0.9975
Confusion matrix :
[[976   0   0   0   0   0   0   0   0   0   0   0   0   0   0]
 [  2 976   0   0   0   0   0   0   0   0   0   0   0   0   0]
 [  0   0 544   0   0   0   0   0   0   0   0   0   0   0   0]
 [  0   0   0 970   0   0   0   0   0   0   0   0   0   0   0]
 [  0   0   0   0 969   0   0   0   0   0   0   0   0   0   0]
 [  0   0   0   0   0 253   0   0   0   0   0   0   0   0   0]
 [  0   0   0   0   0   0 989   0   0   0   0   0   0   0   0]
 [  0   0   0   0   0   0   0 961   0   0   0   0   0   0   9]
 [  0   0   0   0   0   0   0   0 970   7   0   0   0   0   0]
 [  0   0   0   0   0   0   0   0   0 957   0   0   0   0   0]
 [  0   0   0   0   0   0   0   0   3   0 960   0   0   0   0]
 [  0   0   0   0   0   0   3   3   0   0   0 956   0   0   0]
 [  0   0   0   0   0   0   0   0   0   0   0   2 364   0   0]
 [  0   0   0   0   0   0   0   0   0   0   0   0   0 334   0]
 [  0   0   0   0   0   0   0   0   0   0   0   0   0   0 515]]---
Accuracy : 99.75%
---
class acc :
	Healthy grass: 100.00
	Stressed grass: 99.80
	Synthetic grass: 100.00
	Trees: 100.00
	Soil: 100.00
	Water: 100.00
	Residential: 100.00
	Commercial: 99.07
	Road: 99.28
	Highway: 100.00
	Railway: 99.69
	Parking Lot 1: 99.38
	Parking Lot 2: 99.45
	Tennis Court: 100.00
	Running Track: 100.00
---
AA: 99.78%
Kappa: 99.73
run 2 / 5
Best validation overall accuracy 0.99875
Confusion matrix :
[[975   1   0   0   0   0   0   0   0   0   0   0   0   0   0]
 [  7 971   0   0   0   0   0   0   0   0   0   0   0   0   0]
 [  0   0 543   0   0   0   0   0   0   0   0   0   0   0   1]
 [ 10   0   0 959   0   0   1   0   0   0   0   0   0   0   0]
 [  0   0   0   0 969   0   0   0   0   0   0   0   0   0   0]
 [  0   0   0   0   0 253   0   0   0   0   0   0   0   0   0]
 [  0   0   0   0   0   0 989   0   0   0   0   0   0   0   0]
 [  0   0   0   0   0   0   0 966   0   0   0   4   0   0   0]
 [  0   0   0   0   0   0   0   0 976   0   0   1   0   0   0]
 [  0   0   0   0   0   0   0   0   0 957   0   0   0   0   0]
 [  0   0   0   0   0   0   0   0   5   0 958   0   0   0   0]
 [  0   0   0   0   0   0   4   0   3   0   0 955   0   0   0]
 [  0   0   0   0   0   0   0   0   0   0   0   5 361   0   0]
 [  0   0   0   0   0   0   0   0   0   0   0   0   0 334   0]
 [  0   0   0   0   0   0   0   0   0   0   0   0   0   0 515]]---
Accuracy : 99.64%
---
class acc :
	Healthy grass: 99.90
	Stressed grass: 99.28
	Synthetic grass: 99.82
	Trees: 98.87
	Soil: 100.00
	Water: 100.00
	Residential: 100.00
	Commercial: 99.59
	Road: 99.90
	Highway: 100.00
	Railway: 99.48
	Parking Lot 1: 99.27
	Parking Lot 2: 98.63
	Tennis Court: 100.00
	Running Track: 100.00
---
AA: 99.65%
Kappa: 99.61
run 3 / 5
Best validation overall accuracy 0.995625
Confusion matrix :
[[971   1   0   4   0   0   0   0   0   0   0   0   0   0   0]
 [  7 971   0   0   0   0   0   0   0   0   0   0   0   0   0]
 [  0   0 544   0   0   0   0   0   0   0   0   0   0   0   0]
 [  0   0   0 970   0   0   0   0   0   0   0   0   0   0   0]
 [  0   0   0   0 969   0   0   0   0   0   0   0   0   0   0]
 [  0   0   0   0   0 253   0   0   0   0   0   0   0   0   0]
 [  0   0   0   0   0   0 980   0   0   0   9   0   0   0   0]
 [  0   0   0   0   0   0   0 942   0  15   0   4   0   0   9]
 [  0   0   0   0   0   0   0   0 977   0   0   0   0   0   0]
 [  0   0   0   0   0   0   0   0   0 957   0   0   0   0   0]
 [  0   0   0   0   0   0   0   0   0   0 963   0   0   0   0]
 [  0   0   0   0   0   0  11   2   2   0   0 947   0   0   0]
 [  0   0   0   0   0   0   0   0   0   0   0   0 366   0   0]
 [  0   0   0   0   0   0   0   0   0   0   0   0   0 334   0]
 [  0   0   0   0   0   0   0   0   0   0   0   0   0   0 515]]---
Accuracy : 99.45%
---
class acc :
	Healthy grass: 99.49
	Stressed grass: 99.28
	Synthetic grass: 100.00
	Trees: 100.00
	Soil: 100.00
	Water: 100.00
	Residential: 99.09
	Commercial: 97.11
	Road: 100.00
	Highway: 100.00
	Railway: 100.00
	Parking Lot 1: 98.44
	Parking Lot 2: 100.00
	Tennis Court: 100.00
	Running Track: 100.00
---
AA: 99.56%
Kappa: 99.41
run 4 / 5
Best validation overall accuracy 0.994375
Confusion matrix :
[[976   0   0   0   0   0   0   0   0   0   0   0   0   0   0]
 [  0 978   0   0   0   0   0   0   0   0   0   0   0   0   0]
 [  0   0 544   0   0   0   0   0   0   0   0   0   0   0   0]
 [  8   0   0 962   0   0   0   0   0   0   0   0   0   0   0]
 [  0   0   0   0 969   0   0   0   0   0   0   0   0   0   0]
 [  0   0   0   0   0 253   0   0   0   0   0   0   0   0   0]
 [  0   0   0   0   0   0 989   0   0   0   0   0   0   0   0]
 [  0   0   0   0   0   0   0 942   0   0   0  28   0   0   0]
 [  0   0   0   0   0   0   0   0 970   3   4   0   0   0   0]
 [  0   0   0   0   0   0   0   0   0 957   0   0   0   0   0]
 [  0   0   0   0   0   0   1   0   0   0 962   0   0   0   0]
 [  0   0   0   0   0   0   6   1   1   0   0 941  13   0   0]
 [  0   0   0   0   0   0   0   0   0   3   0   0 363   0   0]
 [  0   0   0   0   0   0   0   0   0   0   0   0   0 334   0]
 [  0   0   0   0   0   0   0   0   0   0   0   0   0   0 515]]---
Accuracy : 99.42%
---
class acc :
	Healthy grass: 100.00
	Stressed grass: 100.00
	Synthetic grass: 100.00
	Trees: 99.18
	Soil: 100.00
	Water: 100.00
	Residential: 100.00
	Commercial: 97.11
	Road: 99.28
	Highway: 100.00
	Railway: 99.90
	Parking Lot 1: 97.82
	Parking Lot 2: 99.18
	Tennis Court: 100.00
	Running Track: 100.00
---
AA: 99.50%
Kappa: 99.37
run 5 / 5
Best validation overall accuracy 0.994375
Confusion matrix :
[[957   0   0  19   0   0   0   0   0   0   0   0   0   0   0]
 [  3 975   0   0   0   0   0   0   0   0   0   0   0   0   0]
 [  0   0 543   0   0   0   0   0   0   0   0   0   0   0   1]
 [  0   0   0 970   0   0   0   0   0   0   0   0   0   0   0]
 [  0   0   0   0 969   0   0   0   0   0   0   0   0   0   0]
 [  0   0   0   0   0 253   0   0   0   0   0   0   0   0   0]
 [  0   0   0   0   0   0 989   0   0   0   0   0   0   0   0]
 [  0   0   0   0   0   0   0 961   2   0   0   5   2   0   0]
 [  0   0   0   0   0   0   0   0 972   1   0   4   0   0   0]
 [  0   0   0   0   0   0   0   0   0 957   0   0   0   0   0]
 [  0   0   0   0   0   0   0   0   0   0 963   0   0   0   0]
 [  0   0   0   0   0   0   0   9   2   0   0 947   4   0   0]
 [  0   0   0   0   0   0   0   0   0   0   0   0 366   0   0]
 [  0   0   0   0   0   0   0   0   0   0   0   0   0 334   0]
 [  0   0   0   0   0   0   0   0   0   0   0   0   0   0 515]]---
Accuracy : 99.56%
---
class acc :
	Healthy grass: 98.05
	Stressed grass: 99.69
	Synthetic grass: 99.82
	Trees: 100.00
	Soil: 100.00
	Water: 100.00
	Residential: 100.00
	Commercial: 99.07
	Road: 99.49
	Highway: 100.00
	Railway: 100.00
	Parking Lot 1: 98.44
	Parking Lot 2: 100.00
	Tennis Court: 100.00
	Running Track: 100.00
---
AA: 99.64%
Kappa: 99.52
Agregated results :
Confusion matrix :
[[9.710e+02 4.000e-01 0.000e+00 4.600e+00 0.000e+00 0.000e+00 0.000e+00
  0.000e+00 0.000e+00 0.000e+00 0.000e+00 0.000e+00 0.000e+00 0.000e+00
  0.000e+00]
 [3.800e+00 9.742e+02 0.000e+00 0.000e+00 0.000e+00 0.000e+00 0.000e+00
  0.000e+00 0.000e+00 0.000e+00 0.000e+00 0.000e+00 0.000e+00 0.000e+00
  0.000e+00]
 [0.000e+00 0.000e+00 5.436e+02 0.000e+00 0.000e+00 0.000e+00 0.000e+00
  0.000e+00 0.000e+00 0.000e+00 0.000e+00 0.000e+00 0.000e+00 0.000e+00
  4.000e-01]
 [3.600e+00 0.000e+00 0.000e+00 9.662e+02 0.000e+00 0.000e+00 2.000e-01
  0.000e+00 0.000e+00 0.000e+00 0.000e+00 0.000e+00 0.000e+00 0.000e+00
  0.000e+00]
 [0.000e+00 0.000e+00 0.000e+00 0.000e+00 9.690e+02 0.000e+00 0.000e+00
  0.000e+00 0.000e+00 0.000e+00 0.000e+00 0.000e+00 0.000e+00 0.000e+00
  0.000e+00]
 [0.000e+00 0.000e+00 0.000e+00 0.000e+00 0.000e+00 2.530e+02 0.000e+00
  0.000e+00 0.000e+00 0.000e+00 0.000e+00 0.000e+00 0.000e+00 0.000e+00
  0.000e+00]
 [0.000e+00 0.000e+00 0.000e+00 0.000e+00 0.000e+00 0.000e+00 9.872e+02
  0.000e+00 0.000e+00 0.000e+00 1.800e+00 0.000e+00 0.000e+00 0.000e+00
  0.000e+00]
 [0.000e+00 0.000e+00 0.000e+00 0.000e+00 0.000e+00 0.000e+00 0.000e+00
  9.544e+02 4.000e-01 3.000e+00 0.000e+00 8.200e+00 4.000e-01 0.000e+00
  3.600e+00]
 [0.000e+00 0.000e+00 0.000e+00 0.000e+00 0.000e+00 0.000e+00 0.000e+00
  0.000e+00 9.730e+02 2.200e+00 8.000e-01 1.000e+00 0.000e+00 0.000e+00
  0.000e+00]
 [0.000e+00 0.000e+00 0.000e+00 0.000e+00 0.000e+00 0.000e+00 0.000e+00
  0.000e+00 0.000e+00 9.570e+02 0.000e+00 0.000e+00 0.000e+00 0.000e+00
  0.000e+00]
 [0.000e+00 0.000e+00 0.000e+00 0.000e+00 0.000e+00 0.000e+00 2.000e-01
  0.000e+00 1.600e+00 0.000e+00 9.612e+02 0.000e+00 0.000e+00 0.000e+00
  0.000e+00]
 [0.000e+00 0.000e+00 0.000e+00 0.000e+00 0.000e+00 0.000e+00 4.800e+00
  3.000e+00 1.600e+00 0.000e+00 0.000e+00 9.492e+02 3.400e+00 0.000e+00
  0.000e+00]
 [0.000e+00 0.000e+00 0.000e+00 0.000e+00 0.000e+00 0.000e+00 0.000e+00
  0.000e+00 0.000e+00 6.000e-01 0.000e+00 1.400e+00 3.640e+02 0.000e+00
  0.000e+00]
 [0.000e+00 0.000e+00 0.000e+00 0.000e+00 0.000e+00 0.000e+00 0.000e+00
  0.000e+00 0.000e+00 0.000e+00 0.000e+00 0.000e+00 0.000e+00 3.340e+02
  0.000e+00]
 [0.000e+00 0.000e+00 0.000e+00 0.000e+00 0.000e+00 0.000e+00 0.000e+00
  0.000e+00 0.000e+00 0.000e+00 0.000e+00 0.000e+00 0.000e+00 0.000e+00
  5.150e+02]]---
Accuracy: 99.56 +- 0.12
---
class acc :
	Healthy grass: 99.49 +- 0.74
	Stressed grass: 99.61 +- 0.28
	Synthetic grass: 99.93 +- 0.09
	Trees: 99.61 +- 0.49
	Soil: 100.00 +- 0.00
	Water: 100.00 +- 0.00
	Residential: 99.82 +- 0.36
	Commercial: 98.39 +- 1.06
	Road: 99.59 +- 0.30
	Highway: 100.00 +- 0.00
	Railway: 99.81 +- 0.20
	Parking Lot 1: 98.67 +- 0.58
	Parking Lot 2: 99.45 +- 0.52
	Tennis Court: 100.00 +- 0.00
	Running Track: 100.00 +- 0.00
---
AA: 99.62 +- 0.09
Kappa: 99.53 +- 0.13
