run 1 / 5
Best validation overall accuracy 0.9975
Confusion matrix :
[[976   0   0   0   0   0   0   0   0   0   0   0   0   0   0]
 [  6 972   0   0   0   0   0   0   0   0   0   0   0   0   0]
 [  0   0 544   0   0   0   0   0   0   0   0   0   0   0   0]
 [  0   0   0 970   0   0   0   0   0   0   0   0   0   0   0]
 [  0   0   0   0 969   0   0   0   0   0   0   0   0   0   0]
 [  0   0   0   0   0 253   0   0   0   0   0   0   0   0   0]
 [  0   0   0   0   0   0 964   0   9   0   0  16   0   0   0]
 [  0   0   0   0   4   0   0 956   0   0   1   0   0   0   9]
 [  0   0   0   0   0   0   0   0 969   8   0   0   0   0   0]
 [  0   0   0   0   0   0   0   0   0 957   0   0   0   0   0]
 [  0   0   0   0   0   0   0   0   0   0 963   0   0   0   0]
 [  0   0   0   0   0   0   0   3   0   0   0 959   0   0   0]
 [  0   0   0   0   0   0   0   0   0   0   0   2 364   0   0]
 [  0   0   0   0   0   0   0   0   0   0   0   0   0 334   0]
 [  0   0   0   0   0   0   0   0   0   0   0   0   0   0 515]]---
Accuracy : 99.51%
---
class acc :
	Healthy grass: 100.00
	Stressed grass: 99.39
	Synthetic grass: 100.00
	Trees: 100.00
	Soil: 100.00
	Water: 100.00
	Residential: 97.47
	Commercial: 98.56
	Road: 99.18
	Highway: 100.00
	Railway: 100.00
	Parking Lot 1: 99.69
	Parking Lot 2: 99.45
	Tennis Court: 100.00
	Running Track: 100.00
---
AA: 99.58%
Kappa: 99.47
run 2 / 5
Best validation overall accuracy 0.99875
Confusion matrix :
[[976   0   0   0   0   0   0   0   0   0   0   0   0   0   0]
 [ 10 968   0   0   0   0   0   0   0   0   0   0   0   0   0]
 [  0   0 543   0   0   0   0   0   0   0   0   0   0   0   1]
 [  7   0   0 963   0   0   0   0   0   0   0   0   0   0   0]
 [  0   0   0   0 969   0   0   0   0   0   0   0   0   0   0]
 [  0   0   0   0   0 251   1   1   0   0   0   0   0   0   0]
 [  0   0   0   0   0   0 989   0   0   0   0   0   0   0   0]
 [  0   0   0   0   0   0   0 966   0   0   0   4   0   0   0]
 [  0   0   0   0   0   0   0   0 971   4   2   0   0   0   0]
 [  0   0   0   0   0   0   0   0   0 957   0   0   0   0   0]
 [  0   0   0   0   0   0   0   0   0   0 963   0   0   0   0]
 [  0   0   0   0   0   0   4   0   3   0   0 955   0   0   0]
 [  0   0   0   0   0   0   0   0   0   0   0   7 359   0   0]
 [  0   0   0   0   0   0   0   0   0   0   0   0   0 334   0]
 [  0   0   0   0   0   0   0   0   0   0   0   0   0   0 515]]---
Accuracy : 99.62%
---
class acc :
	Healthy grass: 100.00
	Stressed grass: 98.98
	Synthetic grass: 99.82
	Trees: 99.28
	Soil: 100.00
	Water: 99.21
	Residential: 100.00
	Commercial: 99.59
	Road: 99.39
	Highway: 100.00
	Railway: 100.00
	Parking Lot 1: 99.27
	Parking Lot 2: 98.09
	Tennis Court: 100.00
	Running Track: 100.00
---
AA: 99.57%
Kappa: 99.59
run 3 / 5
Best validation overall accuracy 0.995
Confusion matrix :
[[956   0   0  20   0   0   0   0   0   0   0   0   0   0   0]
 [ 10 968   0   0   0   0   0   0   0   0   0   0   0   0   0]
 [  0   0 544   0   0   0   0   0   0   0   0   0   0   0   0]
 [  0   0   0 970   0   0   0   0   0   0   0   0   0   0   0]
 [  0   0   0   0 969   0   0   0   0   0   0   0   0   0   0]
 [  0   0   0   0   0 253   0   0   0   0   0   0   0   0   0]
 [  0   0   0   1   0   0 988   0   0   0   0   0   0   0   0]
 [  0   0   0   0   0   0   0 941   0  15   1   4   0   0   9]
 [  0   0   0   0   0   0   0   0 977   0   0   0   0   0   0]
 [  0   0   0   0   0   0   0   0   0 957   0   0   0   0   0]
 [  0   0   0   0   0   0   0   0   0   0 963   0   0   0   0]
 [  0   0   0   0   0   0   7   3   0   0   0 952   0   0   0]
 [  0   0   0   0   0   0   0   0   0   0   0   0 366   0   0]
 [  0   0   0   0   0   0   0   0   0   0   0   0   0 334   0]
 [  0   0   0   0   0   0   0   0   0   0   0   0   0   0 515]]---
Accuracy : 99.40%
---
class acc :
	Healthy grass: 97.95
	Stressed grass: 98.98
	Synthetic grass: 100.00
	Trees: 100.00
	Soil: 100.00
	Water: 100.00
	Residential: 99.90
	Commercial: 97.01
	Road: 100.00
	Highway: 100.00
	Railway: 100.00
	Parking Lot 1: 98.96
	Parking Lot 2: 100.00
	Tennis Court: 100.00
	Running Track: 100.00
---
AA: 99.52%
Kappa: 99.35
run 4 / 5
Best validation overall accuracy 0.994375
Confusion matrix :
[[974   0   0   2   0   0   0   0   0   0   0   0   0   0   0]
 [  3 975   0   0   0   0   0   0   0   0   0   0   0   0   0]
 [  0   0 544   0   0   0   0   0   0   0   0   0   0   0   0]
 [  8   0   0 962   0   0   0   0   0   0   0   0   0   0   0]
 [  0   0   0   0 969   0   0   0   0   0   0   0   0   0   0]
 [  0   0   0   0   0 249   0   4   0   0   0   0   0   0   0]
 [  0   0   0   0   0   0 989   0   0   0   0   0   0   0   0]
 [  0   0   0   0   3   0   0 941   1   0   0  25   0   0   0]
 [  0   0   0   0   0   0   3   0 973   1   0   0   0   0   0]
 [  0   0   0   0   0   0   0   0   0 957   0   0   0   0   0]
 [  0   0   0   0   0   0   0   0   0   0 963   0   0   0   0]
 [  0   0   0   0   0   0  10   0   6   0   0 935  11   0   0]
 [  0   0   0   0   0   0   0   0   0   5   0   0 361   0   0]
 [  0   0   0   0   0   0   0   0   0   0   0   0   0 334   0]
 [  0   0   0   0   0   0   0   0   0   0   0   0   0   0 515]]---
Accuracy : 99.30%
---
class acc :
	Healthy grass: 99.80
	Stressed grass: 99.69
	Synthetic grass: 100.00
	Trees: 99.18
	Soil: 100.00
	Water: 98.42
	Residential: 100.00
	Commercial: 97.01
	Road: 99.59
	Highway: 100.00
	Railway: 100.00
	Parking Lot 1: 97.19
	Parking Lot 2: 98.63
	Tennis Court: 100.00
	Running Track: 100.00
---
AA: 99.30%
Kappa: 99.24
run 5 / 5
Best validation overall accuracy 0.990625
Confusion matrix :
[[957   0   0  19   0   0   0   0   0   0   0   0   0   0   0]
 [  6 972   0   0   0   0   0   0   0   0   0   0   0   0   0]
 [  0   0 543   0   0   0   0   0   0   0   0   0   0   0   1]
 [  0   0   0 970   0   0   0   0   0   0   0   0   0   0   0]
 [  0   0   0   0 969   0   0   0   0   0   0   0   0   0   0]
 [  0   0   0   0   0 253   0   0   0   0   0   0   0   0   0]
 [  0   0   0   0   0   0 988   0   1   0   0   0   0   0   0]
 [  0   0   0   0   0   0   1 945   0   0   0   6  18   0   0]
 [  0   0   0   0   0   0   0   0 977   0   0   0   0   0   0]
 [  0   0   0   0   0   0   0   0   0 957   0   0   0   0   0]
 [  0   0   0   0   0   0   4   0   0   0 959   0   0   0   0]
 [  0   0   0   0   0   0   0   1   0   0   0 951  10   0   0]
 [  0   0   0   0   0   0   0   0   0   0   5   0 361   0   0]
 [  0   0   0   0   0   0   0   0   0   0   0   0   0 334   0]
 [  0   0   0   0   0   0   0   0   0   0   0   0   0   0 515]]---
Accuracy : 99.39%
---
class acc :
	Healthy grass: 98.05
	Stressed grass: 99.39
	Synthetic grass: 99.82
	Trees: 100.00
	Soil: 100.00
	Water: 100.00
	Residential: 99.90
	Commercial: 97.42
	Road: 100.00
	Highway: 100.00
	Railway: 99.58
	Parking Lot 1: 98.86
	Parking Lot 2: 98.63
	Tennis Court: 100.00
	Running Track: 100.00
---
AA: 99.44%
Kappa: 99.34
Agregated results :
Confusion matrix :
[[9.678e+02 0.000e+00 0.000e+00 8.200e+00 0.000e+00 0.000e+00 0.000e+00
  0.000e+00 0.000e+00 0.000e+00 0.000e+00 0.000e+00 0.000e+00 0.000e+00
  0.000e+00]
 [7.000e+00 9.710e+02 0.000e+00 0.000e+00 0.000e+00 0.000e+00 0.000e+00
  0.000e+00 0.000e+00 0.000e+00 0.000e+00 0.000e+00 0.000e+00 0.000e+00
  0.000e+00]
 [0.000e+00 0.000e+00 5.436e+02 0.000e+00 0.000e+00 0.000e+00 0.000e+00
  0.000e+00 0.000e+00 0.000e+00 0.000e+00 0.000e+00 0.000e+00 0.000e+00
  4.000e-01]
 [3.000e+00 0.000e+00 0.000e+00 9.670e+02 0.000e+00 0.000e+00 0.000e+00
  0.000e+00 0.000e+00 0.000e+00 0.000e+00 0.000e+00 0.000e+00 0.000e+00
  0.000e+00]
 [0.000e+00 0.000e+00 0.000e+00 0.000e+00 9.690e+02 0.000e+00 0.000e+00
  0.000e+00 0.000e+00 0.000e+00 0.000e+00 0.000e+00 0.000e+00 0.000e+00
  0.000e+00]
 [0.000e+00 0.000e+00 0.000e+00 0.000e+00 0.000e+00 2.518e+02 2.000e-01
  1.000e+00 0.000e+00 0.000e+00 0.000e+00 0.000e+00 0.000e+00 0.000e+00
  0.000e+00]
 [0.000e+00 0.000e+00 0.000e+00 2.000e-01 0.000e+00 0.000e+00 9.836e+02
  0.000e+00 2.000e+00 0.000e+00 0.000e+00 3.200e+00 0.000e+00 0.000e+00
  0.000e+00]
 [0.000e+00 0.000e+00 0.000e+00 0.000e+00 1.400e+00 0.000e+00 2.000e-01
  9.498e+02 2.000e-01 3.000e+00 4.000e-01 7.800e+00 3.600e+00 0.000e+00
  3.600e+00]
 [0.000e+00 0.000e+00 0.000e+00 0.000e+00 0.000e+00 0.000e+00 6.000e-01
  0.000e+00 9.734e+02 2.600e+00 4.000e-01 0.000e+00 0.000e+00 0.000e+00
  0.000e+00]
 [0.000e+00 0.000e+00 0.000e+00 0.000e+00 0.000e+00 0.000e+00 0.000e+00
  0.000e+00 0.000e+00 9.570e+02 0.000e+00 0.000e+00 0.000e+00 0.000e+00
  0.000e+00]
 [0.000e+00 0.000e+00 0.000e+00 0.000e+00 0.000e+00 0.000e+00 8.000e-01
  0.000e+00 0.000e+00 0.000e+00 9.622e+02 0.000e+00 0.000e+00 0.000e+00
  0.000e+00]
 [0.000e+00 0.000e+00 0.000e+00 0.000e+00 0.000e+00 0.000e+00 4.200e+00
  1.400e+00 1.800e+00 0.000e+00 0.000e+00 9.504e+02 4.200e+00 0.000e+00
  0.000e+00]
 [0.000e+00 0.000e+00 0.000e+00 0.000e+00 0.000e+00 0.000e+00 0.000e+00
  0.000e+00 0.000e+00 1.000e+00 1.000e+00 1.800e+00 3.622e+02 0.000e+00
  0.000e+00]
 [0.000e+00 0.000e+00 0.000e+00 0.000e+00 0.000e+00 0.000e+00 0.000e+00
  0.000e+00 0.000e+00 0.000e+00 0.000e+00 0.000e+00 0.000e+00 3.340e+02
  0.000e+00]
 [0.000e+00 0.000e+00 0.000e+00 0.000e+00 0.000e+00 0.000e+00 0.000e+00
  0.000e+00 0.000e+00 0.000e+00 0.000e+00 0.000e+00 0.000e+00 0.000e+00
  5.150e+02]]---
Accuracy: 99.44 +- 0.11
---
class acc :
	Healthy grass: 99.16 +- 0.95
	Stressed grass: 99.28 +- 0.27
	Synthetic grass: 99.93 +- 0.09
	Trees: 99.69 +- 0.38
	Soil: 100.00 +- 0.00
	Water: 99.53 +- 0.63
	Residential: 99.45 +- 0.99
	Commercial: 97.92 +- 1.01
	Road: 99.63 +- 0.33
	Highway: 100.00 +- 0.00
	Railway: 99.92 +- 0.17
	Parking Lot 1: 98.79 +- 0.85
	Parking Lot 2: 98.96 +- 0.68
	Tennis Court: 100.00 +- 0.00
	Running Track: 100.00 +- 0.00
---
AA: 99.48 +- 0.10
Kappa: 99.40 +- 0.12
