run 1 / 5
Best validation overall accuracy 0.994375
Confusion matrix :
[[976   0   0   0   0   0   0   0   0   0   0   0   0   0   0]
 [  6 972   0   0   0   0   0   0   0   0   0   0   0   0   0]
 [  0   0 542   0   0   0   0   0   0   0   0   0   0   0   2]
 [  0   0   0 970   0   0   0   0   0   0   0   0   0   0   0]
 [  0   0   0   0 968   0   0   1   0   0   0   0   0   0   0]
 [  0   0   0   0   0 249   1   0   3   0   0   0   0   0   0]
 [  0   0   0   0   0   0 983   0   6   0   0   0   0   0   0]
 [  0   0   0   0   0   0   0 961   0   0   0   0   0   0   9]
 [  0   0   0   0   0   0   0   0 967  10   0   0   0   0   0]
 [  0   0   0   0   0   0   0   0   0 957   0   0   0   0   0]
 [  0   0   0   0   0   0   0   0   0   0 963   0   0   0   0]
 [  0   0   0   0   0   0   0   0   6   0   0 954   2   0   0]
 [  0   0   0   0   0   0   0   0   0   3   0   8 355   0   0]
 [  0   0   0   0   0   0   0   0   0   0   0   0   0 334   0]
 [  0   0   0   0   0   0   0   0   0   0   0   0   0   0 515]]---
Accuracy : 99.51%
---
class acc :
	Healthy grass: 100.00
	Stressed grass: 99.39
	Synthetic grass: 99.63
	Trees: 100.00
	Soil: 99.90
	Water: 98.42
	Residential: 99.39
	Commercial: 99.07
	Road: 98.98
	Highway: 100.00
	Railway: 100.00
	Parking Lot 1: 99.17
	Parking Lot 2: 96.99
	Tennis Court: 100.00
	Running Track: 100.00
---
AA: 99.40%
Kappa: 99.47
run 2 / 5
Best validation overall accuracy 0.99875
Confusion matrix :
[[976   0   0   0   0   0   0   0   0   0   0   0   0   0   0]
 [ 20 958   0   0   0   0   0   0   0   0   0   0   0   0   0]
 [  0   0 542   0   0   0   0   0   0   0   0   0   0   0   2]
 [  0   0   0 970   0   0   0   0   0   0   0   0   0   0   0]
 [  0   0   0   0 969   0   0   0   0   0   0   0   0   0   0]
 [  0   0   0   0   0 248   2   0   3   0   0   0   0   0   0]
 [  0   0   0   0   0   0 989   0   0   0   0   0   0   0   0]
 [  0   0   0   0   0   0   0 970   0   0   0   0   0   0   0]
 [  0   0   0   0   0   0   0   0 974   2   0   1   0   0   0]
 [  0   0   0   0   0   0   0   0   0 957   0   0   0   0   0]
 [  0   0   0   0   0   0   0   0   0   0 963   0   0   0   0]
 [  0   0   0   0   0   0   8   0   2   0   0 950   2   0   0]
 [  0   0   0   0   0   0   0   0   0   0   0   2 364   0   0]
 [  0   0   0   0   0   0   0   0   0   0   0   0   0 334   0]
 [  0   0   0   0   0   0   0   0   0   0   0   0   0   0 515]]---
Accuracy : 99.62%
---
class acc :
	Healthy grass: 100.00
	Stressed grass: 97.96
	Synthetic grass: 99.63
	Trees: 100.00
	Soil: 100.00
	Water: 98.02
	Residential: 100.00
	Commercial: 100.00
	Road: 99.69
	Highway: 100.00
	Railway: 100.00
	Parking Lot 1: 98.75
	Parking Lot 2: 99.45
	Tennis Court: 100.00
	Running Track: 100.00
---
AA: 99.57%
Kappa: 99.59
run 3 / 5
Best validation overall accuracy 0.99375
Confusion matrix :
[[975   0   0   1   0   0   0   0   0   0   0   0   0   0   0]
 [ 13 965   0   0   0   0   0   0   0   0   0   0   0   0   0]
 [  0   0 544   0   0   0   0   0   0   0   0   0   0   0   0]
 [  0   0   0 970   0   0   0   0   0   0   0   0   0   0   0]
 [  0   0   0   0 969   0   0   0   0   0   0   0   0   0   0]
 [  1   0   0   0   0 252   0   0   0   0   0   0   0   0   0]
 [  0   0   0   0   0   0 989   0   0   0   0   0   0   0   0]
 [  0   0   0   0   0   0   0 920   0  15  22   4   0   0   9]
 [  0   0   0   0   0   0   0   0 977   0   0   0   0   0   0]
 [  0   0   0   0   0   0   0   0   0 957   0   0   0   0   0]
 [  0   0   0   0   0   0   0   0   0   0 963   0   0   0   0]
 [  0   0   0   0   0   0  12   0   2   0   0 944   4   0   0]
 [  0   0   0   0   0   0   0   0   0   0   0   0 366   0   0]
 [  0   0   0   0   0   0   0   0   0   0   0   0   0 334   0]
 [  0   0   0   0   0   0   0   0   0   0   0   0   0   0 515]]---
Accuracy : 99.29%
---
class acc :
	Healthy grass: 99.90
	Stressed grass: 98.67
	Synthetic grass: 100.00
	Trees: 100.00
	Soil: 100.00
	Water: 99.60
	Residential: 100.00
	Commercial: 94.85
	Road: 100.00
	Highway: 100.00
	Railway: 100.00
	Parking Lot 1: 98.13
	Parking Lot 2: 100.00
	Tennis Court: 100.00
	Running Track: 100.00
---
AA: 99.41%
Kappa: 99.23
run 4 / 5
Best validation overall accuracy 0.994375
Confusion matrix :
[[963   0   0  13   0   0   0   0   0   0   0   0   0   0   0]
 [  0 978   0   0   0   0   0   0   0   0   0   0   0   0   0]
 [  0   0 544   0   0   0   0   0   0   0   0   0   0   0   0]
 [  0   0   0 970   0   0   0   0   0   0   0   0   0   0   0]
 [  0   0   0   0 969   0   0   0   0   0   0   0   0   0   0]
 [  0   0   0   0   0 249   0   0   4   0   0   0   0   0   0]
 [  0   0   0   0   0   0 988   0   0   0   1   0   0   0   0]
 [  0   0   0   0   5   0   0 943   0   0   0  22   0   0   0]
 [  0   0   0   0   0   0   0   0 966   3   8   0   0   0   0]
 [  0   0   0   0   0   0   0   0   0 957   0   0   0   0   0]
 [  0   0   0   0   0   0   0   0   0   0 963   0   0   0   0]
 [  0   0   0   0   0   0  10   0   3   0   0 937  12   0   0]
 [  0   0   0   0   0   0   0   0   0   0   0   0 366   0   0]
 [  0   0   0   0   0   0   0   0   0   0   0   0   0 334   0]
 [  0   0   0   0   0   0   0   0   0   0   0   0   0   0 515]]---
Accuracy : 99.31%
---
class acc :
	Healthy grass: 98.67
	Stressed grass: 100.00
	Synthetic grass: 100.00
	Trees: 100.00
	Soil: 100.00
	Water: 98.42
	Residential: 99.90
	Commercial: 97.22
	Road: 98.87
	Highway: 100.00
	Railway: 100.00
	Parking Lot 1: 97.40
	Parking Lot 2: 100.00
	Tennis Court: 100.00
	Running Track: 100.00
---
AA: 99.37%
Kappa: 99.25
run 5 / 5
Best validation overall accuracy 0.995
Confusion matrix :
[[957   0   0  19   0   0   0   0   0   0   0   0   0   0   0]
 [  5 973   0   0   0   0   0   0   0   0   0   0   0   0   0]
 [  0   0 542   0   0   0   0   0   0   0   0   0   0   0   2]
 [  0   0   0 970   0   0   0   0   0   0   0   0   0   0   0]
 [  0   0   0   0 969   0   0   0   0   0   0   0   0   0   0]
 [  0   0   0   0   0 253   0   0   0   0   0   0   0   0   0]
 [  0   0   0   0   0   0 985   0   0   0   0   4   0   0   0]
 [  0   0   0   0   5   0   0 963   2   0   0   0   0   0   0]
 [  0   0   0   0   0   0   0   0 977   0   0   0   0   0   0]
 [  0   0   0   0   0   0   0   0   0 955   0   0   2   0   0]
 [  0   0   0   0   0   0   0   0   0   0 963   0   0   0   0]
 [  0   0   0   0   0   0   0   4   2   0   0 947   9   0   0]
 [  0   0   0   0   0   0   0   0   0   0   0   0 366   0   0]
 [  0   0   0   0   0   0   0   0   0   0   0   0   0 334   0]
 [  0   0   0   0   0   0   0   0   0   0   0   0   0   0 515]]---
Accuracy : 99.54%
---
class acc :
	Healthy grass: 98.05
	Stressed grass: 99.49
	Synthetic grass: 99.63
	Trees: 100.00
	Soil: 100.00
	Water: 100.00
	Residential: 99.60
	Commercial: 99.28
	Road: 100.00
	Highway: 99.79
	Railway: 100.00
	Parking Lot 1: 98.44
	Parking Lot 2: 100.00
	Tennis Court: 100.00
	Running Track: 100.00
---
AA: 99.62%
Kappa: 99.50
Agregated results :
Confusion matrix :
[[9.694e+02 0.000e+00 0.000e+00 6.600e+00 0.000e+00 0.000e+00 0.000e+00
  0.000e+00 0.000e+00 0.000e+00 0.000e+00 0.000e+00 0.000e+00 0.000e+00
  0.000e+00]
 [8.800e+00 9.692e+02 0.000e+00 0.000e+00 0.000e+00 0.000e+00 0.000e+00
  0.000e+00 0.000e+00 0.000e+00 0.000e+00 0.000e+00 0.000e+00 0.000e+00
  0.000e+00]
 [0.000e+00 0.000e+00 5.428e+02 0.000e+00 0.000e+00 0.000e+00 0.000e+00
  0.000e+00 0.000e+00 0.000e+00 0.000e+00 0.000e+00 0.000e+00 0.000e+00
  1.200e+00]
 [0.000e+00 0.000e+00 0.000e+00 9.700e+02 0.000e+00 0.000e+00 0.000e+00
  0.000e+00 0.000e+00 0.000e+00 0.000e+00 0.000e+00 0.000e+00 0.000e+00
  0.000e+00]
 [0.000e+00 0.000e+00 0.000e+00 0.000e+00 9.688e+02 0.000e+00 0.000e+00
  2.000e-01 0.000e+00 0.000e+00 0.000e+00 0.000e+00 0.000e+00 0.000e+00
  0.000e+00]
 [2.000e-01 0.000e+00 0.000e+00 0.000e+00 0.000e+00 2.502e+02 6.000e-01
  0.000e+00 2.000e+00 0.000e+00 0.000e+00 0.000e+00 0.000e+00 0.000e+00
  0.000e+00]
 [0.000e+00 0.000e+00 0.000e+00 0.000e+00 0.000e+00 0.000e+00 9.868e+02
  0.000e+00 1.200e+00 0.000e+00 2.000e-01 8.000e-01 0.000e+00 0.000e+00
  0.000e+00]
 [0.000e+00 0.000e+00 0.000e+00 0.000e+00 2.000e+00 0.000e+00 0.000e+00
  9.514e+02 4.000e-01 3.000e+00 4.400e+00 5.200e+00 0.000e+00 0.000e+00
  3.600e+00]
 [0.000e+00 0.000e+00 0.000e+00 0.000e+00 0.000e+00 0.000e+00 0.000e+00
  0.000e+00 9.722e+02 3.000e+00 1.600e+00 2.000e-01 0.000e+00 0.000e+00
  0.000e+00]
 [0.000e+00 0.000e+00 0.000e+00 0.000e+00 0.000e+00 0.000e+00 0.000e+00
  0.000e+00 0.000e+00 9.566e+02 0.000e+00 0.000e+00 4.000e-01 0.000e+00
  0.000e+00]
 [0.000e+00 0.000e+00 0.000e+00 0.000e+00 0.000e+00 0.000e+00 0.000e+00
  0.000e+00 0.000e+00 0.000e+00 9.630e+02 0.000e+00 0.000e+00 0.000e+00
  0.000e+00]
 [0.000e+00 0.000e+00 0.000e+00 0.000e+00 0.000e+00 0.000e+00 6.000e+00
  8.000e-01 3.000e+00 0.000e+00 0.000e+00 9.464e+02 5.800e+00 0.000e+00
  0.000e+00]
 [0.000e+00 0.000e+00 0.000e+00 0.000e+00 0.000e+00 0.000e+00 0.000e+00
  0.000e+00 0.000e+00 6.000e-01 0.000e+00 2.000e+00 3.634e+02 0.000e+00
  0.000e+00]
 [0.000e+00 0.000e+00 0.000e+00 0.000e+00 0.000e+00 0.000e+00 0.000e+00
  0.000e+00 0.000e+00 0.000e+00 0.000e+00 0.000e+00 0.000e+00 3.340e+02
  0.000e+00]
 [0.000e+00 0.000e+00 0.000e+00 0.000e+00 0.000e+00 0.000e+00 0.000e+00
  0.000e+00 0.000e+00 0.000e+00 0.000e+00 0.000e+00 0.000e+00 0.000e+00
  5.150e+02]]---
Accuracy: 99.46 +- 0.13
---
class acc :
	Healthy grass: 99.32 +- 0.81
	Stressed grass: 99.10 +- 0.71
	Synthetic grass: 99.78 +- 0.18
	Trees: 100.00 +- 0.00
	Soil: 99.98 +- 0.04
	Water: 98.89 +- 0.77
	Residential: 99.78 +- 0.24
	Commercial: 98.08 +- 1.86
	Road: 99.51 +- 0.49
	Highway: 99.96 +- 0.08
	Railway: 100.00 +- 0.00
	Parking Lot 1: 98.38 +- 0.60
	Parking Lot 2: 99.29 +- 1.17
	Tennis Court: 100.00 +- 0.00
	Running Track: 100.00 +- 0.00
---
AA: 99.47 +- 0.10
Kappa: 99.41 +- 0.14
