run 1 / 5
Best validation overall accuracy 0.9938858695652174
Confusion matrix :
[[ 998    0    0    3    0    0    0    0    0    0    0    0    0    0
     0]
 [   0 1003    0    0    0    0    0    0    0    0    0    0    0    0
     0]
 [   0    0  558    0    0    0    0    0    0    0    0    0    0    0
     0]
 [   0    0    0  995    0    0    0    0    0    0    0    0    0    0
     0]
 [   0    0    0    0  994    0    0    0    0    0    0    0    0    0
     0]
 [   0    0    0    0    0  260    0    0    0    0    0    0    0    0
     0]
 [   0    0    0    0    0    0 1015    0    0    0    0    0    0    0
     0]
 [   0    0    0    0    0    0    0  929    3   17    0   27    0   11
     8]
 [   0    0    0    0    0    0    0    0  988    6    7    1    0    0
     0]
 [   0    0    0    0    0    0    0    0    0  974    8    0    0    0
     0]
 [   0    0    0    0    0    0    0    0    0    0  988    0    0    0
     0]
 [   0    0    0    0    0    0   11    0    0    0    0  975    0    0
     0]
 [   0    0    0    0    0    0    0    0    0    0   10    0  365    0
     0]
 [   0    0    0    0    0    0    0    0    0    0    0    0    0  342
     0]
 [   0    0    0    0    0    0    0    0    0    0    0    0    0    0
   528]]---
Accuracy : 99.07%
---
class acc :
	Healthy grass: 99.70
	Stressed grass: 100.00
	Synthetic grass: 100.00
	Trees: 100.00
	Soil: 100.00
	Water: 100.00
	Residential: 100.00
	Commercial: 93.37
	Road: 98.60
	Highway: 99.19
	Railway: 100.00
	Parking Lot 1: 98.88
	Parking Lot 2: 97.33
	Tennis Court: 100.00
	Running Track: 100.00
---
AA: 99.14%
Kappa: 98.99
run 2 / 5
Best validation overall accuracy 0.9884510869565217
Confusion matrix :
[[1000    0    0    1    0    0    0    0    0    0    0    0    0    0
     0]
 [   3 1000    0    0    0    0    0    0    0    0    0    0    0    0
     0]
 [   0    0  558    0    0    0    0    0    0    0    0    0    0    0
     0]
 [   0    0    0  995    0    0    0    0    0    0    0    0    0    0
     0]
 [   0    0    0    0  994    0    0    0    0    0    0    0    0    0
     0]
 [   0    0    0    0    0  255    0    1    4    0    0    0    0    0
     0]
 [   0    0    0    0    0    0  998    0   11    0    6    0    0    0
     0]
 [   0    0    0    0    0    0    0  963    2    0    0    8    0    8
    14]
 [   0    0    0    0    0    0    0    0  979   23    0    0    0    0
     0]
 [   0    0    0    0    0    0    0    0    0  982    0    0    0    0
     0]
 [   0    0    0    0    0    0    0    0    0    0  988    0    0    0
     0]
 [   0    0    0    0    0    0    0    0    3    0    0  983    0    0
     0]
 [   0    0    0    0    0    0    0    0    0    0    0    0  375    0
     0]
 [   0    0    0    0    0    0    0    0    0    0    0    0    0  342
     0]
 [   0    0    0    0    0    0    0    0    0    0    0    0    0    0
   528]]---
Accuracy : 99.30%
---
class acc :
	Healthy grass: 99.90
	Stressed grass: 99.70
	Synthetic grass: 100.00
	Trees: 100.00
	Soil: 100.00
	Water: 98.08
	Residential: 98.33
	Commercial: 96.78
	Road: 97.70
	Highway: 100.00
	Railway: 100.00
	Parking Lot 1: 99.70
	Parking Lot 2: 100.00
	Tennis Court: 100.00
	Running Track: 100.00
---
AA: 99.35%
Kappa: 99.24
run 3 / 5
Best validation overall accuracy 0.9904891304347826
Confusion matrix :
[[1001    0    0    0    0    0    0    0    0    0    0    0    0    0
     0]
 [   6  997    0    0    0    0    0    0    0    0    0    0    0    0
     0]
 [   0    0  558    0    0    0    0    0    0    0    0    0    0    0
     0]
 [  10    1    0  984    0    0    0    0    0    0    0    0    0    0
     0]
 [   0    0    0    0  994    0    0    0    0    0    0    0    0    0
     0]
 [   0    0    0    0    0  260    0    0    0    0    0    0    0    0
     0]
 [   0    0    0    0    0    0 1002    1    6    0    4    2    0    0
     0]
 [   0    0    0    0    0    0    0  966    0   16    0   13    0    0
     0]
 [   0    0    0    0    0    0    0    2  991    4    0    5    0    0
     0]
 [   0    0    0    0    0    0    0    0    6  971    0    5    0    0
     0]
 [   0    0    0    0    0    0    1    0    0    0  987    0    0    0
     0]
 [   0    0    0    0    0    0   14    0    2    0    0  970    0    0
     0]
 [   0    0    0    0    0    0    0    0    0    2   15    0  358    0
     0]
 [   0    0    0    0    0    0    0    0    0    0    0    0    0  342
     0]
 [   0    0    0    0    0    0    0    0    0    0    0    0    0    0
   528]]---
Accuracy : 99.04%
---
class acc :
	Healthy grass: 100.00
	Stressed grass: 99.40
	Synthetic grass: 100.00
	Trees: 98.89
	Soil: 100.00
	Water: 100.00
	Residential: 98.72
	Commercial: 97.09
	Road: 98.90
	Highway: 98.88
	Railway: 99.90
	Parking Lot 1: 98.38
	Parking Lot 2: 95.47
	Tennis Court: 100.00
	Running Track: 100.00
---
AA: 99.04%
Kappa: 98.97
run 4 / 5
Best validation overall accuracy 0.9945652173913043
Confusion matrix :
[[ 975    2    0   24    0    0    0    0    0    0    0    0    0    0
     0]
 [   3 1000    0    0    0    0    0    0    0    0    0    0    0    0
     0]
 [   0    0  558    0    0    0    0    0    0    0    0    0    0    0
     0]
 [   0    0    0  995    0    0    0    0    0    0    0    0    0    0
     0]
 [   0    0    0    0  994    0    0    0    0    0    0    0    0    0
     0]
 [   0    0    0    0    0  254    0    0    6    0    0    0    0    0
     0]
 [   0    0    0    0    0    0 1006    0    9    0    0    0    0    0
     0]
 [   0    0    0    0    0    0    1  985    1    0    0    8    0    0
     0]
 [   0    0    0    0    0    0    1    0  983    9    1    8    0    0
     0]
 [   0    0    0    0    0    0    0    0    6  976    0    0    0    0
     0]
 [   0    0    0    0    0    0    0    0    0    3  985    0    0    0
     0]
 [   0    0    0    0    0    0    5    2    2    0    0  977    0    0
     0]
 [   0    0    0    0    0    0    0    0    0    0    0    0  375    0
     0]
 [   0    0    0    0    0    0    0    0    0    0    0    0    0  342
     0]
 [   0    0    0    0    0    0    0    0    0    0    0    0    0    0
   528]]---
Accuracy : 99.24%
---
class acc :
	Healthy grass: 97.40
	Stressed grass: 99.70
	Synthetic grass: 100.00
	Trees: 100.00
	Soil: 100.00
	Water: 97.69
	Residential: 99.11
	Commercial: 98.99
	Road: 98.10
	Highway: 99.39
	Railway: 99.70
	Parking Lot 1: 99.09
	Parking Lot 2: 100.00
	Tennis Court: 100.00
	Running Track: 100.00
---
AA: 99.28%
Kappa: 99.18
run 5 / 5
Best validation overall accuracy 0.9884510869565217
Confusion matrix :
[[ 976    5    0   20    0    0    0    0    0    0    0    0    0    0
     0]
 [   1 1002    0    0    0    0    0    0    0    0    0    0    0    0
     0]
 [   0    0  558    0    0    0    0    0    0    0    0    0    0    0
     0]
 [   0    0    0  995    0    0    0    0    0    0    0    0    0    0
     0]
 [   0    0    0    0  994    0    0    0    0    0    0    0    0    0
     0]
 [   0    0    0    0    0  260    0    0    0    0    0    0    0    0
     0]
 [   0    0    0    0    0    0  989    0    0    1   25    0    0    0
     0]
 [   0    0    0    0    0    0    0  954    1    0    0   25    0   15
     0]
 [   0    0    0    0    0    0    0    0  985    8    0    9    0    0
     0]
 [   0    0    0    0    0    0    0    0    1  977    4    0    0    0
     0]
 [   0    0    0    0    0    0    0    0    0    0  988    0    0    0
     0]
 [   0    0    0    0    0    0   16    0    3    0    0  967    0    0
     0]
 [   0    0    0    0    0    0    0    0    0    0   19    0  356    0
     0]
 [   0    0    0    0    0    0    0    0    0    0    0    0    0  342
     0]
 [   0    0    0    0    0    0    0    0    0    0    0    0    0    0
   528]]---
Accuracy : 98.73%
---
class acc :
	Healthy grass: 97.50
	Stressed grass: 99.90
	Synthetic grass: 100.00
	Trees: 100.00
	Soil: 100.00
	Water: 100.00
	Residential: 97.44
	Commercial: 95.88
	Road: 98.30
	Highway: 99.49
	Railway: 100.00
	Parking Lot 1: 98.07
	Parking Lot 2: 94.93
	Tennis Court: 100.00
	Running Track: 100.00
---
AA: 98.77%
Kappa: 98.62
Agregated results :
Confusion matrix :
[[9.9000e+02 1.4000e+00 0.0000e+00 9.6000e+00 0.0000e+00 0.0000e+00
  0.0000e+00 0.0000e+00 0.0000e+00 0.0000e+00 0.0000e+00 0.0000e+00
  0.0000e+00 0.0000e+00 0.0000e+00]
 [2.6000e+00 1.0004e+03 0.0000e+00 0.0000e+00 0.0000e+00 0.0000e+00
  0.0000e+00 0.0000e+00 0.0000e+00 0.0000e+00 0.0000e+00 0.0000e+00
  0.0000e+00 0.0000e+00 0.0000e+00]
 [0.0000e+00 0.0000e+00 5.5800e+02 0.0000e+00 0.0000e+00 0.0000e+00
  0.0000e+00 0.0000e+00 0.0000e+00 0.0000e+00 0.0000e+00 0.0000e+00
  0.0000e+00 0.0000e+00 0.0000e+00]
 [2.0000e+00 2.0000e-01 0.0000e+00 9.9280e+02 0.0000e+00 0.0000e+00
  0.0000e+00 0.0000e+00 0.0000e+00 0.0000e+00 0.0000e+00 0.0000e+00
  0.0000e+00 0.0000e+00 0.0000e+00]
 [0.0000e+00 0.0000e+00 0.0000e+00 0.0000e+00 9.9400e+02 0.0000e+00
  0.0000e+00 0.0000e+00 0.0000e+00 0.0000e+00 0.0000e+00 0.0000e+00
  0.0000e+00 0.0000e+00 0.0000e+00]
 [0.0000e+00 0.0000e+00 0.0000e+00 0.0000e+00 0.0000e+00 2.5780e+02
  0.0000e+00 2.0000e-01 2.0000e+00 0.0000e+00 0.0000e+00 0.0000e+00
  0.0000e+00 0.0000e+00 0.0000e+00]
 [0.0000e+00 0.0000e+00 0.0000e+00 0.0000e+00 0.0000e+00 0.0000e+00
  1.0020e+03 2.0000e-01 5.2000e+00 2.0000e-01 7.0000e+00 4.0000e-01
  0.0000e+00 0.0000e+00 0.0000e+00]
 [0.0000e+00 0.0000e+00 0.0000e+00 0.0000e+00 0.0000e+00 0.0000e+00
  2.0000e-01 9.5940e+02 1.4000e+00 6.6000e+00 0.0000e+00 1.6200e+01
  0.0000e+00 6.8000e+00 4.4000e+00]
 [0.0000e+00 0.0000e+00 0.0000e+00 0.0000e+00 0.0000e+00 0.0000e+00
  2.0000e-01 4.0000e-01 9.8520e+02 1.0000e+01 1.6000e+00 4.6000e+00
  0.0000e+00 0.0000e+00 0.0000e+00]
 [0.0000e+00 0.0000e+00 0.0000e+00 0.0000e+00 0.0000e+00 0.0000e+00
  0.0000e+00 0.0000e+00 2.6000e+00 9.7600e+02 2.4000e+00 1.0000e+00
  0.0000e+00 0.0000e+00 0.0000e+00]
 [0.0000e+00 0.0000e+00 0.0000e+00 0.0000e+00 0.0000e+00 0.0000e+00
  2.0000e-01 0.0000e+00 0.0000e+00 6.0000e-01 9.8720e+02 0.0000e+00
  0.0000e+00 0.0000e+00 0.0000e+00]
 [0.0000e+00 0.0000e+00 0.0000e+00 0.0000e+00 0.0000e+00 0.0000e+00
  9.2000e+00 4.0000e-01 2.0000e+00 0.0000e+00 0.0000e+00 9.7440e+02
  0.0000e+00 0.0000e+00 0.0000e+00]
 [0.0000e+00 0.0000e+00 0.0000e+00 0.0000e+00 0.0000e+00 0.0000e+00
  0.0000e+00 0.0000e+00 0.0000e+00 4.0000e-01 8.8000e+00 0.0000e+00
  3.6580e+02 0.0000e+00 0.0000e+00]
 [0.0000e+00 0.0000e+00 0.0000e+00 0.0000e+00 0.0000e+00 0.0000e+00
  0.0000e+00 0.0000e+00 0.0000e+00 0.0000e+00 0.0000e+00 0.0000e+00
  0.0000e+00 3.4200e+02 0.0000e+00]
 [0.0000e+00 0.0000e+00 0.0000e+00 0.0000e+00 0.0000e+00 0.0000e+00
  0.0000e+00 0.0000e+00 0.0000e+00 0.0000e+00 0.0000e+00 0.0000e+00
  0.0000e+00 0.0000e+00 5.2800e+02]]---
Accuracy: 99.08 +- 0.20
---
class acc :
	Healthy grass: 98.90 +- 1.19
	Stressed grass: 99.74 +- 0.21
	Synthetic grass: 100.00 +- 0.00
	Trees: 99.78 +- 0.44
	Soil: 100.00 +- 0.00
	Water: 99.15 +- 1.04
	Residential: 98.72 +- 0.85
	Commercial: 96.42 +- 1.83
	Road: 98.32 +- 0.41
	Highway: 99.39 +- 0.37
	Railway: 99.92 +- 0.12
	Parking Lot 1: 98.82 +- 0.57
	Parking Lot 2: 97.55 +- 2.16
	Tennis Court: 100.00 +- 0.00
	Running Track: 100.00 +- 0.00
---
AA: 99.11 +- 0.20
Kappa: 99.00 +- 0.22
