run 1 / 5
Best validation overall accuracy 0.9938858695652174
Confusion matrix :
[[1001    0    0    0    0    0    0    0    0    0    0    0    0    0
     0]
 [   7  996    0    0    0    0    0    0    0    0    0    0    0    0
     0]
 [   0    0  558    0    0    0    0    0    0    0    0    0    0    0
     0]
 [   2    0    0  993    0    0    0    0    0    0    0    0    0    0
     0]
 [   0    0    0    0  994    0    0    0    0    0    0    0    0    0
     0]
 [   0    0    0    0    0  260    0    0    0    0    0    0    0    0
     0]
 [   0    0    0    0    0    0 1011    2    1    0    0    1    0    0
     0]
 [   0    0    0    0    0    0    0  944    6   17    0    9    0   19
     0]
 [   0    0    0    0    0    0    2    0  991    9    0    0    0    0
     0]
 [   0    0    0    0    0    0    0    0    0  982    0    0    0    0
     0]
 [   0    0    0    0    0    0    0    0    0    5  983    0    0    0
     0]
 [   0    0    0    0    0    0    7    0    3    0    0  976    0    0
     0]
 [   0    0    0    0    0    0    0    0    0    6    6    0  363    0
     0]
 [   0    0    0    0    0    0    0    0    0    0    0    0    0  342
     0]
 [   0    0    0    0    0    0    0    0    0    0    0    0    0    0
   528]]---
Accuracy : 99.15%
---
class acc :
	Healthy grass: 100.00
	Stressed grass: 99.30
	Synthetic grass: 100.00
	Trees: 99.80
	Soil: 100.00
	Water: 100.00
	Residential: 99.61
	Commercial: 94.87
	Road: 98.90
	Highway: 100.00
	Railway: 99.49
	Parking Lot 1: 98.99
	Parking Lot 2: 96.80
	Tennis Court: 100.00
	Running Track: 100.00
---
AA: 99.18%
Kappa: 99.08
run 2 / 5
Best validation overall accuracy 0.9904891304347826
Confusion matrix :
[[1001    0    0    0    0    0    0    0    0    0    0    0    0    0
     0]
 [   4  999    0    0    0    0    0    0    0    0    0    0    0    0
     0]
 [   0    0  558    0    0    0    0    0    0    0    0    0    0    0
     0]
 [   0    0    0  995    0    0    0    0    0    0    0    0    0    0
     0]
 [   0    0    0    0  994    0    0    0    0    0    0    0    0    0
     0]
 [   0    0    0    0    0  256    0    4    0    0    0    0    0    0
     0]
 [   0    0    0    0    0    0  993    0    8    0    7    7    0    0
     0]
 [   0    0    0    0    0    0    0  961    4    0    0    8    0    6
    16]
 [   0    0    0    0    0    0    0    2  980   20    0    0    0    0
     0]
 [   0    0    0    0    0    0    0    0    0  982    0    0    0    0
     0]
 [   0    0    0    0    0    0    3    0    0    0  985    0    0    0
     0]
 [   0    0    0    0    0    0    0    0    3    0    0  983    0    0
     0]
 [   0    0    0    0    0    0    0    0    0    1    0    0  374    0
     0]
 [   0    0    0    0    0    0    0    0    0    0    0    0    0  342
     0]
 [   0    0    0    0    0    0    0    0    0    0    0    0    0    0
   528]]---
Accuracy : 99.23%
---
class acc :
	Healthy grass: 100.00
	Stressed grass: 99.60
	Synthetic grass: 100.00
	Trees: 100.00
	Soil: 100.00
	Water: 98.46
	Residential: 97.83
	Commercial: 96.58
	Road: 97.80
	Highway: 100.00
	Railway: 99.70
	Parking Lot 1: 99.70
	Parking Lot 2: 99.73
	Tennis Court: 100.00
	Running Track: 100.00
---
AA: 99.29%
Kappa: 99.16
run 3 / 5
Best validation overall accuracy 0.9904891304347826
Confusion matrix :
[[ 993    0    0    8    0    0    0    0    0    0    0    0    0    0
     0]
 [   4  999    0    0    0    0    0    0    0    0    0    0    0    0
     0]
 [   0    0  558    0    0    0    0    0    0    0    0    0    0    0
     0]
 [   2    0    0  993    0    0    0    0    0    0    0    0    0    0
     0]
 [   0    0    0    0  994    0    0    0    0    0    0    0    0    0
     0]
 [   0    0    0    0    0  260    0    0    0    0    0    0    0    0
     0]
 [   0    0    0    0    0    0 1006    1    2    0    6    0    0    0
     0]
 [   0    0    0    0    0    0    0  972    3   16    0    4    0    0
     0]
 [   0    0    0    0    0    0    0    0  991    5    6    0    0    0
     0]
 [   0    0    0    0    0    0    0    0    0  982    0    0    0    0
     0]
 [   0    0    0    0    0    0    0    0    0    0  988    0    0    0
     0]
 [   0    0    0    0    0    0   19    0    4    0    0  963    0    0
     0]
 [   0    0    0    0    0    0    0    0    0    0   17    0  358    0
     0]
 [   0    0    0    0    0    0    0    0    0    0    0    0    0  342
     0]
 [   0    0    0    0    0    0    0    0    0    0    0    0    0    0
   528]]---
Accuracy : 99.19%
---
class acc :
	Healthy grass: 99.20
	Stressed grass: 99.60
	Synthetic grass: 100.00
	Trees: 99.80
	Soil: 100.00
	Water: 100.00
	Residential: 99.11
	Commercial: 97.69
	Road: 98.90
	Highway: 100.00
	Railway: 100.00
	Parking Lot 1: 97.67
	Parking Lot 2: 95.47
	Tennis Court: 100.00
	Running Track: 100.00
---
AA: 99.16%
Kappa: 99.13
run 4 / 5
Best validation overall accuracy 0.9945652173913043
Confusion matrix :
[[ 976    1    0   24    0    0    0    0    0    0    0    0    0    0
     0]
 [   2 1001    0    0    0    0    0    0    0    0    0    0    0    0
     0]
 [   0    0  558    0    0    0    0    0    0    0    0    0    0    0
     0]
 [   0    0    0  995    0    0    0    0    0    0    0    0    0    0
     0]
 [   0    0    0    0  994    0    0    0    0    0    0    0    0    0
     0]
 [   0    0    0    0    0  256    0    0    4    0    0    0    0    0
     0]
 [   0    0    0    0    0    0  996    0   18    0    1    0    0    0
     0]
 [   0    0    0    0    0    0    0  986    2    0    0    7    0    0
     0]
 [   0    0    0    0    0    0    2    0  987    9    1    3    0    0
     0]
 [   0    0    0    0    0    0    0    0    0  982    0    0    0    0
     0]
 [   0    0    0    0    0    0    0    0    0    0  988    0    0    0
     0]
 [   0    0    0    0    0    0    2    4    0    0    0  980    0    0
     0]
 [   0    0    0    0    0    0    0    0    0    0    0    0  375    0
     0]
 [   0    0    0    0    0    0    0    0    0    0    0    0    0  342
     0]
 [   0    0    0    0    0    0    0    0    0    0    0    0    0    0
   528]]---
Accuracy : 99.33%
---
class acc :
	Healthy grass: 97.50
	Stressed grass: 99.80
	Synthetic grass: 100.00
	Trees: 100.00
	Soil: 100.00
	Water: 98.46
	Residential: 98.13
	Commercial: 99.10
	Road: 98.50
	Highway: 100.00
	Railway: 100.00
	Parking Lot 1: 99.39
	Parking Lot 2: 100.00
	Tennis Court: 100.00
	Running Track: 100.00
---
AA: 99.39%
Kappa: 99.28
run 5 / 5
Best validation overall accuracy 0.9904891304347826
Confusion matrix :
[[1001    0    0    0    0    0    0    0    0    0    0    0    0    0
     0]
 [   3 1000    0    0    0    0    0    0    0    0    0    0    0    0
     0]
 [   0    0  558    0    0    0    0    0    0    0    0    0    0    0
     0]
 [   1    0    0  994    0    0    0    0    0    0    0    0    0    0
     0]
 [   0    0    0    0  994    0    0    0    0    0    0    0    0    0
     0]
 [   0    0    0    0    0  260    0    0    0    0    0    0    0    0
     0]
 [   0    0    0    0    0    0 1003    0    0    0   11    1    0    0
     0]
 [   0    0    0    0    0    0    2  953    2    0    0   23    0   15
     0]
 [   0    0    0    0    0    0    0    0  976   20    0    6    0    0
     0]
 [   0    0    0    0    0    0    0    0    0  982    0    0    0    0
     0]
 [   0    0    0    0    0    0    0    0    0    0  988    0    0    0
     0]
 [   0    0    0    0    0    0    6    0    3    0    0  977    0    0
     0]
 [   0    0    0    0    0    0    0    0    0   10    9    0  356    0
     0]
 [   0    0    0    0    0    0    0    0    0    0    0    0    0  342
     0]
 [   0    0    0    0    0    0    0    0    0    0    0    0    0    0
   528]]---
Accuracy : 99.07%
---
class acc :
	Healthy grass: 100.00
	Stressed grass: 99.70
	Synthetic grass: 100.00
	Trees: 99.90
	Soil: 100.00
	Water: 100.00
	Residential: 98.82
	Commercial: 95.78
	Road: 97.41
	Highway: 100.00
	Railway: 100.00
	Parking Lot 1: 99.09
	Parking Lot 2: 94.93
	Tennis Court: 100.00
	Running Track: 100.00
---
AA: 99.04%
Kappa: 98.99
Agregated results :
Confusion matrix :
[[9.9440e+02 2.0000e-01 0.0000e+00 6.4000e+00 0.0000e+00 0.0000e+00
  0.0000e+00 0.0000e+00 0.0000e+00 0.0000e+00 0.0000e+00 0.0000e+00
  0.0000e+00 0.0000e+00 0.0000e+00]
 [4.0000e+00 9.9900e+02 0.0000e+00 0.0000e+00 0.0000e+00 0.0000e+00
  0.0000e+00 0.0000e+00 0.0000e+00 0.0000e+00 0.0000e+00 0.0000e+00
  0.0000e+00 0.0000e+00 0.0000e+00]
 [0.0000e+00 0.0000e+00 5.5800e+02 0.0000e+00 0.0000e+00 0.0000e+00
  0.0000e+00 0.0000e+00 0.0000e+00 0.0000e+00 0.0000e+00 0.0000e+00
  0.0000e+00 0.0000e+00 0.0000e+00]
 [1.0000e+00 0.0000e+00 0.0000e+00 9.9400e+02 0.0000e+00 0.0000e+00
  0.0000e+00 0.0000e+00 0.0000e+00 0.0000e+00 0.0000e+00 0.0000e+00
  0.0000e+00 0.0000e+00 0.0000e+00]
 [0.0000e+00 0.0000e+00 0.0000e+00 0.0000e+00 9.9400e+02 0.0000e+00
  0.0000e+00 0.0000e+00 0.0000e+00 0.0000e+00 0.0000e+00 0.0000e+00
  0.0000e+00 0.0000e+00 0.0000e+00]
 [0.0000e+00 0.0000e+00 0.0000e+00 0.0000e+00 0.0000e+00 2.5840e+02
  0.0000e+00 8.0000e-01 8.0000e-01 0.0000e+00 0.0000e+00 0.0000e+00
  0.0000e+00 0.0000e+00 0.0000e+00]
 [0.0000e+00 0.0000e+00 0.0000e+00 0.0000e+00 0.0000e+00 0.0000e+00
  1.0018e+03 6.0000e-01 5.8000e+00 0.0000e+00 5.0000e+00 1.8000e+00
  0.0000e+00 0.0000e+00 0.0000e+00]
 [0.0000e+00 0.0000e+00 0.0000e+00 0.0000e+00 0.0000e+00 0.0000e+00
  4.0000e-01 9.6320e+02 3.4000e+00 6.6000e+00 0.0000e+00 1.0200e+01
  0.0000e+00 8.0000e+00 3.2000e+00]
 [0.0000e+00 0.0000e+00 0.0000e+00 0.0000e+00 0.0000e+00 0.0000e+00
  8.0000e-01 4.0000e-01 9.8500e+02 1.2600e+01 1.4000e+00 1.8000e+00
  0.0000e+00 0.0000e+00 0.0000e+00]
 [0.0000e+00 0.0000e+00 0.0000e+00 0.0000e+00 0.0000e+00 0.0000e+00
  0.0000e+00 0.0000e+00 0.0000e+00 9.8200e+02 0.0000e+00 0.0000e+00
  0.0000e+00 0.0000e+00 0.0000e+00]
 [0.0000e+00 0.0000e+00 0.0000e+00 0.0000e+00 0.0000e+00 0.0000e+00
  6.0000e-01 0.0000e+00 0.0000e+00 1.0000e+00 9.8640e+02 0.0000e+00
  0.0000e+00 0.0000e+00 0.0000e+00]
 [0.0000e+00 0.0000e+00 0.0000e+00 0.0000e+00 0.0000e+00 0.0000e+00
  6.8000e+00 8.0000e-01 2.6000e+00 0.0000e+00 0.0000e+00 9.7580e+02
  0.0000e+00 0.0000e+00 0.0000e+00]
 [0.0000e+00 0.0000e+00 0.0000e+00 0.0000e+00 0.0000e+00 0.0000e+00
  0.0000e+00 0.0000e+00 0.0000e+00 3.4000e+00 6.4000e+00 0.0000e+00
  3.6520e+02 0.0000e+00 0.0000e+00]
 [0.0000e+00 0.0000e+00 0.0000e+00 0.0000e+00 0.0000e+00 0.0000e+00
  0.0000e+00 0.0000e+00 0.0000e+00 0.0000e+00 0.0000e+00 0.0000e+00
  0.0000e+00 3.4200e+02 0.0000e+00]
 [0.0000e+00 0.0000e+00 0.0000e+00 0.0000e+00 0.0000e+00 0.0000e+00
  0.0000e+00 0.0000e+00 0.0000e+00 0.0000e+00 0.0000e+00 0.0000e+00
  0.0000e+00 0.0000e+00 5.2800e+02]]---
Accuracy: 99.19 +- 0.09
---
class acc :
	Healthy grass: 99.34 +- 0.97
	Stressed grass: 99.60 +- 0.17
	Synthetic grass: 100.00 +- 0.00
	Trees: 99.90 +- 0.09
	Soil: 100.00 +- 0.00
	Water: 99.38 +- 0.75
	Residential: 98.70 +- 0.65
	Commercial: 96.80 +- 1.47
	Road: 98.30 +- 0.60
	Highway: 100.00 +- 0.00
	Railway: 99.84 +- 0.21
	Parking Lot 1: 98.97 +- 0.70
	Parking Lot 2: 97.39 +- 2.12
	Tennis Court: 100.00 +- 0.00
	Running Track: 100.00 +- 0.00
---
AA: 99.21 +- 0.12
Kappa: 99.13 +- 0.09
