run 1 / 5
Best validation overall accuracy 0.9925271739130435
Confusion matrix :
[[ 996    2    0    3    0    0    0    0    0    0    0    0    0    0
     0]
 [   5  998    0    0    0    0    0    0    0    0    0    0    0    0
     0]
 [   0    0  558    0    0    0    0    0    0    0    0    0    0    0
     0]
 [   8    0    0  987    0    0    0    0    0    0    0    0    0    0
     0]
 [   0    0    0    0  994    0    0    0    0    0    0    0    0    0
     0]
 [   0    0    0    0    0  255    5    0    0    0    0    0    0    0
     0]
 [   0    0    0    0    0    0 1008    0    3    0    4    0    0    0
     0]
 [   0    0    0    0    0    0    0  967    0    0    0   19    0    0
     9]
 [   0    0    0    0    0    0    2    5  960   22    1   12    0    0
     0]
 [   0    0    0    0    0    0    0    0    0  982    0    0    0    0
     0]
 [   0    0    0    0    0    0    0    0    0    0  988    0    0    0
     0]
 [   0    0    0    0    0    0   51    0    0    0    0  935    0    0
     0]
 [   0    0    0    0    0    0    0    0    0    0    0    2  373    0
     0]
 [   0    0    0    0    0    0    0    0    0    0    0    0    0  342
     0]
 [   0    0    0    0    0    0    0    0    0    0    0    0    0    0
   528]]---
Accuracy : 98.73%
---
class acc :
	Healthy grass: 99.50
	Stressed grass: 99.50
	Synthetic grass: 100.00
	Trees: 99.20
	Soil: 100.00
	Water: 98.08
	Residential: 99.31
	Commercial: 97.19
	Road: 95.81
	Highway: 100.00
	Railway: 100.00
	Parking Lot 1: 94.83
	Parking Lot 2: 99.47
	Tennis Court: 100.00
	Running Track: 100.00
---
AA: 98.86%
Kappa: 98.62
run 2 / 5
Best validation overall accuracy 0.9945652173913043
Confusion matrix :
[[ 999    0    0    2    0    0    0    0    0    0    0    0    0    0
     0]
 [   6  997    0    0    0    0    0    0    0    0    0    0    0    0
     0]
 [   0    0  558    0    0    0    0    0    0    0    0    0    0    0
     0]
 [   0    0    0  995    0    0    0    0    0    0    0    0    0    0
     0]
 [   0    0    0    0  994    0    0    0    0    0    0    0    0    0
     0]
 [   0    0    0    0    0  260    0    0    0    0    0    0    0    0
     0]
 [   0    0    0    0    0    0 1007    0    0    0    8    0    0    0
     0]
 [   0    0    0    0    0    0    0  965    1    0    0   29    0    0
     0]
 [   0    0    0    0    0    0    1    0  993    4    3    1    0    0
     0]
 [   0    0    0    0    0    0    0    0    0  981    1    0    0    0
     0]
 [   0    0    0    0    0    0    0    0    0    0  988    0    0    0
     0]
 [   0    0    0    0    0    0   16    4    7    0    0  959    0    0
     0]
 [   0    0    0    0    0    0    0    0    0    0    0    0  375    0
     0]
 [   0    0    0    0    0    0    0    0    0    0    0    0    0  342
     0]
 [   0    0    0    0    0    0    0    0    0    0    0    0    0    0
   528]]---
Accuracy : 99.31%
---
class acc :
	Healthy grass: 99.80
	Stressed grass: 99.40
	Synthetic grass: 100.00
	Trees: 100.00
	Soil: 100.00
	Water: 100.00
	Residential: 99.21
	Commercial: 96.98
	Road: 99.10
	Highway: 99.90
	Railway: 100.00
	Parking Lot 1: 97.26
	Parking Lot 2: 100.00
	Tennis Court: 100.00
	Running Track: 100.00
---
AA: 99.44%
Kappa: 99.25
run 3 / 5
Best validation overall accuracy 0.9925271739130435
Confusion matrix :
[[ 981    0    0   20    0    0    0    0    0    0    0    0    0    0
     0]
 [  10  993    0    0    0    0    0    0    0    0    0    0    0    0
     0]
 [   0    0  558    0    0    0    0    0    0    0    0    0    0    0
     0]
 [   0    0    0  995    0    0    0    0    0    0    0    0    0    0
     0]
 [   0    0    0    0  994    0    0    0    0    0    0    0    0    0
     0]
 [   0    0    0    0    0  260    0    0    0    0    0    0    0    0
     0]
 [   0    0    0    0    0    0 1007    0    8    0    0    0    0    0
     0]
 [   0    0    0    0    0    0    0  963    0    0    0   23    0    0
     9]
 [   0    0    0    0    0    0    0    0  988   14    0    0    0    0
     0]
 [   0    0    0    0    0    0    0    0    0  982    0    0    0    0
     0]
 [   0    0    0    0    0    0    0    0    0    2  986    0    0    0
     0]
 [   0    0    0    0    0    0   20    0    8    1    0  957    0    0
     0]
 [   0    0    0    0    0    0    0    0    0    2    0    0  373    0
     0]
 [   0    0    0    0    0    0    0    0    0    0    0    0    0  342
     0]
 [   0    0    0    0    0    0    0    0    0    0    0    0    0    0
   528]]---
Accuracy : 99.03%
---
class acc :
	Healthy grass: 98.00
	Stressed grass: 99.00
	Synthetic grass: 100.00
	Trees: 100.00
	Soil: 100.00
	Water: 100.00
	Residential: 99.21
	Commercial: 96.78
	Road: 98.60
	Highway: 100.00
	Railway: 99.80
	Parking Lot 1: 97.06
	Parking Lot 2: 99.47
	Tennis Court: 100.00
	Running Track: 100.00
---
AA: 99.20%
Kappa: 98.95
run 4 / 5
Best validation overall accuracy 0.9884510869565217
Confusion matrix :
[[1001    0    0    0    0    0    0    0    0    0    0    0    0    0
     0]
 [   2 1001    0    0    0    0    0    0    0    0    0    0    0    0
     0]
 [   0    0  558    0    0    0    0    0    0    0    0    0    0    0
     0]
 [   0    0    0  995    0    0    0    0    0    0    0    0    0    0
     0]
 [   0    0    0    0  994    0    0    0    0    0    0    0    0    0
     0]
 [   0    0    0    0    0  256    0    1    3    0    0    0    0    0
     0]
 [   0    0    0    0    0    0 1005    0    0    3    4    3    0    0
     0]
 [   0    0    0    0    0    0   21  952   13    0    0    9    0    0
     0]
 [   0    0    0    0    0    0    1    0  997    4    0    0    0    0
     0]
 [   0    0    0    0    0    0    0    0    0  982    0    0    0    0
     0]
 [   0    0    0    0    0    0    0    0    0    0  988    0    0    0
     0]
 [   0    0    0    0    0    0    1    0    5    0    0  980    0    0
     0]
 [   0    0    0    0    0    0    0    0    0    0    0    0  375    0
     0]
 [   0    0    0    0    0    0    0    0    0    0    0    0    0  342
     0]
 [   0    0    0    0    0    0    0    0    0    0    0    0    0    0
   528]]---
Accuracy : 99.42%
---
class acc :
	Healthy grass: 100.00
	Stressed grass: 99.80
	Synthetic grass: 100.00
	Trees: 100.00
	Soil: 100.00
	Water: 98.46
	Residential: 99.01
	Commercial: 95.68
	Road: 99.50
	Highway: 100.00
	Railway: 100.00
	Parking Lot 1: 99.39
	Parking Lot 2: 100.00
	Tennis Court: 100.00
	Running Track: 100.00
---
AA: 99.46%
Kappa: 99.37
run 5 / 5
Best validation overall accuracy 0.9972826086956522
Confusion matrix :
[[1001    0    0    0    0    0    0    0    0    0    0    0    0    0
     0]
 [   2 1001    0    0    0    0    0    0    0    0    0    0    0    0
     0]
 [   0    0  558    0    0    0    0    0    0    0    0    0    0    0
     0]
 [   0    0    0  995    0    0    0    0    0    0    0    0    0    0
     0]
 [   0    0    0    0  994    0    0    0    0    0    0    0    0    0
     0]
 [   0    0    0    0    0  257    0    0    3    0    0    0    0    0
     0]
 [   0    0    0    0    0    0 1007    0    4    0    3    0    1    0
     0]
 [   0    0    0    0    0    0   26  950    0    0    0    0    0   19
     0]
 [   0    0    0    0    0    0    2    0  981    9    9    1    0    0
     0]
 [   0    0    0    0    0    0    0    0    0  980    0    2    0    0
     0]
 [   0    0    0    0    0    0    0    0    0    0  988    0    0    0
     0]
 [   0    0    0    0    0    0    4   15   11    0    0  956    0    0
     0]
 [   0    0    0    0    0    0    0    0    0    0    0    0  375    0
     0]
 [   0    0    0    0    0    0    0    0    0    0    0    0    0  342
     0]
 [   0    0    0    0    0    0    0    0    0    0    0    0    0    0
   528]]---
Accuracy : 99.08%
---
class acc :
	Healthy grass: 100.00
	Stressed grass: 99.80
	Synthetic grass: 100.00
	Trees: 100.00
	Soil: 100.00
	Water: 98.85
	Residential: 99.21
	Commercial: 95.48
	Road: 97.90
	Highway: 99.80
	Railway: 100.00
	Parking Lot 1: 96.96
	Parking Lot 2: 100.00
	Tennis Court: 100.00
	Running Track: 100.00
---
AA: 99.20%
Kappa: 99.00
Agregated results :
Confusion matrix :
[[9.9560e+02 4.0000e-01 0.0000e+00 5.0000e+00 0.0000e+00 0.0000e+00
  0.0000e+00 0.0000e+00 0.0000e+00 0.0000e+00 0.0000e+00 0.0000e+00
  0.0000e+00 0.0000e+00 0.0000e+00]
 [5.0000e+00 9.9800e+02 0.0000e+00 0.0000e+00 0.0000e+00 0.0000e+00
  0.0000e+00 0.0000e+00 0.0000e+00 0.0000e+00 0.0000e+00 0.0000e+00
  0.0000e+00 0.0000e+00 0.0000e+00]
 [0.0000e+00 0.0000e+00 5.5800e+02 0.0000e+00 0.0000e+00 0.0000e+00
  0.0000e+00 0.0000e+00 0.0000e+00 0.0000e+00 0.0000e+00 0.0000e+00
  0.0000e+00 0.0000e+00 0.0000e+00]
 [1.6000e+00 0.0000e+00 0.0000e+00 9.9340e+02 0.0000e+00 0.0000e+00
  0.0000e+00 0.0000e+00 0.0000e+00 0.0000e+00 0.0000e+00 0.0000e+00
  0.0000e+00 0.0000e+00 0.0000e+00]
 [0.0000e+00 0.0000e+00 0.0000e+00 0.0000e+00 9.9400e+02 0.0000e+00
  0.0000e+00 0.0000e+00 0.0000e+00 0.0000e+00 0.0000e+00 0.0000e+00
  0.0000e+00 0.0000e+00 0.0000e+00]
 [0.0000e+00 0.0000e+00 0.0000e+00 0.0000e+00 0.0000e+00 2.5760e+02
  1.0000e+00 2.0000e-01 1.2000e+00 0.0000e+00 0.0000e+00 0.0000e+00
  0.0000e+00 0.0000e+00 0.0000e+00]
 [0.0000e+00 0.0000e+00 0.0000e+00 0.0000e+00 0.0000e+00 0.0000e+00
  1.0068e+03 0.0000e+00 3.0000e+00 6.0000e-01 3.8000e+00 6.0000e-01
  2.0000e-01 0.0000e+00 0.0000e+00]
 [0.0000e+00 0.0000e+00 0.0000e+00 0.0000e+00 0.0000e+00 0.0000e+00
  9.4000e+00 9.5940e+02 2.8000e+00 0.0000e+00 0.0000e+00 1.6000e+01
  0.0000e+00 3.8000e+00 3.6000e+00]
 [0.0000e+00 0.0000e+00 0.0000e+00 0.0000e+00 0.0000e+00 0.0000e+00
  1.2000e+00 1.0000e+00 9.8380e+02 1.0600e+01 2.6000e+00 2.8000e+00
  0.0000e+00 0.0000e+00 0.0000e+00]
 [0.0000e+00 0.0000e+00 0.0000e+00 0.0000e+00 0.0000e+00 0.0000e+00
  0.0000e+00 0.0000e+00 0.0000e+00 9.8140e+02 2.0000e-01 4.0000e-01
  0.0000e+00 0.0000e+00 0.0000e+00]
 [0.0000e+00 0.0000e+00 0.0000e+00 0.0000e+00 0.0000e+00 0.0000e+00
  0.0000e+00 0.0000e+00 0.0000e+00 4.0000e-01 9.8760e+02 0.0000e+00
  0.0000e+00 0.0000e+00 0.0000e+00]
 [0.0000e+00 0.0000e+00 0.0000e+00 0.0000e+00 0.0000e+00 0.0000e+00
  1.8400e+01 3.8000e+00 6.2000e+00 2.0000e-01 0.0000e+00 9.5740e+02
  0.0000e+00 0.0000e+00 0.0000e+00]
 [0.0000e+00 0.0000e+00 0.0000e+00 0.0000e+00 0.0000e+00 0.0000e+00
  0.0000e+00 0.0000e+00 0.0000e+00 4.0000e-01 0.0000e+00 4.0000e-01
  3.7420e+02 0.0000e+00 0.0000e+00]
 [0.0000e+00 0.0000e+00 0.0000e+00 0.0000e+00 0.0000e+00 0.0000e+00
  0.0000e+00 0.0000e+00 0.0000e+00 0.0000e+00 0.0000e+00 0.0000e+00
  0.0000e+00 3.4200e+02 0.0000e+00]
 [0.0000e+00 0.0000e+00 0.0000e+00 0.0000e+00 0.0000e+00 0.0000e+00
  0.0000e+00 0.0000e+00 0.0000e+00 0.0000e+00 0.0000e+00 0.0000e+00
  0.0000e+00 0.0000e+00 5.2800e+02]]---
Accuracy: 99.11 +- 0.24
---
class acc :
	Healthy grass: 99.46 +- 0.75
	Stressed grass: 99.50 +- 0.30
	Synthetic grass: 100.00 +- 0.00
	Trees: 99.84 +- 0.32
	Soil: 100.00 +- 0.00
	Water: 99.08 +- 0.79
	Residential: 99.19 +- 0.10
	Commercial: 96.42 +- 0.70
	Road: 98.18 +- 1.30
	Highway: 99.94 +- 0.08
	Railway: 99.96 +- 0.08
	Parking Lot 1: 97.10 +- 1.45
	Parking Lot 2: 99.79 +- 0.26
	Tennis Court: 100.00 +- 0.00
	Running Track: 100.00 +- 0.00
---
AA: 99.23 +- 0.22
Kappa: 99.04 +- 0.26
