run 1 / 5
Best validation overall accuracy 0.9972826086956522
Confusion matrix :
[[751   0   0   0   0   0   0   0   0   0   0   0   0   0   0]
 [  1 752   0   0   0   0   0   0   0   0   0   0   0   0   0]
 [  0   0 418   0   0   0   0   0   0   0   0   0   0   0   0]
 [  0   0   0 746   0   0   0   0   0   0   0   0   0   0   0]
 [  0   0   0   0 745   0   0   0   0   0   0   0   0   0   0]
 [  0   0   0   0   0 195   0   0   0   0   0   0   0   0   0]
 [  0   0   0   0   0   0 760   0   0   0   1   0   0   0   0]
 [  0   0   0   0   0   0   0 747   0   0   0   0   0   0   0]
 [  0   0   0   0   0   0   0   0 746   4   0   1   0   0   0]
 [  0   0   0   0   0   0   0   0   0 736   0   0   0   0   0]
 [  0   0   0   0   0   0   0   0   0   0 741   0   0   0   0]
 [  0   0   0   0   0   0   7   2   1   0   0 730   0   0   0]
 [  0   0   0   0   0   0   0   0   0   0   0   0 281   0   0]
 [  0   0   0   0   0   0   0   0   0   0   0   0   0 257   0]
 [  0   0   0   0   0   0   0   0   0   0   0   0   0   0 396]]---
Accuracy : 99.81%
---
class acc :
	Healthy grass: 100.00
	Stressed grass: 99.87
	Synthetic grass: 100.00
	Trees: 100.00
	Soil: 100.00
	Water: 100.00
	Residential: 99.87
	Commercial: 100.00
	Road: 99.33
	Highway: 100.00
	Railway: 100.00
	Parking Lot 1: 98.65
	Parking Lot 2: 100.00
	Tennis Court: 100.00
	Running Track: 100.00
---
AA: 99.85%
Kappa: 99.80
run 2 / 5
Best validation overall accuracy 0.9989809782608695
Confusion matrix :
[[751   0   0   0   0   0   0   0   0   0   0   0   0   0   0]
 [  1 752   0   0   0   0   0   0   0   0   0   0   0   0   0]
 [  0   0 418   0   0   0   0   0   0   0   0   0   0   0   0]
 [  1   0   0 745   0   0   0   0   0   0   0   0   0   0   0]
 [  0   0   0   0 745   0   0   0   0   0   0   0   0   0   0]
 [  0   0   0   0   0 194   0   1   0   0   0   0   0   0   0]
 [  0   0   0   0   0   0 758   0   0   0   3   0   0   0   0]
 [  0   0   0   0   0   0   0 747   0   0   0   0   0   0   0]
 [  0   0   0   0   0   0   0   0 746   5   0   0   0   0   0]
 [  0   0   0   0   0   0   0   0   0 735   1   0   0   0   0]
 [  0   0   0   0   0   0   0   0   0   0 741   0   0   0   0]
 [  0   0   0   0   0   0   6   2   2   0   0 730   0   0   0]
 [  0   0   0   0   0   0   0   0   0   0   0   0 281   0   0]
 [  0   0   0   0   0   0   0   0   0   0   0   0   0 257   0]
 [  0   0   0   0   0   0   0   0   0   0   0   0   0   0 396]]---
Accuracy : 99.76%
---
class acc :
	Healthy grass: 100.00
	Stressed grass: 99.87
	Synthetic grass: 100.00
	Trees: 99.87
	Soil: 100.00
	Water: 99.49
	Residential: 99.61
	Commercial: 100.00
	Road: 99.33
	Highway: 99.86
	Railway: 100.00
	Parking Lot 1: 98.65
	Parking Lot 2: 100.00
	Tennis Court: 100.00
	Running Track: 100.00
---
AA: 99.78%
Kappa: 99.74
run 3 / 5
Best validation overall accuracy 0.9989809782608695
Confusion matrix :
[[751   0   0   0   0   0   0   0   0   0   0   0   0   0   0]
 [  6 747   0   0   0   0   0   0   0   0   0   0   0   0   0]
 [  0   0 418   0   0   0   0   0   0   0   0   0   0   0   0]
 [  0   0   0 746   0   0   0   0   0   0   0   0   0   0   0]
 [  0   0   0   0 745   0   0   0   0   0   0   0   0   0   0]
 [  0   0   0   0   0 193   0   0   2   0   0   0   0   0   0]
 [  0   0   0   0   0   0 760   0   0   0   1   0   0   0   0]
 [  0   0   0   0   0   0   0 747   0   0   0   0   0   0   0]
 [  0   0   0   0   0   0   0   0 750   0   0   1   0   0   0]
 [  0   0   0   0   0   0   0   0   0 734   1   0   1   0   0]
 [  0   0   0   0   0   0   0   0   0   0 741   0   0   0   0]
 [  0   0   0   0   0   0   2   3   0   0   0 735   0   0   0]
 [  0   0   0   0   0   0   0   0   0   0   0   0 281   0   0]
 [  0   0   0   0   0   0   0   0   0   0   0   0   0 257   0]
 [  0   0   0   0   0   0   0   0   0   0   0   0   0   0 396]]---
Accuracy : 99.81%
---
class acc :
	Healthy grass: 100.00
	Stressed grass: 99.20
	Synthetic grass: 100.00
	Trees: 100.00
	Soil: 100.00
	Water: 98.97
	Residential: 99.87
	Commercial: 100.00
	Road: 99.87
	Highway: 99.73
	Railway: 100.00
	Parking Lot 1: 99.32
	Parking Lot 2: 100.00
	Tennis Court: 100.00
	Running Track: 100.00
---
AA: 99.80%
Kappa: 99.80
run 4 / 5
Best validation overall accuracy 0.9989809782608695
Confusion matrix :
[[751   0   0   0   0   0   0   0   0   0   0   0   0   0   0]
 [  0 753   0   0   0   0   0   0   0   0   0   0   0   0   0]
 [  0   0 418   0   0   0   0   0   0   0   0   0   0   0   0]
 [  0   0   0 747   0   0   0   0   0   0   0   0   0   0   0]
 [  0   0   0   0 745   0   0   0   0   0   0   0   0   0   0]
 [  0   0   0   0   0 195   0   0   0   0   0   0   0   0   0]
 [  0   0   0   0   0   0 760   0   0   0   0   1   0   0   0]
 [  0   0   0   0   7   0   0 739   0   0   0   0   0   0   0]
 [  0   0   0   0   0   0   0   0 751   0   0   0   0   0   0]
 [  0   0   0   0   0   0   0   0   0 736   0   0   0   0   0]
 [  0   0   0   0   0   0   0   0   0   0 741   0   0   0   0]
 [  0   0   0   0   0   0   0   2   4   0   0 734   0   0   0]
 [  0   0   0   0   0   0   0   0   0   0   0   0 281   0   0]
 [  0   0   0   0   0   0   0   0   0   0   0   0   0 257   0]
 [  0   0   0   0   0   0   0   0   0   0   0   0   0   0 396]]---
Accuracy : 99.84%
---
class acc :
	Healthy grass: 100.00
	Stressed grass: 100.00
	Synthetic grass: 100.00
	Trees: 100.00
	Soil: 100.00
	Water: 100.00
	Residential: 99.87
	Commercial: 99.06
	Road: 100.00
	Highway: 100.00
	Railway: 100.00
	Parking Lot 1: 99.19
	Parking Lot 2: 100.00
	Tennis Court: 100.00
	Running Track: 100.00
---
AA: 99.87%
Kappa: 99.83
run 5 / 5
Best validation overall accuracy 0.998641304347826
Confusion matrix :
[[751   0   0   0   0   0   0   0   0   0   0   0   0   0   0]
 [  5 748   0   0   0   0   0   0   0   0   0   0   0   0   0]
 [  0   0 418   0   0   0   0   0   0   0   0   0   0   0   0]
 [  0   0   0 747   0   0   0   0   0   0   0   0   0   0   0]
 [  0   0   0   0 745   0   0   0   0   0   0   0   0   0   0]
 [  0   0   0   0   0 195   0   0   0   0   0   0   0   0   0]
 [  0   0   0   0   0   0 754   0   7   0   0   0   0   0   0]
 [  0   0   0   0   0   0   0 746   0   0   0   0   0   0   0]
 [  0   0   0   0   0   0   2   0 744   4   0   1   0   0   0]
 [  0   0   0   0   0   0   0   0   0 736   0   0   0   0   0]
 [  0   0   0   0   0   0   0   0   0   0 741   0   0   0   0]
 [  0   0   0   0   0   0   0   3   0   0   0 737   0   0   0]
 [  0   0   0   0   0   0   0   0   0   0   0   0 281   0   0]
 [  0   0   0   0   0   0   0   0   0   0   0   0   0 257   0]
 [  0   0   0   0   0   0   0   0   0   0   0   0   0   0 396]]---
Accuracy : 99.76%
---
class acc :
	Healthy grass: 100.00
	Stressed grass: 99.34
	Synthetic grass: 100.00
	Trees: 100.00
	Soil: 100.00
	Water: 100.00
	Residential: 99.08
	Commercial: 100.00
	Road: 99.07
	Highway: 100.00
	Railway: 100.00
	Parking Lot 1: 99.59
	Parking Lot 2: 100.00
	Tennis Court: 100.00
	Running Track: 100.00
---
AA: 99.81%
Kappa: 99.74
Agregated results :
Confusion matrix :
[[7.510e+02 0.000e+00 0.000e+00 0.000e+00 0.000e+00 0.000e+00 0.000e+00
  0.000e+00 0.000e+00 0.000e+00 0.000e+00 0.000e+00 0.000e+00 0.000e+00
  0.000e+00]
 [2.600e+00 7.504e+02 0.000e+00 0.000e+00 0.000e+00 0.000e+00 0.000e+00
  0.000e+00 0.000e+00 0.000e+00 0.000e+00 0.000e+00 0.000e+00 0.000e+00
  0.000e+00]
 [0.000e+00 0.000e+00 4.180e+02 0.000e+00 0.000e+00 0.000e+00 0.000e+00
  0.000e+00 0.000e+00 0.000e+00 0.000e+00 0.000e+00 0.000e+00 0.000e+00
  0.000e+00]
 [2.000e-01 0.000e+00 0.000e+00 7.462e+02 0.000e+00 0.000e+00 0.000e+00
  0.000e+00 0.000e+00 0.000e+00 0.000e+00 0.000e+00 0.000e+00 0.000e+00
  0.000e+00]
 [0.000e+00 0.000e+00 0.000e+00 0.000e+00 7.450e+02 0.000e+00 0.000e+00
  0.000e+00 0.000e+00 0.000e+00 0.000e+00 0.000e+00 0.000e+00 0.000e+00
  0.000e+00]
 [0.000e+00 0.000e+00 0.000e+00 0.000e+00 0.000e+00 1.944e+02 0.000e+00
  2.000e-01 4.000e-01 0.000e+00 0.000e+00 0.000e+00 0.000e+00 0.000e+00
  0.000e+00]
 [0.000e+00 0.000e+00 0.000e+00 0.000e+00 0.000e+00 0.000e+00 7.584e+02
  0.000e+00 1.400e+00 0.000e+00 1.000e+00 2.000e-01 0.000e+00 0.000e+00
  0.000e+00]
 [0.000e+00 0.000e+00 0.000e+00 0.000e+00 1.400e+00 0.000e+00 0.000e+00
  7.452e+02 0.000e+00 0.000e+00 0.000e+00 0.000e+00 0.000e+00 0.000e+00
  0.000e+00]
 [0.000e+00 0.000e+00 0.000e+00 0.000e+00 0.000e+00 0.000e+00 4.000e-01
  0.000e+00 7.474e+02 2.600e+00 0.000e+00 6.000e-01 0.000e+00 0.000e+00
  0.000e+00]
 [0.000e+00 0.000e+00 0.000e+00 0.000e+00 0.000e+00 0.000e+00 0.000e+00
  0.000e+00 0.000e+00 7.354e+02 4.000e-01 0.000e+00 2.000e-01 0.000e+00
  0.000e+00]
 [0.000e+00 0.000e+00 0.000e+00 0.000e+00 0.000e+00 0.000e+00 0.000e+00
  0.000e+00 0.000e+00 0.000e+00 7.410e+02 0.000e+00 0.000e+00 0.000e+00
  0.000e+00]
 [0.000e+00 0.000e+00 0.000e+00 0.000e+00 0.000e+00 0.000e+00 3.000e+00
  2.400e+00 1.400e+00 0.000e+00 0.000e+00 7.332e+02 0.000e+00 0.000e+00
  0.000e+00]
 [0.000e+00 0.000e+00 0.000e+00 0.000e+00 0.000e+00 0.000e+00 0.000e+00
  0.000e+00 0.000e+00 0.000e+00 0.000e+00 0.000e+00 2.810e+02 0.000e+00
  0.000e+00]
 [0.000e+00 0.000e+00 0.000e+00 0.000e+00 0.000e+00 0.000e+00 0.000e+00
  0.000e+00 0.000e+00 0.000e+00 0.000e+00 0.000e+00 0.000e+00 2.570e+02
  0.000e+00]
 [0.000e+00 0.000e+00 0.000e+00 0.000e+00 0.000e+00 0.000e+00 0.000e+00
  0.000e+00 0.000e+00 0.000e+00 0.000e+00 0.000e+00 0.000e+00 0.000e+00
  3.960e+02]]---
Accuracy: 99.80 +- 0.03
---
class acc :
	Healthy grass: 100.00 +- 0.00
	Stressed grass: 99.65 +- 0.32
	Synthetic grass: 100.00 +- 0.00
	Trees: 99.97 +- 0.05
	Soil: 100.00 +- 0.00
	Water: 99.69 +- 0.41
	Residential: 99.66 +- 0.31
	Commercial: 99.81 +- 0.38
	Road: 99.52 +- 0.35
	Highway: 99.92 +- 0.11
	Railway: 100.00 +- 0.00
	Parking Lot 1: 99.08 +- 0.38
	Parking Lot 2: 100.00 +- 0.00
	Tennis Court: 100.00 +- 0.00
	Running Track: 100.00 +- 0.00
---
AA: 99.82 +- 0.04
Kappa: 99.78 +- 0.04
