run 1 / 5
Best validation overall accuracy 0.9986607142857142
Confusion matrix :
[[500   0   0   0   0   0   0   0   0   0   0   0   0   0   0]
 [  2 500   0   0   0   0   0   0   0   0   0   0   0   0   0]
 [  0   0 279   0   0   0   0   0   0   0   0   0   0   0   0]
 [  0   0   0 498   0   0   0   0   0   0   0   0   0   0   0]
 [  0   0   0   0 497   0   0   0   0   0   0   0   0   0   0]
 [  0   0   0   0   0 130   0   0   0   0   0   0   0   0   0]
 [  0   0   0   0   0   0 507   0   0   0   0   0   0   0   0]
 [  0   0   0   0   0   0   0 493   0   0   0   0   0   0   5]
 [  0   0   0   0   0   0   0   0 501   0   0   0   0   0   0]
 [  0   0   0   0   0   0   0   0   0 491   0   0   0   0   0]
 [  0   0   0   0   0   0   0   0   0   0 494   0   0   0   0]
 [  0   0   0   0   0   0   0   0   0   0   0 493   0   0   0]
 [  0   0   0   0   0   0   0   0   0   0   0   0 187   0   0]
 [  0   0   0   0   0   0   0   0   0   0   0   0   0 171   0]
 [  0   0   0   0   0   0   0   0   0   0   0   0   0   0 264]]---
Accuracy : 99.88%
---
class acc :
	Healthy grass: 100.00
	Stressed grass: 99.60
	Synthetic grass: 100.00
	Trees: 100.00
	Soil: 100.00
	Water: 100.00
	Residential: 100.00
	Commercial: 99.00
	Road: 100.00
	Highway: 100.00
	Railway: 100.00
	Parking Lot 1: 100.00
	Parking Lot 2: 100.00
	Tennis Court: 100.00
	Running Track: 100.00
---
AA: 99.91%
Kappa: 99.87
run 2 / 5
Best validation overall accuracy 0.9997767857142857
Confusion matrix :
[[500   0   0   0   0   0   0   0   0   0   0   0   0   0   0]
 [  3 499   0   0   0   0   0   0   0   0   0   0   0   0   0]
 [  0   0 279   0   0   0   0   0   0   0   0   0   0   0   0]
 [  0   0   0 498   0   0   0   0   0   0   0   0   0   0   0]
 [  0   0   0   0 497   0   0   0   0   0   0   0   0   0   0]
 [  0   0   0   0   0 127   0   3   0   0   0   0   0   0   0]
 [  0   0   0   0   0   0 507   0   0   0   0   0   0   0   0]
 [  0   0   0   0   0   0   0 498   0   0   0   0   0   0   0]
 [  0   0   0   0   0   0   0   0 500   0   0   1   0   0   0]
 [  0   0   0   0   0   0   0   0   0 491   0   0   0   0   0]
 [  0   0   0   0   0   0   0   0   0   0 494   0   0   0   0]
 [  0   0   0   0   0   0   3   0   0   0   0 490   0   0   0]
 [  0   0   0   0   0   0   0   0   0   0   0   0 187   0   0]
 [  0   0   0   0   0   0   0   0   0   0   0   0   0 171   0]
 [  0   0   0   0   0   0   0   0   0   0   0   0   0   0 264]]---
Accuracy : 99.83%
---
class acc :
	Healthy grass: 100.00
	Stressed grass: 99.40
	Synthetic grass: 100.00
	Trees: 100.00
	Soil: 100.00
	Water: 97.69
	Residential: 100.00
	Commercial: 100.00
	Road: 99.80
	Highway: 100.00
	Railway: 100.00
	Parking Lot 1: 99.39
	Parking Lot 2: 100.00
	Tennis Court: 100.00
	Running Track: 100.00
---
AA: 99.75%
Kappa: 99.82
run 3 / 5
Best validation overall accuracy 0.9997767857142857
Confusion matrix :
[[500   0   0   0   0   0   0   0   0   0   0   0   0   0   0]
 [  0 502   0   0   0   0   0   0   0   0   0   0   0   0   0]
 [  0   0 279   0   0   0   0   0   0   0   0   0   0   0   0]
 [  0   0   0 498   0   0   0   0   0   0   0   0   0   0   0]
 [  0   0   0   0 497   0   0   0   0   0   0   0   0   0   0]
 [  0   0   0   0   0 130   0   0   0   0   0   0   0   0   0]
 [  0   0   0   0   0   0 507   0   0   0   0   0   0   0   0]
 [  0   0   0   0   0   0   0 497   0   0   0   1   0   0   0]
 [  0   0   0   0   0   0   0   0 497   4   0   0   0   0   0]
 [  0   0   0   0   0   0   0   0   0 491   0   0   0   0   0]
 [  0   0   0   0   0   0   0   0   0   0 494   0   0   0   0]
 [  0   0   0   0   0   0   1   0   0   0   0 492   0   0   0]
 [  0   0   0   0   0   0   0   0   0   0   0   0 187   0   0]
 [  0   0   0   0   0   0   0   0   0   0   0   0   0 171   0]
 [  0   0   0   0   0   0   0   0   0   0   0   0   0   0 264]]---
Accuracy : 99.90%
---
class acc :
	Healthy grass: 100.00
	Stressed grass: 100.00
	Synthetic grass: 100.00
	Trees: 100.00
	Soil: 100.00
	Water: 100.00
	Residential: 100.00
	Commercial: 99.80
	Road: 99.20
	Highway: 100.00
	Railway: 100.00
	Parking Lot 1: 99.80
	Parking Lot 2: 100.00
	Tennis Court: 100.00
	Running Track: 100.00
---
AA: 99.92%
Kappa: 99.89
run 4 / 5
Best validation overall accuracy 0.9997767857142857
Confusion matrix :
[[500   0   0   0   0   0   0   0   0   0   0   0   0   0   0]
 [  0 502   0   0   0   0   0   0   0   0   0   0   0   0   0]
 [  0   0 279   0   0   0   0   0   0   0   0   0   0   0   0]
 [  0   0   0 498   0   0   0   0   0   0   0   0   0   0   0]
 [  0   0   0   0 497   0   0   0   0   0   0   0   0   0   0]
 [  0   0   0   0   0 130   0   0   0   0   0   0   0   0   0]
 [  0   0   0   0   0   0 507   0   0   0   0   0   0   0   0]
 [  0   0   0   0   0   0   0 498   0   0   0   0   0   0   0]
 [  0   0   0   0   0   0   0   0 501   0   0   0   0   0   0]
 [  0   0   0   0   0   0   0   0   0 491   0   0   0   0   0]
 [  0   0   0   0   0   0   0   0   0   0 494   0   0   0   0]
 [  0   0   0   0   0   0   0   4   0   0   0 489   0   0   0]
 [  0   0   0   0   0   0   0   0   0   0   0   0 187   0   0]
 [  0   0   0   0   0   0   0   0   0   0   0   0   0 171   0]
 [  0   0   0   0   0   0   0   0   0   0   0   0   0   0 264]]---
Accuracy : 99.93%
---
class acc :
	Healthy grass: 100.00
	Stressed grass: 100.00
	Synthetic grass: 100.00
	Trees: 100.00
	Soil: 100.00
	Water: 100.00
	Residential: 100.00
	Commercial: 100.00
	Road: 100.00
	Highway: 100.00
	Railway: 100.00
	Parking Lot 1: 99.19
	Parking Lot 2: 100.00
	Tennis Court: 100.00
	Running Track: 100.00
---
AA: 99.95%
Kappa: 99.93
run 5 / 5
Best validation overall accuracy 0.9995535714285714
Confusion matrix :
[[500   0   0   0   0   0   0   0   0   0   0   0   0   0   0]
 [  2 500   0   0   0   0   0   0   0   0   0   0   0   0   0]
 [  0   0 279   0   0   0   0   0   0   0   0   0   0   0   0]
 [  0   0   0 498   0   0   0   0   0   0   0   0   0   0   0]
 [  0   0   0   0 497   0   0   0   0   0   0   0   0   0   0]
 [  0   0   0   0   0 130   0   0   0   0   0   0   0   0   0]
 [  0   0   0   0   0   0 507   0   0   0   0   0   0   0   0]
 [  0   0   0   0   0   0   0 498   0   0   0   0   0   0   0]
 [  0   0   0   0   0   0   0   0 501   0   0   0   0   0   0]
 [  0   0   0   0   0   0   0   0   0 491   0   0   0   0   0]
 [  0   0   0   0   0   0   0   0   0   0 494   0   0   0   0]
 [  0   0   0   0   0   0   0   0   1   0   0 491   1   0   0]
 [  0   0   0   0   0   0   0   0   0   0   0   0 187   0   0]
 [  0   0   0   0   0   0   0   0   0   0   0   0   0 171   0]
 [  0   0   0   0   0   0   0   0   0   0   0   0   0   0 264]]---
Accuracy : 99.93%
---
class acc :
	Healthy grass: 100.00
	Stressed grass: 99.60
	Synthetic grass: 100.00
	Trees: 100.00
	Soil: 100.00
	Water: 100.00
	Residential: 100.00
	Commercial: 100.00
	Road: 100.00
	Highway: 100.00
	Railway: 100.00
	Parking Lot 1: 99.59
	Parking Lot 2: 100.00
	Tennis Court: 100.00
	Running Track: 100.00
---
AA: 99.95%
Kappa: 99.93
Agregated results :
Confusion matrix :
[[5.000e+02 0.000e+00 0.000e+00 0.000e+00 0.000e+00 0.000e+00 0.000e+00
  0.000e+00 0.000e+00 0.000e+00 0.000e+00 0.000e+00 0.000e+00 0.000e+00
  0.000e+00]
 [1.400e+00 5.006e+02 0.000e+00 0.000e+00 0.000e+00 0.000e+00 0.000e+00
  0.000e+00 0.000e+00 0.000e+00 0.000e+00 0.000e+00 0.000e+00 0.000e+00
  0.000e+00]
 [0.000e+00 0.000e+00 2.790e+02 0.000e+00 0.000e+00 0.000e+00 0.000e+00
  0.000e+00 0.000e+00 0.000e+00 0.000e+00 0.000e+00 0.000e+00 0.000e+00
  0.000e+00]
 [0.000e+00 0.000e+00 0.000e+00 4.980e+02 0.000e+00 0.000e+00 0.000e+00
  0.000e+00 0.000e+00 0.000e+00 0.000e+00 0.000e+00 0.000e+00 0.000e+00
  0.000e+00]
 [0.000e+00 0.000e+00 0.000e+00 0.000e+00 4.970e+02 0.000e+00 0.000e+00
  0.000e+00 0.000e+00 0.000e+00 0.000e+00 0.000e+00 0.000e+00 0.000e+00
  0.000e+00]
 [0.000e+00 0.000e+00 0.000e+00 0.000e+00 0.000e+00 1.294e+02 0.000e+00
  6.000e-01 0.000e+00 0.000e+00 0.000e+00 0.000e+00 0.000e+00 0.000e+00
  0.000e+00]
 [0.000e+00 0.000e+00 0.000e+00 0.000e+00 0.000e+00 0.000e+00 5.070e+02
  0.000e+00 0.000e+00 0.000e+00 0.000e+00 0.000e+00 0.000e+00 0.000e+00
  0.000e+00]
 [0.000e+00 0.000e+00 0.000e+00 0.000e+00 0.000e+00 0.000e+00 0.000e+00
  4.968e+02 0.000e+00 0.000e+00 0.000e+00 2.000e-01 0.000e+00 0.000e+00
  1.000e+00]
 [0.000e+00 0.000e+00 0.000e+00 0.000e+00 0.000e+00 0.000e+00 0.000e+00
  0.000e+00 5.000e+02 8.000e-01 0.000e+00 2.000e-01 0.000e+00 0.000e+00
  0.000e+00]
 [0.000e+00 0.000e+00 0.000e+00 0.000e+00 0.000e+00 0.000e+00 0.000e+00
  0.000e+00 0.000e+00 4.910e+02 0.000e+00 0.000e+00 0.000e+00 0.000e+00
  0.000e+00]
 [0.000e+00 0.000e+00 0.000e+00 0.000e+00 0.000e+00 0.000e+00 0.000e+00
  0.000e+00 0.000e+00 0.000e+00 4.940e+02 0.000e+00 0.000e+00 0.000e+00
  0.000e+00]
 [0.000e+00 0.000e+00 0.000e+00 0.000e+00 0.000e+00 0.000e+00 8.000e-01
  8.000e-01 2.000e-01 0.000e+00 0.000e+00 4.910e+02 2.000e-01 0.000e+00
  0.000e+00]
 [0.000e+00 0.000e+00 0.000e+00 0.000e+00 0.000e+00 0.000e+00 0.000e+00
  0.000e+00 0.000e+00 0.000e+00 0.000e+00 0.000e+00 1.870e+02 0.000e+00
  0.000e+00]
 [0.000e+00 0.000e+00 0.000e+00 0.000e+00 0.000e+00 0.000e+00 0.000e+00
  0.000e+00 0.000e+00 0.000e+00 0.000e+00 0.000e+00 0.000e+00 1.710e+02
  0.000e+00]
 [0.000e+00 0.000e+00 0.000e+00 0.000e+00 0.000e+00 0.000e+00 0.000e+00
  0.000e+00 0.000e+00 0.000e+00 0.000e+00 0.000e+00 0.000e+00 0.000e+00
  2.640e+02]]---
Accuracy: 99.90 +- 0.04
---
class acc :
	Healthy grass: 100.00 +- 0.00
	Stressed grass: 99.72 +- 0.24
	Synthetic grass: 100.00 +- 0.00
	Trees: 100.00 +- 0.00
	Soil: 100.00 +- 0.00
	Water: 99.54 +- 0.92
	Residential: 100.00 +- 0.00
	Commercial: 99.76 +- 0.39
	Road: 99.80 +- 0.31
	Highway: 100.00 +- 0.00
	Railway: 100.00 +- 0.00
	Parking Lot 1: 99.59 +- 0.29
	Parking Lot 2: 100.00 +- 0.00
	Tennis Court: 100.00 +- 0.00
	Running Track: 100.00 +- 0.00
---
AA: 99.89 +- 0.07
Kappa: 99.89 +- 0.04
