run 1 / 5
Best validation overall accuracy 1.0
Confusion matrix :
[[ 867  149    0   37    0    0    0    0    0    0    0    0    0    0
     0]
 [   0 1064    0    0    0    0    0    0    0    0    0    0    0    0
     0]
 [   0    0  502    0    0    0    3    0    0    0    0    0    0    0
     0]
 [   0    5    0 1041    0    1    2    0    7    0    0    0    0    0
     0]
 [   0    0    0    0 1056    0    0    0    0    0    0    0    0    0
     0]
 [   0    0    0    0    0  136    0    2    5    0    0    0    0    0
     0]
 [   0    0    1    0    0    0  978   84    4    0    0    5    0    0
     0]
 [   0    0   64    0   25    0   37  833    0   18   12   42    2   11
     9]
 [   0    0    0    0    6    0   57    0  903   45   38   10    0    0
     0]
 [   0    0    0    0    0    0    0    0  190  814   32    0    0    0
     0]
 [   0    0    0    0    7    0   38    0   16   36  957    0    0    0
     0]
 [   0    0    0    0    0    0    5   96   24    6   42  868    0    0
     0]
 [   0    0    0    0    0    0    1    0    0    0   20   18  246    0
     0]
 [   0    0    0    0    0    0    0    0    0    0    0    0    1  246
     0]
 [   0    0    0    0    0    0    0    0    0    0    0    0    0    0
   473]]---
Accuracy : 90.05%
---
class acc :
	Healthy grass: 82.34
	Stressed grass: 100.00
	Synthetic grass: 99.41
	Trees: 98.58
	Soil: 100.00
	Water: 95.10
	Residential: 91.23
	Commercial: 79.11
	Road: 85.27
	Highway: 78.57
	Railway: 90.80
	Parking Lot 1: 83.38
	Parking Lot 2: 86.32
	Tennis Court: 99.60
	Running Track: 100.00
---
AA: 91.31%
Kappa: 89.20
run 2 / 5
Best validation overall accuracy 1.0
Confusion matrix :
[[ 864  134    0   55    0    0    0    0    0    0    0    0    0    0
     0]
 [   3 1059    0    2    0    0    0    0    0    0    0    0    0    0
     0]
 [   0    0  505    0    0    0    0    0    0    0    0    0    0    0
     0]
 [   0    5    0 1039    0    0    8    0    4    0    0    0    0    0
     0]
 [   0    0    0    0 1056    0    0    0    0    0    0    0    0    0
     0]
 [   0    0    0    0    0  137    0    5    1    0    0    0    0    0
     0]
 [   0    0    4    0    0   11  967   75    7    0    2    6    0    0
     0]
 [   0    0   21    0    5    3   27  912    0    0    8   52    5   20
     0]
 [   0    0    0    0    3    0   42    0  872   89   20   33    0    0
     0]
 [   0    0    0    0    1    0    0    0  221  800   14    0    0    0
     0]
 [   0    0    0    0   22    0   21    6   39    0  959    0    7    0
     0]
 [   0    0    0    0    0    0    9  117   18    0    0  897    0    0
     0]
 [   0    0    0    0    0    0    1    0   11    8    2   15  248    0
     0]
 [   0    0    0    0    0    0    0    0    0    0    0    0    0  247
     0]
 [   0    0    0    0    0    0    0    0    0    0    0    0    0    0
   473]]---
Accuracy : 90.47%
---
class acc :
	Healthy grass: 82.05
	Stressed grass: 99.53
	Synthetic grass: 100.00
	Trees: 98.39
	Soil: 100.00
	Water: 95.80
	Residential: 90.21
	Commercial: 86.61
	Road: 82.34
	Highway: 77.22
	Railway: 90.99
	Parking Lot 1: 86.17
	Parking Lot 2: 87.02
	Tennis Court: 100.00
	Running Track: 100.00
---
AA: 91.75%
Kappa: 89.66
run 3 / 5
Best validation overall accuracy 1.0
Confusion matrix :
[[ 867  144    0   42    0    0    0    0    0    0    0    0    0    0
     0]
 [   0 1057    0    7    0    0    0    0    0    0    0    0    0    0
     0]
 [   0    0  502    0    0    0    3    0    0    0    0    0    0    0
     0]
 [   0    6    0 1036    0    0    6    0    5    0    0    0    0    3
     0]
 [   0    0    0    0 1056    0    0    0    0    0    0    0    0    0
     0]
 [   0    0    0    0    0  137    0    5    1    0    0    0    0    0
     0]
 [   0    0    1    0    0    3  997   64    3    0    0    3    0    1
     0]
 [   0    0    0    0   63    0   35  873    1   18    8   32    3   16
     4]
 [   0    0    0    0   12    0   50    2  814   75   60   43    3    0
     0]
 [   0    0    0    0    0    0    0    0  219  777   39    1    0    0
     0]
 [   0    0    0    0   15    0   33    0    8    7  991    0    0    0
     0]
 [   0    0    0    0    0    0   24   85    0    0   48  884    0    0
     0]
 [   0    0    0    0    0    0    0    0    1   18    1   16  249    0
     0]
 [   0    0    0    0    0    0    0    0    0    0    0    0    0  247
     0]
 [   0    0    0    0    0    0    5    0    0    0    0    0    0    0
   468]]---
Accuracy : 89.82%
---
class acc :
	Healthy grass: 82.34
	Stressed grass: 99.34
	Synthetic grass: 99.41
	Trees: 98.11
	Soil: 100.00
	Water: 95.80
	Residential: 93.00
	Commercial: 82.91
	Road: 76.86
	Highway: 75.00
	Railway: 94.02
	Parking Lot 1: 84.92
	Parking Lot 2: 87.37
	Tennis Court: 100.00
	Running Track: 98.94
---
AA: 91.20%
Kappa: 88.94
run 4 / 5
Best validation overall accuracy 1.0
Confusion matrix :
[[ 865  145    0   43    0    0    0    0    0    0    0    0    0    0
     0]
 [   0 1064    0    0    0    0    0    0    0    0    0    0    0    0
     0]
 [   0    0  452    0    0    0   53    0    0    0    0    0    0    0
     0]
 [   2    2    0 1040    0    0    7    0    2    0    0    0    0    3
     0]
 [   0    0    0    0 1056    0    0    0    0    0    0    0    0    0
     0]
 [   0    0    0    0    0  134    3    0    6    0    0    0    0    0
     0]
 [   0    1    0    0    0    0  990   69    9    0    0    0    0    3
     0]
 [   0    0    0    0   10    0   72  869   11   18   14   34    5   11
     9]
 [   0    0    0    0   20    0   34    1  913   48   39    4    0    0
     0]
 [   0    0    0    0    0    0    0    0  210  746   80    0    0    0
     0]
 [   0    0    0    0    9    0   43   15   73    4  908    0    2    0
     0]
 [   0    0    0    0    0    0    8   96   25    3   22  887    0    0
     0]
 [   0    0    0    0    0    0    1    0    0    1   19    0  264    0
     0]
 [   0    0    0    0    0    0    0    0    0    0    0    0    0  247
     0]
 [   0    0    0    0    0    0    0    0    0    0    0    0    0    0
   473]]---
Accuracy : 89.43%
---
class acc :
	Healthy grass: 82.15
	Stressed grass: 100.00
	Synthetic grass: 89.50
	Trees: 98.48
	Soil: 100.00
	Water: 93.71
	Residential: 92.35
	Commercial: 82.53
	Road: 86.21
	Highway: 72.01
	Railway: 86.15
	Parking Lot 1: 85.21
	Parking Lot 2: 92.63
	Tennis Court: 100.00
	Running Track: 100.00
---
AA: 90.73%
Kappa: 88.52
run 5 / 5
Best validation overall accuracy 1.0
Confusion matrix :
[[ 865  153    0   35    0    0    0    0    0    0    0    0    0    0
     0]
 [   3 1061    0    0    0    0    0    0    0    0    0    0    0    0
     0]
 [   0    0  503    0    0    0    2    0    0    0    0    0    0    0
     0]
 [   0   17    0 1029    0    0    4    0    3    0    0    0    0    3
     0]
 [   0    0    0    0 1056    0    0    0    0    0    0    0    0    0
     0]
 [   0    0    0    0    0  137    0    0    6    0    0    0    0    0
     0]
 [   0    1    0    0    1    2  977   76   14    0    0    0    0    1
     0]
 [   0    0    1    0    9    0   36  850   76   18    8   32    3   13
     7]
 [   0    0    0    0    0    0   21    1  913   39   57   26    2    0
     0]
 [   0    0    0    0    0    0    0    0  195  809   32    0    0    0
     0]
 [   0    0    0    0    8    0   35    0   70   27  914    0    0    0
     0]
 [   0    0    0    0    0    0   21   79   20    0   52  868    1    0
     0]
 [   0    0    0    0    0    0    1    0    2   18    0   12  252    0
     0]
 [   0    0    0    0    0    0    0    0    0    0    0    0    0  247
     0]
 [   0    0    0    0    0    0    0    0    0    0    0    0    0    0
   473]]---
Accuracy : 89.81%
---
class acc :
	Healthy grass: 82.15
	Stressed grass: 99.72
	Synthetic grass: 99.60
	Trees: 97.44
	Soil: 100.00
	Water: 95.80
	Residential: 91.14
	Commercial: 80.72
	Road: 86.21
	Highway: 78.09
	Railway: 86.72
	Parking Lot 1: 83.38
	Parking Lot 2: 88.42
	Tennis Court: 100.00
	Running Track: 100.00
---
AA: 91.29%
Kappa: 88.93
Agregated results :
Confusion matrix :
[[8.656e+02 1.450e+02 0.000e+00 4.240e+01 0.000e+00 0.000e+00 0.000e+00
  0.000e+00 0.000e+00 0.000e+00 0.000e+00 0.000e+00 0.000e+00 0.000e+00
  0.000e+00]
 [1.200e+00 1.061e+03 0.000e+00 1.800e+00 0.000e+00 0.000e+00 0.000e+00
  0.000e+00 0.000e+00 0.000e+00 0.000e+00 0.000e+00 0.000e+00 0.000e+00
  0.000e+00]
 [0.000e+00 0.000e+00 4.928e+02 0.000e+00 0.000e+00 0.000e+00 1.220e+01
  0.000e+00 0.000e+00 0.000e+00 0.000e+00 0.000e+00 0.000e+00 0.000e+00
  0.000e+00]
 [4.000e-01 7.000e+00 0.000e+00 1.037e+03 0.000e+00 2.000e-01 5.400e+00
  0.000e+00 4.200e+00 0.000e+00 0.000e+00 0.000e+00 0.000e+00 1.800e+00
  0.000e+00]
 [0.000e+00 0.000e+00 0.000e+00 0.000e+00 1.056e+03 0.000e+00 0.000e+00
  0.000e+00 0.000e+00 0.000e+00 0.000e+00 0.000e+00 0.000e+00 0.000e+00
  0.000e+00]
 [0.000e+00 0.000e+00 0.000e+00 0.000e+00 0.000e+00 1.362e+02 6.000e-01
  2.400e+00 3.800e+00 0.000e+00 0.000e+00 0.000e+00 0.000e+00 0.000e+00
  0.000e+00]
 [0.000e+00 4.000e-01 1.200e+00 0.000e+00 2.000e-01 3.200e+00 9.818e+02
  7.360e+01 7.400e+00 0.000e+00 4.000e-01 2.800e+00 0.000e+00 1.000e+00
  0.000e+00]
 [0.000e+00 0.000e+00 1.720e+01 0.000e+00 2.240e+01 6.000e-01 4.140e+01
  8.674e+02 1.760e+01 1.440e+01 1.000e+01 3.840e+01 3.600e+00 1.420e+01
  5.800e+00]
 [0.000e+00 0.000e+00 0.000e+00 0.000e+00 8.200e+00 0.000e+00 4.080e+01
  8.000e-01 8.830e+02 5.920e+01 4.280e+01 2.320e+01 1.000e+00 0.000e+00
  0.000e+00]
 [0.000e+00 0.000e+00 0.000e+00 0.000e+00 2.000e-01 0.000e+00 0.000e+00
  0.000e+00 2.070e+02 7.892e+02 3.940e+01 2.000e-01 0.000e+00 0.000e+00
  0.000e+00]
 [0.000e+00 0.000e+00 0.000e+00 0.000e+00 1.220e+01 0.000e+00 3.400e+01
  4.200e+00 4.120e+01 1.480e+01 9.458e+02 0.000e+00 1.800e+00 0.000e+00
  0.000e+00]
 [0.000e+00 0.000e+00 0.000e+00 0.000e+00 0.000e+00 0.000e+00 1.340e+01
  9.460e+01 1.740e+01 1.800e+00 3.280e+01 8.808e+02 2.000e-01 0.000e+00
  0.000e+00]
 [0.000e+00 0.000e+00 0.000e+00 0.000e+00 0.000e+00 0.000e+00 8.000e-01
  0.000e+00 2.800e+00 9.000e+00 8.400e+00 1.220e+01 2.518e+02 0.000e+00
  0.000e+00]
 [0.000e+00 0.000e+00 0.000e+00 0.000e+00 0.000e+00 0.000e+00 0.000e+00
  0.000e+00 0.000e+00 0.000e+00 0.000e+00 0.000e+00 2.000e-01 2.468e+02
  0.000e+00]
 [0.000e+00 0.000e+00 0.000e+00 0.000e+00 0.000e+00 0.000e+00 1.000e+00
  0.000e+00 0.000e+00 0.000e+00 0.000e+00 0.000e+00 0.000e+00 0.000e+00
  4.720e+02]]---
Accuracy: 89.92 +- 0.34
---
class acc :
	Healthy grass: 82.20 +- 0.11
	Stressed grass: 99.72 +- 0.26
	Synthetic grass: 97.58 +- 4.05
	Trees: 98.20 +- 0.41
	Soil: 100.00 +- 0.00
	Water: 95.24 +- 0.82
	Residential: 91.59 +- 0.98
	Commercial: 82.37 +- 2.52
	Road: 83.38 +- 3.55
	Highway: 76.18 +- 2.42
	Railway: 89.73 +- 2.93
	Parking Lot 1: 84.61 +- 1.09
	Parking Lot 2: 88.35 +- 2.25
	Tennis Court: 99.92 +- 0.16
	Running Track: 99.79 +- 0.42
---
AA: 91.26 +- 0.33
Kappa: 89.05 +- 0.37
