run 1 / 5
Best validation overall accuracy 1.0
Confusion matrix :
[[250   0   0   0   0   0   0   0   0   0   0   0   0   0   0]
 [  0 251   0   0   0   0   0   0   0   0   0   0   0   0   0]
 [  0   0 139   0   0   0   0   0   0   0   0   0   0   0   0]
 [  0   0   0 249   0   0   0   0   0   0   0   0   0   0   0]
 [  0   0   0   0 248   0   0   0   0   0   0   0   0   0   0]
 [  0   0   0   0   0  65   0   0   0   0   0   0   0   0   0]
 [  0   0   0   0   0   0 254   0   0   0   0   0   0   0   0]
 [  0   0   0   0   0   0   0 249   0   0   0   0   0   0   0]
 [  0   0   0   0   0   0   0   0 250   0   0   0   0   0   0]
 [  0   0   0   0   0   0   0   0   0 245   0   0   0   0   0]
 [  0   0   0   0   0   0   0   0   0   0 247   0   0   0   0]
 [  0   0   0   0   0   0   0   0   0   0   0 247   0   0   0]
 [  0   0   0   0   0   0   0   0   0   0   0   0  94   0   0]
 [  0   0   0   0   0   0   0   0   0   0   0   0   0  86   0]
 [  0   0   0   0   0   0   0   0   0   0   0   0   0   0 132]]---
Accuracy : 100.00%
---
class acc :
	Healthy grass: 100.00
	Stressed grass: 100.00
	Synthetic grass: 100.00
	Trees: 100.00
	Soil: 100.00
	Water: 100.00
	Residential: 100.00
	Commercial: 100.00
	Road: 100.00
	Highway: 100.00
	Railway: 100.00
	Parking Lot 1: 100.00
	Parking Lot 2: 100.00
	Tennis Court: 100.00
	Running Track: 100.00
---
AA: 100.00%
Kappa: 100.00
run 2 / 5
Best validation overall accuracy 0.9998319892473119
Confusion matrix :
[[250   0   0   0   0   0   0   0   0   0   0   0   0   0   0]
 [  0 251   0   0   0   0   0   0   0   0   0   0   0   0   0]
 [  0   0 139   0   0   0   0   0   0   0   0   0   0   0   0]
 [  0   0   0 249   0   0   0   0   0   0   0   0   0   0   0]
 [  0   0   0   0 248   0   0   0   0   0   0   0   0   0   0]
 [  0   0   0   0   0  64   0   1   0   0   0   0   0   0   0]
 [  0   0   0   0   0   0 254   0   0   0   0   0   0   0   0]
 [  0   0   0   0   0   0   0 249   0   0   0   0   0   0   0]
 [  0   0   0   0   0   0   0   0 248   2   0   0   0   0   0]
 [  0   0   0   0   0   0   0   0   0 245   0   0   0   0   0]
 [  0   0   0   0   0   0   0   0   0   0 247   0   0   0   0]
 [  0   0   0   0   0   0   0   0   0   0   0 247   0   0   0]
 [  0   0   0   0   0   0   0   0   0   0   0   0  94   0   0]
 [  0   0   0   0   0   0   0   0   0   0   0   0   0  86   0]
 [  0   0   0   0   0   0   0   0   0   0   0   0   0   0 132]]---
Accuracy : 99.90%
---
class acc :
	Healthy grass: 100.00
	Stressed grass: 100.00
	Synthetic grass: 100.00
	Trees: 100.00
	Soil: 100.00
	Water: 98.46
	Residential: 100.00
	Commercial: 100.00
	Road: 99.20
	Highway: 100.00
	Railway: 100.00
	Parking Lot 1: 100.00
	Parking Lot 2: 100.00
	Tennis Court: 100.00
	Running Track: 100.00
---
AA: 99.84%
Kappa: 99.89
run 3 / 5
Best validation overall accuracy 1.0
Confusion matrix :
[[250   0   0   0   0   0   0   0   0   0   0   0   0   0   0]
 [  0 251   0   0   0   0   0   0   0   0   0   0   0   0   0]
 [  0   0 139   0   0   0   0   0   0   0   0   0   0   0   0]
 [  0   0   0 249   0   0   0   0   0   0   0   0   0   0   0]
 [  0   0   0   0 248   0   0   0   0   0   0   0   0   0   0]
 [  0   0   0   0   0  65   0   0   0   0   0   0   0   0   0]
 [  0   0   0   0   0   0 254   0   0   0   0   0   0   0   0]
 [  0   0   0   0   0   0   0 247   0   0   0   2   0   0   0]
 [  0   0   0   0   0   0   0   0 250   0   0   0   0   0   0]
 [  0   0   0   0   0   0   0   0   0 245   0   0   0   0   0]
 [  0   0   0   0   0   0   0   0   0   0 247   0   0   0   0]
 [  0   0   0   0   0   0   0   0   0   0   0 247   0   0   0]
 [  0   0   0   0   0   0   0   0   0   0   0   0  94   0   0]
 [  0   0   0   0   0   0   0   0   0   0   0   0   0  86   0]
 [  0   0   0   0   0   0   0   0   0   0   0   0   0   0 132]]---
Accuracy : 99.93%
---
class acc :
	Healthy grass: 100.00
	Stressed grass: 100.00
	Synthetic grass: 100.00
	Trees: 100.00
	Soil: 100.00
	Water: 100.00
	Residential: 100.00
	Commercial: 99.20
	Road: 100.00
	Highway: 100.00
	Railway: 100.00
	Parking Lot 1: 100.00
	Parking Lot 2: 100.00
	Tennis Court: 100.00
	Running Track: 100.00
---
AA: 99.95%
Kappa: 99.93
run 4 / 5
Best validation overall accuracy 1.0
Confusion matrix :
[[250   0   0   0   0   0   0   0   0   0   0   0   0   0   0]
 [  0 251   0   0   0   0   0   0   0   0   0   0   0   0   0]
 [  0   0 139   0   0   0   0   0   0   0   0   0   0   0   0]
 [  0   0   0 249   0   0   0   0   0   0   0   0   0   0   0]
 [  0   0   0   0 248   0   0   0   0   0   0   0   0   0   0]
 [  0   0   0   0   0  65   0   0   0   0   0   0   0   0   0]
 [  0   0   0   0   0   0 254   0   0   0   0   0   0   0   0]
 [  0   0   0   0   0   0   0 249   0   0   0   0   0   0   0]
 [  0   0   0   0   0   0   0   0 250   0   0   0   0   0   0]
 [  0   0   0   0   0   0   0   0   0 245   0   0   0   0   0]
 [  0   0   0   0   0   0   0   0   0   0 247   0   0   0   0]
 [  0   0   0   0   0   0   0   0   0   0   0 247   0   0   0]
 [  0   0   0   0   0   0   0   0   0   0   0   0  94   0   0]
 [  0   0   0   0   0   0   0   0   0   0   0   0   0  86   0]
 [  0   0   0   0   0   0   0   0   0   0   0   0   0   0 132]]---
Accuracy : 100.00%
---
class acc :
	Healthy grass: 100.00
	Stressed grass: 100.00
	Synthetic grass: 100.00
	Trees: 100.00
	Soil: 100.00
	Water: 100.00
	Residential: 100.00
	Commercial: 100.00
	Road: 100.00
	Highway: 100.00
	Railway: 100.00
	Parking Lot 1: 100.00
	Parking Lot 2: 100.00
	Tennis Court: 100.00
	Running Track: 100.00
---
AA: 100.00%
Kappa: 100.00
run 5 / 5
Best validation overall accuracy 0.9996639784946236
Confusion matrix :
[[250   0   0   0   0   0   0   0   0   0   0   0   0   0   0]
 [  1 250   0   0   0   0   0   0   0   0   0   0   0   0   0]
 [  0   0 139   0   0   0   0   0   0   0   0   0   0   0   0]
 [  0   0   0 249   0   0   0   0   0   0   0   0   0   0   0]
 [  0   0   0   0 248   0   0   0   0   0   0   0   0   0   0]
 [  0   0   0   0   0  65   0   0   0   0   0   0   0   0   0]
 [  0   0   0   0   0   0 254   0   0   0   0   0   0   0   0]
 [  0   0   0   0   0   0   0 249   0   0   0   0   0   0   0]
 [  0   0   0   0   0   0   0   0 250   0   0   0   0   0   0]
 [  0   0   0   0   0   0   0   0   0 245   0   0   0   0   0]
 [  0   0   0   0   0   0   0   0   0   0 247   0   0   0   0]
 [  0   0   0   0   0   0   0   0   0   0   0 247   0   0   0]
 [  0   0   0   0   0   0   0   0   0   0   0   0  94   0   0]
 [  0   0   0   0   0   0   0   0   0   0   0   0   0  86   0]
 [  0   0   0   0   0   0   0   0   0   0   0   0   0   0 132]]---
Accuracy : 99.97%
---
class acc :
	Healthy grass: 100.00
	Stressed grass: 99.60
	Synthetic grass: 100.00
	Trees: 100.00
	Soil: 100.00
	Water: 100.00
	Residential: 100.00
	Commercial: 100.00
	Road: 100.00
	Highway: 100.00
	Railway: 100.00
	Parking Lot 1: 100.00
	Parking Lot 2: 100.00
	Tennis Court: 100.00
	Running Track: 100.00
---
AA: 99.97%
Kappa: 99.96
Agregated results :
Confusion matrix :
[[2.500e+02 0.000e+00 0.000e+00 0.000e+00 0.000e+00 0.000e+00 0.000e+00
  0.000e+00 0.000e+00 0.000e+00 0.000e+00 0.000e+00 0.000e+00 0.000e+00
  0.000e+00]
 [2.000e-01 2.508e+02 0.000e+00 0.000e+00 0.000e+00 0.000e+00 0.000e+00
  0.000e+00 0.000e+00 0.000e+00 0.000e+00 0.000e+00 0.000e+00 0.000e+00
  0.000e+00]
 [0.000e+00 0.000e+00 1.390e+02 0.000e+00 0.000e+00 0.000e+00 0.000e+00
  0.000e+00 0.000e+00 0.000e+00 0.000e+00 0.000e+00 0.000e+00 0.000e+00
  0.000e+00]
 [0.000e+00 0.000e+00 0.000e+00 2.490e+02 0.000e+00 0.000e+00 0.000e+00
  0.000e+00 0.000e+00 0.000e+00 0.000e+00 0.000e+00 0.000e+00 0.000e+00
  0.000e+00]
 [0.000e+00 0.000e+00 0.000e+00 0.000e+00 2.480e+02 0.000e+00 0.000e+00
  0.000e+00 0.000e+00 0.000e+00 0.000e+00 0.000e+00 0.000e+00 0.000e+00
  0.000e+00]
 [0.000e+00 0.000e+00 0.000e+00 0.000e+00 0.000e+00 6.480e+01 0.000e+00
  2.000e-01 0.000e+00 0.000e+00 0.000e+00 0.000e+00 0.000e+00 0.000e+00
  0.000e+00]
 [0.000e+00 0.000e+00 0.000e+00 0.000e+00 0.000e+00 0.000e+00 2.540e+02
  0.000e+00 0.000e+00 0.000e+00 0.000e+00 0.000e+00 0.000e+00 0.000e+00
  0.000e+00]
 [0.000e+00 0.000e+00 0.000e+00 0.000e+00 0.000e+00 0.000e+00 0.000e+00
  2.486e+02 0.000e+00 0.000e+00 0.000e+00 4.000e-01 0.000e+00 0.000e+00
  0.000e+00]
 [0.000e+00 0.000e+00 0.000e+00 0.000e+00 0.000e+00 0.000e+00 0.000e+00
  0.000e+00 2.496e+02 4.000e-01 0.000e+00 0.000e+00 0.000e+00 0.000e+00
  0.000e+00]
 [0.000e+00 0.000e+00 0.000e+00 0.000e+00 0.000e+00 0.000e+00 0.000e+00
  0.000e+00 0.000e+00 2.450e+02 0.000e+00 0.000e+00 0.000e+00 0.000e+00
  0.000e+00]
 [0.000e+00 0.000e+00 0.000e+00 0.000e+00 0.000e+00 0.000e+00 0.000e+00
  0.000e+00 0.000e+00 0.000e+00 2.470e+02 0.000e+00 0.000e+00 0.000e+00
  0.000e+00]
 [0.000e+00 0.000e+00 0.000e+00 0.000e+00 0.000e+00 0.000e+00 0.000e+00
  0.000e+00 0.000e+00 0.000e+00 0.000e+00 2.470e+02 0.000e+00 0.000e+00
  0.000e+00]
 [0.000e+00 0.000e+00 0.000e+00 0.000e+00 0.000e+00 0.000e+00 0.000e+00
  0.000e+00 0.000e+00 0.000e+00 0.000e+00 0.000e+00 9.400e+01 0.000e+00
  0.000e+00]
 [0.000e+00 0.000e+00 0.000e+00 0.000e+00 0.000e+00 0.000e+00 0.000e+00
  0.000e+00 0.000e+00 0.000e+00 0.000e+00 0.000e+00 0.000e+00 8.600e+01
  0.000e+00]
 [0.000e+00 0.000e+00 0.000e+00 0.000e+00 0.000e+00 0.000e+00 0.000e+00
  0.000e+00 0.000e+00 0.000e+00 0.000e+00 0.000e+00 0.000e+00 0.000e+00
  1.320e+02]]---
Accuracy: 99.96 +- 0.04
---
class acc :
	Healthy grass: 100.00 +- 0.00
	Stressed grass: 99.92 +- 0.16
	Synthetic grass: 100.00 +- 0.00
	Trees: 100.00 +- 0.00
	Soil: 100.00 +- 0.00
	Water: 99.69 +- 0.62
	Residential: 100.00 +- 0.00
	Commercial: 99.84 +- 0.32
	Road: 99.84 +- 0.32
	Highway: 100.00 +- 0.00
	Railway: 100.00 +- 0.00
	Parking Lot 1: 100.00 +- 0.00
	Parking Lot 2: 100.00 +- 0.00
	Tennis Court: 100.00 +- 0.00
	Running Track: 100.00 +- 0.00
---
AA: 99.95 +- 0.06
Kappa: 99.96 +- 0.04
