run 1 / 5
Best validation overall accuracy 1.0
Confusion matrix :
[[ 863  153    0   37    0    0    0    0    0    0    0    0    0    0
     0]
 [   0 1064    0    0    0    0    0    0    0    0    0    0    0    0
     0]
 [   0    0  505    0    0    0    0    0    0    0    0    0    0    0
     0]
 [   0    3    0 1041    0    0    5    0    7    0    0    0    0    0
     0]
 [   0    0    0    0 1050    0    0    6    0    0    0    0    0    0
     0]
 [   0    0    0    0    0  136    1    0    6    0    0    0    0    0
     0]
 [   0    0    9    0    0   11  924   75    9    0    0   26    0   18
     0]
 [   0    0    0    0   36    0   27  844    1   26   47   43    9   17
     3]
 [   0    0    0    0    0    0   45    0  875   77   43   19    0    0
     0]
 [   0    0   85    0    0    0    0    0  198  645  108    0    0    0
     0]
 [   0    0    0    0    1    0    6    5   31    4 1006    0    1    0
     0]
 [   0    0    0    0    0    0   33   90   23    0    7  888    0    0
     0]
 [   0    0    0    0    0    0    0    0    0    5   20    9  251    0
     0]
 [   0    0    0    0    0    0    1    0    0    0    0    0    0  246
     0]
 [   0    0    0    0    0    0    0    1    0    0    0    0    0    0
   472]]---
Accuracy : 88.63%
---
class acc :
	Healthy grass: 81.96
	Stressed grass: 100.00
	Synthetic grass: 100.00
	Trees: 98.58
	Soil: 99.43
	Water: 95.10
	Residential: 86.19
	Commercial: 80.15
	Road: 82.63
	Highway: 62.26
	Railway: 95.45
	Parking Lot 1: 85.30
	Parking Lot 2: 88.07
	Tennis Court: 99.60
	Running Track: 99.79
---
AA: 90.30%
Kappa: 87.66
run 2 / 5
Best validation overall accuracy 1.0
Confusion matrix :
[[ 868  130    0   55    0    0    0    0    0    0    0    0    0    0
     0]
 [   0 1064    0    0    0    0    0    0    0    0    0    0    0    0
     0]
 [   0    0  504    0    0    0    1    0    0    0    0    0    0    0
     0]
 [   0    9    0 1040    0    0    3    0    4    0    0    0    0    0
     0]
 [   0    1    0    0 1052    0    0    1    2    0    0    0    0    0
     0]
 [   0    0    0    0    0  136    0    4    3    0    0    0    0    0
     0]
 [   0    0    7    0    0    0 1004   54    5    0    0    1    1    0
     0]
 [   0    0   22    0    1    0   58  913    7   18    2    7    5    9
    11]
 [   0    0    0    0    0    0   76    0  856   70   30   25    2    0
     0]
 [   0    0    0    0    0    0    0    0  156  832   36   12    0    0
     0]
 [   0    0    9    0    7    0  108    0   17    3  902    0    8    0
     0]
 [   0    0    0    0    0    0    9  149   11    1    0  871    0    0
     0]
 [   0    0    0    0    0    0    1    0    0    4   16    1  263    0
     0]
 [   0    0    0    0    0    0    0    0    0    0    0    0    0  247
     0]
 [   0    0    0    0    0    0    3    0    0    0    0    0    0    0
   470]]---
Accuracy : 90.37%
---
class acc :
	Healthy grass: 82.43
	Stressed grass: 100.00
	Synthetic grass: 99.80
	Trees: 98.48
	Soil: 99.62
	Water: 95.10
	Residential: 93.66
	Commercial: 86.70
	Road: 80.83
	Highway: 80.31
	Railway: 85.58
	Parking Lot 1: 83.67
	Parking Lot 2: 92.28
	Tennis Court: 100.00
	Running Track: 99.37
---
AA: 91.86%
Kappa: 89.54
run 3 / 5
Best validation overall accuracy 1.0
Confusion matrix :
[[ 858  142    0   53    0    0    0    0    0    0    0    0    0    0
     0]
 [   5 1053    0    6    0    0    0    0    0    0    0    0    0    0
     0]
 [   0    0  502    0    0    0    2    0    0    0    0    0    0    1
     0]
 [   0    1    0 1047    0    0    0    0    8    0    0    0    0    0
     0]
 [   0    0    0    0 1054    0    0    1    0    0    0    1    0    0
     0]
 [   0    0    0    2    0  128    6    1    5    0    0    0    1    0
     0]
 [   0    0    3    0    0    0  973   89    3    0    0    3    0    1
     0]
 [   0    0    0    0   24    0   34  892   13   18    3   47    2   16
     4]
 [   0    0    0    0    2    0   53    1  865   70   34   30    4    0
     0]
 [   0    0    0    0    0    0    0    0  186  820   30    0    0    0
     0]
 [   0    0    0    0   16    0   70    1   42   16  898    0   11    0
     0]
 [   0    0    0    0    0    0    7  107   15    0   42  870    0    0
     0]
 [   0    0    0    0    0    0    0    0    0    0   20    3  262    0
     0]
 [   0    0    0    0    0    0    0    0    0    0    0    0    0  247
     0]
 [   0    0    0    0    0    0    3    0    0    0    0    0    0    0
   470]]---
Accuracy : 89.69%
---
class acc :
	Healthy grass: 81.48
	Stressed grass: 98.97
	Synthetic grass: 99.41
	Trees: 99.15
	Soil: 99.81
	Water: 89.51
	Residential: 90.76
	Commercial: 84.71
	Road: 81.68
	Highway: 79.15
	Railway: 85.20
	Parking Lot 1: 83.57
	Parking Lot 2: 91.93
	Tennis Court: 100.00
	Running Track: 99.37
---
AA: 90.98%
Kappa: 88.80
run 4 / 5
Best validation overall accuracy 1.0
Confusion matrix :
[[ 862  139    0   52    0    0    0    0    0    0    0    0    0    0
     0]
 [   6 1051    0    7    0    0    0    0    0    0    0    0    0    0
     0]
 [   0    0  500    0    0    0    5    0    0    0    0    0    0    0
     0]
 [   1    4    0 1039    0    0    4    0    3    0    0    0    0    5
     0]
 [   0    0    0    0 1056    0    0    0    0    0    0    0    0    0
     0]
 [   0    0    0    0    0  137    0    2    4    0    0    0    0    0
     0]
 [   0    0    9    3    0    4  964   86    6    0    0    0    0    0
     0]
 [   0    0   19    0    1    0    8  867   54   18    3   59    4    5
    15]
 [   0    0    0    0   21    0   73    0  861   56   18   28    2    0
     0]
 [   0    0    0    0    0    0    0    0  221  792   12   11    0    0
     0]
 [   0    0    4    0   11    0   51    1   23    3  959    0    2    0
     0]
 [   0    0    0    0    0    0   33   77   19    0   29  883    0    0
     0]
 [   0    0    0    0    0    0    0    0    2    5   13   15  250    0
     0]
 [   0    0    0    0    0    0    0    0    0    0    0    0    0  247
     0]
 [   0    0    0    0    0    0    9    0    0    0    0    0    0    0
   464]]---
Accuracy : 89.63%
---
class acc :
	Healthy grass: 81.86
	Stressed grass: 98.78
	Synthetic grass: 99.01
	Trees: 98.39
	Soil: 100.00
	Water: 95.80
	Residential: 89.93
	Commercial: 82.34
	Road: 81.30
	Highway: 76.45
	Railway: 90.99
	Parking Lot 1: 84.82
	Parking Lot 2: 87.72
	Tennis Court: 100.00
	Running Track: 98.10
---
AA: 91.03%
Kappa: 88.74
run 5 / 5
Best validation overall accuracy 1.0
Confusion matrix :
[[ 858  140    0   53    0    1    1    0    0    0    0    0    0    0
     0]
 [   4 1060    0    0    0    0    0    0    0    0    0    0    0    0
     0]
 [   0    0  504    0    0    0    1    0    0    0    0    0    0    0
     0]
 [   0    9    0 1026    0    0   19    0    1    0    0    0    0    1
     0]
 [   0    0    0    0 1056    0    0    0    0    0    0    0    0    0
     0]
 [   0    0    0    0    0  137    0    6    0    0    0    0    0    0
     0]
 [   0    0   14    0    0    1  954   89    9    0    5    0    0    0
     0]
 [   0    0   38    0   36    0    0  884    6   18    3   47    1    0
    20]
 [   0    0    0    0    0    0   33    0  926   55   10   35    0    0
     0]
 [   0    0    0    0    0    0    0    0  308  708   15    5    0    0
     0]
 [   0    0    4    0    2    0   23   12   59   26  928    0    0    0
     0]
 [   0    0    0    0    0    0   80   68   71    0    0  822    0    0
     0]
 [   0    0    0    0    0    1    1    0    0   18    1   10  254    0
     0]
 [   0    0    0    0    0    0    0    0    0    0    0    0    1  246
     0]
 [   0    0    0    0    0    0    0    0    0    0    0    0    0    0
   473]]---
Accuracy : 88.84%
---
class acc :
	Healthy grass: 81.48
	Stressed grass: 99.62
	Synthetic grass: 99.80
	Trees: 97.16
	Soil: 100.00
	Water: 95.80
	Residential: 88.99
	Commercial: 83.95
	Road: 87.44
	Highway: 68.34
	Railway: 88.05
	Parking Lot 1: 78.96
	Parking Lot 2: 89.12
	Tennis Court: 99.60
	Running Track: 100.00
---
AA: 90.55%
Kappa: 87.88
Agregated results :
Confusion matrix :
[[8.6180e+02 1.4080e+02 0.0000e+00 5.0000e+01 0.0000e+00 2.0000e-01
  2.0000e-01 0.0000e+00 0.0000e+00 0.0000e+00 0.0000e+00 0.0000e+00
  0.0000e+00 0.0000e+00 0.0000e+00]
 [3.0000e+00 1.0584e+03 0.0000e+00 2.6000e+00 0.0000e+00 0.0000e+00
  0.0000e+00 0.0000e+00 0.0000e+00 0.0000e+00 0.0000e+00 0.0000e+00
  0.0000e+00 0.0000e+00 0.0000e+00]
 [0.0000e+00 0.0000e+00 5.0300e+02 0.0000e+00 0.0000e+00 0.0000e+00
  1.8000e+00 0.0000e+00 0.0000e+00 0.0000e+00 0.0000e+00 0.0000e+00
  0.0000e+00 2.0000e-01 0.0000e+00]
 [2.0000e-01 5.2000e+00 0.0000e+00 1.0386e+03 0.0000e+00 0.0000e+00
  6.2000e+00 0.0000e+00 4.6000e+00 0.0000e+00 0.0000e+00 0.0000e+00
  0.0000e+00 1.2000e+00 0.0000e+00]
 [0.0000e+00 2.0000e-01 0.0000e+00 0.0000e+00 1.0536e+03 0.0000e+00
  0.0000e+00 1.6000e+00 4.0000e-01 0.0000e+00 0.0000e+00 2.0000e-01
  0.0000e+00 0.0000e+00 0.0000e+00]
 [0.0000e+00 0.0000e+00 0.0000e+00 4.0000e-01 0.0000e+00 1.3480e+02
  1.4000e+00 2.6000e+00 3.6000e+00 0.0000e+00 0.0000e+00 0.0000e+00
  2.0000e-01 0.0000e+00 0.0000e+00]
 [0.0000e+00 0.0000e+00 8.4000e+00 6.0000e-01 0.0000e+00 3.2000e+00
  9.6380e+02 7.8600e+01 6.4000e+00 0.0000e+00 1.0000e+00 6.0000e+00
  2.0000e-01 3.8000e+00 0.0000e+00]
 [0.0000e+00 0.0000e+00 1.5800e+01 0.0000e+00 1.9600e+01 0.0000e+00
  2.5400e+01 8.8000e+02 1.6200e+01 1.9600e+01 1.1600e+01 4.0600e+01
  4.2000e+00 9.4000e+00 1.0600e+01]
 [0.0000e+00 0.0000e+00 0.0000e+00 0.0000e+00 4.6000e+00 0.0000e+00
  5.6000e+01 2.0000e-01 8.7660e+02 6.5600e+01 2.7000e+01 2.7400e+01
  1.6000e+00 0.0000e+00 0.0000e+00]
 [0.0000e+00 0.0000e+00 1.7000e+01 0.0000e+00 0.0000e+00 0.0000e+00
  0.0000e+00 0.0000e+00 2.1380e+02 7.5940e+02 4.0200e+01 5.6000e+00
  0.0000e+00 0.0000e+00 0.0000e+00]
 [0.0000e+00 0.0000e+00 3.4000e+00 0.0000e+00 7.4000e+00 0.0000e+00
  5.1600e+01 3.8000e+00 3.4400e+01 1.0400e+01 9.3860e+02 0.0000e+00
  4.4000e+00 0.0000e+00 0.0000e+00]
 [0.0000e+00 0.0000e+00 0.0000e+00 0.0000e+00 0.0000e+00 0.0000e+00
  3.2400e+01 9.8200e+01 2.7800e+01 2.0000e-01 1.5600e+01 8.6680e+02
  0.0000e+00 0.0000e+00 0.0000e+00]
 [0.0000e+00 0.0000e+00 0.0000e+00 0.0000e+00 0.0000e+00 2.0000e-01
  4.0000e-01 0.0000e+00 4.0000e-01 6.4000e+00 1.4000e+01 7.6000e+00
  2.5600e+02 0.0000e+00 0.0000e+00]
 [0.0000e+00 0.0000e+00 0.0000e+00 0.0000e+00 0.0000e+00 0.0000e+00
  2.0000e-01 0.0000e+00 0.0000e+00 0.0000e+00 0.0000e+00 0.0000e+00
  2.0000e-01 2.4660e+02 0.0000e+00]
 [0.0000e+00 0.0000e+00 0.0000e+00 0.0000e+00 0.0000e+00 0.0000e+00
  3.0000e+00 2.0000e-01 0.0000e+00 0.0000e+00 0.0000e+00 0.0000e+00
  0.0000e+00 0.0000e+00 4.6980e+02]]---
Accuracy: 89.43 +- 0.63
---
class acc :
	Healthy grass: 81.84 +- 0.35
	Stressed grass: 99.47 +- 0.51
	Synthetic grass: 99.60 +- 0.35
	Trees: 98.35 +- 0.65
	Soil: 99.77 +- 0.22
	Water: 94.27 +- 2.40
	Residential: 89.91 +- 2.43
	Commercial: 83.57 +- 2.21
	Road: 82.78 +- 2.41
	Highway: 73.30 +- 6.92
	Railway: 89.05 +- 3.81
	Parking Lot 1: 83.27 +- 2.25
	Parking Lot 2: 89.82 +- 1.92
	Tennis Court: 99.84 +- 0.20
	Running Track: 99.32 +- 0.66
---
AA: 90.94 +- 0.53
Kappa: 88.52 +- 0.68
