run 1 / 5
Best validation overall accuracy 1.0
Confusion matrix :
[[ 868  130    0   55    0    0    0    0    0    0    0    0    0    0
     0]
 [  17 1047    0    0    0    0    0    0    0    0    0    0    0    0
     0]
 [   0    0  504    0    0    0    1    0    0    0    0    0    0    0
     0]
 [   0    4    0 1029    0    0    4    0   19    0    0    0    0    0
     0]
 [   0    0    0    0 1056    0    0    0    0    0    0    0    0    0
     0]
 [   0    0    0    0    0  135    1    1    6    0    0    0    0    0
     0]
 [   0    0    0    0    0    2  960   75   11    0    0   24    0    0
     0]
 [   0    0    0    0    0    0   98  866    1   24   12   30    2   20
     0]
 [   0    0    0    0    0    0   28    0  923   67   32    9    0    0
     0]
 [   0    0    0    0    0    0    0    0  207  793   32    4    0    0
     0]
 [   0    0    0    0   10    0   71    0   26    5  938    0    4    0
     0]
 [   0    0    0    0    0    0   50   67   23    0    0  901    0    0
     0]
 [   0    0    0    0    0    0    0    0    1    9   10   14  251    0
     0]
 [   0    0    0    0    0    0    0    0    0    0    0    0    0  247
     0]
 [   0    0    0    0    0    0    0    0    0    0    0    0    3    0
   470]]---
Accuracy : 90.09%
---
class acc :
	Healthy grass: 82.43
	Stressed grass: 98.40
	Synthetic grass: 99.80
	Trees: 97.44
	Soil: 100.00
	Water: 94.41
	Residential: 89.55
	Commercial: 82.24
	Road: 87.16
	Highway: 76.54
	Railway: 88.99
	Parking Lot 1: 86.55
	Parking Lot 2: 88.07
	Tennis Court: 100.00
	Running Track: 99.37
---
AA: 91.40%
Kappa: 89.24
run 2 / 5
Best validation overall accuracy 1.0
Confusion matrix :
[[ 859  144    0   50    0    0    0    0    0    0    0    0    0    0
     0]
 [   0 1063    0    0    0    0    0    0    1    0    0    0    0    0
     0]
 [   0    0  505    0    0    0    0    0    0    0    0    0    0    0
     0]
 [   0   16    0 1026    0    0    5    0    9    0    0    0    0    0
     0]
 [   0    0    0    0 1056    0    0    0    0    0    0    0    0    0
     0]
 [   0    0    0    0    0  136    0    4    1    0    0    0    2    0
     0]
 [   0    0    0    0    1   27  950   82    6    0    0    5    1    0
     0]
 [   0    0    0    0    4   12   48  886    0   18   15   45    5    0
    20]
 [   0    0    0    0    0    0   62    0  884   47   39   25    2    0
     0]
 [   0    0    0    0    0    0    1    0  267  753    8    7    0    0
     0]
 [   0    0    2    0    5    0   69   31   79   78  782    0    8    0
     0]
 [   0    0    0    0    0    0   27   80   17    0   46  871    0    0
     0]
 [   0    0    0    0    0    0    1    0   12    5    3    9  255    0
     0]
 [   0    0    0    0    0    0    0    0    0    0    0    0    0  247
     0]
 [   0    0    0    0    0    0    0    6    0    0    0    0    0    0
   467]]---
Accuracy : 88.05%
---
class acc :
	Healthy grass: 81.58
	Stressed grass: 99.91
	Synthetic grass: 100.00
	Trees: 97.16
	Soil: 100.00
	Water: 95.10
	Residential: 88.62
	Commercial: 84.14
	Road: 83.47
	Highway: 72.68
	Railway: 74.19
	Parking Lot 1: 83.67
	Parking Lot 2: 89.47
	Tennis Court: 100.00
	Running Track: 98.73
---
AA: 89.92%
Kappa: 87.03
run 3 / 5
Best validation overall accuracy 1.0
Confusion matrix :
[[ 864  133    0   56    0    0    0    0    0    0    0    0    0    0
     0]
 [   7 1056    0    0    0    0    0    0    1    0    0    0    0    0
     0]
 [   0    0  503    0    0    0    2    0    0    0    0    0    0    0
     0]
 [   0    1    0 1042    0    0    8    0    5    0    0    0    0    0
     0]
 [   0    0    0    0 1051    0    0    4    0    0    0    1    0    0
     0]
 [   0    0    0    0    0  136    0    7    0    0    0    0    0    0
     0]
 [   0    0    1    0    0    1  960  104    5    0    0    1    0    0
     0]
 [   0    0    0    0   44    0   52  852    6   25    6   43    5   18
     2]
 [   0    0    0    0    0    0   74    5  877   50   39   14    0    0
     0]
 [   0    0    0    0    0    0    0    0  193  830   13    0    0    0
     0]
 [   0    0    1    0    4    0   42    2   52   40  906    0    7    0
     0]
 [   0    0    0    0    0    0    3  159   20    1    0  858    0    0
     0]
 [   0    0    1    0    0    0    0    0   11    8    0    3  262    0
     0]
 [   0    0    0    0    0    0    0    0    0    0    0    0    0  247
     0]
 [   0    0    0    0    0    0    0    0    0    0    0    0    0    0
   473]]---
Accuracy : 89.51%
---
class acc :
	Healthy grass: 82.05
	Stressed grass: 99.25
	Synthetic grass: 99.60
	Trees: 98.67
	Soil: 99.53
	Water: 95.10
	Residential: 89.55
	Commercial: 80.91
	Road: 82.81
	Highway: 80.12
	Railway: 85.96
	Parking Lot 1: 82.42
	Parking Lot 2: 91.93
	Tennis Court: 100.00
	Running Track: 100.00
---
AA: 91.19%
Kappa: 88.60
run 4 / 5
Best validation overall accuracy 1.0
Confusion matrix :
[[ 866  145    0   42    0    0    0    0    0    0    0    0    0    0
     0]
 [   0 1061    0    2    0    0    0    0    1    0    0    0    0    0
     0]
 [   0    0  495    0    0    0    8    2    0    0    0    0    0    0
     0]
 [   0   50    0  982    0    0    7    0   15    0    0    0    0    2
     0]
 [   0    0    0    0 1053    0    0    3    0    0    0    0    0    0
     0]
 [   0    0    0    0    0  125   10    4    4    0    0    0    0    0
     0]
 [   0    0    5    0    0    0  966   84    5    0    8    4    0    0
     0]
 [   0    0   54    0    0    0   34  771  107   49    0   12    6   13
     7]
 [   0    0    0    0    0    0   40    0  850   77   62   28    2    0
     0]
 [   0    0    2    0    0    1    0    0  303  713   17    0    0    0
     0]
 [   0    0    2    0    8   12   27    3   46   40  910    0    6    0
     0]
 [   0    0    0    0    0    0   53   97   41  129    0  721    0    0
     0]
 [   0    0    0    0    0    4    1    0    0    4   15    6  255    0
     0]
 [   0    0    0    0    0    0    0    0    0    0    0    0    0  247
     0]
 [   0    0    0    0    0    0    0    0    0    0    0    0    0    0
   473]]---
Accuracy : 85.99%
---
class acc :
	Healthy grass: 82.24
	Stressed grass: 99.72
	Synthetic grass: 98.02
	Trees: 92.99
	Soil: 99.72
	Water: 87.41
	Residential: 90.11
	Commercial: 73.22
	Road: 80.26
	Highway: 68.82
	Railway: 86.34
	Parking Lot 1: 69.26
	Parking Lot 2: 89.47
	Tennis Court: 100.00
	Running Track: 100.00
---
AA: 87.84%
Kappa: 84.79
run 5 / 5
Best validation overall accuracy 1.0
Confusion matrix :
[[ 866   68    0  119    0    0    0    0    0    0    0    0    0    0
     0]
 [   9 1054    0    1    0    0    0    0    0    0    0    0    0    0
     0]
 [   0    0  496    0    0    0    7    0    0    0    0    0    0    2
     0]
 [   0    2    0 1043    0    0    5    0    1    0    0    0    0    5
     0]
 [   0    0    0    0 1055    0    0    0    0    0    0    1    0    0
     0]
 [   0    0    0    0    0  138    0    5    0    0    0    0    0    0
     0]
 [   0    0    0    0    0    2  977   70    5    0    0    0    0   18
     0]
 [   0    0    0    0    0    0   34  937    0   25    3   30    4   15
     5]
 [   0    0    0    0    0    0   64    1  910   51    9   23    1    0
     0]
 [   0    0    0    0    0    0    0    0  196  827   13    0    0    0
     0]
 [   0    0    9    0    3    5   48    9   62   19  897    0    2    0
     0]
 [   0    0    0    0    0    0   32  126   16    0    7  860    0    0
     0]
 [   0    0    0    0    0   16    3    6    2    0    0    1  257    0
     0]
 [   0    0    0    0    0    0    0    0    0    0    0    0    0  247
     0]
 [   0    0    0    0    0    0    0    3    0    0    0    0    0    1
   469]]---
Accuracy : 90.46%
---
class acc :
	Healthy grass: 82.24
	Stressed grass: 99.06
	Synthetic grass: 98.22
	Trees: 98.77
	Soil: 99.91
	Water: 96.50
	Residential: 91.14
	Commercial: 88.98
	Road: 85.93
	Highway: 79.83
	Railway: 85.10
	Parking Lot 1: 82.61
	Parking Lot 2: 90.18
	Tennis Court: 100.00
	Running Track: 99.15
---
AA: 91.84%
Kappa: 89.64
Agregated results :
Confusion matrix :
[[8.6460e+02 1.2400e+02 0.0000e+00 6.4400e+01 0.0000e+00 0.0000e+00
  0.0000e+00 0.0000e+00 0.0000e+00 0.0000e+00 0.0000e+00 0.0000e+00
  0.0000e+00 0.0000e+00 0.0000e+00]
 [6.6000e+00 1.0562e+03 0.0000e+00 6.0000e-01 0.0000e+00 0.0000e+00
  0.0000e+00 0.0000e+00 6.0000e-01 0.0000e+00 0.0000e+00 0.0000e+00
  0.0000e+00 0.0000e+00 0.0000e+00]
 [0.0000e+00 0.0000e+00 5.0060e+02 0.0000e+00 0.0000e+00 0.0000e+00
  3.6000e+00 4.0000e-01 0.0000e+00 0.0000e+00 0.0000e+00 0.0000e+00
  0.0000e+00 4.0000e-01 0.0000e+00]
 [0.0000e+00 1.4600e+01 0.0000e+00 1.0244e+03 0.0000e+00 0.0000e+00
  5.8000e+00 0.0000e+00 9.8000e+00 0.0000e+00 0.0000e+00 0.0000e+00
  0.0000e+00 1.4000e+00 0.0000e+00]
 [0.0000e+00 0.0000e+00 0.0000e+00 0.0000e+00 1.0542e+03 0.0000e+00
  0.0000e+00 1.4000e+00 0.0000e+00 0.0000e+00 0.0000e+00 4.0000e-01
  0.0000e+00 0.0000e+00 0.0000e+00]
 [0.0000e+00 0.0000e+00 0.0000e+00 0.0000e+00 0.0000e+00 1.3400e+02
  2.2000e+00 4.2000e+00 2.2000e+00 0.0000e+00 0.0000e+00 0.0000e+00
  4.0000e-01 0.0000e+00 0.0000e+00]
 [0.0000e+00 0.0000e+00 1.2000e+00 0.0000e+00 2.0000e-01 6.4000e+00
  9.6260e+02 8.3000e+01 6.4000e+00 0.0000e+00 1.6000e+00 6.8000e+00
  2.0000e-01 3.6000e+00 0.0000e+00]
 [0.0000e+00 0.0000e+00 1.0800e+01 0.0000e+00 9.6000e+00 2.4000e+00
  5.3200e+01 8.6240e+02 2.2800e+01 2.8200e+01 7.2000e+00 3.2000e+01
  4.4000e+00 1.3200e+01 6.8000e+00]
 [0.0000e+00 0.0000e+00 0.0000e+00 0.0000e+00 0.0000e+00 0.0000e+00
  5.3600e+01 1.2000e+00 8.8880e+02 5.8400e+01 3.6200e+01 1.9800e+01
  1.0000e+00 0.0000e+00 0.0000e+00]
 [0.0000e+00 0.0000e+00 4.0000e-01 0.0000e+00 0.0000e+00 2.0000e-01
  2.0000e-01 0.0000e+00 2.3320e+02 7.8320e+02 1.6600e+01 2.2000e+00
  0.0000e+00 0.0000e+00 0.0000e+00]
 [0.0000e+00 0.0000e+00 2.8000e+00 0.0000e+00 6.0000e+00 3.4000e+00
  5.1400e+01 9.0000e+00 5.3000e+01 3.6400e+01 8.8660e+02 0.0000e+00
  5.4000e+00 0.0000e+00 0.0000e+00]
 [0.0000e+00 0.0000e+00 0.0000e+00 0.0000e+00 0.0000e+00 0.0000e+00
  3.3000e+01 1.0580e+02 2.3400e+01 2.6000e+01 1.0600e+01 8.4220e+02
  0.0000e+00 0.0000e+00 0.0000e+00]
 [0.0000e+00 0.0000e+00 2.0000e-01 0.0000e+00 0.0000e+00 4.0000e+00
  1.0000e+00 1.2000e+00 5.2000e+00 5.2000e+00 5.6000e+00 6.6000e+00
  2.5600e+02 0.0000e+00 0.0000e+00]
 [0.0000e+00 0.0000e+00 0.0000e+00 0.0000e+00 0.0000e+00 0.0000e+00
  0.0000e+00 0.0000e+00 0.0000e+00 0.0000e+00 0.0000e+00 0.0000e+00
  0.0000e+00 2.4700e+02 0.0000e+00]
 [0.0000e+00 0.0000e+00 0.0000e+00 0.0000e+00 0.0000e+00 0.0000e+00
  0.0000e+00 1.8000e+00 0.0000e+00 0.0000e+00 0.0000e+00 0.0000e+00
  6.0000e-01 2.0000e-01 4.7040e+02]]---
Accuracy: 88.82 +- 1.63
---
class acc :
	Healthy grass: 82.11 +- 0.29
	Stressed grass: 99.27 +- 0.53
	Synthetic grass: 99.13 +- 0.84
	Trees: 97.01 +- 2.11
	Soil: 99.83 +- 0.18
	Water: 93.71 +- 3.22
	Residential: 89.79 +- 0.83
	Commercial: 81.90 +- 5.13
	Road: 83.93 +- 2.42
	Highway: 75.60 +- 4.33
	Railway: 84.12 +- 5.13
	Parking Lot 1: 80.90 +- 6.01
	Parking Lot 2: 89.82 +- 1.26
	Tennis Court: 100.00 +- 0.00
	Running Track: 99.45 +- 0.49
---
AA: 90.44 +- 1.45
Kappa: 87.86 +- 1.77
