run 1 / 5
Best validation overall accuracy 1.0
Confusion matrix :
[[ 868  150    0   35    0    0    0    0    0    0    0    0    0    0
     0]
 [   1 1063    0    0    0    0    0    0    0    0    0    0    0    0
     0]
 [   0    0  505    0    0    0    0    0    0    0    0    0    0    0
     0]
 [   0   10    0 1037    0    0    1    0    8    0    0    0    0    0
     0]
 [   0    0    0    0 1054    0    0    2    0    0    0    0    0    0
     0]
 [   0    0    0    0    0  136    0    7    0    0    0    0    0    0
     0]
 [   0    0   24    0    0    2  935  101    8    0    0    0    0    2
     0]
 [   0    0   20    0   28    0   25  870    0   18    9   61    2   10
    10]
 [   0    0    1    0    0    0   83    0  877   41   32   23    2    0
     0]
 [   0    0    0    0    0    0    0    0  203  815   17    0    1    0
     0]
 [   0    0    4    0   12    2   41    0   56   43  884    0   12    0
     0]
 [   0    0    0    0    0    0   34  111   19   29   13  834    1    0
     0]
 [   0    0    0    0    0    0    1    0   11    9    0   11  253    0
     0]
 [   0    0    0    0    0    0    0    0    0    0    0    0    1  246
     0]
 [   0    0    0    0    0    0    0    0    0    0    0    0    0    0
   473]]---
Accuracy : 88.96%
---
class acc :
	Healthy grass: 82.43
	Stressed grass: 99.91
	Synthetic grass: 100.00
	Trees: 98.20
	Soil: 99.81
	Water: 95.10
	Residential: 87.22
	Commercial: 82.62
	Road: 82.81
	Highway: 78.67
	Railway: 83.87
	Parking Lot 1: 80.12
	Parking Lot 2: 88.77
	Tennis Court: 99.60
	Running Track: 100.00
---
AA: 90.61%
Kappa: 88.01
run 2 / 5
Best validation overall accuracy 1.0
Confusion matrix :
[[ 857  161    0   35    0    0    0    0    0    0    0    0    0    0
     0]
 [   0 1064    0    0    0    0    0    0    0    0    0    0    0    0
     0]
 [   0    0  504    0    0    0    1    0    0    0    0    0    0    0
     0]
 [   0   14    0 1031    0    0    4    0    4    0    0    0    0    3
     0]
 [   0    0    0    0 1056    0    0    0    0    0    0    0    0    0
     0]
 [   0    0    0    0    0  137    0    2    0    0    0    0    4    0
     0]
 [   0    0   21    1    0    6  956   80    7    0    1    0    0    0
     0]
 [   0    0   27    0   41    0    0  828   80   18    0   56    3    0
     0]
 [   0    0    0    0    0    3   43    0  887   40   77    9    0    0
     0]
 [   0    0   19    0    0    0    0   78  164  721   54    0    0    0
     0]
 [   0    0    2    0   18    0   12   52   55   28  885    0    2    0
     0]
 [   0    0    0    0    0    0   27   84  164   24   46  696    0    0
     0]
 [   0    0    0    0    0    0    0    0    0   11   13   21  240    0
     0]
 [   0    0    0    0    0    0    0    0    0    0    0    0    0  247
     0]
 [   0    0    0    0    0    0   11    0    0    0    0    0    0    0
   462]]---
Accuracy : 86.67%
---
class acc :
	Healthy grass: 81.39
	Stressed grass: 100.00
	Synthetic grass: 99.80
	Trees: 97.63
	Soil: 100.00
	Water: 95.80
	Residential: 89.18
	Commercial: 78.63
	Road: 83.76
	Highway: 69.59
	Railway: 83.97
	Parking Lot 1: 66.86
	Parking Lot 2: 84.21
	Tennis Court: 100.00
	Running Track: 97.67
---
AA: 88.57%
Kappa: 85.52
run 3 / 5
Best validation overall accuracy 1.0
Confusion matrix :
[[ 868  147    0   38    0    0    0    0    0    0    0    0    0    0
     0]
 [   2 1062    0    0    0    0    0    0    0    0    0    0    0    0
     0]
 [   0    0  496    0    0    3    6    0    0    0    0    0    0    0
     0]
 [   1    4    0 1030    0    2    9    0   10    0    0    0    0    0
     0]
 [   0    0    0    0 1053    0    0    2    1    0    0    0    0    0
     0]
 [   0    0    0    0    0  131    5    0    6    0    0    0    1    0
     0]
 [   0    0   18    1    0    0  956   44    8    0    0   10    0   28
     7]
 [   0    0   12    0   37    0   34  897    2   18    9   22    2    5
    15]
 [   0    0    0    0    0    0   67    0  871   55   26   40    0    0
     0]
 [   0    0    0    0    0   13    0    0  167  855    0    1    0    0
     0]
 [   0    0    5    0   14   34   57    0   46   11  884    0    3    0
     0]
 [   0    0    0    0    0    0   52   69   19   16    0  885    0    0
     0]
 [   0    0    0    0    0    5    0    0    0   16    0   22  242    0
     0]
 [   0    0    0    0    0    0    1    0    0    0    0    0    1  245
     0]
 [   0    0    0    0    0    3    0    0    0    0    0    0    0    0
   470]]---
Accuracy : 89.74%
---
class acc :
	Healthy grass: 82.43
	Stressed grass: 99.81
	Synthetic grass: 98.22
	Trees: 97.54
	Soil: 99.72
	Water: 91.61
	Residential: 89.18
	Commercial: 85.19
	Road: 82.25
	Highway: 82.53
	Railway: 83.87
	Parking Lot 1: 85.01
	Parking Lot 2: 84.91
	Tennis Court: 99.19
	Running Track: 99.37
---
AA: 90.72%
Kappa: 88.86
run 4 / 5
Best validation overall accuracy 1.0
Confusion matrix :
[[ 859  164    0   30    0    0    0    0    0    0    0    0    0    0
     0]
 [   6 1042    0   16    0    0    0    0    0    0    0    0    0    0
     0]
 [   0    0  504    0    0    1    0    0    0    0    0    0    0    0
     0]
 [   2    6    0 1031    0    0   10    0    6    0    0    0    0    1
     0]
 [   0    0    0    0 1055    0    0    1    0    0    0    0    0    0
     0]
 [   0    0    0    0    0  136    1    0    6    0    0    0    0    0
     0]
 [   0    0   10    0    1   21 1000   22    9    0    0    0    0    9
     0]
 [   0    0    5    0    5    0   48  899    4   19    9   41    3    8
    12]
 [   0    0    0    0    0    0   70    6  898   41   37    7    0    0
     0]
 [   0    0   58    0    0    0    0    0   35  787  143   13    0    0
     0]
 [   5    0    0    0    1    0   52    8   63    0  924    0    1    0
     0]
 [   0    0    0    0    0    0   12  124   11    1   17  876    0    0
     0]
 [   0    0    0    0    0    0    1    0    0   12    8    5  259    0
     0]
 [   0    0    0    0    0    0    1    0    0    0    0    0    1  245
     0]
 [   0    0    0    0    0    0    6    0    0    0    0    0    1    0
   466]]---
Accuracy : 90.03%
---
class acc :
	Healthy grass: 81.58
	Stressed grass: 97.93
	Synthetic grass: 99.80
	Trees: 97.63
	Soil: 99.91
	Water: 95.10
	Residential: 93.28
	Commercial: 85.38
	Road: 84.80
	Highway: 75.97
	Railway: 87.67
	Parking Lot 1: 84.15
	Parking Lot 2: 90.88
	Tennis Court: 99.19
	Running Track: 98.52
---
AA: 91.45%
Kappa: 89.18
run 5 / 5
Best validation overall accuracy 1.0
Confusion matrix :
[[ 868  152    0   33    0    0    0    0    0    0    0    0    0    0
     0]
 [  11 1053    0    0    0    0    0    0    0    0    0    0    0    0
     0]
 [   0    0  505    0    0    0    0    0    0    0    0    0    0    0
     0]
 [   0   75    0  970    0    0    1    0   10    0    0    0    0    0
     0]
 [   0    0    0    0 1038    0    0    1   17    0    0    0    0    0
     0]
 [   0    0    0    0    0  137    0    1    4    0    0    0    1    0
     0]
 [   0    0   17    2    0    4  972   46   10    0    0    3    0   18
     0]
 [   0    0   49    0    5    0   35  770   90   18   15   48    3   20
     0]
 [   0    0    0    0    0    0   34   10  863   69   51   26    6    0
     0]
 [   0    0    0    0    0    0    0    0  163  862   11    0    0    0
     0]
 [   0    0    0    0   10    0    9    0   14    0 1020    0    1    0
     0]
 [   0    0    0    0    0    0   23   96   45    2   13  862    0    0
     0]
 [   0    0    0    0    0    0    0    0    0    1   19   20  245    0
     0]
 [   0    0    0    0    0    0    0    0    0    0    0    0    0  247
     0]
 [   0    0    0    0    0    0    0    0    0    0    0    0    0    0
   473]]---
Accuracy : 89.24%
---
class acc :
	Healthy grass: 82.43
	Stressed grass: 98.97
	Synthetic grass: 100.00
	Trees: 91.86
	Soil: 98.30
	Water: 95.80
	Residential: 90.67
	Commercial: 73.12
	Road: 81.49
	Highway: 83.20
	Railway: 96.77
	Parking Lot 1: 82.80
	Parking Lot 2: 85.96
	Tennis Court: 100.00
	Running Track: 100.00
---
AA: 90.76%
Kappa: 88.32
Agregated results :
Confusion matrix :
[[8.6400e+02 1.5480e+02 0.0000e+00 3.4200e+01 0.0000e+00 0.0000e+00
  0.0000e+00 0.0000e+00 0.0000e+00 0.0000e+00 0.0000e+00 0.0000e+00
  0.0000e+00 0.0000e+00 0.0000e+00]
 [4.0000e+00 1.0568e+03 0.0000e+00 3.2000e+00 0.0000e+00 0.0000e+00
  0.0000e+00 0.0000e+00 0.0000e+00 0.0000e+00 0.0000e+00 0.0000e+00
  0.0000e+00 0.0000e+00 0.0000e+00]
 [0.0000e+00 0.0000e+00 5.0280e+02 0.0000e+00 0.0000e+00 8.0000e-01
  1.4000e+00 0.0000e+00 0.0000e+00 0.0000e+00 0.0000e+00 0.0000e+00
  0.0000e+00 0.0000e+00 0.0000e+00]
 [6.0000e-01 2.1800e+01 0.0000e+00 1.0198e+03 0.0000e+00 4.0000e-01
  5.0000e+00 0.0000e+00 7.6000e+00 0.0000e+00 0.0000e+00 0.0000e+00
  0.0000e+00 8.0000e-01 0.0000e+00]
 [0.0000e+00 0.0000e+00 0.0000e+00 0.0000e+00 1.0512e+03 0.0000e+00
  0.0000e+00 1.2000e+00 3.6000e+00 0.0000e+00 0.0000e+00 0.0000e+00
  0.0000e+00 0.0000e+00 0.0000e+00]
 [0.0000e+00 0.0000e+00 0.0000e+00 0.0000e+00 0.0000e+00 1.3540e+02
  1.2000e+00 2.0000e+00 3.2000e+00 0.0000e+00 0.0000e+00 0.0000e+00
  1.2000e+00 0.0000e+00 0.0000e+00]
 [0.0000e+00 0.0000e+00 1.8000e+01 8.0000e-01 2.0000e-01 6.6000e+00
  9.6380e+02 5.8600e+01 8.4000e+00 0.0000e+00 2.0000e-01 2.6000e+00
  0.0000e+00 1.1400e+01 1.4000e+00]
 [0.0000e+00 0.0000e+00 2.2600e+01 0.0000e+00 2.3200e+01 0.0000e+00
  2.8400e+01 8.5280e+02 3.5200e+01 1.8200e+01 8.4000e+00 4.5600e+01
  2.6000e+00 8.6000e+00 7.4000e+00]
 [0.0000e+00 0.0000e+00 2.0000e-01 0.0000e+00 0.0000e+00 6.0000e-01
  5.9400e+01 3.2000e+00 8.7920e+02 4.9200e+01 4.4600e+01 2.1000e+01
  1.6000e+00 0.0000e+00 0.0000e+00]
 [0.0000e+00 0.0000e+00 1.5400e+01 0.0000e+00 0.0000e+00 2.6000e+00
  0.0000e+00 1.5600e+01 1.4640e+02 8.0800e+02 4.5000e+01 2.8000e+00
  2.0000e-01 0.0000e+00 0.0000e+00]
 [1.0000e+00 0.0000e+00 2.2000e+00 0.0000e+00 1.1000e+01 7.2000e+00
  3.4200e+01 1.2000e+01 4.6800e+01 1.6400e+01 9.1940e+02 0.0000e+00
  3.8000e+00 0.0000e+00 0.0000e+00]
 [0.0000e+00 0.0000e+00 0.0000e+00 0.0000e+00 0.0000e+00 0.0000e+00
  2.9600e+01 9.6800e+01 5.1600e+01 1.4400e+01 1.7800e+01 8.3060e+02
  2.0000e-01 0.0000e+00 0.0000e+00]
 [0.0000e+00 0.0000e+00 0.0000e+00 0.0000e+00 0.0000e+00 1.0000e+00
  4.0000e-01 0.0000e+00 2.2000e+00 9.8000e+00 8.0000e+00 1.5800e+01
  2.4780e+02 0.0000e+00 0.0000e+00]
 [0.0000e+00 0.0000e+00 0.0000e+00 0.0000e+00 0.0000e+00 0.0000e+00
  4.0000e-01 0.0000e+00 0.0000e+00 0.0000e+00 0.0000e+00 0.0000e+00
  6.0000e-01 2.4600e+02 0.0000e+00]
 [0.0000e+00 0.0000e+00 0.0000e+00 0.0000e+00 0.0000e+00 6.0000e-01
  3.4000e+00 0.0000e+00 0.0000e+00 0.0000e+00 0.0000e+00 0.0000e+00
  2.0000e-01 0.0000e+00 4.6880e+02]]---
Accuracy: 88.93 +- 1.19
---
class acc :
	Healthy grass: 82.05 +- 0.47
	Stressed grass: 99.32 +- 0.79
	Synthetic grass: 99.56 +- 0.68
	Trees: 96.57 +- 2.37
	Soil: 99.55 +- 0.63
	Water: 94.69 +- 1.57
	Residential: 89.91 +- 2.01
	Commercial: 80.99 +- 4.62
	Road: 83.02 +- 1.16
	Highway: 77.99 +- 4.96
	Railway: 87.23 +- 4.99
	Parking Lot 1: 79.79 +- 6.67
	Parking Lot 2: 86.95 +- 2.50
	Tennis Court: 99.60 +- 0.36
	Running Track: 99.11 +- 0.90
---
AA: 90.42 +- 0.97
Kappa: 87.98 +- 1.29
