run 1 / 5
Best validation overall accuracy 1.0
Confusion matrix :
[[ 864  120    0   69    0    0    0    0    0    0    0    0    0    0
     0]
 [   5 1059    0    0    0    0    0    0    0    0    0    0    0    0
     0]
 [   0    0  505    0    0    0    0    0    0    0    0    0    0    0
     0]
 [   0   10    0 1025    0    2   11    0    2    0    0    0    0    6
     0]
 [   0    0    0    0 1056    0    0    0    0    0    0    0    0    0
     0]
 [   0    0    0    0    0  135    1    1    2    0    0    0    4    0
     0]
 [   0    0    0    0    0    0  986   75   10    0    1    0    0    0
     0]
 [   0    0    0    0    0   13   66  839    3   22   38   47    5    5
    15]
 [   0    0    0    0    0    0   21    0  927   42   43   24    2    0
     0]
 [   0    0    0    0    0    0    0    0  174  715  140    7    0    0
     0]
 [   0    0    0    0   16    0   24    0   23    3  985    0    3    0
     0]
 [   0    0    0    0    0    0   12  115   17    0   16  881    0    0
     0]
 [   0    0    0    0    0    0    1    0    0    1   20    6  257    0
     0]
 [   0    0    0    0    0    0    0    0    0    0    0    0    0  247
     0]
 [   0    0    0    0    0    0    5    0    0    0    0    0    0    0
   468]]---
Accuracy : 89.77%
---
class acc :
	Healthy grass: 82.05
	Stressed grass: 99.53
	Synthetic grass: 100.00
	Trees: 97.06
	Soil: 100.00
	Water: 94.41
	Residential: 91.98
	Commercial: 79.68
	Road: 87.54
	Highway: 69.02
	Railway: 93.45
	Parking Lot 1: 84.63
	Parking Lot 2: 90.18
	Tennis Court: 100.00
	Running Track: 98.94
---
AA: 91.23%
Kappa: 88.89
run 2 / 5
Best validation overall accuracy 1.0
Confusion matrix :
[[ 866  146    0   41    0    0    0    0    0    0    0    0    0    0
     0]
 [   2 1051    0   11    0    0    0    0    0    0    0    0    0    0
     0]
 [   0    0  505    0    0    0    0    0    0    0    0    0    0    0
     0]
 [   1    2    0 1034    0    1   12    0    6    0    0    0    0    0
     0]
 [   0    0    0    0 1055    0    0    1    0    0    0    0    0    0
     0]
 [   0    0    0    0    0  136    0    7    0    0    0    0    0    0
     0]
 [   0    0   13    0    0    0  958   85    8    0    6    1    1    0
     0]
 [   0    0    7    0   53    0   27  874    0   19    2   48    3    0
    20]
 [   0    0    0    0    0    0   43    2  855   68   67   20    4    0
     0]
 [   0    0    5    0    0    0    0    0  193  805   14   19    0    0
     0]
 [   0    0    4    0    6    0   31   19    5    1  981    0    7    0
     0]
 [   0    0    0    0    0    0    5  110    9    0   62  848    7    0
     0]
 [   0    0    0    0    0    0    0    0    0    2   20   13  250    0
     0]
 [   0    0    0    0    0    0    0    0    0    0    0    0    0  247
     0]
 [   0    0    0    0    0    0    3    0    0    0    0    0    0    0
   470]]---
Accuracy : 89.65%
---
class acc :
	Healthy grass: 82.24
	Stressed grass: 98.78
	Synthetic grass: 100.00
	Trees: 97.92
	Soil: 99.91
	Water: 95.10
	Residential: 89.37
	Commercial: 83.00
	Road: 80.74
	Highway: 77.70
	Railway: 93.07
	Parking Lot 1: 81.46
	Parking Lot 2: 87.72
	Tennis Court: 100.00
	Running Track: 99.37
---
AA: 91.09%
Kappa: 88.77
run 3 / 5
Best validation overall accuracy 1.0
Confusion matrix :
[[ 865  149    0   39    0    0    0    0    0    0    0    0    0    0
     0]
 [   0 1064    0    0    0    0    0    0    0    0    0    0    0    0
     0]
 [   0    0  505    0    0    0    0    0    0    0    0    0    0    0
     0]
 [   0   13    0 1029    0    0    5    0    2    0    0    0    0    7
     0]
 [   0    0    0    0 1056    0    0    0    0    0    0    0    0    0
     0]
 [   0    0    0    0    0  137    0    0    1    0    0    0    5    0
     0]
 [   0    0    9    0    0    7  953   67    7    0    2   25    0    2
     0]
 [   0    0    6    0  105    0    1  728   72   78    5   32    6    2
    18]
 [   0    0    0    0    0    0   81    8  852   52   30   31    5    0
     0]
 [   0    0    0    0    0    0    0    0  295  727   14    0    0    0
     0]
 [   0    0    0    0    2    0   35    0   57    0  959    0    1    0
     0]
 [   0    0    0    0    0    0   65   77   30    4    1  864    0    0
     0]
 [   0    0    0    0    0    0    0    0   14    4    2    4  261    0
     0]
 [   0    0    0    0    0    0    0    0    0    0    0    0    0  247
     0]
 [   0    0    0    0    0    0    0    4    0    0    0    0    0    0
   469]]---
Accuracy : 87.86%
---
class acc :
	Healthy grass: 82.15
	Stressed grass: 100.00
	Synthetic grass: 100.00
	Trees: 97.44
	Soil: 100.00
	Water: 95.80
	Residential: 88.90
	Commercial: 69.14
	Road: 80.45
	Highway: 70.17
	Railway: 90.99
	Parking Lot 1: 83.00
	Parking Lot 2: 91.58
	Tennis Court: 100.00
	Running Track: 99.15
---
AA: 89.92%
Kappa: 86.82
run 4 / 5
Best validation overall accuracy 1.0
Confusion matrix :
[[ 863  153    0   37    0    0    0    0    0    0    0    0    0    0
     0]
 [   1 1063    0    0    0    0    0    0    0    0    0    0    0    0
     0]
 [   0    0  503    0    0    0    0    2    0    0    0    0    0    0
     0]
 [   3   12    0 1030    0    1    5    0    5    0    0    0    0    0
     0]
 [   0    0    0    0 1054    0    0    2    0    0    0    0    0    0
     0]
 [   0    0    0    0    0  135    2    0    6    0    0    0    0    0
     0]
 [   0    0    6    0    0    4  946  105    9    0    2    0    0    0
     0]
 [   0    0    0    0   10    0   28  918    3   18    0   53    3   20
     0]
 [   0    0    0    0    0    0   54    0  873   48   50   30    4    0
     0]
 [   0    0    0    0    0    0    0    0  163  856   17    0    0    0
     0]
 [   0    0    3    0    8    5   29    2    5   12  989    0    1    0
     0]
 [   0    0    0    0    0    0   17   98    2    0   61  863    0    0
     0]
 [   0    0    0    0    0    0    2    0    0    8   15   10  250    0
     0]
 [   0    0    0    0    0    0    0    0    0    0    0    0    0  247
     0]
 [   0    0    0    0   11    0    0    4    0    0    0    0    0    0
   458]]---
Accuracy : 90.58%
---
class acc :
	Healthy grass: 81.96
	Stressed grass: 99.91
	Synthetic grass: 99.60
	Trees: 97.54
	Soil: 99.81
	Water: 94.41
	Residential: 88.25
	Commercial: 87.18
	Road: 82.44
	Highway: 82.63
	Railway: 93.83
	Parking Lot 1: 82.90
	Parking Lot 2: 87.72
	Tennis Court: 100.00
	Running Track: 96.83
---
AA: 91.67%
Kappa: 89.77
run 5 / 5
Best validation overall accuracy 1.0
Confusion matrix :
[[ 868  151    0   34    0    0    0    0    0    0    0    0    0    0
     0]
 [   0 1064    0    0    0    0    0    0    0    0    0    0    0    0
     0]
 [   0    0  489    0    0    0   16    0    0    0    0    0    0    0
     0]
 [   1   10    0 1032    0    0   11    0    2    0    0    0    0    0
     0]
 [   0    0    0    0 1056    0    0    0    0    0    0    0    0    0
     0]
 [   0    0    0    0    0  137    0    5    1    0    0    0    0    0
     0]
 [   0    0    0    0    0    0  998   69    4    0    1    0    0    0
     0]
 [   0    0   12    0   36    0   19  878   13   21    0   48    6    6
    14]
 [   0    0    0    0    0    0   43    0  886   49   58   23    0    0
     0]
 [   0    0   16    0    0    5    0    0  281  653   72    9    0    0
     0]
 [   0    0    0    0   16    0   26    2   38   15  954    0    3    0
     0]
 [   0    0    0    0    0    0   62   99    8    0    0  872    0    0
     0]
 [   0    0    0    0    0    0    1    0    0    0   20   13  251    0
     0]
 [   0    0    0    0    0    0    0    0    0    0    0    0    0  247
     0]
 [   0    1    0    0    0    0    5    0    0    0    0    0    0    0
   467]]---
Accuracy : 88.97%
---
class acc :
	Healthy grass: 82.43
	Stressed grass: 100.00
	Synthetic grass: 96.83
	Trees: 97.73
	Soil: 100.00
	Water: 95.80
	Residential: 93.10
	Commercial: 83.38
	Road: 83.66
	Highway: 63.03
	Railway: 90.51
	Parking Lot 1: 83.77
	Parking Lot 2: 88.07
	Tennis Court: 100.00
	Running Track: 98.73
---
AA: 90.47%
Kappa: 88.02
Agregated results :
Confusion matrix :
[[8.6520e+02 1.4380e+02 0.0000e+00 4.4000e+01 0.0000e+00 0.0000e+00
  0.0000e+00 0.0000e+00 0.0000e+00 0.0000e+00 0.0000e+00 0.0000e+00
  0.0000e+00 0.0000e+00 0.0000e+00]
 [1.6000e+00 1.0602e+03 0.0000e+00 2.2000e+00 0.0000e+00 0.0000e+00
  0.0000e+00 0.0000e+00 0.0000e+00 0.0000e+00 0.0000e+00 0.0000e+00
  0.0000e+00 0.0000e+00 0.0000e+00]
 [0.0000e+00 0.0000e+00 5.0140e+02 0.0000e+00 0.0000e+00 0.0000e+00
  3.2000e+00 4.0000e-01 0.0000e+00 0.0000e+00 0.0000e+00 0.0000e+00
  0.0000e+00 0.0000e+00 0.0000e+00]
 [1.0000e+00 9.4000e+00 0.0000e+00 1.0300e+03 0.0000e+00 8.0000e-01
  8.8000e+00 0.0000e+00 3.4000e+00 0.0000e+00 0.0000e+00 0.0000e+00
  0.0000e+00 2.6000e+00 0.0000e+00]
 [0.0000e+00 0.0000e+00 0.0000e+00 0.0000e+00 1.0554e+03 0.0000e+00
  0.0000e+00 6.0000e-01 0.0000e+00 0.0000e+00 0.0000e+00 0.0000e+00
  0.0000e+00 0.0000e+00 0.0000e+00]
 [0.0000e+00 0.0000e+00 0.0000e+00 0.0000e+00 0.0000e+00 1.3600e+02
  6.0000e-01 2.6000e+00 2.0000e+00 0.0000e+00 0.0000e+00 0.0000e+00
  1.8000e+00 0.0000e+00 0.0000e+00]
 [0.0000e+00 0.0000e+00 5.6000e+00 0.0000e+00 0.0000e+00 2.2000e+00
  9.6820e+02 8.0200e+01 7.6000e+00 0.0000e+00 2.4000e+00 5.2000e+00
  2.0000e-01 4.0000e-01 0.0000e+00]
 [0.0000e+00 0.0000e+00 5.0000e+00 0.0000e+00 4.0800e+01 2.6000e+00
  2.8200e+01 8.4740e+02 1.8200e+01 3.1600e+01 9.0000e+00 4.5600e+01
  4.6000e+00 6.6000e+00 1.3400e+01]
 [0.0000e+00 0.0000e+00 0.0000e+00 0.0000e+00 0.0000e+00 0.0000e+00
  4.8400e+01 2.0000e+00 8.7860e+02 5.1800e+01 4.9600e+01 2.5600e+01
  3.0000e+00 0.0000e+00 0.0000e+00]
 [0.0000e+00 0.0000e+00 4.2000e+00 0.0000e+00 0.0000e+00 1.0000e+00
  0.0000e+00 0.0000e+00 2.2120e+02 7.5120e+02 5.1400e+01 7.0000e+00
  0.0000e+00 0.0000e+00 0.0000e+00]
 [0.0000e+00 0.0000e+00 1.4000e+00 0.0000e+00 9.6000e+00 1.0000e+00
  2.9000e+01 4.6000e+00 2.5600e+01 6.2000e+00 9.7360e+02 0.0000e+00
  3.0000e+00 0.0000e+00 0.0000e+00]
 [0.0000e+00 0.0000e+00 0.0000e+00 0.0000e+00 0.0000e+00 0.0000e+00
  3.2200e+01 9.9800e+01 1.3200e+01 8.0000e-01 2.8000e+01 8.6560e+02
  1.4000e+00 0.0000e+00 0.0000e+00]
 [0.0000e+00 0.0000e+00 0.0000e+00 0.0000e+00 0.0000e+00 0.0000e+00
  8.0000e-01 0.0000e+00 2.8000e+00 3.0000e+00 1.5400e+01 9.2000e+00
  2.5380e+02 0.0000e+00 0.0000e+00]
 [0.0000e+00 0.0000e+00 0.0000e+00 0.0000e+00 0.0000e+00 0.0000e+00
  0.0000e+00 0.0000e+00 0.0000e+00 0.0000e+00 0.0000e+00 0.0000e+00
  0.0000e+00 2.4700e+02 0.0000e+00]
 [0.0000e+00 2.0000e-01 0.0000e+00 0.0000e+00 2.2000e+00 0.0000e+00
  2.6000e+00 1.6000e+00 0.0000e+00 0.0000e+00 0.0000e+00 0.0000e+00
  0.0000e+00 0.0000e+00 4.6640e+02]]---
Accuracy: 89.37 +- 0.91
---
class acc :
	Healthy grass: 82.17 +- 0.16
	Stressed grass: 99.64 +- 0.47
	Synthetic grass: 99.29 +- 1.24
	Trees: 97.54 +- 0.29
	Soil: 99.94 +- 0.08
	Water: 95.10 +- 0.63
	Residential: 90.32 +- 1.88
	Commercial: 80.47 +- 6.15
	Road: 82.97 +- 2.57
	Highway: 72.51 +- 6.88
	Railway: 92.37 +- 1.35
	Parking Lot 1: 83.15 +- 1.05
	Parking Lot 2: 89.05 +- 1.56
	Tennis Court: 100.00 +- 0.00
	Running Track: 98.60 +- 0.91
---
AA: 90.88 +- 0.61
Kappa: 88.45 +- 0.99
