run 1 / 5
Best validation overall accuracy 1.0
Confusion matrix :
[[ 867  146    0   40    0    0    0    0    0    0    0    0    0    0
     0]
 [   0 1051    0   13    0    0    0    0    0    0    0    0    0    0
     0]
 [   0    0  504    0    0    0    1    0    0    0    0    0    0    0
     0]
 [   0    3    0 1040    0    0    9    0    4    0    0    0    0    0
     0]
 [   0    0    0    0 1054    0    0    0    1    0    1    0    0    0
     0]
 [   0    0    0    0    0  136    0    2    5    0    0    0    0    0
     0]
 [   0    0    0    0    0    1 1006   48    6    0    0    3    1    7
     0]
 [   0    0    0    0   11    0  104  849    1   18    8   38    4   10
    10]
 [   0    0    0    0    9    0   35    5  895   50   48   17    0    0
     0]
 [   0    0   13    0    0    0    0    0  231  746   43    3    0    0
     0]
 [   0    0    0    0   12    0   30    0   34   28  943    0    7    0
     0]
 [   0    0    0    0    0    0    2  137    7    0   17  878    0    0
     0]
 [   0    0    0    0    0    0    0    0    0    0   20   17  248    0
     0]
 [   0    0    0    0    0    0    0    0    0    0    0    0    0  247
     0]
 [   0    0    0    0    0    0    0   15    0    0    0    0    0    1
   457]]---
Accuracy : 89.54%
---
class acc :
	Healthy grass: 82.34
	Stressed grass: 98.78
	Synthetic grass: 99.80
	Trees: 98.48
	Soil: 99.81
	Water: 95.10
	Residential: 93.84
	Commercial: 80.63
	Road: 84.51
	Highway: 72.01
	Railway: 89.47
	Parking Lot 1: 84.34
	Parking Lot 2: 87.02
	Tennis Court: 100.00
	Running Track: 96.62
---
AA: 90.85%
Kappa: 88.64
run 2 / 5
Best validation overall accuracy 1.0
Confusion matrix :
[[ 868  154    0   31    0    0    0    0    0    0    0    0    0    0
     0]
 [  11 1040    0   13    0    0    0    0    0    0    0    0    0    0
     0]
 [   0    0  503    0    0    0    2    0    0    0    0    0    0    0
     0]
 [   0   16    0 1024    0    0   15    0    1    0    0    0    0    0
     0]
 [   0    0    0    0 1055    0    0    0    0    0    0    1    0    0
     0]
 [   0    0    0    0    0  137    0    0    6    0    0    0    0    0
     0]
 [   0    0   24    1    0    3  972   70    1    0    0    0    0    1
     0]
 [   0    0   78    0   23    0   24  751   78   32   11   34    2    0
    20]
 [   0    0    0    0    0    0   65    0  884   45   42   23    0    0
     0]
 [   0    0    2    0    1    8    0    0  248  773    4    0    0    0
     0]
 [   0    0    0    0    4   40   32    0   75   72  830    0    1    0
     0]
 [   0    0    0    0    0    0    6  108   29   17   26  854    1    0
     0]
 [   0    0    0    0    0   12    0    0    8    0    0   10  255    0
     0]
 [   0    0    0    0    0    0    0    0    0    0    0    0    0  247
     0]
 [   0    0    0    0    0    0    0    0    0    0    0    0    0    0
   473]]---
Accuracy : 87.45%
---
class acc :
	Healthy grass: 82.43
	Stressed grass: 97.74
	Synthetic grass: 99.60
	Trees: 96.97
	Soil: 99.91
	Water: 95.80
	Residential: 90.67
	Commercial: 71.32
	Road: 83.47
	Highway: 74.61
	Railway: 78.75
	Parking Lot 1: 82.04
	Parking Lot 2: 89.47
	Tennis Court: 100.00
	Running Track: 100.00
---
AA: 89.52%
Kappa: 86.38
run 3 / 5
Best validation overall accuracy 1.0
Confusion matrix :
[[ 862  115    0   76    0    0    0    0    0    0    0    0    0    0
     0]
 [  23 1037    0    4    0    0    0    0    0    0    0    0    0    0
     0]
 [   0    0  505    0    0    0    0    0    0    0    0    0    0    0
     0]
 [   0    1    0 1046    0    1    2    0    5    0    0    1    0    0
     0]
 [   0    0    0    0 1056    0    0    0    0    0    0    0    0    0
     0]
 [   0    0    0    0    0  137    0    0    6    0    0    0    0    0
     0]
 [   0    0    0    0    0    0  982   84    6    0    0    0    0    0
     0]
 [   0    0    0    0    0    0   51  885    3    2   42   46    4   13
     7]
 [   0    0    0    0    5    0   31    2  863  116    4   38    0    0
     0]
 [   0    0    0    0    1    0    0    0  213  804   18    0    0    0
     0]
 [   0    0    0    0    4    0   23   12   33   15  959    0    8    0
     0]
 [   0    0    0    0    0    0    3   93    1   33   34  877    0    0
     0]
 [   0    0    0    0    0    0    0    0    1    0   19    1  264    0
     0]
 [   0    0    0    0    0    0    0    0    0    0    0    0    0  247
     0]
 [   0    0    0    0    0    0    0    0    0    0    0    0    0    0
   473]]---
Accuracy : 90.16%
---
class acc :
	Healthy grass: 81.86
	Stressed grass: 97.46
	Synthetic grass: 100.00
	Trees: 99.05
	Soil: 100.00
	Water: 95.80
	Residential: 91.60
	Commercial: 84.05
	Road: 81.49
	Highway: 77.61
	Railway: 90.99
	Parking Lot 1: 84.25
	Parking Lot 2: 92.63
	Tennis Court: 100.00
	Running Track: 100.00
---
AA: 91.79%
Kappa: 89.32
run 4 / 5
Best validation overall accuracy 1.0
Confusion matrix :
[[ 859  144    0   50    0    0    0    0    0    0    0    0    0    0
     0]
 [   5 1058    0    1    0    0    0    0    0    0    0    0    0    0
     0]
 [   0    0  498    0    0    0    7    0    0    0    0    0    0    0
     0]
 [   0    1    0 1046    0    0    3    0    3    0    0    0    0    3
     0]
 [   0    0    0    0 1056    0    0    0    0    0    0    0    0    0
     0]
 [   0    0    0    0    0  136    1    2    4    0    0    0    0    0
     0]
 [   0    0    3    0    0    3  990   70    5    0    0    1    0    0
     0]
 [   0    0    0    0   30    0   75  848   14   18    7   39    2   20
     0]
 [   0    0    0    0    1    0   77    0  850   66   38   27    0    0
     0]
 [   0    0    0    0    0    0    0    0  239  768   26    3    0    0
     0]
 [   0    0    1    0    2    0   41    2   33   12  955    0    8    0
     0]
 [   0    0    0    0    0    0   29   97   20    0   43  852    0    0
     0]
 [   0    0    0    0    0    0    2    0    1    7   12    4  259    0
     0]
 [   0    0    0    0    0    0    0    0    0    0    0    0    1  246
     0]
 [   0    0    0    0    0    0    0    0    0    0    0    0    0    0
   473]]---
Accuracy : 89.32%
---
class acc :
	Healthy grass: 81.58
	Stressed grass: 99.44
	Synthetic grass: 98.61
	Trees: 99.05
	Soil: 100.00
	Water: 95.10
	Residential: 92.35
	Commercial: 80.53
	Road: 80.26
	Highway: 74.13
	Railway: 90.61
	Parking Lot 1: 81.84
	Parking Lot 2: 90.88
	Tennis Court: 99.60
	Running Track: 100.00
---
AA: 90.93%
Kappa: 88.40
run 5 / 5
Best validation overall accuracy 1.0
Confusion matrix :
[[ 865  140    0   48    0    0    0    0    0    0    0    0    0    0
     0]
 [   0 1061    0    3    0    0    0    0    0    0    0    0    0    0
     0]
 [   0    0  492    0    0    0   13    0    0    0    0    0    0    0
     0]
 [   0    7    0 1038    0    0    3    0    8    0    0    0    0    0
     0]
 [   0    0    0    0 1056    0    0    0    0    0    0    0    0    0
     0]
 [   0    0    0    0    0  143    0    0    0    0    0    0    0    0
     0]
 [   0    0   17    0    0    2  986   52   10    0    0    0    1    4
     0]
 [   0    0  110    0    6   12    9  817   16    0   11   49    3    3
    17]
 [   0    0    0    0    0    0   44    0  859   70   59   27    0    0
     0]
 [   0    0  216    0    0   30    0    0  198  522   66    4    0    0
     0]
 [   0    0   19    0    6    0   41    0   28   23  929    0    8    0
     0]
 [   0    0    0    0    0    0   66   76    0    0    3  896    0    0
     0]
 [   0    0    0    0    0    0    0    0    0    0   20   10  255    0
     0]
 [   0    0    0    0    0    0    1    0    0    0    0    0    0  246
     0]
 [   0    0    0    0    0    0    1    1    0    0    0    0    0    0
   471]]---
Accuracy : 87.20%
---
class acc :
	Healthy grass: 82.15
	Stressed grass: 99.72
	Synthetic grass: 97.43
	Trees: 98.30
	Soil: 100.00
	Water: 100.00
	Residential: 91.98
	Commercial: 77.59
	Road: 81.11
	Highway: 50.39
	Railway: 88.14
	Parking Lot 1: 86.07
	Parking Lot 2: 89.47
	Tennis Court: 99.60
	Running Track: 99.58
---
AA: 89.43%
Kappa: 86.13
Agregated results :
Confusion matrix :
[[8.6420e+02 1.3980e+02 0.0000e+00 4.9000e+01 0.0000e+00 0.0000e+00
  0.0000e+00 0.0000e+00 0.0000e+00 0.0000e+00 0.0000e+00 0.0000e+00
  0.0000e+00 0.0000e+00 0.0000e+00]
 [7.8000e+00 1.0494e+03 0.0000e+00 6.8000e+00 0.0000e+00 0.0000e+00
  0.0000e+00 0.0000e+00 0.0000e+00 0.0000e+00 0.0000e+00 0.0000e+00
  0.0000e+00 0.0000e+00 0.0000e+00]
 [0.0000e+00 0.0000e+00 5.0040e+02 0.0000e+00 0.0000e+00 0.0000e+00
  4.6000e+00 0.0000e+00 0.0000e+00 0.0000e+00 0.0000e+00 0.0000e+00
  0.0000e+00 0.0000e+00 0.0000e+00]
 [0.0000e+00 5.6000e+00 0.0000e+00 1.0388e+03 0.0000e+00 2.0000e-01
  6.4000e+00 0.0000e+00 4.2000e+00 0.0000e+00 0.0000e+00 2.0000e-01
  0.0000e+00 6.0000e-01 0.0000e+00]
 [0.0000e+00 0.0000e+00 0.0000e+00 0.0000e+00 1.0554e+03 0.0000e+00
  0.0000e+00 0.0000e+00 2.0000e-01 0.0000e+00 2.0000e-01 2.0000e-01
  0.0000e+00 0.0000e+00 0.0000e+00]
 [0.0000e+00 0.0000e+00 0.0000e+00 0.0000e+00 0.0000e+00 1.3780e+02
  2.0000e-01 8.0000e-01 4.2000e+00 0.0000e+00 0.0000e+00 0.0000e+00
  0.0000e+00 0.0000e+00 0.0000e+00]
 [0.0000e+00 0.0000e+00 8.8000e+00 2.0000e-01 0.0000e+00 1.8000e+00
  9.8720e+02 6.4800e+01 5.6000e+00 0.0000e+00 0.0000e+00 8.0000e-01
  4.0000e-01 2.4000e+00 0.0000e+00]
 [0.0000e+00 0.0000e+00 3.7600e+01 0.0000e+00 1.4000e+01 2.4000e+00
  5.2600e+01 8.3000e+02 2.2400e+01 1.4000e+01 1.5800e+01 4.1200e+01
  3.0000e+00 9.2000e+00 1.0800e+01]
 [0.0000e+00 0.0000e+00 0.0000e+00 0.0000e+00 3.0000e+00 0.0000e+00
  5.0400e+01 1.4000e+00 8.7020e+02 6.9400e+01 3.8200e+01 2.6400e+01
  0.0000e+00 0.0000e+00 0.0000e+00]
 [0.0000e+00 0.0000e+00 4.6200e+01 0.0000e+00 4.0000e-01 7.6000e+00
  0.0000e+00 0.0000e+00 2.2580e+02 7.2260e+02 3.1400e+01 2.0000e+00
  0.0000e+00 0.0000e+00 0.0000e+00]
 [0.0000e+00 0.0000e+00 4.0000e+00 0.0000e+00 5.6000e+00 8.0000e+00
  3.3400e+01 2.8000e+00 4.0600e+01 3.0000e+01 9.2320e+02 0.0000e+00
  6.4000e+00 0.0000e+00 0.0000e+00]
 [0.0000e+00 0.0000e+00 0.0000e+00 0.0000e+00 0.0000e+00 0.0000e+00
  2.1200e+01 1.0220e+02 1.1400e+01 1.0000e+01 2.4600e+01 8.7140e+02
  2.0000e-01 0.0000e+00 0.0000e+00]
 [0.0000e+00 0.0000e+00 0.0000e+00 0.0000e+00 0.0000e+00 2.4000e+00
  4.0000e-01 0.0000e+00 2.0000e+00 1.4000e+00 1.4200e+01 8.4000e+00
  2.5620e+02 0.0000e+00 0.0000e+00]
 [0.0000e+00 0.0000e+00 0.0000e+00 0.0000e+00 0.0000e+00 0.0000e+00
  2.0000e-01 0.0000e+00 0.0000e+00 0.0000e+00 0.0000e+00 0.0000e+00
  2.0000e-01 2.4660e+02 0.0000e+00]
 [0.0000e+00 0.0000e+00 0.0000e+00 0.0000e+00 0.0000e+00 0.0000e+00
  2.0000e-01 3.2000e+00 0.0000e+00 0.0000e+00 0.0000e+00 0.0000e+00
  0.0000e+00 2.0000e-01 4.6940e+02]]---
Accuracy: 88.73 +- 1.19
---
class acc :
	Healthy grass: 82.07 +- 0.31
	Stressed grass: 98.63 +- 0.89
	Synthetic grass: 99.09 +- 0.96
	Trees: 98.37 +- 0.76
	Soil: 99.94 +- 0.08
	Water: 96.36 +- 1.84
	Residential: 92.09 +- 1.04
	Commercial: 78.82 +- 4.27
	Road: 82.17 +- 1.57
	Highway: 69.75 +- 9.85
	Railway: 87.59 +- 4.53
	Parking Lot 1: 83.71 +- 1.58
	Parking Lot 2: 89.89 +- 1.85
	Tennis Court: 99.84 +- 0.20
	Running Track: 99.24 +- 1.32
---
AA: 90.50 +- 0.90
Kappa: 87.77 +- 1.28
