run 1 / 5
Best validation overall accuracy 1.0
Confusion matrix :
[[ 861  149    0   43    0    0    0    0    0    0    0    0    0    0
     0]
 [   0 1064    0    0    0    0    0    0    0    0    0    0    0    0
     0]
 [   0    0  505    0    0    0    0    0    0    0    0    0    0    0
     0]
 [   0    7    0 1028    0    0   19    0    1    0    0    0    1    0
     0]
 [   0    0    0    0 1052    0    0    4    0    0    0    0    0    0
     0]
 [   0    0    0    0    0  138    0    4    0    0    0    0    1    0
     0]
 [   0    0    0    3    0    7  976   70    5    0    1   10    0    0
     0]
 [   0    0    0    0   70    0   75  811   30   23   12    7    5    0
    20]
 [   0    0    0    0    0    0   26    1  929   50   32   19    2    0
     0]
 [   0    0    0    0    0    0    0    0  253  774    5    4    0    0
     0]
 [   0    0    0    0   13    0   17    0   86   25  909    0    4    0
     0]
 [   0    0    0    0    0    0   14  120  150   33   29  695    0    0
     0]
 [   0    0    0    0    0    0    1    0   17    0    3    0  264    0
     0]
 [   0    0    0    0    0    0    0    0    0    0    0    0    1  246
     0]
 [   0    0    0    0    0    0    0    1    0    0    0    0    0    0
   472]]---
Accuracy : 87.92%
---
class acc :
	Healthy grass: 81.77
	Stressed grass: 100.00
	Synthetic grass: 100.00
	Trees: 97.35
	Soil: 99.62
	Water: 96.50
	Residential: 91.04
	Commercial: 77.02
	Road: 87.72
	Highway: 74.71
	Railway: 86.24
	Parking Lot 1: 66.76
	Parking Lot 2: 92.63
	Tennis Court: 99.60
	Running Track: 99.79
---
AA: 90.05%
Kappa: 86.89
run 2 / 5
Best validation overall accuracy 1.0
Confusion matrix :
[[ 861  149    0   43    0    0    0    0    0    0    0    0    0    0
     0]
 [   0 1063    0    0    0    0    0    0    1    0    0    0    0    0
     0]
 [   0    0  505    0    0    0    0    0    0    0    0    0    0    0
     0]
 [   0    0    0 1047    0    0    2    0    7    0    0    0    0    0
     0]
 [   0    0    0    0 1055    0    0    1    0    0    0    0    0    0
     0]
 [   0    0    0    0    0  138    0    1    0    0    0    0    4    0
     0]
 [   0    0    6    0    0    6  958   85   11    0    0    0    1    5
     0]
 [   0    0    0    0    0    0   36  932    5   18    0   40    2   20
     0]
 [   0    0    0    0   21    0   47    5  880   53   18   31    4    0
     0]
 [   0    0    0    0    0    0   12    0  381  629   10    4    0    0
     0]
 [   0    0    0    0    5    0   47    1   54   11  935    0    1    0
     0]
 [   0    0    0    0    0    0   18  129   11    0    7  876    0    0
     0]
 [   0    0    0    0    0    2    1    0    6    5    7    5  259    0
     0]
 [   0    0    0    0    0    0    0    0    0    0    0    0    0  247
     0]
 [   0    0    0    0    0    0    0    7    0    0    0    0    0    0
   466]]---
Accuracy : 88.96%
---
class acc :
	Healthy grass: 81.77
	Stressed grass: 99.91
	Synthetic grass: 100.00
	Trees: 99.15
	Soil: 99.91
	Water: 96.50
	Residential: 89.37
	Commercial: 88.51
	Road: 83.10
	Highway: 60.71
	Railway: 88.71
	Parking Lot 1: 84.15
	Parking Lot 2: 90.88
	Tennis Court: 100.00
	Running Track: 98.52
---
AA: 90.74%
Kappa: 88.02
run 3 / 5
Best validation overall accuracy 1.0
Confusion matrix :
[[ 860  150    0   43    0    0    0    0    0    0    0    0    0    0
     0]
 [   0 1064    0    0    0    0    0    0    0    0    0    0    0    0
     0]
 [   0    0  505    0    0    0    0    0    0    0    0    0    0    0
     0]
 [   0    2    0 1042    0    0    4    0    8    0    0    0    0    0
     0]
 [   0    0    0    0 1051    0    0    4    1    0    0    0    0    0
     0]
 [   0    0    0    0    0  142    0    0    0    0    0    0    1    0
     0]
 [   0    5    2    0    2    0  966   58    2    0    0   17    0   20
     0]
 [   0    0    0    0   36    0   27  894    6   18    1   48    3   10
    10]
 [   0    0    1    0    6    0   60   10  858   46   45   33    0    0
     0]
 [   0    0    0    0    0    0    1    0  337  630   56   12    0    0
     0]
 [   0    4    0    0    2    0   18   10   73    0  944    0    3    0
     0]
 [   0    0    0    0    0    0    4  167    1    0    6  863    0    0
     0]
 [   0    0    2    0    0    2    6    0    1    0   13    3  258    0
     0]
 [   0    0    0    0    0    0    0    0    0    0    0    0    0  247
     0]
 [   0    0    0    0    0    0    0    6    0    0    0    0    0    0
   467]]---
Accuracy : 88.47%
---
class acc :
	Healthy grass: 81.67
	Stressed grass: 100.00
	Synthetic grass: 100.00
	Trees: 98.67
	Soil: 99.53
	Water: 99.30
	Residential: 90.11
	Commercial: 84.90
	Road: 81.02
	Highway: 60.81
	Railway: 89.56
	Parking Lot 1: 82.90
	Parking Lot 2: 90.53
	Tennis Court: 100.00
	Running Track: 98.73
---
AA: 90.52%
Kappa: 87.48
run 4 / 5
Best validation overall accuracy 1.0
Confusion matrix :
[[ 865  154    0   34    0    0    0    0    0    0    0    0    0    0
     0]
 [   0 1062    0    0    0    0    0    0    2    0    0    0    0    0
     0]
 [   0    0  487    0    0    0   18    0    0    0    0    0    0    0
     0]
 [   0   29    0 1018    0    0    2    0    4    0    0    0    0    3
     0]
 [   0    0    0    0 1050    0    0    6    0    0    0    0    0    0
     0]
 [   0    0    0    0    0  141    0    0    0    0    0    0    2    0
     0]
 [   0    0    2    0    0    0  999   61    3    0    3    2    0    2
     0]
 [   0    0   66    0   22    0   28  751   29   18   10  104   13    5
     7]
 [   0    0    0    0    0    0   56    0  866   55   75    7    0    0
     0]
 [   0    0    0    0    0    0    0    0  100  921   14    1    0    0
     0]
 [   0    0    0    0    1    0    5    0    8   37  999    0    4    0
     0]
 [   0    0    0    0    0    0   20   96   18    0   48  858    1    0
     0]
 [   0    0    0    0    0    0    0    0    1   14    5    6  259    0
     0]
 [   0    0    0    0    0    0    0    0    0    0    0    0    0  247
     0]
 [   0    0    0    0    0    0    1    0    0    0    0    0    0    0
   472]]---
Accuracy : 90.15%
---
class acc :
	Healthy grass: 82.15
	Stressed grass: 99.81
	Synthetic grass: 96.44
	Trees: 96.40
	Soil: 99.43
	Water: 98.60
	Residential: 93.19
	Commercial: 71.32
	Road: 81.78
	Highway: 88.90
	Railway: 94.78
	Parking Lot 1: 82.42
	Parking Lot 2: 90.88
	Tennis Court: 100.00
	Running Track: 99.79
---
AA: 91.73%
Kappa: 89.30
run 5 / 5
Best validation overall accuracy 1.0
Confusion matrix :
[[ 863  151    0   39    0    0    0    0    0    0    0    0    0    0
     0]
 [   0 1064    0    0    0    0    0    0    0    0    0    0    0    0
     0]
 [   0    0  505    0    0    0    0    0    0    0    0    0    0    0
     0]
 [   0    3    0 1041    0    0    4    0    1    0    0    0    0    7
     0]
 [   0    0    0    0 1056    0    0    0    0    0    0    0    0    0
     0]
 [   0    0    0    0    0  143    0    0    0    0    0    0    0    0
     0]
 [   0    0    8    0    0    2  958   20    6    0    0    0    0   78
     0]
 [   0    0    0    0    5    0   33  927   34   18    4   11    1   20
     0]
 [   0    0    0    0    0    0   30    0  901   53   45   26    4    0
     0]
 [   0    0    0    0    0    0    0   30  149  756  100    1    0    0
     0]
 [   0    0    0    0    1    0   30    4   52    2  963    0    2    0
     0]
 [   0    0    0    0    0    0    5  146    6    0    3  881    0    0
     0]
 [   0    0    0    0    0    0    0    0    0    6   20   14  245    0
     0]
 [   0    0    0    0    0    0    0    0    0    0    0    0    0  247
     0]
 [   0    0    0    0    0    0    0   12    0    0    0    0    0    0
   461]]---
Accuracy : 90.28%
---
class acc :
	Healthy grass: 81.96
	Stressed grass: 100.00
	Synthetic grass: 100.00
	Trees: 98.58
	Soil: 100.00
	Water: 100.00
	Residential: 89.37
	Commercial: 88.03
	Road: 85.08
	Highway: 72.97
	Railway: 91.37
	Parking Lot 1: 84.63
	Parking Lot 2: 85.96
	Tennis Court: 100.00
	Running Track: 97.46
---
AA: 91.69%
Kappa: 89.45
Agregated results :
Confusion matrix :
[[8.6200e+02 1.5060e+02 0.0000e+00 4.0400e+01 0.0000e+00 0.0000e+00
  0.0000e+00 0.0000e+00 0.0000e+00 0.0000e+00 0.0000e+00 0.0000e+00
  0.0000e+00 0.0000e+00 0.0000e+00]
 [0.0000e+00 1.0634e+03 0.0000e+00 0.0000e+00 0.0000e+00 0.0000e+00
  0.0000e+00 0.0000e+00 6.0000e-01 0.0000e+00 0.0000e+00 0.0000e+00
  0.0000e+00 0.0000e+00 0.0000e+00]
 [0.0000e+00 0.0000e+00 5.0140e+02 0.0000e+00 0.0000e+00 0.0000e+00
  3.6000e+00 0.0000e+00 0.0000e+00 0.0000e+00 0.0000e+00 0.0000e+00
  0.0000e+00 0.0000e+00 0.0000e+00]
 [0.0000e+00 8.2000e+00 0.0000e+00 1.0352e+03 0.0000e+00 0.0000e+00
  6.2000e+00 0.0000e+00 4.2000e+00 0.0000e+00 0.0000e+00 0.0000e+00
  2.0000e-01 2.0000e+00 0.0000e+00]
 [0.0000e+00 0.0000e+00 0.0000e+00 0.0000e+00 1.0528e+03 0.0000e+00
  0.0000e+00 3.0000e+00 2.0000e-01 0.0000e+00 0.0000e+00 0.0000e+00
  0.0000e+00 0.0000e+00 0.0000e+00]
 [0.0000e+00 0.0000e+00 0.0000e+00 0.0000e+00 0.0000e+00 1.4040e+02
  0.0000e+00 1.0000e+00 0.0000e+00 0.0000e+00 0.0000e+00 0.0000e+00
  1.6000e+00 0.0000e+00 0.0000e+00]
 [0.0000e+00 1.0000e+00 3.6000e+00 6.0000e-01 4.0000e-01 3.0000e+00
  9.7140e+02 5.8800e+01 5.4000e+00 0.0000e+00 8.0000e-01 5.8000e+00
  2.0000e-01 2.1000e+01 0.0000e+00]
 [0.0000e+00 0.0000e+00 1.3200e+01 0.0000e+00 2.6600e+01 0.0000e+00
  3.9800e+01 8.6300e+02 2.0800e+01 1.9000e+01 5.4000e+00 4.2000e+01
  4.8000e+00 1.1000e+01 7.4000e+00]
 [0.0000e+00 0.0000e+00 2.0000e-01 0.0000e+00 5.4000e+00 0.0000e+00
  4.3800e+01 3.2000e+00 8.8680e+02 5.1400e+01 4.3000e+01 2.3200e+01
  2.0000e+00 0.0000e+00 0.0000e+00]
 [0.0000e+00 0.0000e+00 0.0000e+00 0.0000e+00 0.0000e+00 0.0000e+00
  2.6000e+00 6.0000e+00 2.4400e+02 7.4200e+02 3.7000e+01 4.4000e+00
  0.0000e+00 0.0000e+00 0.0000e+00]
 [0.0000e+00 8.0000e-01 0.0000e+00 0.0000e+00 4.4000e+00 0.0000e+00
  2.3400e+01 3.0000e+00 5.4600e+01 1.5000e+01 9.5000e+02 0.0000e+00
  2.8000e+00 0.0000e+00 0.0000e+00]
 [0.0000e+00 0.0000e+00 0.0000e+00 0.0000e+00 0.0000e+00 0.0000e+00
  1.2200e+01 1.3160e+02 3.7200e+01 6.6000e+00 1.8600e+01 8.3460e+02
  2.0000e-01 0.0000e+00 0.0000e+00]
 [0.0000e+00 0.0000e+00 4.0000e-01 0.0000e+00 0.0000e+00 8.0000e-01
  1.6000e+00 0.0000e+00 5.0000e+00 5.0000e+00 9.6000e+00 5.6000e+00
  2.5700e+02 0.0000e+00 0.0000e+00]
 [0.0000e+00 0.0000e+00 0.0000e+00 0.0000e+00 0.0000e+00 0.0000e+00
  0.0000e+00 0.0000e+00 0.0000e+00 0.0000e+00 0.0000e+00 0.0000e+00
  2.0000e-01 2.4680e+02 0.0000e+00]
 [0.0000e+00 0.0000e+00 0.0000e+00 0.0000e+00 0.0000e+00 0.0000e+00
  2.0000e-01 5.2000e+00 0.0000e+00 0.0000e+00 0.0000e+00 0.0000e+00
  0.0000e+00 0.0000e+00 4.6760e+02]]---
Accuracy: 89.16 +- 0.92
---
class acc :
	Healthy grass: 81.86 +- 0.17
	Stressed grass: 99.94 +- 0.08
	Synthetic grass: 99.29 +- 1.43
	Trees: 98.03 +- 1.01
	Soil: 99.70 +- 0.22
	Water: 98.18 +- 1.44
	Residential: 90.62 +- 1.43
	Commercial: 81.96 +- 6.72
	Road: 83.74 +- 2.42
	Highway: 71.62 +- 10.45
	Railway: 90.13 +- 2.85
	Parking Lot 1: 80.17 +- 6.75
	Parking Lot 2: 90.18 +- 2.23
	Tennis Court: 99.92 +- 0.16
	Running Track: 98.86 +- 0.87
---
AA: 90.95 +- 0.66
Kappa: 88.23 +- 1.00
