run 1 / 5
Best validation overall accuracy 0.5271577380952381
Confusion matrix :
[[    0  1804     0     0     0     0     4     0     0     0     0     0
      0     0     0     0]
 [    0  3301     0     0     0     0    38    15     0     0     0     0
      0     0     0     0]
 [    0     0     0     0     0     0     0  1745    34     0     0     0
      0     0     0     0]
 [    0     0     0     0     0     0     0  1255     0     0     0     0
      0     0     0     0]
 [    0     0     0     0     0     0     0  2409     0     0     0     0
      0     0     1     0]
 [    0     0     0     0     0  3559     0     4     0     0     0     0
      0     0     0     0]
 [    0     0     0     0     0     0  3050   171     0     0     0     0
      0     0     0     0]
 [    0     0     0     0     0     0     0 10142     0     0     0     0
      0     0     2     0]
 [    0     0     0     0     0     0     0    18  5565     0     0     0
      0     0     0     0]
 [    0     0     0     0     0     0     0  2892    52     0     0     0
      0     0     6     0]
 [    0     0     0     0     0     0     0   798   162     0     0     0
      0     0     1     0]
 [    0     0     0     0     0     0     0  1734     0     0     0     0
      0     0     0     0]
 [    0     0     0     0     0     0     0   825     0     0     0     0
      0     0     0     0]
 [    0     0     0     0     0     0     0   963     0     0     0     0
      0     0     0     0]
 [    0     0     0     0     0     0     0  6541     0     0     0     0
      0     0     0     0]
 [    0     0     0     0     0     0    72  1554     0     0     0     0
      0     0     0     0]]---
Accuracy : 52.58%
---
class acc :
	Brocoli_green_weeds_1: 0.00
	Brocoli_green_weeds_2: 98.42
	Fallow: 0.00
	Fallow_rough_plow: 0.00
	Fallow_smooth: 0.00
	Stubble: 99.89
	Celery: 94.69
	Grapes_untrained: 99.98
	Soil_vinyard_develop: 99.68
	Corn_senesced_green_weeds: 0.00
	Lettuce_romaine_4wk: 0.00
	Lettuce_romaine_5wk: 0.00
	Lettuce_romaine_6wk: 0.00
	Lettuce_romaine_7wk: 0.00
	Vinyard_untrained: 0.00
	Vinyard_vertical_trellis: 0.00
---
AA: 30.79%
Kappa: 43.33
run 2 / 5
Best validation overall accuracy 0.6997767857142857
Confusion matrix :
[[  23 1774    0    0    0    0    1    0    0    1    0    0    0    0
     9    0]
 [   8 3233    0    0    2    9   79    0    0    7    1    0    0    0
    14    1]
 [   0    0  890    0  297    0    0    0  592    0    0    0    0    0
     0    0]
 [   0    0    0 1203    5    0    0   15    5   26    0    0    0    0
     1    0]
 [   0    0   17   32 2224  112    0    0    4   17    0    0    0    1
     3    0]
 [   0    0    0    0    0 3547    0    0    2   13    0    0    0    0
     1    0]
 [   0    0    0    8   31    0 3107   21    0   35    0    0    0    0
     6   13]
 [   0    0    0    0    1    0    4 9427    8  249    0    0    0    0
   454    1]
 [   0    0    0    0    0    0    0    1 5581    1    0    0    0    0
     0    0]
 [   0    0    5    2   11    0    0   57  317 2465    0    0    0    0
    93    0]
 [   0    0    6    0   16    0    0    2  878   58    0    0    0    0
     1    0]
 [   0    0  423    0  404    0    0    0  907    0    0    0    0    0
     0    0]
 [   0    0    0    0    0    0   14    0    5  805    0    0    0    0
     1    0]
 [   0  442    0    0    0   81   22   86    1  161    0    0    0    0
   168    2]
 [   0    0    0    0    1    0    0 5365    2  113    0    0    0    0
  1060    0]
 [   0    0    0    7    2    0  202  102    0   18    0    0    0    0
     1 1294]]---
Accuracy : 69.90%
---
class acc :
	Brocoli_green_weeds_1: 1.27
	Brocoli_green_weeds_2: 96.39
	Fallow: 50.03
	Fallow_rough_plow: 95.86
	Fallow_smooth: 92.28
	Stubble: 99.55
	Celery: 96.46
	Grapes_untrained: 92.93
	Soil_vinyard_develop: 99.96
	Corn_senesced_green_weeds: 83.56
	Lettuce_romaine_4wk: 0.00
	Lettuce_romaine_5wk: 0.00
	Lettuce_romaine_6wk: 0.00
	Lettuce_romaine_7wk: 0.00
	Vinyard_untrained: 16.21
	Vinyard_vertical_trellis: 79.58
---
AA: 56.51%
Kappa: 65.89
run 3 / 5
Best validation overall accuracy 0.5252976190476191
Confusion matrix :
[[   0 1773    0    0    0    0    0    2   33    0    0    0    0    0
     0    0]
 [   0 3189    0    0    0    0    0   32  133    0    0    0    0    0
     0    0]
 [   0    1    0    0    0    0    0    0 1778    0    0    0    0    0
     0    0]
 [   0    0    0    0    0    0    0    0 1255    0    0    0    0    0
     0    0]
 [   0    0    0    0    0  120    0    0 2290    0    0    0    0    0
     0    0]
 [   0    2    0    0    0 3517    0    0   44    0    0    0    0    0
     0    0]
 [   0    1    0    0    0    0 3052  155   13    0    0    0    0    0
     0    0]
 [   0    0    0    0    0    0    2 9717  189    1    0    0    0    0
   235    0]
 [   0    1    0    0    0    5    0    0 5573    4    0    0    0    0
     0    0]
 [   0    0    0    0    0    0    0  518 2432    0    0    0    0    0
     0    0]
 [   0    0    0    0    0    0    0    0  961    0    0    0    0    0
     0    0]
 [   0    0    0    0    0    0    0    0 1734    0    0    0    0    0
     0    0]
 [   0    0    0    0    0    0    0    0  825    0    0    0    0    0
     0    0]
 [   0    0    0    0    0    0    0   87  876    0    0    0    0    0
     0    0]
 [   0    0    0    0    0    0    0 6161    6    0    0    0    0    0
   374    0]
 [   0    0    0    0    0    0 1209   34    5    0    0    0    0    0
   378    0]]---
Accuracy : 52.18%
---
class acc :
	Brocoli_green_weeds_1: 0.00
	Brocoli_green_weeds_2: 95.08
	Fallow: 0.00
	Fallow_rough_plow: 0.00
	Fallow_smooth: 0.00
	Stubble: 98.71
	Celery: 94.75
	Grapes_untrained: 95.79
	Soil_vinyard_develop: 99.82
	Corn_senesced_green_weeds: 0.00
	Lettuce_romaine_4wk: 0.00
	Lettuce_romaine_5wk: 0.00
	Lettuce_romaine_6wk: 0.00
	Lettuce_romaine_7wk: 0.00
	Vinyard_untrained: 5.72
	Vinyard_vertical_trellis: 0.00
---
AA: 30.62%
Kappa: 44.71
run 4 / 5
Best validation overall accuracy 0.4177827380952381
Confusion matrix :
[[  627  1181     0     0     0     0     0     0     0     0     0     0
      0     0     0     0]
 [    0  3341     0     0     0     0     2     0     0     0     0     0
      0     0     0    11]
 [    0     0     0     0     0     0     0  1772     0     0     0     0
      0     0     7     0]
 [    0     0     0  1252     2     0     0     1     0     0     0     0
      0     0     0     0]
 [    0     0     0   820   413     0     0   788     0     4     0     0
      0     0   385     0]
 [    0     8     0     0     0     0     0  3555     0     0     0     0
      0     0     0     0]
 [    0     0     0     0     0     0  3220     0     0     0     0     0
      0     0     0     1]
 [    0     0     0     0     0     0     0 10144     0     0     0     0
      0     0     0     0]
 [    0     0     0     0     0     0     0  5581     0     0     0     0
      0     0     2     0]
 [    0     0     0     0     0     0     1  2939     4     0     0     0
      0     0     6     0]
 [    0     0     0     0     0     0     0   958     0     0     0     0
      0     0     3     0]
 [    0     0     0     0     0     0     0  1734     0     0     0     0
      0     0     0     0]
 [    0     0     0     0     0     0    27   697     0     0     0     0
      0     0   101     0]
 [    0     0     0     0     0     0   880    33    35     0     0     0
      0     4    11     0]
 [    0     0     0     0     0     0     0  6539     0     0     0     0
      0     0     2     0]
 [    0     0     0     0     1     0   114   155     9     0     0     0
      0     2    13  1332]]---
Accuracy : 41.74%
---
class acc :
	Brocoli_green_weeds_1: 34.68
	Brocoli_green_weeds_2: 99.61
	Fallow: 0.00
	Fallow_rough_plow: 99.76
	Fallow_smooth: 17.14
	Stubble: 0.00
	Celery: 99.97
	Grapes_untrained: 100.00
	Soil_vinyard_develop: 0.00
	Corn_senesced_green_weeds: 0.00
	Lettuce_romaine_4wk: 0.00
	Lettuce_romaine_5wk: 0.00
	Lettuce_romaine_6wk: 0.00
	Lettuce_romaine_7wk: 0.42
	Vinyard_untrained: 0.03
	Vinyard_vertical_trellis: 81.92
---
AA: 33.35%
Kappa: 30.16
run 5 / 5
Best validation overall accuracy 0.7600446428571429
Confusion matrix :
[[1772   36    0    0    0    0    0    0    0    0    0    0    0    0
     0    0]
 [   1 3347    0    0    0    2    2    0    0    0    0    0    0    0
     0    2]
 [   0    0  643    0  565    0    0    0   29    0    0  542    0    0
     0    0]
 [   0    0    0 1225   30    0    0    0    0    0    0    0    0    0
     0    0]
 [   0    0    5   12 2389    0    0    0    0    1    0    3    0    0
     0    0]
 [   0    0    0    0    0 3563    0    0    0    0    0    0    0    0
     0    0]
 [   0    0    0    0    1    0 3210    0    0    0    0    0    0    0
     0   10]
 [   0    0    0    0    1    3    4 9866    0  149    0    0    1    0
   119    1]
 [   0    0    0    0    0    0    0    0 5571   12    0    0    0    0
     0    0]
 [   0    0   51    7    5   37    6  232  191 2214    0   34    1    0
   172    0]
 [   0    0   27    0    0    0    0    0  549  230    0  155    0    0
     0    0]
 [   0    0    0    0    0    0    0    0    3    0    0 1731    0    0
     0    0]
 [   0   23    0  131    1    0    0    0   47   12    9  596    0    0
     6    0]
 [   0  423    0    7    2    2  322   42    0    8    0    0    0    9
   131   17]
 [   0    0    0    0    0    0    0 6528    0    0    0    0    0    0
    13    0]
 [   0    0    0    1    1    1   81    6    0    0    0    1    0    0
    83 1452]]---
Accuracy : 75.96%
---
class acc :
	Brocoli_green_weeds_1: 98.01
	Brocoli_green_weeds_2: 99.79
	Fallow: 36.14
	Fallow_rough_plow: 97.61
	Fallow_smooth: 99.13
	Stubble: 100.00
	Celery: 99.66
	Grapes_untrained: 97.26
	Soil_vinyard_develop: 99.79
	Corn_senesced_green_weeds: 75.05
	Lettuce_romaine_4wk: 0.00
	Lettuce_romaine_5wk: 99.83
	Lettuce_romaine_6wk: 0.00
	Lettuce_romaine_7wk: 0.93
	Vinyard_untrained: 0.20
	Vinyard_vertical_trellis: 89.30
---
AA: 68.29%
Kappa: 72.81
Agregated results :
Confusion matrix :
[[4.8440e+02 1.3136e+03 0.0000e+00 0.0000e+00 0.0000e+00 0.0000e+00
  1.0000e+00 4.0000e-01 6.6000e+00 2.0000e-01 0.0000e+00 0.0000e+00
  0.0000e+00 0.0000e+00 1.8000e+00 0.0000e+00]
 [1.8000e+00 3.2822e+03 0.0000e+00 0.0000e+00 4.0000e-01 2.2000e+00
  2.4200e+01 9.4000e+00 2.6600e+01 1.4000e+00 2.0000e-01 0.0000e+00
  0.0000e+00 0.0000e+00 2.8000e+00 2.8000e+00]
 [0.0000e+00 2.0000e-01 3.0660e+02 0.0000e+00 1.7240e+02 0.0000e+00
  0.0000e+00 7.0340e+02 4.8660e+02 0.0000e+00 0.0000e+00 1.0840e+02
  0.0000e+00 0.0000e+00 1.4000e+00 0.0000e+00]
 [0.0000e+00 0.0000e+00 0.0000e+00 7.3600e+02 7.4000e+00 0.0000e+00
  0.0000e+00 2.5420e+02 2.5200e+02 5.2000e+00 0.0000e+00 0.0000e+00
  0.0000e+00 0.0000e+00 2.0000e-01 0.0000e+00]
 [0.0000e+00 0.0000e+00 4.4000e+00 1.7280e+02 1.0052e+03 4.6400e+01
  0.0000e+00 6.3940e+02 4.5880e+02 4.4000e+00 0.0000e+00 6.0000e-01
  0.0000e+00 2.0000e-01 7.7800e+01 0.0000e+00]
 [0.0000e+00 2.0000e+00 0.0000e+00 0.0000e+00 0.0000e+00 2.8372e+03
  0.0000e+00 7.1180e+02 9.2000e+00 2.6000e+00 0.0000e+00 0.0000e+00
  0.0000e+00 0.0000e+00 2.0000e-01 0.0000e+00]
 [0.0000e+00 2.0000e-01 0.0000e+00 1.6000e+00 6.4000e+00 0.0000e+00
  3.1278e+03 6.9400e+01 2.6000e+00 7.0000e+00 0.0000e+00 0.0000e+00
  0.0000e+00 0.0000e+00 1.2000e+00 4.8000e+00]
 [0.0000e+00 0.0000e+00 0.0000e+00 0.0000e+00 4.0000e-01 6.0000e-01
  2.0000e+00 9.8592e+03 3.9400e+01 7.9800e+01 0.0000e+00 0.0000e+00
  2.0000e-01 0.0000e+00 1.6200e+02 4.0000e-01]
 [0.0000e+00 2.0000e-01 0.0000e+00 0.0000e+00 0.0000e+00 1.0000e+00
  0.0000e+00 1.1200e+03 4.4580e+03 3.4000e+00 0.0000e+00 0.0000e+00
  0.0000e+00 0.0000e+00 4.0000e-01 0.0000e+00]
 [0.0000e+00 0.0000e+00 1.1200e+01 1.8000e+00 3.2000e+00 7.4000e+00
  1.4000e+00 1.3276e+03 5.9920e+02 9.3580e+02 0.0000e+00 6.8000e+00
  2.0000e-01 0.0000e+00 5.5400e+01 0.0000e+00]
 [0.0000e+00 0.0000e+00 6.6000e+00 0.0000e+00 3.2000e+00 0.0000e+00
  0.0000e+00 3.5160e+02 5.1000e+02 5.7600e+01 0.0000e+00 3.1000e+01
  0.0000e+00 0.0000e+00 1.0000e+00 0.0000e+00]
 [0.0000e+00 0.0000e+00 8.4600e+01 0.0000e+00 8.0800e+01 0.0000e+00
  0.0000e+00 6.9360e+02 5.2880e+02 0.0000e+00 0.0000e+00 3.4620e+02
  0.0000e+00 0.0000e+00 0.0000e+00 0.0000e+00]
 [0.0000e+00 4.6000e+00 0.0000e+00 2.6200e+01 2.0000e-01 0.0000e+00
  8.2000e+00 3.0440e+02 1.7540e+02 1.6340e+02 1.8000e+00 1.1920e+02
  0.0000e+00 0.0000e+00 2.1600e+01 0.0000e+00]
 [0.0000e+00 1.7300e+02 0.0000e+00 1.4000e+00 4.0000e-01 1.6600e+01
  2.4480e+02 2.4220e+02 1.8240e+02 3.3800e+01 0.0000e+00 0.0000e+00
  0.0000e+00 2.6000e+00 6.2000e+01 3.8000e+00]
 [0.0000e+00 0.0000e+00 0.0000e+00 0.0000e+00 2.0000e-01 0.0000e+00
  0.0000e+00 6.2268e+03 1.6000e+00 2.2600e+01 0.0000e+00 0.0000e+00
  0.0000e+00 0.0000e+00 2.8980e+02 0.0000e+00]
 [0.0000e+00 0.0000e+00 0.0000e+00 1.6000e+00 8.0000e-01 2.0000e-01
  3.3560e+02 3.7020e+02 2.8000e+00 3.6000e+00 0.0000e+00 2.0000e-01
  0.0000e+00 4.0000e-01 9.5000e+01 8.1560e+02]]---
Accuracy: 58.47 +- 12.57
---
class acc :
	Brocoli_green_weeds_1: 26.79 +- 38.00
	Brocoli_green_weeds_2: 97.86 +- 1.84
	Fallow: 17.23 +- 21.56
	Fallow_rough_plow: 58.65 +- 47.90
	Fallow_smooth: 41.71 +- 44.58
	Stubble: 79.63 +- 39.82
	Celery: 97.11 +- 2.30
	Grapes_untrained: 97.19 +- 2.67
	Soil_vinyard_develop: 79.85 +- 39.92
	Corn_senesced_green_weeds: 31.72 +- 38.94
	Lettuce_romaine_4wk: 0.00 +- 0.00
	Lettuce_romaine_5wk: 19.97 +- 39.93
	Lettuce_romaine_6wk: 0.00 +- 0.00
	Lettuce_romaine_7wk: 0.27 +- 0.37
	Vinyard_untrained: 4.43 +- 6.28
	Vinyard_vertical_trellis: 50.16 +- 41.08
---
AA: 43.91 +- 15.58
Kappa: 51.38 +- 15.68
