run 1 / 5
Best validation overall accuracy 0.9988839285714286
Confusion matrix :
[[1607    0    0    0    0    0    0    0    0    0    0    0    0    0
     0    0]
 [   0 2981    0    0    0    0    0    0    0    0    0    0    0    0
     0    0]
 [   0    0 1581    0    0    0    0    0    0    0    0    0    0    0
     0    0]
 [   0    0    0 1103   12    0    0    0    0    0    0    0    0    0
     0    0]
 [   0    0    0    0 2142    0    0    0    0    0    0    0    0    0
     0    0]
 [   0    0    0    0    0 3167    0    0    0    0    0    0    0    0
     0    0]
 [   0    0    0    0    0    0 2863    0    0    0    0    0    0    0
     0    0]
 [   0    0    0    0    0    0    0 8986    0    5    0    0    0    0
    26    0]
 [   0    0    0    0    0    0    0    0 4963    0    0    0    0    0
     0    0]
 [   0    0    0    0    0    0    0    4    0 2604    6    0    0    8
     0    0]
 [   0    0    0    0    0    0    0    0    0    0  853    1    0    0
     0    0]
 [   0    0    0    0    0    0    0    0    0    0    0 1542    0    0
     0    0]
 [   0    0    0    0    0    0    0    0    0    0    0    0  733    0
     0    0]
 [   0    0    0    0    0    0    0    0    0    3    0    0    0  853
     0    0]
 [   0    0    0    0    0    0    0   33    0    0    0    0    0    0
  5782    0]
 [   0    0    0    0    4    0    4    0    0    0    0    0    0    0
     1 1437]]---
Accuracy : 99.75%
---
class acc :
	Brocoli_green_weeds_1: 100.00
	Brocoli_green_weeds_2: 100.00
	Fallow: 100.00
	Fallow_rough_plow: 98.92
	Fallow_smooth: 100.00
	Stubble: 100.00
	Celery: 100.00
	Grapes_untrained: 99.66
	Soil_vinyard_develop: 100.00
	Corn_senesced_green_weeds: 99.31
	Lettuce_romaine_4wk: 99.88
	Lettuce_romaine_5wk: 100.00
	Lettuce_romaine_6wk: 100.00
	Lettuce_romaine_7wk: 99.65
	Vinyard_untrained: 99.43
	Vinyard_vertical_trellis: 99.38
---
AA: 99.76%
Kappa: 99.72
run 2 / 5
Best validation overall accuracy 0.9986979166666666
Confusion matrix :
[[1607    0    0    0    0    0    0    0    0    0    0    0    0    0
     0    0]
 [   0 2981    0    0    0    0    0    0    0    0    0    0    0    0
     0    0]
 [   0    0 1581    0    0    0    0    0    0    0    0    0    0    0
     0    0]
 [   0    0    0 1111    4    0    0    0    0    0    0    0    0    0
     0    0]
 [   0    0    0   12 2130    0    0    0    0    0    0    0    0    0
     0    0]
 [   0    0    0    0    0 3167    0    0    0    0    0    0    0    0
     0    0]
 [   0    0    0    0    0    0 2863    0    0    0    0    0    0    0
     0    0]
 [   0    0    0    0    1    0    0 9014    0    0    0    0    0    0
     2    0]
 [   0    0    0    0    0    0    0    0 4963    0    0    0    0    0
     0    0]
 [   0    0    0    0    0    0    0    2    5 2615    0    0    0    0
     0    0]
 [   0    0    0    0    0    0    0    0    0    0  854    0    0    0
     0    0]
 [   0    0    0    0    0    0    0    0    0    0    0 1542    0    0
     0    0]
 [   0    0    0    0    0    0    0    0    0    0    0    0  733    0
     0    0]
 [   0    0    0    0    0    0    0    1    0    9    0    0    0  846
     0    0]
 [   0    0    0    0    0    0    0   38    0    0    0    0    0    0
  5777    0]
 [   0    0    0    0    0    0    2    0    0    0    0    0    0    0
     1 1443]]---
Accuracy : 99.82%
---
class acc :
	Brocoli_green_weeds_1: 100.00
	Brocoli_green_weeds_2: 100.00
	Fallow: 100.00
	Fallow_rough_plow: 99.64
	Fallow_smooth: 99.44
	Stubble: 100.00
	Celery: 100.00
	Grapes_untrained: 99.97
	Soil_vinyard_develop: 100.00
	Corn_senesced_green_weeds: 99.73
	Lettuce_romaine_4wk: 100.00
	Lettuce_romaine_5wk: 100.00
	Lettuce_romaine_6wk: 100.00
	Lettuce_romaine_7wk: 98.83
	Vinyard_untrained: 99.35
	Vinyard_vertical_trellis: 99.79
---
AA: 99.80%
Kappa: 99.80
run 3 / 5
Best validation overall accuracy 0.9973958333333334
Confusion matrix :
[[1607    0    0    0    0    0    0    0    0    0    0    0    0    0
     0    0]
 [   0 2981    0    0    0    0    0    0    0    0    0    0    0    0
     0    0]
 [   0    0 1580    0    0    0    0    0    0    0    0    0    0    0
     1    0]
 [   0    0    0 1110    5    0    0    0    0    0    0    0    0    0
     0    0]
 [   0    0    0    2 2132    0    1    1    2    0    0    1    0    0
     2    1]
 [   0    0    0    0    0 3167    0    0    0    0    0    0    0    0
     0    0]
 [   0    0    0    0    0    0 2862    1    0    0    0    0    0    0
     0    0]
 [   0    0    0    0    0    0    0 8962    0    1    0    0    0    0
    54    0]
 [   0    0    0    0    0    0    0    0 4963    0    0    0    0    0
     0    0]
 [   0    0    0    0    0    0    0    0    7 2605    7    1    0    0
     2    0]
 [   0    0    9    0    0    0    0    0    0    0  844    1    0    0
     0    0]
 [   0    0    0    0    0    0    0    0    0    0    0 1542    0    0
     0    0]
 [   0    0    0    0    0    0    0    0    0    0    0    0  733    0
     0    0]
 [   0    0    0    0    0    0    0    0    0    0    0    0    0  856
     0    0]
 [   0    0    0    0    0    0    0   32    0    0    0    0    0    0
  5783    0]
 [   0    0    0    0    0    0    3    3    0    0    0    0    0    0
     3 1437]]---
Accuracy : 99.68%
---
class acc :
	Brocoli_green_weeds_1: 100.00
	Brocoli_green_weeds_2: 100.00
	Fallow: 99.94
	Fallow_rough_plow: 99.55
	Fallow_smooth: 99.53
	Stubble: 100.00
	Celery: 99.97
	Grapes_untrained: 99.39
	Soil_vinyard_develop: 100.00
	Corn_senesced_green_weeds: 99.35
	Lettuce_romaine_4wk: 98.83
	Lettuce_romaine_5wk: 100.00
	Lettuce_romaine_6wk: 100.00
	Lettuce_romaine_7wk: 100.00
	Vinyard_untrained: 99.45
	Vinyard_vertical_trellis: 99.38
---
AA: 99.71%
Kappa: 99.64
run 4 / 5
Best validation overall accuracy 0.9985119047619048
Confusion matrix :
[[1607    0    0    0    0    0    0    0    0    0    0    0    0    0
     0    0]
 [   0 2981    0    0    0    0    0    0    0    0    0    0    0    0
     0    0]
 [   0    0 1581    0    0    0    0    0    0    0    0    0    0    0
     0    0]
 [   0    0    0 1111    4    0    0    0    0    0    0    0    0    0
     0    0]
 [   0    0    0    1 2136    0    0    0    0    4    0    0    0    0
     0    1]
 [   0    0    0    0    0 3167    0    0    0    0    0    0    0    0
     0    0]
 [   0    0    0    0    0    0 2863    0    0    0    0    0    0    0
     0    0]
 [   0    0    0    0    0    0    0 8988    0    0    0    0    0    0
    29    0]
 [   0    0    0    0    0    0    0    0 4962    0    1    0    0    0
     0    0]
 [   0    0    0    1    0    0    0    1    2 2607    7    0    0    4
     0    0]
 [   0    0    0    2    0    0    0    0    0    0  852    0    0    0
     0    0]
 [   0    0    0    0    0    0    0    0    0    0    0 1542    0    0
     0    0]
 [   0    0    0    0    0    0    0    0    0    0    0    0  730    3
     0    0]
 [   0    0    0    0    0    0    0    0    0    1    0    0    0  855
     0    0]
 [   0    0    0    0    0    0    0   16    0    0    0    0    0    0
  5799    0]
 [   0    0    0    0    2    0    6    0    0    0    0    0    0    0
     1 1437]]---
Accuracy : 99.80%
---
class acc :
	Brocoli_green_weeds_1: 100.00
	Brocoli_green_weeds_2: 100.00
	Fallow: 100.00
	Fallow_rough_plow: 99.64
	Fallow_smooth: 99.72
	Stubble: 100.00
	Celery: 100.00
	Grapes_untrained: 99.68
	Soil_vinyard_develop: 99.98
	Corn_senesced_green_weeds: 99.43
	Lettuce_romaine_4wk: 99.77
	Lettuce_romaine_5wk: 100.00
	Lettuce_romaine_6wk: 99.59
	Lettuce_romaine_7wk: 99.88
	Vinyard_untrained: 99.72
	Vinyard_vertical_trellis: 99.38
---
AA: 99.80%
Kappa: 99.78
run 5 / 5
Best validation overall accuracy 0.9977678571428571
Confusion matrix :
[[1607    0    0    0    0    0    0    0    0    0    0    0    0    0
     0    0]
 [   0 2981    0    0    0    0    0    0    0    0    0    0    0    0
     0    0]
 [   0    0 1581    0    0    0    0    0    0    0    0    0    0    0
     0    0]
 [   0    0    0 1115    0    0    0    0    0    0    0    0    0    0
     0    0]
 [   0    0    4    3 2134    0    0    0    0    1    0    0    0    0
     0    0]
 [   0    0    0    0    0 3167    0    0    0    0    0    0    0    0
     0    0]
 [   0    0    0    0    0    0 2861    1    0    0    0    0    0    0
     0    1]
 [   0    0    0    0    0    0    0 8968    0    0    0    0    0    0
    49    0]
 [   0    0    0    0    0    0    0    0 4963    0    0    0    0    0
     0    0]
 [   0    0    3    0    0    0    0    0    0 2617    2    0    0    0
     0    0]
 [   0    0    1    0    0    0    0    0    0    2  850    1    0    0
     0    0]
 [   0    0    0    0    0    0    0    0    0    0    0 1542    0    0
     0    0]
 [   0    0    0    0    0    0    0    0    0    1    0    0  732    0
     0    0]
 [   0    0    0    0    0    0    0    0    0    0    0    0    0  856
     0    0]
 [   0    0    0    0    0    0    0   35    0    0    0    0    0    0
  5780    0]
 [   0    0    0    0    1    0    0    4    0    0    0    0    0    0
     0 1441]]---
Accuracy : 99.75%
---
class acc :
	Brocoli_green_weeds_1: 100.00
	Brocoli_green_weeds_2: 100.00
	Fallow: 100.00
	Fallow_rough_plow: 100.00
	Fallow_smooth: 99.63
	Stubble: 100.00
	Celery: 99.93
	Grapes_untrained: 99.46
	Soil_vinyard_develop: 100.00
	Corn_senesced_green_weeds: 99.81
	Lettuce_romaine_4wk: 99.53
	Lettuce_romaine_5wk: 100.00
	Lettuce_romaine_6wk: 99.86
	Lettuce_romaine_7wk: 100.00
	Vinyard_untrained: 99.40
	Vinyard_vertical_trellis: 99.65
---
AA: 99.83%
Kappa: 99.72
Agregated results :
Confusion matrix :
[[1.6070e+03 0.0000e+00 0.0000e+00 0.0000e+00 0.0000e+00 0.0000e+00
  0.0000e+00 0.0000e+00 0.0000e+00 0.0000e+00 0.0000e+00 0.0000e+00
  0.0000e+00 0.0000e+00 0.0000e+00 0.0000e+00]
 [0.0000e+00 2.9810e+03 0.0000e+00 0.0000e+00 0.0000e+00 0.0000e+00
  0.0000e+00 0.0000e+00 0.0000e+00 0.0000e+00 0.0000e+00 0.0000e+00
  0.0000e+00 0.0000e+00 0.0000e+00 0.0000e+00]
 [0.0000e+00 0.0000e+00 1.5808e+03 0.0000e+00 0.0000e+00 0.0000e+00
  0.0000e+00 0.0000e+00 0.0000e+00 0.0000e+00 0.0000e+00 0.0000e+00
  0.0000e+00 0.0000e+00 2.0000e-01 0.0000e+00]
 [0.0000e+00 0.0000e+00 0.0000e+00 1.1100e+03 5.0000e+00 0.0000e+00
  0.0000e+00 0.0000e+00 0.0000e+00 0.0000e+00 0.0000e+00 0.0000e+00
  0.0000e+00 0.0000e+00 0.0000e+00 0.0000e+00]
 [0.0000e+00 0.0000e+00 8.0000e-01 3.6000e+00 2.1348e+03 0.0000e+00
  2.0000e-01 2.0000e-01 4.0000e-01 1.0000e+00 0.0000e+00 2.0000e-01
  0.0000e+00 0.0000e+00 4.0000e-01 4.0000e-01]
 [0.0000e+00 0.0000e+00 0.0000e+00 0.0000e+00 0.0000e+00 3.1670e+03
  0.0000e+00 0.0000e+00 0.0000e+00 0.0000e+00 0.0000e+00 0.0000e+00
  0.0000e+00 0.0000e+00 0.0000e+00 0.0000e+00]
 [0.0000e+00 0.0000e+00 0.0000e+00 0.0000e+00 0.0000e+00 0.0000e+00
  2.8624e+03 4.0000e-01 0.0000e+00 0.0000e+00 0.0000e+00 0.0000e+00
  0.0000e+00 0.0000e+00 0.0000e+00 2.0000e-01]
 [0.0000e+00 0.0000e+00 0.0000e+00 0.0000e+00 2.0000e-01 0.0000e+00
  0.0000e+00 8.9836e+03 0.0000e+00 1.2000e+00 0.0000e+00 0.0000e+00
  0.0000e+00 0.0000e+00 3.2000e+01 0.0000e+00]
 [0.0000e+00 0.0000e+00 0.0000e+00 0.0000e+00 0.0000e+00 0.0000e+00
  0.0000e+00 0.0000e+00 4.9628e+03 0.0000e+00 2.0000e-01 0.0000e+00
  0.0000e+00 0.0000e+00 0.0000e+00 0.0000e+00]
 [0.0000e+00 0.0000e+00 6.0000e-01 2.0000e-01 0.0000e+00 0.0000e+00
  0.0000e+00 1.4000e+00 2.8000e+00 2.6096e+03 4.4000e+00 2.0000e-01
  0.0000e+00 2.4000e+00 4.0000e-01 0.0000e+00]
 [0.0000e+00 0.0000e+00 2.0000e+00 4.0000e-01 0.0000e+00 0.0000e+00
  0.0000e+00 0.0000e+00 0.0000e+00 4.0000e-01 8.5060e+02 6.0000e-01
  0.0000e+00 0.0000e+00 0.0000e+00 0.0000e+00]
 [0.0000e+00 0.0000e+00 0.0000e+00 0.0000e+00 0.0000e+00 0.0000e+00
  0.0000e+00 0.0000e+00 0.0000e+00 0.0000e+00 0.0000e+00 1.5420e+03
  0.0000e+00 0.0000e+00 0.0000e+00 0.0000e+00]
 [0.0000e+00 0.0000e+00 0.0000e+00 0.0000e+00 0.0000e+00 0.0000e+00
  0.0000e+00 0.0000e+00 0.0000e+00 2.0000e-01 0.0000e+00 0.0000e+00
  7.3220e+02 6.0000e-01 0.0000e+00 0.0000e+00]
 [0.0000e+00 0.0000e+00 0.0000e+00 0.0000e+00 0.0000e+00 0.0000e+00
  0.0000e+00 2.0000e-01 0.0000e+00 2.6000e+00 0.0000e+00 0.0000e+00
  0.0000e+00 8.5320e+02 0.0000e+00 0.0000e+00]
 [0.0000e+00 0.0000e+00 0.0000e+00 0.0000e+00 0.0000e+00 0.0000e+00
  0.0000e+00 3.0800e+01 0.0000e+00 0.0000e+00 0.0000e+00 0.0000e+00
  0.0000e+00 0.0000e+00 5.7842e+03 0.0000e+00]
 [0.0000e+00 0.0000e+00 0.0000e+00 0.0000e+00 1.4000e+00 0.0000e+00
  3.0000e+00 1.4000e+00 0.0000e+00 0.0000e+00 0.0000e+00 0.0000e+00
  0.0000e+00 0.0000e+00 1.2000e+00 1.4390e+03]]---
Accuracy: 99.76 +- 0.05
---
class acc :
	Brocoli_green_weeds_1: 100.00 +- 0.00
	Brocoli_green_weeds_2: 100.00 +- 0.00
	Fallow: 99.99 +- 0.03
	Fallow_rough_plow: 99.55 +- 0.35
	Fallow_smooth: 99.66 +- 0.19
	Stubble: 100.00 +- 0.00
	Celery: 99.98 +- 0.03
	Grapes_untrained: 99.63 +- 0.20
	Soil_vinyard_develop: 100.00 +- 0.01
	Corn_senesced_green_weeds: 99.53 +- 0.20
	Lettuce_romaine_4wk: 99.60 +- 0.42
	Lettuce_romaine_5wk: 100.00 +- 0.00
	Lettuce_romaine_6wk: 99.89 +- 0.16
	Lettuce_romaine_7wk: 99.67 +- 0.44
	Vinyard_untrained: 99.47 +- 0.13
	Vinyard_vertical_trellis: 99.52 +- 0.17
---
AA: 99.78 +- 0.04
Kappa: 99.73 +- 0.06
