run 1 / 5
Best validation overall accuracy 0.9966517857142857
Confusion matrix :
[[ 1805     3     0     0     0     0     0     0     0     0     0     0
      0     0     0     0]
 [    0  3354     0     0     0     0     0     0     0     0     0     0
      0     0     0     0]
 [    0     0  1778     0     1     0     0     0     0     0     0     0
      0     0     0     0]
 [    0     0     0  1253     2     0     0     0     0     0     0     0
      0     0     0     0]
 [    0     0     0    29  2381     0     0     0     0     0     0     0
      0     0     0     0]
 [    0     0     0     0     0  3563     0     0     0     0     0     0
      0     0     0     0]
 [    0     0     0     0     0     0  3221     0     0     0     0     0
      0     0     0     0]
 [    0     0     0     0     0     0     0 10023     0     0     1     0
      0     0   120     0]
 [    0     0     0     0     0     0     0     0  5583     0     0     0
      0     0     0     0]
 [    0     0     0     0     0     0     0     1     0  2928     9     0
      0     7     5     0]
 [    0     0     0     0     0     0     0     0     0     0   959     2
      0     0     0     0]
 [    0     0     0     0     0     0     0     0     0     0     0  1734
      0     0     0     0]
 [    0     0     0     0     0     0     0     0     0     0     0     0
    825     0     0     0]
 [    0     0     0     0     0     0     0     0     0     3     0     0
      0   960     0     0]
 [    0     0     0     0     0     0     0    57     0     0     0     0
      0     0  6483     1]
 [    0     0     0     0     0     0     0     0     0     0     0     0
      0     0     0  1626]]---
Accuracy : 99.51%
---
class acc :
	Brocoli_green_weeds_1: 99.83
	Brocoli_green_weeds_2: 100.00
	Fallow: 99.94
	Fallow_rough_plow: 99.84
	Fallow_smooth: 98.80
	Stubble: 100.00
	Celery: 100.00
	Grapes_untrained: 98.81
	Soil_vinyard_develop: 100.00
	Corn_senesced_green_weeds: 99.25
	Lettuce_romaine_4wk: 99.79
	Lettuce_romaine_5wk: 100.00
	Lettuce_romaine_6wk: 100.00
	Lettuce_romaine_7wk: 99.69
	Vinyard_untrained: 99.11
	Vinyard_vertical_trellis: 100.00
---
AA: 99.69%
Kappa: 99.45
run 2 / 5
Best validation overall accuracy 0.9962797619047619
Confusion matrix :
[[ 1808     0     0     0     0     0     0     0     0     0     0     0
      0     0     0     0]
 [    0  3354     0     0     0     0     0     0     0     0     0     0
      0     0     0     0]
 [    0     0  1779     0     0     0     0     0     0     0     0     0
      0     0     0     0]
 [    0     0     0  1247     8     0     0     0     0     0     0     0
      0     0     0     0]
 [    0     0     0     2  2408     0     0     0     0     0     0     0
      0     0     0     0]
 [    0     0     0     0     0  3563     0     0     0     0     0     0
      0     0     0     0]
 [    0     0     0     0     0     0  3221     0     0     0     0     0
      0     0     0     0]
 [    0     0     0     0     0     0     0 10046     0     0     0     0
      0     0    98     0]
 [    0     0     0     0     0     0     0     0  5583     0     0     0
      0     0     0     0]
 [    0     0     0     0     0     0     0     1     0  2948     0     0
      0     1     0     0]
 [    0     0     0     0     0     0     0     0     0     0   961     0
      0     0     0     0]
 [    0     0     0     0     0     0     0     0     0     0     0  1734
      0     0     0     0]
 [    0     0     0     0     0     0     0     0     0     0     0     0
    825     0     0     0]
 [    0     0     0     0     0     0     0     0     0     2     0     0
      1   960     0     0]
 [    0     0     0     0     0     0     0   104     0     0     0     0
      0     0  6437     0]
 [    0     1     0     0     0     0     8     0     0     0     0     0
      0     0     0  1617]]---
Accuracy : 99.54%
---
class acc :
	Brocoli_green_weeds_1: 100.00
	Brocoli_green_weeds_2: 100.00
	Fallow: 100.00
	Fallow_rough_plow: 99.36
	Fallow_smooth: 99.92
	Stubble: 100.00
	Celery: 100.00
	Grapes_untrained: 99.03
	Soil_vinyard_develop: 100.00
	Corn_senesced_green_weeds: 99.93
	Lettuce_romaine_4wk: 100.00
	Lettuce_romaine_5wk: 100.00
	Lettuce_romaine_6wk: 100.00
	Lettuce_romaine_7wk: 99.69
	Vinyard_untrained: 98.41
	Vinyard_vertical_trellis: 99.45
---
AA: 99.74%
Kappa: 99.48
run 3 / 5
Best validation overall accuracy 0.9966517857142857
Confusion matrix :
[[ 1808     0     0     0     0     0     0     0     0     0     0     0
      0     0     0     0]
 [    0  3354     0     0     0     0     0     0     0     0     0     0
      0     0     0     0]
 [    0     0  1779     0     0     0     0     0     0     0     0     0
      0     0     0     0]
 [    0     0     0  1252     3     0     0     0     0     0     0     0
      0     0     0     0]
 [    0     0     0    16  2394     0     0     0     0     0     0     0
      0     0     0     0]
 [    0     0     0     0     0  3563     0     0     0     0     0     0
      0     0     0     0]
 [    0     0     0     0     0     0  3221     0     0     0     0     0
      0     0     0     0]
 [    0     0     0     0     0     0     0 10065     0     0     0     0
      0     0    79     0]
 [    0     0     0     0     0     0     0     0  5583     0     0     0
      0     0     0     0]
 [    0     0     0     0     0     0     0     0     0  2947     0     0
      0     3     0     0]
 [    0     0     0     1     0     0     0     0     0     0   960     0
      0     0     0     0]
 [    0     0     0     0     0     0     0     0     0     0     0  1734
      0     0     0     0]
 [    0     0     0     0     0     0     0     0     0     0     0     0
    825     0     0     0]
 [    0     0     0     0     0     0     0     0     0     6     0     0
      0   957     0     0]
 [    0     0     0     0     0     0     0    80     0     0     0     0
      0     0  6461     0]
 [    0     0     0     0     0     0     0     0     0     0     0     0
      0     0     0  1626]]---
Accuracy : 99.61%
---
class acc :
	Brocoli_green_weeds_1: 100.00
	Brocoli_green_weeds_2: 100.00
	Fallow: 100.00
	Fallow_rough_plow: 99.76
	Fallow_smooth: 99.34
	Stubble: 100.00
	Celery: 100.00
	Grapes_untrained: 99.22
	Soil_vinyard_develop: 100.00
	Corn_senesced_green_weeds: 99.90
	Lettuce_romaine_4wk: 99.90
	Lettuce_romaine_5wk: 100.00
	Lettuce_romaine_6wk: 100.00
	Lettuce_romaine_7wk: 99.38
	Vinyard_untrained: 98.78
	Vinyard_vertical_trellis: 100.00
---
AA: 99.77%
Kappa: 99.57
run 4 / 5
Best validation overall accuracy 0.9962797619047619
Confusion matrix :
[[ 1802     6     0     0     0     0     0     0     0     0     0     0
      0     0     0     0]
 [    0  3354     0     0     0     0     0     0     0     0     0     0
      0     0     0     0]
 [    0     0  1779     0     0     0     0     0     0     0     0     0
      0     0     0     0]
 [    0     0     0  1255     0     0     0     0     0     0     0     0
      0     0     0     0]
 [    0     0    15    10  2385     0     0     0     0     0     0     0
      0     0     0     0]
 [    0     0     0     0     0  3563     0     0     0     0     0     0
      0     0     0     0]
 [    0     0     0     0     0     0  3221     0     0     0     0     0
      0     0     0     0]
 [    0     0     0     0     0     0     0 10042     0     5     0     0
      0     0    97     0]
 [    0     0     0     0     0     0     0     0  5583     0     0     0
      0     0     0     0]
 [    0     0     0     0     0     0     0     5     2  2943     0     0
      0     0     0     0]
 [    0     0     0     2     0     0     0     0     0     0   959     0
      0     0     0     0]
 [    0     0     0     0     0     0     0     0     0     0     0  1734
      0     0     0     0]
 [    0     0     0     0     0     0     0     0     0     0     0     0
    825     0     0     0]
 [    0     0     0     0     0     0     0     0     0     7     0     0
      0   956     0     0]
 [    0     0     0     0     4     0     0   128     0     0     0     0
      0     0  6409     0]
 [    0     0     0     0     0     0     0     0     0     0     0     0
      0     0     0  1626]]---
Accuracy : 99.42%
---
class acc :
	Brocoli_green_weeds_1: 99.67
	Brocoli_green_weeds_2: 100.00
	Fallow: 100.00
	Fallow_rough_plow: 100.00
	Fallow_smooth: 98.96
	Stubble: 100.00
	Celery: 100.00
	Grapes_untrained: 98.99
	Soil_vinyard_develop: 100.00
	Corn_senesced_green_weeds: 99.76
	Lettuce_romaine_4wk: 99.79
	Lettuce_romaine_5wk: 100.00
	Lettuce_romaine_6wk: 100.00
	Lettuce_romaine_7wk: 99.27
	Vinyard_untrained: 97.98
	Vinyard_vertical_trellis: 100.00
---
AA: 99.65%
Kappa: 99.36
run 5 / 5
Best validation overall accuracy 0.9970238095238095
Confusion matrix :
[[ 1808     0     0     0     0     0     0     0     0     0     0     0
      0     0     0     0]
 [    0  3354     0     0     0     0     0     0     0     0     0     0
      0     0     0     0]
 [    0     0  1779     0     0     0     0     0     0     0     0     0
      0     0     0     0]
 [    0     0     0  1255     0     0     0     0     0     0     0     0
      0     0     0     0]
 [    0     0     0    10  2400     0     0     0     0     0     0     0
      0     0     0     0]
 [    0     0     0     0     0  3563     0     0     0     0     0     0
      0     0     0     0]
 [    0     0     0     0     0     0  3221     0     0     0     0     0
      0     0     0     0]
 [    0     0     0     0     0     0     0 10085     0     0     0     0
      0     0    59     0]
 [    0     0     0     0     0     0     0     0  5583     0     0     0
      0     0     0     0]
 [    0     0     0     0     0     0     0     1     0  2944     2     0
      0     1     0     2]
 [    0     0     0     0     0     0     0     0     0     0   960     1
      0     0     0     0]
 [    0     0     0     0     0     0     0     0     0     0     0  1734
      0     0     0     0]
 [    0     0     0     0     0     0     0     0     0     0     0     0
    825     0     0     0]
 [    0     0     0     0     0     0     0     0     0     1     0     0
      0   962     0     0]
 [    0     0     0     0     0     0     0    28     0     0     0     0
      0     0  6513     0]
 [    0     0     0     0     1     0    11     0     0     0     0     0
      0     0     9  1605]]---
Accuracy : 99.74%
---
class acc :
	Brocoli_green_weeds_1: 100.00
	Brocoli_green_weeds_2: 100.00
	Fallow: 100.00
	Fallow_rough_plow: 100.00
	Fallow_smooth: 99.59
	Stubble: 100.00
	Celery: 100.00
	Grapes_untrained: 99.42
	Soil_vinyard_develop: 100.00
	Corn_senesced_green_weeds: 99.80
	Lettuce_romaine_4wk: 99.90
	Lettuce_romaine_5wk: 100.00
	Lettuce_romaine_6wk: 100.00
	Lettuce_romaine_7wk: 99.90
	Vinyard_untrained: 99.57
	Vinyard_vertical_trellis: 98.71
---
AA: 99.80%
Kappa: 99.71
Agregated results :
Confusion matrix :
[[1.80620e+03 1.80000e+00 0.00000e+00 0.00000e+00 0.00000e+00 0.00000e+00
  0.00000e+00 0.00000e+00 0.00000e+00 0.00000e+00 0.00000e+00 0.00000e+00
  0.00000e+00 0.00000e+00 0.00000e+00 0.00000e+00]
 [0.00000e+00 3.35400e+03 0.00000e+00 0.00000e+00 0.00000e+00 0.00000e+00
  0.00000e+00 0.00000e+00 0.00000e+00 0.00000e+00 0.00000e+00 0.00000e+00
  0.00000e+00 0.00000e+00 0.00000e+00 0.00000e+00]
 [0.00000e+00 0.00000e+00 1.77880e+03 0.00000e+00 2.00000e-01 0.00000e+00
  0.00000e+00 0.00000e+00 0.00000e+00 0.00000e+00 0.00000e+00 0.00000e+00
  0.00000e+00 0.00000e+00 0.00000e+00 0.00000e+00]
 [0.00000e+00 0.00000e+00 0.00000e+00 1.25240e+03 2.60000e+00 0.00000e+00
  0.00000e+00 0.00000e+00 0.00000e+00 0.00000e+00 0.00000e+00 0.00000e+00
  0.00000e+00 0.00000e+00 0.00000e+00 0.00000e+00]
 [0.00000e+00 0.00000e+00 3.00000e+00 1.34000e+01 2.39360e+03 0.00000e+00
  0.00000e+00 0.00000e+00 0.00000e+00 0.00000e+00 0.00000e+00 0.00000e+00
  0.00000e+00 0.00000e+00 0.00000e+00 0.00000e+00]
 [0.00000e+00 0.00000e+00 0.00000e+00 0.00000e+00 0.00000e+00 3.56300e+03
  0.00000e+00 0.00000e+00 0.00000e+00 0.00000e+00 0.00000e+00 0.00000e+00
  0.00000e+00 0.00000e+00 0.00000e+00 0.00000e+00]
 [0.00000e+00 0.00000e+00 0.00000e+00 0.00000e+00 0.00000e+00 0.00000e+00
  3.22100e+03 0.00000e+00 0.00000e+00 0.00000e+00 0.00000e+00 0.00000e+00
  0.00000e+00 0.00000e+00 0.00000e+00 0.00000e+00]
 [0.00000e+00 0.00000e+00 0.00000e+00 0.00000e+00 0.00000e+00 0.00000e+00
  0.00000e+00 1.00522e+04 0.00000e+00 1.00000e+00 2.00000e-01 0.00000e+00
  0.00000e+00 0.00000e+00 9.06000e+01 0.00000e+00]
 [0.00000e+00 0.00000e+00 0.00000e+00 0.00000e+00 0.00000e+00 0.00000e+00
  0.00000e+00 0.00000e+00 5.58300e+03 0.00000e+00 0.00000e+00 0.00000e+00
  0.00000e+00 0.00000e+00 0.00000e+00 0.00000e+00]
 [0.00000e+00 0.00000e+00 0.00000e+00 0.00000e+00 0.00000e+00 0.00000e+00
  0.00000e+00 1.60000e+00 4.00000e-01 2.94200e+03 2.20000e+00 0.00000e+00
  0.00000e+00 2.40000e+00 1.00000e+00 4.00000e-01]
 [0.00000e+00 0.00000e+00 0.00000e+00 6.00000e-01 0.00000e+00 0.00000e+00
  0.00000e+00 0.00000e+00 0.00000e+00 0.00000e+00 9.59800e+02 6.00000e-01
  0.00000e+00 0.00000e+00 0.00000e+00 0.00000e+00]
 [0.00000e+00 0.00000e+00 0.00000e+00 0.00000e+00 0.00000e+00 0.00000e+00
  0.00000e+00 0.00000e+00 0.00000e+00 0.00000e+00 0.00000e+00 1.73400e+03
  0.00000e+00 0.00000e+00 0.00000e+00 0.00000e+00]
 [0.00000e+00 0.00000e+00 0.00000e+00 0.00000e+00 0.00000e+00 0.00000e+00
  0.00000e+00 0.00000e+00 0.00000e+00 0.00000e+00 0.00000e+00 0.00000e+00
  8.25000e+02 0.00000e+00 0.00000e+00 0.00000e+00]
 [0.00000e+00 0.00000e+00 0.00000e+00 0.00000e+00 0.00000e+00 0.00000e+00
  0.00000e+00 0.00000e+00 0.00000e+00 3.80000e+00 0.00000e+00 0.00000e+00
  2.00000e-01 9.59000e+02 0.00000e+00 0.00000e+00]
 [0.00000e+00 0.00000e+00 0.00000e+00 0.00000e+00 8.00000e-01 0.00000e+00
  0.00000e+00 7.94000e+01 0.00000e+00 0.00000e+00 0.00000e+00 0.00000e+00
  0.00000e+00 0.00000e+00 6.46060e+03 2.00000e-01]
 [0.00000e+00 2.00000e-01 0.00000e+00 0.00000e+00 2.00000e-01 0.00000e+00
  3.80000e+00 0.00000e+00 0.00000e+00 0.00000e+00 0.00000e+00 0.00000e+00
  0.00000e+00 0.00000e+00 1.80000e+00 1.62000e+03]]---
Accuracy: 99.56 +- 0.11
---
class acc :
	Brocoli_green_weeds_1: 99.90 +- 0.13
	Brocoli_green_weeds_2: 100.00 +- 0.00
	Fallow: 99.99 +- 0.02
	Fallow_rough_plow: 99.79 +- 0.23
	Fallow_smooth: 99.32 +- 0.41
	Stubble: 100.00 +- 0.00
	Celery: 100.00 +- 0.00
	Grapes_untrained: 99.10 +- 0.21
	Soil_vinyard_develop: 100.00 +- 0.00
	Corn_senesced_green_weeds: 99.73 +- 0.25
	Lettuce_romaine_4wk: 99.88 +- 0.08
	Lettuce_romaine_5wk: 100.00 +- 0.00
	Lettuce_romaine_6wk: 100.00 +- 0.00
	Lettuce_romaine_7wk: 99.58 +- 0.23
	Vinyard_untrained: 98.77 +- 0.55
	Vinyard_vertical_trellis: 99.63 +- 0.51
---
AA: 99.73 +- 0.05
Kappa: 99.51 +- 0.12
