run 1 / 5
Best validation overall accuracy 0.9962797619047619
Confusion matrix :
[[ 1808     0     0     0     0     0     0     0     0     0     0     0
      0     0     0     0]
 [    0  3354     0     0     0     0     0     0     0     0     0     0
      0     0     0     0]
 [    0     0  1779     0     0     0     0     0     0     0     0     0
      0     0     0     0]
 [    0     0     0  1252     3     0     0     0     0     0     0     0
      0     0     0     0]
 [    0     0     0    11  2399     0     0     0     0     0     0     0
      0     0     0     0]
 [    0     0     0     0     0  3563     0     0     0     0     0     0
      0     0     0     0]
 [    0     0     0     0     0     0  3221     0     0     0     0     0
      0     0     0     0]
 [    0     0     0     0     0     0     0 10049     0     3     0     0
      0     0    92     0]
 [    0     0     0     0     0     0     0     0  5583     0     0     0
      0     0     0     0]
 [    0     0     0     0     0     0     0     1     0  2926    17     0
      0     2     4     0]
 [    0     0     0     0     0     0     0     0     0     0   961     0
      0     0     0     0]
 [    0     0     0     0     0     0     0     0     0     0     0  1734
      0     0     0     0]
 [    0     0     0     0     0     0     0     0     0     0     0     0
    825     0     0     0]
 [    0     0     0     0     0     0     0     0     0     3     0     0
      0   960     0     0]
 [    0     0     0     0     0     0     0    32     0     0     0     0
      0     0  6509     0]
 [    0     0     0     0     0     0     0     0     0     0     0     0
      0     0     0  1626]]---
Accuracy : 99.66%
---
class acc :
	Brocoli_green_weeds_1: 100.00
	Brocoli_green_weeds_2: 100.00
	Fallow: 100.00
	Fallow_rough_plow: 99.76
	Fallow_smooth: 99.54
	Stubble: 100.00
	Celery: 100.00
	Grapes_untrained: 99.06
	Soil_vinyard_develop: 100.00
	Corn_senesced_green_weeds: 99.19
	Lettuce_romaine_4wk: 100.00
	Lettuce_romaine_5wk: 100.00
	Lettuce_romaine_6wk: 100.00
	Lettuce_romaine_7wk: 99.69
	Vinyard_untrained: 99.51
	Vinyard_vertical_trellis: 100.00
---
AA: 99.80%
Kappa: 99.62
run 2 / 5
Best validation overall accuracy 0.9944196428571429
Confusion matrix :
[[ 1808     0     0     0     0     0     0     0     0     0     0     0
      0     0     0     0]
 [    0  3354     0     0     0     0     0     0     0     0     0     0
      0     0     0     0]
 [    0     0  1778     0     1     0     0     0     0     0     0     0
      0     0     0     0]
 [    0     0     0  1243    12     0     0     0     0     0     0     0
      0     0     0     0]
 [    0     0     0     6  2404     0     0     0     0     0     0     0
      0     0     0     0]
 [    0     0     0     0     0  3563     0     0     0     0     0     0
      0     0     0     0]
 [    0     0     0     0     0     0  3221     0     0     0     0     0
      0     0     0     0]
 [    0     0     0     0     0     0     0 10007     0     0     0     0
      0     0   137     0]
 [    0     0     0     0     0     0     0     0  5583     0     0     0
      0     0     0     0]
 [    0     0     0     0     0     0     0     0     0  2945     1     0
      0     4     0     0]
 [    0     0     0     0     0     0     0     0     0     0   961     0
      0     0     0     0]
 [    0     0     0     0     0     0     0     0     0     0     0  1734
      0     0     0     0]
 [    0     0     0     0     0     0     0     0     0     0     0     0
    825     0     0     0]
 [    0     0     0     0     0     0     0     0     0     0     0     0
      0   963     0     0]
 [    0     0     0     3     0     0     0   140     0     0     0     0
      0     0  6398     0]
 [    0     0     0     0     0     0     6     0     0     0     0     0
      0     0     0  1620]]---
Accuracy : 99.36%
---
class acc :
	Brocoli_green_weeds_1: 100.00
	Brocoli_green_weeds_2: 100.00
	Fallow: 99.94
	Fallow_rough_plow: 99.04
	Fallow_smooth: 99.75
	Stubble: 100.00
	Celery: 100.00
	Grapes_untrained: 98.65
	Soil_vinyard_develop: 100.00
	Corn_senesced_green_weeds: 99.83
	Lettuce_romaine_4wk: 100.00
	Lettuce_romaine_5wk: 100.00
	Lettuce_romaine_6wk: 100.00
	Lettuce_romaine_7wk: 100.00
	Vinyard_untrained: 97.81
	Vinyard_vertical_trellis: 99.63
---
AA: 99.67%
Kappa: 99.29
run 3 / 5
Best validation overall accuracy 0.9962797619047619
Confusion matrix :
[[ 1808     0     0     0     0     0     0     0     0     0     0     0
      0     0     0     0]
 [    0  3354     0     0     0     0     0     0     0     0     0     0
      0     0     0     0]
 [    0     0  1779     0     0     0     0     0     0     0     0     0
      0     0     0     0]
 [    0     0     0  1245    10     0     0     0     0     0     0     0
      0     0     0     0]
 [    0     0     0     3  2407     0     0     0     0     0     0     0
      0     0     0     0]
 [    0     0     0     0     0  3563     0     0     0     0     0     0
      0     0     0     0]
 [    0     0     0     0     0     0  3221     0     0     0     0     0
      0     0     0     0]
 [    0     0     0     0     0     0     0 10068     0     0     0     0
      0     1    75     0]
 [    0     0     0     0     0     0     0     0  5583     0     0     0
      0     0     0     0]
 [    0     0     0     0     0     0     0     1     0  2940     0     0
      0     9     0     0]
 [    0     0     0     1     0     0     0     0     0     0   960     0
      0     0     0     0]
 [    0     0     0     0     0     0     0     0     0     0     0  1734
      0     0     0     0]
 [    0     0     0     0     0     0     0     0     0     0     0     0
    825     0     0     0]
 [    0     0     0     0     0     0     0     0     0     2     0     0
      0   961     0     0]
 [    0     0     0     0     0     0     0   137     0     0     0     0
      0     0  6404     0]
 [    0     0     0     0     0     0     0     0     0     0     0     0
      0     0     0  1626]]---
Accuracy : 99.51%
---
class acc :
	Brocoli_green_weeds_1: 100.00
	Brocoli_green_weeds_2: 100.00
	Fallow: 100.00
	Fallow_rough_plow: 99.20
	Fallow_smooth: 99.88
	Stubble: 100.00
	Celery: 100.00
	Grapes_untrained: 99.25
	Soil_vinyard_develop: 100.00
	Corn_senesced_green_weeds: 99.66
	Lettuce_romaine_4wk: 99.90
	Lettuce_romaine_5wk: 100.00
	Lettuce_romaine_6wk: 100.00
	Lettuce_romaine_7wk: 99.79
	Vinyard_untrained: 97.91
	Vinyard_vertical_trellis: 100.00
---
AA: 99.72%
Kappa: 99.45
run 4 / 5
Best validation overall accuracy 0.9959077380952381
Confusion matrix :
[[1808    0    0    0    0    0    0    0    0    0    0    0    0    0
     0    0]
 [   0 3354    0    0    0    0    0    0    0    0    0    0    0    0
     0    0]
 [   0    0 1779    0    0    0    0    0    0    0    0    0    0    0
     0    0]
 [   0    0    0 1255    0    0    0    0    0    0    0    0    0    0
     0    0]
 [   0    0    0   13 2397    0    0    0    0    0    0    0    0    0
     0    0]
 [   0    0    0    0    0 3563    0    0    0    0    0    0    0    0
     0    0]
 [   0    0    0    0    0    0 3221    0    0    0    0    0    0    0
     0    0]
 [   0    0    0    0    0    0    0 9982    0    3    0    0    0    0
   159    0]
 [   0    0    0    0    0    0    0    0 5583    0    0    0    0    0
     0    0]
 [   0    0    0    0    0    0    0    2    3 2942    0    0    0    3
     0    0]
 [   0    0    0    4    0    0    0    0    0    0  957    0    0    0
     0    0]
 [   0    0    0    0    0    0    0    0    0    0    0 1734    0    0
     0    0]
 [   0    0    0    0    0    0    0    0    0    0    0    0  825    0
     0    0]
 [   0    0    0    0    0    0    0    0    0    7    0    0    0  956
     0    0]
 [   0    0    0    0    0    0    0   64    0    0    0    0    0    0
  6477    0]
 [   0    0    0    0    0    0    0    0    0    0    0    0    0    0
     0 1626]]---
Accuracy : 99.47%
---
class acc :
	Brocoli_green_weeds_1: 100.00
	Brocoli_green_weeds_2: 100.00
	Fallow: 100.00
	Fallow_rough_plow: 100.00
	Fallow_smooth: 99.46
	Stubble: 100.00
	Celery: 100.00
	Grapes_untrained: 98.40
	Soil_vinyard_develop: 100.00
	Corn_senesced_green_weeds: 99.73
	Lettuce_romaine_4wk: 99.58
	Lettuce_romaine_5wk: 100.00
	Lettuce_romaine_6wk: 100.00
	Lettuce_romaine_7wk: 99.27
	Vinyard_untrained: 99.02
	Vinyard_vertical_trellis: 100.00
---
AA: 99.72%
Kappa: 99.41
run 5 / 5
Best validation overall accuracy 0.9966517857142857
Confusion matrix :
[[1808    0    0    0    0    0    0    0    0    0    0    0    0    0
     0    0]
 [   0 3354    0    0    0    0    0    0    0    0    0    0    0    0
     0    0]
 [   0    0 1779    0    0    0    0    0    0    0    0    0    0    0
     0    0]
 [   0    0    0 1255    0    0    0    0    0    0    0    0    0    0
     0    0]
 [   0    0    0    7 2403    0    0    0    0    0    0    0    0    0
     0    0]
 [   0    0    0    0    0 3563    0    0    0    0    0    0    0    0
     0    0]
 [   0    0    0    0    0    0 3221    0    0    0    0    0    0    0
     0    0]
 [   0    0    0    0    0    0    0 9991    0    0    0    0    0    0
   153    0]
 [   0    0    0    0    0    0    0    0 5583    0    0    0    0    0
     0    0]
 [   0    0    0    0    0    0    0    1    0 2932   17    0    0    0
     0    0]
 [   0    0    0    0    0    0    0    0    0    0  960    1    0    0
     0    0]
 [   0    0    0    0    0    0    0    0    0    0    0 1734    0    0
     0    0]
 [   0    0    0    0    0    0    0    0    0    0    0    0  825    0
     0    0]
 [   0    0    0    0    0    0    0    0    0    3    0    0    0  960
     0    0]
 [   0    0    0    0    0    0    0   74    0    0    0    0    0    0
  6467    0]
 [   0    0    0    0    3    0    0    0    0    0    0    0    0    9
     5 1609]]---
Accuracy : 99.44%
---
class acc :
	Brocoli_green_weeds_1: 100.00
	Brocoli_green_weeds_2: 100.00
	Fallow: 100.00
	Fallow_rough_plow: 100.00
	Fallow_smooth: 99.71
	Stubble: 100.00
	Celery: 100.00
	Grapes_untrained: 98.49
	Soil_vinyard_develop: 100.00
	Corn_senesced_green_weeds: 99.39
	Lettuce_romaine_4wk: 99.90
	Lettuce_romaine_5wk: 100.00
	Lettuce_romaine_6wk: 100.00
	Lettuce_romaine_7wk: 99.69
	Vinyard_untrained: 98.87
	Vinyard_vertical_trellis: 98.95
---
AA: 99.69%
Kappa: 99.38
Agregated results :
Confusion matrix :
[[1.80800e+03 0.00000e+00 0.00000e+00 0.00000e+00 0.00000e+00 0.00000e+00
  0.00000e+00 0.00000e+00 0.00000e+00 0.00000e+00 0.00000e+00 0.00000e+00
  0.00000e+00 0.00000e+00 0.00000e+00 0.00000e+00]
 [0.00000e+00 3.35400e+03 0.00000e+00 0.00000e+00 0.00000e+00 0.00000e+00
  0.00000e+00 0.00000e+00 0.00000e+00 0.00000e+00 0.00000e+00 0.00000e+00
  0.00000e+00 0.00000e+00 0.00000e+00 0.00000e+00]
 [0.00000e+00 0.00000e+00 1.77880e+03 0.00000e+00 2.00000e-01 0.00000e+00
  0.00000e+00 0.00000e+00 0.00000e+00 0.00000e+00 0.00000e+00 0.00000e+00
  0.00000e+00 0.00000e+00 0.00000e+00 0.00000e+00]
 [0.00000e+00 0.00000e+00 0.00000e+00 1.25000e+03 5.00000e+00 0.00000e+00
  0.00000e+00 0.00000e+00 0.00000e+00 0.00000e+00 0.00000e+00 0.00000e+00
  0.00000e+00 0.00000e+00 0.00000e+00 0.00000e+00]
 [0.00000e+00 0.00000e+00 0.00000e+00 8.00000e+00 2.40200e+03 0.00000e+00
  0.00000e+00 0.00000e+00 0.00000e+00 0.00000e+00 0.00000e+00 0.00000e+00
  0.00000e+00 0.00000e+00 0.00000e+00 0.00000e+00]
 [0.00000e+00 0.00000e+00 0.00000e+00 0.00000e+00 0.00000e+00 3.56300e+03
  0.00000e+00 0.00000e+00 0.00000e+00 0.00000e+00 0.00000e+00 0.00000e+00
  0.00000e+00 0.00000e+00 0.00000e+00 0.00000e+00]
 [0.00000e+00 0.00000e+00 0.00000e+00 0.00000e+00 0.00000e+00 0.00000e+00
  3.22100e+03 0.00000e+00 0.00000e+00 0.00000e+00 0.00000e+00 0.00000e+00
  0.00000e+00 0.00000e+00 0.00000e+00 0.00000e+00]
 [0.00000e+00 0.00000e+00 0.00000e+00 0.00000e+00 0.00000e+00 0.00000e+00
  0.00000e+00 1.00194e+04 0.00000e+00 1.20000e+00 0.00000e+00 0.00000e+00
  0.00000e+00 2.00000e-01 1.23200e+02 0.00000e+00]
 [0.00000e+00 0.00000e+00 0.00000e+00 0.00000e+00 0.00000e+00 0.00000e+00
  0.00000e+00 0.00000e+00 5.58300e+03 0.00000e+00 0.00000e+00 0.00000e+00
  0.00000e+00 0.00000e+00 0.00000e+00 0.00000e+00]
 [0.00000e+00 0.00000e+00 0.00000e+00 0.00000e+00 0.00000e+00 0.00000e+00
  0.00000e+00 1.00000e+00 6.00000e-01 2.93700e+03 7.00000e+00 0.00000e+00
  0.00000e+00 3.60000e+00 8.00000e-01 0.00000e+00]
 [0.00000e+00 0.00000e+00 0.00000e+00 1.00000e+00 0.00000e+00 0.00000e+00
  0.00000e+00 0.00000e+00 0.00000e+00 0.00000e+00 9.59800e+02 2.00000e-01
  0.00000e+00 0.00000e+00 0.00000e+00 0.00000e+00]
 [0.00000e+00 0.00000e+00 0.00000e+00 0.00000e+00 0.00000e+00 0.00000e+00
  0.00000e+00 0.00000e+00 0.00000e+00 0.00000e+00 0.00000e+00 1.73400e+03
  0.00000e+00 0.00000e+00 0.00000e+00 0.00000e+00]
 [0.00000e+00 0.00000e+00 0.00000e+00 0.00000e+00 0.00000e+00 0.00000e+00
  0.00000e+00 0.00000e+00 0.00000e+00 0.00000e+00 0.00000e+00 0.00000e+00
  8.25000e+02 0.00000e+00 0.00000e+00 0.00000e+00]
 [0.00000e+00 0.00000e+00 0.00000e+00 0.00000e+00 0.00000e+00 0.00000e+00
  0.00000e+00 0.00000e+00 0.00000e+00 3.00000e+00 0.00000e+00 0.00000e+00
  0.00000e+00 9.60000e+02 0.00000e+00 0.00000e+00]
 [0.00000e+00 0.00000e+00 0.00000e+00 6.00000e-01 0.00000e+00 0.00000e+00
  0.00000e+00 8.94000e+01 0.00000e+00 0.00000e+00 0.00000e+00 0.00000e+00
  0.00000e+00 0.00000e+00 6.45100e+03 0.00000e+00]
 [0.00000e+00 0.00000e+00 0.00000e+00 0.00000e+00 6.00000e-01 0.00000e+00
  1.20000e+00 0.00000e+00 0.00000e+00 0.00000e+00 0.00000e+00 0.00000e+00
  0.00000e+00 1.80000e+00 1.00000e+00 1.62140e+03]]---
Accuracy: 99.49 +- 0.10
---
class acc :
	Brocoli_green_weeds_1: 100.00 +- 0.00
	Brocoli_green_weeds_2: 100.00 +- 0.00
	Fallow: 99.99 +- 0.02
	Fallow_rough_plow: 99.60 +- 0.40
	Fallow_smooth: 99.67 +- 0.15
	Stubble: 100.00 +- 0.00
	Celery: 100.00 +- 0.00
	Grapes_untrained: 98.77 +- 0.33
	Soil_vinyard_develop: 100.00 +- 0.00
	Corn_senesced_green_weeds: 99.56 +- 0.24
	Lettuce_romaine_4wk: 99.88 +- 0.15
	Lettuce_romaine_5wk: 100.00 +- 0.00
	Lettuce_romaine_6wk: 100.00 +- 0.00
	Lettuce_romaine_7wk: 99.69 +- 0.24
	Vinyard_untrained: 98.62 +- 0.66
	Vinyard_vertical_trellis: 99.72 +- 0.41
---
AA: 99.72 +- 0.04
Kappa: 99.43 +- 0.11
