run 1 / 5
Best validation overall accuracy 0.9944196428571429
Confusion matrix :
[[ 1808     0     0     0     0     0     0     0     0     0     0     0
      0     0     0     0]
 [   11  3343     0     0     0     0     0     0     0     0     0     0
      0     0     0     0]
 [    0     0  1779     0     0     0     0     0     0     0     0     0
      0     0     0     0]
 [    0     0     0  1253     2     0     0     0     0     0     0     0
      0     0     0     0]
 [    0     0     0    36  2374     0     0     0     0     0     0     0
      0     0     0     0]
 [    0     0     0     0     0  3563     0     0     0     0     0     0
      0     0     0     0]
 [    0     0     0     0     0     0  3221     0     0     0     0     0
      0     0     0     0]
 [    0     0     0     0     0     0     0 10089     0     0     0     0
      0     0    55     0]
 [    0     0     0     0     0     0     0     0  5583     0     0     0
      0     0     0     0]
 [    0     0     0     0     0     0     0     1     0  2942     3     0
      0     4     0     0]
 [    0     0     0     0     0     0     0     0     0     0   959     2
      0     0     0     0]
 [    0     0     0     0     0     0     0     0     0     0     0  1734
      0     0     0     0]
 [    0     0     0     0     0     0     0     0     0     0     0     0
    825     0     0     0]
 [    0     0     0     0     0     0     0     0     0     3     0     0
      0   960     0     0]
 [    0     0     0     0     2     0     0    93     0     0     0     0
      0     0  6446     0]
 [    0     0     0     0     0     0     0     0     0     0     0     0
      0     0     0  1626]]---
Accuracy : 99.56%
---
class acc :
	Brocoli_green_weeds_1: 100.00
	Brocoli_green_weeds_2: 99.67
	Fallow: 100.00
	Fallow_rough_plow: 99.84
	Fallow_smooth: 98.51
	Stubble: 100.00
	Celery: 100.00
	Grapes_untrained: 99.46
	Soil_vinyard_develop: 100.00
	Corn_senesced_green_weeds: 99.73
	Lettuce_romaine_4wk: 99.79
	Lettuce_romaine_5wk: 100.00
	Lettuce_romaine_6wk: 100.00
	Lettuce_romaine_7wk: 99.69
	Vinyard_untrained: 98.55
	Vinyard_vertical_trellis: 100.00
---
AA: 99.70%
Kappa: 99.52
run 2 / 5
Best validation overall accuracy 0.9959077380952381
Confusion matrix :
[[1808    0    0    0    0    0    0    0    0    0    0    0    0    0
     0    0]
 [   0 3354    0    0    0    0    0    0    0    0    0    0    0    0
     0    0]
 [   0    0 1779    0    0    0    0    0    0    0    0    0    0    0
     0    0]
 [   0    0    0 1248    7    0    0    0    0    0    0    0    0    0
     0    0]
 [   0    0    0    3 2407    0    0    0    0    0    0    0    0    0
     0    0]
 [   0    0    0    0    0 3563    0    0    0    0    0    0    0    0
     0    0]
 [   0    0    0    0    0    0 3221    0    0    0    0    0    0    0
     0    0]
 [   0    0    0    0    0    0    0 9921    0    0    0    0    0    0
   223    0]
 [   0    0    0    0    0    0    0    0 5583    0    0    0    0    0
     0    0]
 [   0    0    0    0    0    0    0    0    0 2944    0    0    0    6
     0    0]
 [   0    0    0    0    0    0    0    0    0    0  961    0    0    0
     0    0]
 [   0    0    0    0    0    0    0    0    0    0    0 1734    0    0
     0    0]
 [   0    0    0    0    0    0    0    0    0    0    0    0  825    0
     0    0]
 [   0    0    0    0    0    0    0    0    0    1    0    0    0  962
     0    0]
 [   0    0    0    0    0    0    0   53    0    0    0    0    0    0
  6488    0]
 [   0    0    0    0    0    0    0    0    0    0    0    0    0    6
     0 1620]]---
Accuracy : 99.39%
---
class acc :
	Brocoli_green_weeds_1: 100.00
	Brocoli_green_weeds_2: 100.00
	Fallow: 100.00
	Fallow_rough_plow: 99.44
	Fallow_smooth: 99.88
	Stubble: 100.00
	Celery: 100.00
	Grapes_untrained: 97.80
	Soil_vinyard_develop: 100.00
	Corn_senesced_green_weeds: 99.80
	Lettuce_romaine_4wk: 100.00
	Lettuce_romaine_5wk: 100.00
	Lettuce_romaine_6wk: 100.00
	Lettuce_romaine_7wk: 99.90
	Vinyard_untrained: 99.19
	Vinyard_vertical_trellis: 99.63
---
AA: 99.73%
Kappa: 99.32
run 3 / 5
Best validation overall accuracy 0.9914434523809523
Confusion matrix :
[[1808    0    0    0    0    0    0    0    0    0    0    0    0    0
     0    0]
 [   0 3354    0    0    0    0    0    0    0    0    0    0    0    0
     0    0]
 [   0    0 1779    0    0    0    0    0    0    0    0    0    0    0
     0    0]
 [   0    0    0 1242   13    0    0    0    0    0    0    0    0    0
     0    0]
 [   0    0    0    0 2410    0    0    0    0    0    0    0    0    0
     0    0]
 [   0    0    0    0    0 3563    0    0    0    0    0    0    0    0
     0    0]
 [   0    0    0    0    0    0 3221    0    0    0    0    0    0    0
     0    0]
 [   0    0    0    0    2    0    0 9945    0    4    0    0    0    0
   193    0]
 [   0    0    0    0    0    0    0    0 5583    0    0    0    0    0
     0    0]
 [   0    0    0    0    0    0    0    0    0 2945    0    0    0    5
     0    0]
 [   0    0    0    0    0    0    0    0    0    0  961    0    0    0
     0    0]
 [   0    0    0    0    0    0    0    0    0    0    0 1734    0    0
     0    0]
 [   0    0    0    0    0    0    0    0    0    0    0    0  825    0
     0    0]
 [   0    0    0    0    0    0    0    0    0   10    0    0    0  953
     0    0]
 [   0    0    0    0    2    0    0  138    0    0    0    0    0    0
  6401    0]
 [   0    0    0    0    0    0    0    0    0    0    0    0    0    0
     0 1626]]---
Accuracy : 99.25%
---
class acc :
	Brocoli_green_weeds_1: 100.00
	Brocoli_green_weeds_2: 100.00
	Fallow: 100.00
	Fallow_rough_plow: 98.96
	Fallow_smooth: 100.00
	Stubble: 100.00
	Celery: 100.00
	Grapes_untrained: 98.04
	Soil_vinyard_develop: 100.00
	Corn_senesced_green_weeds: 99.83
	Lettuce_romaine_4wk: 100.00
	Lettuce_romaine_5wk: 100.00
	Lettuce_romaine_6wk: 100.00
	Lettuce_romaine_7wk: 98.96
	Vinyard_untrained: 97.86
	Vinyard_vertical_trellis: 100.00
---
AA: 99.60%
Kappa: 99.16
run 4 / 5
Best validation overall accuracy 0.9947916666666666
Confusion matrix :
[[ 1808     0     0     0     0     0     0     0     0     0     0     0
      0     0     0     0]
 [    0  3354     0     0     0     0     0     0     0     0     0     0
      0     0     0     0]
 [    0     0  1779     0     0     0     0     0     0     0     0     0
      0     0     0     0]
 [    0     0     0  1255     0     0     0     0     0     0     0     0
      0     0     0     0]
 [    0     0     0     7  2403     0     0     0     0     0     0     0
      0     0     0     0]
 [    0     0     0     0     0  3563     0     0     0     0     0     0
      0     0     0     0]
 [    0     0     0     0     0     0  3221     0     0     0     0     0
      0     0     0     0]
 [    0     0     0     0     0     0     0 10059     0     0     0     0
      0     0    85     0]
 [    0     0     0     0     0     0     0     0  5583     0     0     0
      0     0     0     0]
 [    0     0     0     0     0     0     0     4     2  2940     1     0
      0     3     0     0]
 [    0     0     2     3     0     0     0     0     0     0   956     0
      0     0     0     0]
 [    0     0     0     0     0     0     0     0     0     0     2  1732
      0     0     0     0]
 [    0     0     0     0     0     0     0     0     0     0     0     0
    825     0     0     0]
 [    0     0     0     0     0     0     0     0     0    13     0     0
      7   943     0     0]
 [    0     0     0     0     0     0     0   190     0     0     0     0
      0     0  6351     0]
 [    0     0     0     0     0     0     0     0     0     0     0     0
      0     0     0  1626]]---
Accuracy : 99.35%
---
class acc :
	Brocoli_green_weeds_1: 100.00
	Brocoli_green_weeds_2: 100.00
	Fallow: 100.00
	Fallow_rough_plow: 100.00
	Fallow_smooth: 99.71
	Stubble: 100.00
	Celery: 100.00
	Grapes_untrained: 99.16
	Soil_vinyard_develop: 100.00
	Corn_senesced_green_weeds: 99.66
	Lettuce_romaine_4wk: 99.48
	Lettuce_romaine_5wk: 99.88
	Lettuce_romaine_6wk: 100.00
	Lettuce_romaine_7wk: 97.92
	Vinyard_untrained: 97.10
	Vinyard_vertical_trellis: 100.00
---
AA: 99.56%
Kappa: 99.27
run 5 / 5
Best validation overall accuracy 0.9959077380952381
Confusion matrix :
[[1808    0    0    0    0    0    0    0    0    0    0    0    0    0
     0    0]
 [   0 3354    0    0    0    0    0    0    0    0    0    0    0    0
     0    0]
 [   0    0 1779    0    0    0    0    0    0    0    0    0    0    0
     0    0]
 [   0    0    0 1253    2    0    0    0    0    0    0    0    0    0
     0    0]
 [   0    0    0    8 2402    0    0    0    0    0    0    0    0    0
     0    0]
 [   0    0    0    0    0 3563    0    0    0    0    0    0    0    0
     0    0]
 [   0    0    0    0    0    0 3221    0    0    0    0    0    0    0
     0    0]
 [   0    0    0    0    0    0    0 9976    0    0    0    0    0    0
   168    0]
 [   0    0    0    0    0    0    0    0 5583    0    0    0    0    0
     0    0]
 [   0    0    0    0    0    0    0    2    1 2929   13    0    0    5
     0    0]
 [   0    0    0    0    0    0    0    0    0    0  961    0    0    0
     0    0]
 [   0    0    0    0    0    0    0    0    0    0    0 1734    0    0
     0    0]
 [   0    0    0    0    0    0    0    0    0    0    0    0  825    0
     0    0]
 [   0    0    0    0    0    0    0    0    0    4    0    0    0  959
     0    0]
 [   0    0    0    0    0    0    0   71    0    0    0    0    0    0
  6470    0]
 [   0    0    0    0    0    0    0   12    0    0    0    0    0    5
     7 1602]]---
Accuracy : 99.39%
---
class acc :
	Brocoli_green_weeds_1: 100.00
	Brocoli_green_weeds_2: 100.00
	Fallow: 100.00
	Fallow_rough_plow: 99.84
	Fallow_smooth: 99.67
	Stubble: 100.00
	Celery: 100.00
	Grapes_untrained: 98.34
	Soil_vinyard_develop: 100.00
	Corn_senesced_green_weeds: 99.29
	Lettuce_romaine_4wk: 100.00
	Lettuce_romaine_5wk: 100.00
	Lettuce_romaine_6wk: 100.00
	Lettuce_romaine_7wk: 99.58
	Vinyard_untrained: 98.91
	Vinyard_vertical_trellis: 98.52
---
AA: 99.64%
Kappa: 99.32
Agregated results :
Confusion matrix :
[[1.8080e+03 0.0000e+00 0.0000e+00 0.0000e+00 0.0000e+00 0.0000e+00
  0.0000e+00 0.0000e+00 0.0000e+00 0.0000e+00 0.0000e+00 0.0000e+00
  0.0000e+00 0.0000e+00 0.0000e+00 0.0000e+00]
 [2.2000e+00 3.3518e+03 0.0000e+00 0.0000e+00 0.0000e+00 0.0000e+00
  0.0000e+00 0.0000e+00 0.0000e+00 0.0000e+00 0.0000e+00 0.0000e+00
  0.0000e+00 0.0000e+00 0.0000e+00 0.0000e+00]
 [0.0000e+00 0.0000e+00 1.7790e+03 0.0000e+00 0.0000e+00 0.0000e+00
  0.0000e+00 0.0000e+00 0.0000e+00 0.0000e+00 0.0000e+00 0.0000e+00
  0.0000e+00 0.0000e+00 0.0000e+00 0.0000e+00]
 [0.0000e+00 0.0000e+00 0.0000e+00 1.2502e+03 4.8000e+00 0.0000e+00
  0.0000e+00 0.0000e+00 0.0000e+00 0.0000e+00 0.0000e+00 0.0000e+00
  0.0000e+00 0.0000e+00 0.0000e+00 0.0000e+00]
 [0.0000e+00 0.0000e+00 0.0000e+00 1.0800e+01 2.3992e+03 0.0000e+00
  0.0000e+00 0.0000e+00 0.0000e+00 0.0000e+00 0.0000e+00 0.0000e+00
  0.0000e+00 0.0000e+00 0.0000e+00 0.0000e+00]
 [0.0000e+00 0.0000e+00 0.0000e+00 0.0000e+00 0.0000e+00 3.5630e+03
  0.0000e+00 0.0000e+00 0.0000e+00 0.0000e+00 0.0000e+00 0.0000e+00
  0.0000e+00 0.0000e+00 0.0000e+00 0.0000e+00]
 [0.0000e+00 0.0000e+00 0.0000e+00 0.0000e+00 0.0000e+00 0.0000e+00
  3.2210e+03 0.0000e+00 0.0000e+00 0.0000e+00 0.0000e+00 0.0000e+00
  0.0000e+00 0.0000e+00 0.0000e+00 0.0000e+00]
 [0.0000e+00 0.0000e+00 0.0000e+00 0.0000e+00 4.0000e-01 0.0000e+00
  0.0000e+00 9.9980e+03 0.0000e+00 8.0000e-01 0.0000e+00 0.0000e+00
  0.0000e+00 0.0000e+00 1.4480e+02 0.0000e+00]
 [0.0000e+00 0.0000e+00 0.0000e+00 0.0000e+00 0.0000e+00 0.0000e+00
  0.0000e+00 0.0000e+00 5.5830e+03 0.0000e+00 0.0000e+00 0.0000e+00
  0.0000e+00 0.0000e+00 0.0000e+00 0.0000e+00]
 [0.0000e+00 0.0000e+00 0.0000e+00 0.0000e+00 0.0000e+00 0.0000e+00
  0.0000e+00 1.4000e+00 6.0000e-01 2.9400e+03 3.4000e+00 0.0000e+00
  0.0000e+00 4.6000e+00 0.0000e+00 0.0000e+00]
 [0.0000e+00 0.0000e+00 4.0000e-01 6.0000e-01 0.0000e+00 0.0000e+00
  0.0000e+00 0.0000e+00 0.0000e+00 0.0000e+00 9.5960e+02 4.0000e-01
  0.0000e+00 0.0000e+00 0.0000e+00 0.0000e+00]
 [0.0000e+00 0.0000e+00 0.0000e+00 0.0000e+00 0.0000e+00 0.0000e+00
  0.0000e+00 0.0000e+00 0.0000e+00 0.0000e+00 4.0000e-01 1.7336e+03
  0.0000e+00 0.0000e+00 0.0000e+00 0.0000e+00]
 [0.0000e+00 0.0000e+00 0.0000e+00 0.0000e+00 0.0000e+00 0.0000e+00
  0.0000e+00 0.0000e+00 0.0000e+00 0.0000e+00 0.0000e+00 0.0000e+00
  8.2500e+02 0.0000e+00 0.0000e+00 0.0000e+00]
 [0.0000e+00 0.0000e+00 0.0000e+00 0.0000e+00 0.0000e+00 0.0000e+00
  0.0000e+00 0.0000e+00 0.0000e+00 6.2000e+00 0.0000e+00 0.0000e+00
  1.4000e+00 9.5540e+02 0.0000e+00 0.0000e+00]
 [0.0000e+00 0.0000e+00 0.0000e+00 0.0000e+00 8.0000e-01 0.0000e+00
  0.0000e+00 1.0900e+02 0.0000e+00 0.0000e+00 0.0000e+00 0.0000e+00
  0.0000e+00 0.0000e+00 6.4312e+03 0.0000e+00]
 [0.0000e+00 0.0000e+00 0.0000e+00 0.0000e+00 0.0000e+00 0.0000e+00
  0.0000e+00 2.4000e+00 0.0000e+00 0.0000e+00 0.0000e+00 0.0000e+00
  0.0000e+00 2.2000e+00 1.4000e+00 1.6200e+03]]---
Accuracy: 99.39 +- 0.10
---
class acc :
	Brocoli_green_weeds_1: 100.00 +- 0.00
	Brocoli_green_weeds_2: 99.93 +- 0.13
	Fallow: 100.00 +- 0.00
	Fallow_rough_plow: 99.62 +- 0.38
	Fallow_smooth: 99.55 +- 0.54
	Stubble: 100.00 +- 0.00
	Celery: 100.00 +- 0.00
	Grapes_untrained: 98.56 +- 0.64
	Soil_vinyard_develop: 100.00 +- 0.00
	Corn_senesced_green_weeds: 99.66 +- 0.20
	Lettuce_romaine_4wk: 99.85 +- 0.20
	Lettuce_romaine_5wk: 99.98 +- 0.05
	Lettuce_romaine_6wk: 100.00 +- 0.00
	Lettuce_romaine_7wk: 99.21 +- 0.72
	Vinyard_untrained: 98.32 +- 0.76
	Vinyard_vertical_trellis: 99.63 +- 0.57
---
AA: 99.64 +- 0.06
Kappa: 99.32 +- 0.11
