run 1 / 5
Best validation overall accuracy 0.7406994047619048
Confusion matrix :
[[   0 1808    0    0    0    0    0    0    0    0    0    0    0    0
     0    0]
 [   0 3354    0    0    0    0    0    0    0    0    0    0    0    0
     0    0]
 [   0    0    6    0 1044    0    0    0  124  119    0  486    0    0
     0    0]
 [   0    0    0  619  634    0    0    0    2    0    0    0    0    0
     0    0]
 [   0    0    0    0 2384    0    0    0   26    0    0    0    0    0
     0    0]
 [   0    0    0    0    0 3563    0    0    0    0    0    0    0    0
     0    0]
 [   0    0    0    0    0    0 3221    0    0    0    0    0    0    0
     0    0]
 [   0    0    0    0    0    0    0 8810   31   48    0    0    0    0
  1255    0]
 [   0    0    0    0    0    0    0    0 5583    0    0    0    0    0
     0    0]
 [   0    6    0    0    3    0    0    3  334 2204    0   25    0    0
   375    0]
 [   0    0    0    0    3    0    0    0  953    0    0    5    0    0
     0    0]
 [   0    0    0    0    4    0    0    0    2    0    0 1728    0    0
     0    0]
 [   0   23    0    0    0   21    1    0    4    0    0   60  716    0
     0    0]
 [   0  930    0    0    0    9    0    1   16    0    0    0    0    0
     7    0]
 [   0    0    0    0   17    0    0 2830    0    0    0    0    0    0
  3694    0]
 [   0    0    0    4   20    0  893    0    0    0    0    0    0    0
     0  709]]---
Accuracy : 75.11%
---
class acc :
	Brocoli_green_weeds_1: 0.00
	Brocoli_green_weeds_2: 100.00
	Fallow: 0.34
	Fallow_rough_plow: 49.32
	Fallow_smooth: 98.92
	Stubble: 100.00
	Celery: 100.00
	Grapes_untrained: 86.85
	Soil_vinyard_develop: 100.00
	Corn_senesced_green_weeds: 74.71
	Lettuce_romaine_4wk: 0.00
	Lettuce_romaine_5wk: 99.65
	Lettuce_romaine_6wk: 86.79
	Lettuce_romaine_7wk: 0.00
	Vinyard_untrained: 56.47
	Vinyard_vertical_trellis: 43.60
---
AA: 62.29%
Kappa: 72.01
run 2 / 5
Best validation overall accuracy 0.7488839285714286
Confusion matrix :
[[   0 1808    0    0    0    0    0    0    0    0    0    0    0    0
     0    0]
 [   0 3348    0    0    0    0    6    0    0    0    0    0    0    0
     0    0]
 [   0    0    0    0  939    0    0    0   53  152    0  635    0    0
     0    0]
 [   0    0    0    0 1255    0    0    0    0    0    0    0    0    0
     0    0]
 [   0    0    0    0 2387   15    0    0    8    0    0    0    0    0
     0    0]
 [   0    0    0    0    0 3563    0    0    0    0    0    0    0    0
     0    0]
 [   0    0    0    0    0    0 3221    0    0    0    0    0    0    0
     0    0]
 [   0    0    0    0    1    8    0 8021   10   23    0    0    0    0
  2081    0]
 [   0    0    0    0    0    0    0    0 5583    0    0    0    0    0
     0    0]
 [   0    0    0    0    1    1    1  176  190 2428    0   37    0    0
   116    0]
 [   0    0    0    0    5    0    0    0  925   23    0    8    0    0
     0    0]
 [   0    0    0    0    0    0    0    0    0    0    0 1734    0    0
     0    0]
 [   0    0    0    0    0    0   70    0    0    2    0   48  705    0
     0    0]
 [   0   25    0    0    0    0  923    4    0   11    0    0    0    0
     0    0]
 [   0    0    0    0   11    0    0 1227    0    0    0    0    0    0
  5303    0]
 [   0    0    0    0   38    0 1158   83    0    0    0    0    0    0
     0  347]]---
Accuracy : 75.21%
---
class acc :
	Brocoli_green_weeds_1: 0.00
	Brocoli_green_weeds_2: 99.82
	Fallow: 0.00
	Fallow_rough_plow: 0.00
	Fallow_smooth: 99.05
	Stubble: 100.00
	Celery: 100.00
	Grapes_untrained: 79.07
	Soil_vinyard_develop: 100.00
	Corn_senesced_green_weeds: 82.31
	Lettuce_romaine_4wk: 0.00
	Lettuce_romaine_5wk: 100.00
	Lettuce_romaine_6wk: 85.45
	Lettuce_romaine_7wk: 0.00
	Vinyard_untrained: 81.07
	Vinyard_vertical_trellis: 21.34
---
AA: 59.26%
Kappa: 72.22
run 3 / 5
Best validation overall accuracy 0.7801339285714286
Confusion matrix :
[[   0 1808    0    0    0    0    0    0    0    0    0    0    0    0
     0    0]
 [   0 3342    0    0    0    0   12    0    0    0    0    0    0    0
     0    0]
 [   0    0    0    0 1035    0    0    0   21  257    0  466    0    0
     0    0]
 [   0    0    0  504  749    0    0    0    2    0    0    0    0    0
     0    0]
 [   0    0    0    0 2391    1    0    0   18    0    0    0    0    0
     0    0]
 [   0    0    0    0    0 3563    0    0    0    0    0    0    0    0
     0    0]
 [   0    0    0    0    0    0 3221    0    0    0    0    0    0    0
     0    0]
 [   0    0    0    0    0    4    0 8080    2  212    0    0    0    0
  1846    0]
 [   0    0    0    0    0    0    0    0 5583    0    0    0    0    0
     0    0]
 [   0    0    0    0    0    0   12    0   84 2825    0   29    0    0
     0    0]
 [   0    0    0    0    7    0    0    0  761  191    0    2    0    0
     0    0]
 [   0    0    0    0    0    0    0    0    0    0    0 1734    0    0
     0    0]
 [   0    0    0    0    0    0  164    0   73    1    0  587    0    0
     0    0]
 [   0    4    0    0    0    2  940    0    0   17    0    0    0    0
     0    0]
 [   0    0    0    0   15    0    0  800    0    0    0    0    0    0
  5726    0]
 [   0    0    0    4   29    0  428    0    0    0    0    0    0    0
     0 1165]]---
Accuracy : 78.28%
---
class acc :
	Brocoli_green_weeds_1: 0.00
	Brocoli_green_weeds_2: 99.64
	Fallow: 0.00
	Fallow_rough_plow: 40.16
	Fallow_smooth: 99.21
	Stubble: 100.00
	Celery: 100.00
	Grapes_untrained: 79.65
	Soil_vinyard_develop: 100.00
	Corn_senesced_green_weeds: 95.76
	Lettuce_romaine_4wk: 0.00
	Lettuce_romaine_5wk: 100.00
	Lettuce_romaine_6wk: 0.00
	Lettuce_romaine_7wk: 0.00
	Vinyard_untrained: 87.54
	Vinyard_vertical_trellis: 71.65
---
AA: 60.85%
Kappa: 75.72
run 4 / 5
Best validation overall accuracy 0.7414434523809523
Confusion matrix :
[[   0 1808    0    0    0    0    0    0    0    0    0    0    0    0
     0    0]
 [   0 3327    0    0    0    0   27    0    0    0    0    0    0    0
     0    0]
 [   0    0    0    0  958    0    0    0  210  198    0  413    0    0
     0    0]
 [   0    0    0   17 1236    0    0    0    2    0    0    0    0    0
     0    0]
 [   0    0    0    0 2388    0    0    0   22    0    0    0    0    0
     0    0]
 [   0    0    0    0    0 3563    0    0    0    0    0    0    0    0
     0    0]
 [   0    0    0    0    0    0 3221    0    0    0    0    0    0    0
     0    0]
 [   0    0    0    0    0    7    0 9279    1  101    0    0    0    0
   756    0]
 [   0    0    0    0    0    0    0    0 5583    0    0    0    0    0
     0    0]
 [   0    0    0    0    0    0    0   24  147 2778    0    1    0    0
     0    0]
 [   0    0    0    0    4    0    0    0  957    0    0    0    0    0
     0    0]
 [   0    0    0    0    0    0    0    0  231    0    0 1503    0    0
     0    0]
 [   0   20    0    0    0    0    1    0   17    0    0   39  748    0
     0    0]
 [   0  811    0    0    0  123   16    2    0   11    0    0    0    0
     0    0]
 [   0    0    0    0   14    0    0 3074    0    0    0    0    0    0
  3453    0]
 [   0    0    0   17    8    0 1339   40    0    0    0    0    0    0
     0  222]]---
Accuracy : 74.06%
---
class acc :
	Brocoli_green_weeds_1: 0.00
	Brocoli_green_weeds_2: 99.19
	Fallow: 0.00
	Fallow_rough_plow: 1.35
	Fallow_smooth: 99.09
	Stubble: 100.00
	Celery: 100.00
	Grapes_untrained: 91.47
	Soil_vinyard_develop: 100.00
	Corn_senesced_green_weeds: 94.17
	Lettuce_romaine_4wk: 0.00
	Lettuce_romaine_5wk: 86.68
	Lettuce_romaine_6wk: 90.67
	Lettuce_romaine_7wk: 0.00
	Vinyard_untrained: 52.79
	Vinyard_vertical_trellis: 13.65
---
AA: 58.07%
Kappa: 70.79
run 5 / 5
Best validation overall accuracy 0.6852678571428571
Confusion matrix :
[[    0  1808     0     0     0     0     0     0     0     0     0     0
      0     0     0     0]
 [    0  3353     0     0     0     0     1     0     0     0     0     0
      0     0     0     0]
 [    0     0    94     0  1020     0     0     0   131   109     0   425
      0     0     0     0]
 [    0     0     0     0  1253     0     0     0     2     0     0     0
      0     0     0     0]
 [    0     0     0     0  2366    21     0     0    23     0     0     0
      0     0     0     0]
 [    0     0     0     0     0  3563     0     0     0     0     0     0
      0     0     0     0]
 [    0     0     0     0     0     0  3220     0     1     0     0     0
      0     0     0     0]
 [    0     0     0     0     0     2     0 10084     7    51     0     0
      0     0     0     0]
 [    0     0     0     0     0     0     0     0  5583     0     0     0
      0     0     0     0]
 [    0     0    13     0     0     3     0     0   126  2797     0    11
      0     0     0     0]
 [    0     0     0     0     4     0     0     0   948     1     0     8
      0     0     0     0]
 [    0     0     0     0    69     0     0     0     0     0     0  1665
      0     0     0     0]
 [    0     3     0     0     0     0     0     0     0     0     0   822
      0     0     0     0]
 [    0   865     0     0     0    76     0     0     0    13     0     9
      0     0     0     0]
 [    0     0     0     0     8     0     0  6533     0     0     0     0
      0     0     0     0]
 [    0     0     0     5    37     0   841     0     0     0     0     0
      0     0     0   743]]---
Accuracy : 68.70%
---
class acc :
	Brocoli_green_weeds_1: 0.00
	Brocoli_green_weeds_2: 99.97
	Fallow: 5.28
	Fallow_rough_plow: 0.00
	Fallow_smooth: 98.17
	Stubble: 100.00
	Celery: 99.97
	Grapes_untrained: 99.41
	Soil_vinyard_develop: 100.00
	Corn_senesced_green_weeds: 94.81
	Lettuce_romaine_4wk: 0.00
	Lettuce_romaine_5wk: 96.02
	Lettuce_romaine_6wk: 0.00
	Lettuce_romaine_7wk: 0.00
	Vinyard_untrained: 0.00
	Vinyard_vertical_trellis: 45.69
---
AA: 52.46%
Kappa: 64.52
Agregated results :
Confusion matrix :
[[0.0000e+00 1.8080e+03 0.0000e+00 0.0000e+00 0.0000e+00 0.0000e+00
  0.0000e+00 0.0000e+00 0.0000e+00 0.0000e+00 0.0000e+00 0.0000e+00
  0.0000e+00 0.0000e+00 0.0000e+00 0.0000e+00]
 [0.0000e+00 3.3448e+03 0.0000e+00 0.0000e+00 0.0000e+00 0.0000e+00
  9.2000e+00 0.0000e+00 0.0000e+00 0.0000e+00 0.0000e+00 0.0000e+00
  0.0000e+00 0.0000e+00 0.0000e+00 0.0000e+00]
 [0.0000e+00 0.0000e+00 2.0000e+01 0.0000e+00 9.9920e+02 0.0000e+00
  0.0000e+00 0.0000e+00 1.0780e+02 1.6700e+02 0.0000e+00 4.8500e+02
  0.0000e+00 0.0000e+00 0.0000e+00 0.0000e+00]
 [0.0000e+00 0.0000e+00 0.0000e+00 2.2800e+02 1.0254e+03 0.0000e+00
  0.0000e+00 0.0000e+00 1.6000e+00 0.0000e+00 0.0000e+00 0.0000e+00
  0.0000e+00 0.0000e+00 0.0000e+00 0.0000e+00]
 [0.0000e+00 0.0000e+00 0.0000e+00 0.0000e+00 2.3832e+03 7.4000e+00
  0.0000e+00 0.0000e+00 1.9400e+01 0.0000e+00 0.0000e+00 0.0000e+00
  0.0000e+00 0.0000e+00 0.0000e+00 0.0000e+00]
 [0.0000e+00 0.0000e+00 0.0000e+00 0.0000e+00 0.0000e+00 3.5630e+03
  0.0000e+00 0.0000e+00 0.0000e+00 0.0000e+00 0.0000e+00 0.0000e+00
  0.0000e+00 0.0000e+00 0.0000e+00 0.0000e+00]
 [0.0000e+00 0.0000e+00 0.0000e+00 0.0000e+00 0.0000e+00 0.0000e+00
  3.2208e+03 0.0000e+00 2.0000e-01 0.0000e+00 0.0000e+00 0.0000e+00
  0.0000e+00 0.0000e+00 0.0000e+00 0.0000e+00]
 [0.0000e+00 0.0000e+00 0.0000e+00 0.0000e+00 2.0000e-01 4.2000e+00
  0.0000e+00 8.8548e+03 1.0200e+01 8.7000e+01 0.0000e+00 0.0000e+00
  0.0000e+00 0.0000e+00 1.1876e+03 0.0000e+00]
 [0.0000e+00 0.0000e+00 0.0000e+00 0.0000e+00 0.0000e+00 0.0000e+00
  0.0000e+00 0.0000e+00 5.5830e+03 0.0000e+00 0.0000e+00 0.0000e+00
  0.0000e+00 0.0000e+00 0.0000e+00 0.0000e+00]
 [0.0000e+00 1.2000e+00 2.6000e+00 0.0000e+00 8.0000e-01 8.0000e-01
  2.6000e+00 4.0600e+01 1.7620e+02 2.6064e+03 0.0000e+00 2.0600e+01
  0.0000e+00 0.0000e+00 9.8200e+01 0.0000e+00]
 [0.0000e+00 0.0000e+00 0.0000e+00 0.0000e+00 4.6000e+00 0.0000e+00
  0.0000e+00 0.0000e+00 9.0880e+02 4.3000e+01 0.0000e+00 4.6000e+00
  0.0000e+00 0.0000e+00 0.0000e+00 0.0000e+00]
 [0.0000e+00 0.0000e+00 0.0000e+00 0.0000e+00 1.4600e+01 0.0000e+00
  0.0000e+00 0.0000e+00 4.6600e+01 0.0000e+00 0.0000e+00 1.6728e+03
  0.0000e+00 0.0000e+00 0.0000e+00 0.0000e+00]
 [0.0000e+00 9.2000e+00 0.0000e+00 0.0000e+00 0.0000e+00 4.2000e+00
  4.7200e+01 0.0000e+00 1.8800e+01 6.0000e-01 0.0000e+00 3.1120e+02
  4.3380e+02 0.0000e+00 0.0000e+00 0.0000e+00]
 [0.0000e+00 5.2700e+02 0.0000e+00 0.0000e+00 0.0000e+00 4.2000e+01
  3.7580e+02 1.4000e+00 3.2000e+00 1.0400e+01 0.0000e+00 1.8000e+00
  0.0000e+00 0.0000e+00 1.4000e+00 0.0000e+00]
 [0.0000e+00 0.0000e+00 0.0000e+00 0.0000e+00 1.3000e+01 0.0000e+00
  0.0000e+00 2.8928e+03 0.0000e+00 0.0000e+00 0.0000e+00 0.0000e+00
  0.0000e+00 0.0000e+00 3.6352e+03 0.0000e+00]
 [0.0000e+00 0.0000e+00 0.0000e+00 6.0000e+00 2.6400e+01 0.0000e+00
  9.3180e+02 2.4600e+01 0.0000e+00 0.0000e+00 0.0000e+00 0.0000e+00
  0.0000e+00 0.0000e+00 0.0000e+00 6.3720e+02]]---
Accuracy: 74.27 +- 3.12
---
class acc :
	Brocoli_green_weeds_1: 0.00 +- 0.00
	Brocoli_green_weeds_2: 99.73 +- 0.29
	Fallow: 1.12 +- 2.08
	Fallow_rough_plow: 18.17 +- 21.90
	Fallow_smooth: 98.89 +- 0.37
	Stubble: 100.00 +- 0.00
	Celery: 99.99 +- 0.01
	Grapes_untrained: 87.29 +- 7.62
	Soil_vinyard_develop: 100.00 +- 0.00
	Corn_senesced_green_weeds: 88.35 +- 8.40
	Lettuce_romaine_4wk: 0.00 +- 0.00
	Lettuce_romaine_5wk: 96.47 +- 5.12
	Lettuce_romaine_6wk: 52.58 +- 42.97
	Lettuce_romaine_7wk: 0.00 +- 0.00
	Vinyard_untrained: 55.58 +- 30.88
	Vinyard_vertical_trellis: 39.19 +- 20.43
---
AA: 58.58 +- 3.38
Kappa: 71.05 +- 3.66
