run 1 / 5
Best validation overall accuracy 0.9977678571428571
Confusion matrix :
[[ 1808     0     0     0     0     0     0     0     0     0     0     0
      0     0     0     0]
 [    0  3354     0     0     0     0     0     0     0     0     0     0
      0     0     0     0]
 [    0     0  1779     0     0     0     0     0     0     0     0     0
      0     0     0     0]
 [    0     0     0  1252     3     0     0     0     0     0     0     0
      0     0     0     0]
 [    0     0     0    24  2386     0     0     0     0     0     0     0
      0     0     0     0]
 [    0     0     0     0     0  3563     0     0     0     0     0     0
      0     0     0     0]
 [    0     0     0     0     0     0  3221     0     0     0     0     0
      0     0     0     0]
 [    0     0     0     0     0     0     0 10098     0     0     0     0
      0     0    46     0]
 [    0     0     0     0     0     0     0     0  5583     0     0     0
      0     0     0     0]
 [    0     0     0     0     0     0     0     0     0  2936     8     0
      0     6     0     0]
 [    0     0     0     0     0     0     0     0     0     0   961     0
      0     0     0     0]
 [    0     0     0     0     0     0     0     0     0     0     0  1734
      0     0     0     0]
 [    0     0     0     0     0     0     0     0     0     0     0     0
    825     0     0     0]
 [    0     0     0     0     0     0     0     0     0     3     0     0
      0   960     0     0]
 [    0     0     0     0     0     0     0    58     0     0     0     0
      0     0  6483     0]
 [    0     0     0     0     0     0     0     0     0     0     0     0
      0     0     0  1626]]---
Accuracy : 99.70%
---
class acc :
	Brocoli_green_weeds_1: 100.00
	Brocoli_green_weeds_2: 100.00
	Fallow: 100.00
	Fallow_rough_plow: 99.76
	Fallow_smooth: 99.00
	Stubble: 100.00
	Celery: 100.00
	Grapes_untrained: 99.55
	Soil_vinyard_develop: 100.00
	Corn_senesced_green_weeds: 99.53
	Lettuce_romaine_4wk: 100.00
	Lettuce_romaine_5wk: 100.00
	Lettuce_romaine_6wk: 100.00
	Lettuce_romaine_7wk: 99.69
	Vinyard_untrained: 99.11
	Vinyard_vertical_trellis: 100.00
---
AA: 99.79%
Kappa: 99.66
run 2 / 5
Best validation overall accuracy 0.9959077380952381
Confusion matrix :
[[1808    0    0    0    0    0    0    0    0    0    0    0    0    0
     0    0]
 [   0 3354    0    0    0    0    0    0    0    0    0    0    0    0
     0    0]
 [   0    0 1779    0    0    0    0    0    0    0    0    0    0    0
     0    0]
 [   0    0    0 1243   12    0    0    0    0    0    0    0    0    0
     0    0]
 [   0    0    0    0 2410    0    0    0    0    0    0    0    0    0
     0    0]
 [   0    0    0    0    0 3563    0    0    0    0    0    0    0    0
     0    0]
 [   0    0    0    0    0    0 3221    0    0    0    0    0    0    0
     0    0]
 [   0    0    0    0    0    0    0 9920    0    0    0    0    0    0
   224    0]
 [   0    0    0    0    0    0    0    0 5583    0    0    0    0    0
     0    0]
 [   0    0    0    0    0    0    0    4    0 2941    0    0    0    5
     0    0]
 [   0    0    0    0    0    0    0    0    0    0  961    0    0    0
     0    0]
 [   0    0    0    0    0    0    0    0    0    0    0 1734    0    0
     0    0]
 [   0    0    0    0    0    0    0    0    0    0    0    0  825    0
     0    0]
 [   0    0    0    0    0    0    0    0    0    1    0    0    0  962
     0    0]
 [   0    0    0    0    0    0    0   39    0    0    0    0    0    0
  6502    0]
 [   0    0    0    0    0    0    8    0    0    0    0    0    0    0
     0 1618]]---
Accuracy : 99.40%
---
class acc :
	Brocoli_green_weeds_1: 100.00
	Brocoli_green_weeds_2: 100.00
	Fallow: 100.00
	Fallow_rough_plow: 99.04
	Fallow_smooth: 100.00
	Stubble: 100.00
	Celery: 100.00
	Grapes_untrained: 97.79
	Soil_vinyard_develop: 100.00
	Corn_senesced_green_weeds: 99.69
	Lettuce_romaine_4wk: 100.00
	Lettuce_romaine_5wk: 100.00
	Lettuce_romaine_6wk: 100.00
	Lettuce_romaine_7wk: 99.90
	Vinyard_untrained: 99.40
	Vinyard_vertical_trellis: 99.51
---
AA: 99.71%
Kappa: 99.33
run 3 / 5
Best validation overall accuracy 0.9977678571428571
Confusion matrix :
[[ 1808     0     0     0     0     0     0     0     0     0     0     0
      0     0     0     0]
 [    0  3354     0     0     0     0     0     0     0     0     0     0
      0     0     0     0]
 [    0     0  1779     0     0     0     0     0     0     0     0     0
      0     0     0     0]
 [    0     0     0  1245    10     0     0     0     0     0     0     0
      0     0     0     0]
 [    0     0     0     0  2410     0     0     0     0     0     0     0
      0     0     0     0]
 [    0     0     0     0     0  3563     0     0     0     0     0     0
      0     0     0     0]
 [    0     0     0     0     0     0  3221     0     0     0     0     0
      0     0     0     0]
 [    0     0     0     0     0     0     0 10028     0     0     0     0
      0     0   116     0]
 [    0     0     0     0     0     0     0     0  5583     0     0     0
      0     0     0     0]
 [    0     0     0     0     0     0     0     0     0  2939     0     0
      0    11     0     0]
 [    0     0     0     1     0     0     0     0     0     0   960     0
      0     0     0     0]
 [    0     0     0     0     0     0     0     0     0     0     0  1734
      0     0     0     0]
 [    0     0     0     0     0     0     0     0     0     0     0     0
    825     0     0     0]
 [    0     0     0     0     0     0     0     0     0     4     0     0
      0   959     0     0]
 [    0     0     0     0     0     0     0    56     0     0     0     0
      0     0  6485     0]
 [    0     0     0     0     0     0     0     0     0     0     0     0
      0     0     0  1626]]---
Accuracy : 99.59%
---
class acc :
	Brocoli_green_weeds_1: 100.00
	Brocoli_green_weeds_2: 100.00
	Fallow: 100.00
	Fallow_rough_plow: 99.20
	Fallow_smooth: 100.00
	Stubble: 100.00
	Celery: 100.00
	Grapes_untrained: 98.86
	Soil_vinyard_develop: 100.00
	Corn_senesced_green_weeds: 99.63
	Lettuce_romaine_4wk: 99.90
	Lettuce_romaine_5wk: 100.00
	Lettuce_romaine_6wk: 100.00
	Lettuce_romaine_7wk: 99.58
	Vinyard_untrained: 99.14
	Vinyard_vertical_trellis: 100.00
---
AA: 99.77%
Kappa: 99.55
run 4 / 5
Best validation overall accuracy 0.9966517857142857
Confusion matrix :
[[ 1808     0     0     0     0     0     0     0     0     0     0     0
      0     0     0     0]
 [    0  3354     0     0     0     0     0     0     0     0     0     0
      0     0     0     0]
 [    0     0  1779     0     0     0     0     0     0     0     0     0
      0     0     0     0]
 [    0     0     0  1248     7     0     0     0     0     0     0     0
      0     0     0     0]
 [    0     0     0     4  2406     0     0     0     0     0     0     0
      0     0     0     0]
 [    0     0     0     0     0  3563     0     0     0     0     0     0
      0     0     0     0]
 [    0     0     0     0     0     0  3221     0     0     0     0     0
      0     0     0     0]
 [    0     0     0     0     0     0     0 10040     0     1     0     0
      0     0   103     0]
 [    0     0     0     0     0     0     0     0  5583     0     0     0
      0     0     0     0]
 [    0     0     0     0     0     0     0     8     7  2935     0     0
      0     0     0     0]
 [    0     0     0     1     0     0     0     0     0     0   960     0
      0     0     0     0]
 [    0     0     0     0     0     0     0     0     0     0     0  1734
      0     0     0     0]
 [    0     0     0     0     0     0     0     0     0     0     0     0
    825     0     0     0]
 [    0     0     0     0     0     0     0     0     0    12     0     0
      6   945     0     0]
 [    0     0     0     0    12     0     0   106     0     0     0     0
      0     0  6423     0]
 [    0     0     0     0     0     0     0     0     0     0     0     0
      0     0     0  1626]]---
Accuracy : 99.45%
---
class acc :
	Brocoli_green_weeds_1: 100.00
	Brocoli_green_weeds_2: 100.00
	Fallow: 100.00
	Fallow_rough_plow: 99.44
	Fallow_smooth: 99.83
	Stubble: 100.00
	Celery: 100.00
	Grapes_untrained: 98.97
	Soil_vinyard_develop: 100.00
	Corn_senesced_green_weeds: 99.49
	Lettuce_romaine_4wk: 99.90
	Lettuce_romaine_5wk: 100.00
	Lettuce_romaine_6wk: 100.00
	Lettuce_romaine_7wk: 98.13
	Vinyard_untrained: 98.20
	Vinyard_vertical_trellis: 100.00
---
AA: 99.62%
Kappa: 99.39
run 5 / 5
Best validation overall accuracy 0.9970238095238095
Confusion matrix :
[[ 1808     0     0     0     0     0     0     0     0     0     0     0
      0     0     0     0]
 [    0  3354     0     0     0     0     0     0     0     0     0     0
      0     0     0     0]
 [    0     0  1779     0     0     0     0     0     0     0     0     0
      0     0     0     0]
 [    0     0     0  1252     3     0     0     0     0     0     0     0
      0     0     0     0]
 [    0     0     0     6  2404     0     0     0     0     0     0     0
      0     0     0     0]
 [    0     0     0     0     0  3563     0     0     0     0     0     0
      0     0     0     0]
 [    0     0     0     0     0     0  3221     0     0     0     0     0
      0     0     0     0]
 [    0     0     0     0     0     0     0 10074     0     0     0     0
      0     0    70     0]
 [    0     0     0     0     0     0     0     0  5583     0     0     0
      0     0     0     0]
 [    0     0     0     0     0     0     0     3     0  2933     4     0
      0    10     0     0]
 [    0     0     0     0     0     0     0     0     0     0   961     0
      0     0     0     0]
 [    0     0     0     0     0     0     0     0     0     0     0  1734
      0     0     0     0]
 [    0     0     0     0     0     0     0     0     0     0     0     0
    825     0     0     0]
 [    0     0     0     0     0     0     0     0     0     3     0     0
      0   960     0     0]
 [    0     0     0     0     0     0     0    53     0     0     0     0
      0     0  6488     0]
 [    0     0     0     0     1     0     3     0     0     0     0     0
      0     0     6  1616]]---
Accuracy : 99.67%
---
class acc :
	Brocoli_green_weeds_1: 100.00
	Brocoli_green_weeds_2: 100.00
	Fallow: 100.00
	Fallow_rough_plow: 99.76
	Fallow_smooth: 99.75
	Stubble: 100.00
	Celery: 100.00
	Grapes_untrained: 99.31
	Soil_vinyard_develop: 100.00
	Corn_senesced_green_weeds: 99.42
	Lettuce_romaine_4wk: 100.00
	Lettuce_romaine_5wk: 100.00
	Lettuce_romaine_6wk: 100.00
	Lettuce_romaine_7wk: 99.69
	Vinyard_untrained: 99.19
	Vinyard_vertical_trellis: 99.38
---
AA: 99.78%
Kappa: 99.63
Agregated results :
Confusion matrix :
[[1.8080e+03 0.0000e+00 0.0000e+00 0.0000e+00 0.0000e+00 0.0000e+00
  0.0000e+00 0.0000e+00 0.0000e+00 0.0000e+00 0.0000e+00 0.0000e+00
  0.0000e+00 0.0000e+00 0.0000e+00 0.0000e+00]
 [0.0000e+00 3.3540e+03 0.0000e+00 0.0000e+00 0.0000e+00 0.0000e+00
  0.0000e+00 0.0000e+00 0.0000e+00 0.0000e+00 0.0000e+00 0.0000e+00
  0.0000e+00 0.0000e+00 0.0000e+00 0.0000e+00]
 [0.0000e+00 0.0000e+00 1.7790e+03 0.0000e+00 0.0000e+00 0.0000e+00
  0.0000e+00 0.0000e+00 0.0000e+00 0.0000e+00 0.0000e+00 0.0000e+00
  0.0000e+00 0.0000e+00 0.0000e+00 0.0000e+00]
 [0.0000e+00 0.0000e+00 0.0000e+00 1.2480e+03 7.0000e+00 0.0000e+00
  0.0000e+00 0.0000e+00 0.0000e+00 0.0000e+00 0.0000e+00 0.0000e+00
  0.0000e+00 0.0000e+00 0.0000e+00 0.0000e+00]
 [0.0000e+00 0.0000e+00 0.0000e+00 6.8000e+00 2.4032e+03 0.0000e+00
  0.0000e+00 0.0000e+00 0.0000e+00 0.0000e+00 0.0000e+00 0.0000e+00
  0.0000e+00 0.0000e+00 0.0000e+00 0.0000e+00]
 [0.0000e+00 0.0000e+00 0.0000e+00 0.0000e+00 0.0000e+00 3.5630e+03
  0.0000e+00 0.0000e+00 0.0000e+00 0.0000e+00 0.0000e+00 0.0000e+00
  0.0000e+00 0.0000e+00 0.0000e+00 0.0000e+00]
 [0.0000e+00 0.0000e+00 0.0000e+00 0.0000e+00 0.0000e+00 0.0000e+00
  3.2210e+03 0.0000e+00 0.0000e+00 0.0000e+00 0.0000e+00 0.0000e+00
  0.0000e+00 0.0000e+00 0.0000e+00 0.0000e+00]
 [0.0000e+00 0.0000e+00 0.0000e+00 0.0000e+00 0.0000e+00 0.0000e+00
  0.0000e+00 1.0032e+04 0.0000e+00 2.0000e-01 0.0000e+00 0.0000e+00
  0.0000e+00 0.0000e+00 1.1180e+02 0.0000e+00]
 [0.0000e+00 0.0000e+00 0.0000e+00 0.0000e+00 0.0000e+00 0.0000e+00
  0.0000e+00 0.0000e+00 5.5830e+03 0.0000e+00 0.0000e+00 0.0000e+00
  0.0000e+00 0.0000e+00 0.0000e+00 0.0000e+00]
 [0.0000e+00 0.0000e+00 0.0000e+00 0.0000e+00 0.0000e+00 0.0000e+00
  0.0000e+00 3.0000e+00 1.4000e+00 2.9368e+03 2.4000e+00 0.0000e+00
  0.0000e+00 6.4000e+00 0.0000e+00 0.0000e+00]
 [0.0000e+00 0.0000e+00 0.0000e+00 4.0000e-01 0.0000e+00 0.0000e+00
  0.0000e+00 0.0000e+00 0.0000e+00 0.0000e+00 9.6060e+02 0.0000e+00
  0.0000e+00 0.0000e+00 0.0000e+00 0.0000e+00]
 [0.0000e+00 0.0000e+00 0.0000e+00 0.0000e+00 0.0000e+00 0.0000e+00
  0.0000e+00 0.0000e+00 0.0000e+00 0.0000e+00 0.0000e+00 1.7340e+03
  0.0000e+00 0.0000e+00 0.0000e+00 0.0000e+00]
 [0.0000e+00 0.0000e+00 0.0000e+00 0.0000e+00 0.0000e+00 0.0000e+00
  0.0000e+00 0.0000e+00 0.0000e+00 0.0000e+00 0.0000e+00 0.0000e+00
  8.2500e+02 0.0000e+00 0.0000e+00 0.0000e+00]
 [0.0000e+00 0.0000e+00 0.0000e+00 0.0000e+00 0.0000e+00 0.0000e+00
  0.0000e+00 0.0000e+00 0.0000e+00 4.6000e+00 0.0000e+00 0.0000e+00
  1.2000e+00 9.5720e+02 0.0000e+00 0.0000e+00]
 [0.0000e+00 0.0000e+00 0.0000e+00 0.0000e+00 2.4000e+00 0.0000e+00
  0.0000e+00 6.2400e+01 0.0000e+00 0.0000e+00 0.0000e+00 0.0000e+00
  0.0000e+00 0.0000e+00 6.4762e+03 0.0000e+00]
 [0.0000e+00 0.0000e+00 0.0000e+00 0.0000e+00 2.0000e-01 0.0000e+00
  2.2000e+00 0.0000e+00 0.0000e+00 0.0000e+00 0.0000e+00 0.0000e+00
  0.0000e+00 0.0000e+00 1.2000e+00 1.6224e+03]]---
Accuracy: 99.56 +- 0.12
---
class acc :
	Brocoli_green_weeds_1: 100.00 +- 0.00
	Brocoli_green_weeds_2: 100.00 +- 0.00
	Fallow: 100.00 +- 0.00
	Fallow_rough_plow: 99.44 +- 0.29
	Fallow_smooth: 99.72 +- 0.37
	Stubble: 100.00 +- 0.00
	Celery: 100.00 +- 0.00
	Grapes_untrained: 98.90 +- 0.60
	Soil_vinyard_develop: 100.00 +- 0.00
	Corn_senesced_green_weeds: 99.55 +- 0.10
	Lettuce_romaine_4wk: 99.96 +- 0.05
	Lettuce_romaine_5wk: 100.00 +- 0.00
	Lettuce_romaine_6wk: 100.00 +- 0.00
	Lettuce_romaine_7wk: 99.40 +- 0.64
	Vinyard_untrained: 99.01 +- 0.42
	Vinyard_vertical_trellis: 99.78 +- 0.27
---
AA: 99.73 +- 0.06
Kappa: 99.51 +- 0.13
