run 1 / 5
Best validation overall accuracy 0.9962797619047619
Confusion matrix :
[[1808    0    0    0    0    0    0    0    0    0    0    0    0    0
     0    0]
 [   0 3354    0    0    0    0    0    0    0    0    0    0    0    0
     0    0]
 [   0    0 1779    0    0    0    0    0    0    0    0    0    0    0
     0    0]
 [   0    0    0 1252    3    0    0    0    0    0    0    0    0    0
     0    0]
 [   0    0    0   14 2396    0    0    0    0    0    0    0    0    0
     0    0]
 [   0    0    0    0    0 3563    0    0    0    0    0    0    0    0
     0    0]
 [   0    0    0    0    0    0 3221    0    0    0    0    0    0    0
     0    0]
 [   0    0    0    0    0    0    0 9977    0    1    0    0    0    0
   166    0]
 [   0    0    0    0    0    0    0    0 5583    0    0    0    0    0
     0    0]
 [   0    0    0    0    0    0    0    3    0 2946    0    0    0    1
     0    0]
 [   0    0    0    0    0    0    0    0    0    0  959    2    0    0
     0    0]
 [   0    0    0    0    0    0    0    0    0    0    0 1734    0    0
     0    0]
 [   0    0    0    0    0    0    0    0    0    0    0    0  825    0
     0    0]
 [   0    0    0    0    0    0    0    0    0    3    0    0    0  960
     0    0]
 [   0    0    0    0    4    0    0   62    0    0    0    0    0    0
  6475    0]
 [   0    0    0    0    0    0    0    0    0    0    0    0    0    0
     0 1626]]---
Accuracy : 99.47%
---
class acc :
	Brocoli_green_weeds_1: 100.00
	Brocoli_green_weeds_2: 100.00
	Fallow: 100.00
	Fallow_rough_plow: 99.76
	Fallow_smooth: 99.42
	Stubble: 100.00
	Celery: 100.00
	Grapes_untrained: 98.35
	Soil_vinyard_develop: 100.00
	Corn_senesced_green_weeds: 99.86
	Lettuce_romaine_4wk: 99.79
	Lettuce_romaine_5wk: 100.00
	Lettuce_romaine_6wk: 100.00
	Lettuce_romaine_7wk: 99.69
	Vinyard_untrained: 98.99
	Vinyard_vertical_trellis: 100.00
---
AA: 99.74%
Kappa: 99.41
run 2 / 5
Best validation overall accuracy 0.9944196428571429
Confusion matrix :
[[1808    0    0    0    0    0    0    0    0    0    0    0    0    0
     0    0]
 [   0 3354    0    0    0    0    0    0    0    0    0    0    0    0
     0    0]
 [   0    0 1779    0    0    0    0    0    0    0    0    0    0    0
     0    0]
 [   0    0    0 1246    9    0    0    0    0    0    0    0    0    0
     0    0]
 [   0    0    4    9 2397    0    0    0    0    0    0    0    0    0
     0    0]
 [   0    0    0    0    0 3563    0    0    0    0    0    0    0    0
     0    0]
 [   0    0    0    0    0    0 3221    0    0    0    0    0    0    0
     0    0]
 [   0    0    0    0    0    0    0 9958    0    0    0    0    0    0
   186    0]
 [   0    0    0    0    0    0    0    0 5583    0    0    0    0    0
     0    0]
 [   0    0    0    0    0    0    0    0    0 2940    0    0    0   10
     0    0]
 [   0    0    0    0    0    0    0    0    0    0  961    0    0    0
     0    0]
 [   0    0    0    0    0    0    0    0    0    0    0 1734    0    0
     0    0]
 [   0    0    0    0    0    0    0    0    0    0    0    0  825    0
     0    0]
 [   0    0    0    0    0    0    0    0    0    1    0    0    0  962
     0    0]
 [   0    0    0    0    0    0    0   52    0    0    0    0    0    0
  6489    0]
 [   0    0    0    0    1    0    6    0    0    0    0    0    0    0
     0 1619]]---
Accuracy : 99.43%
---
class acc :
	Brocoli_green_weeds_1: 100.00
	Brocoli_green_weeds_2: 100.00
	Fallow: 100.00
	Fallow_rough_plow: 99.28
	Fallow_smooth: 99.46
	Stubble: 100.00
	Celery: 100.00
	Grapes_untrained: 98.17
	Soil_vinyard_develop: 100.00
	Corn_senesced_green_weeds: 99.66
	Lettuce_romaine_4wk: 100.00
	Lettuce_romaine_5wk: 100.00
	Lettuce_romaine_6wk: 100.00
	Lettuce_romaine_7wk: 99.90
	Vinyard_untrained: 99.21
	Vinyard_vertical_trellis: 99.57
---
AA: 99.70%
Kappa: 99.36
run 3 / 5
Best validation overall accuracy 0.9962797619047619
Confusion matrix :
[[ 1808     0     0     0     0     0     0     0     0     0     0     0
      0     0     0     0]
 [    0  3354     0     0     0     0     0     0     0     0     0     0
      0     0     0     0]
 [    0     0  1779     0     0     0     0     0     0     0     0     0
      0     0     0     0]
 [    0     0     0  1252     3     0     0     0     0     0     0     0
      0     0     0     0]
 [    0     0     0    14  2396     0     0     0     0     0     0     0
      0     0     0     0]
 [    0     0     0     0     0  3563     0     0     0     0     0     0
      0     0     0     0]
 [    0     0     0     0     0     0  3221     0     0     0     0     0
      0     0     0     0]
 [    0     0     0     0     0     0     0 10057     0     0     0     0
      0     0    87     0]
 [    0     0     0     0     0     0     0     0  5583     0     0     0
      0     0     0     0]
 [    0     0     0     0     0     0     0     0     1  2941     1     0
      0     7     0     0]
 [    0     0     0     3     0     0     0     0     0     0   958     0
      0     0     0     0]
 [    0     0     0     0     0     0     0     0     0     0     0  1734
      0     0     0     0]
 [    0     0     0     0     0     0     0     0     0     0     0     0
    825     0     0     0]
 [    0     0     0     0     0     0     0     0     0     3     0     0
      0   960     0     0]
 [    0     0     0     0     0     0     0    96     0     0     0     0
      0     0  6445     0]
 [    0     0     0     0     0     0     0     0     0     0     0     0
      0     0     0  1626]]---
Accuracy : 99.56%
---
class acc :
	Brocoli_green_weeds_1: 100.00
	Brocoli_green_weeds_2: 100.00
	Fallow: 100.00
	Fallow_rough_plow: 99.76
	Fallow_smooth: 99.42
	Stubble: 100.00
	Celery: 100.00
	Grapes_untrained: 99.14
	Soil_vinyard_develop: 100.00
	Corn_senesced_green_weeds: 99.69
	Lettuce_romaine_4wk: 99.69
	Lettuce_romaine_5wk: 100.00
	Lettuce_romaine_6wk: 100.00
	Lettuce_romaine_7wk: 99.69
	Vinyard_untrained: 98.53
	Vinyard_vertical_trellis: 100.00
---
AA: 99.75%
Kappa: 99.51
run 4 / 5
Best validation overall accuracy 0.9959077380952381
Confusion matrix :
[[ 1808     0     0     0     0     0     0     0     0     0     0     0
      0     0     0     0]
 [    0  3354     0     0     0     0     0     0     0     0     0     0
      0     0     0     0]
 [    0     0  1779     0     0     0     0     0     0     0     0     0
      0     0     0     0]
 [    0     0     0  1255     0     0     0     0     0     0     0     0
      0     0     0     0]
 [    0     0     0     7  2403     0     0     0     0     0     0     0
      0     0     0     0]
 [    0     0     0     0     0  3563     0     0     0     0     0     0
      0     0     0     0]
 [    0     0     0     0     0     0  3221     0     0     0     0     0
      0     0     0     0]
 [    0     0     0     0     0     0     0 10084     0     0     1     0
      0     0    59     0]
 [    0     0     0     0     0     0     0     0  5583     0     0     0
      0     0     0     0]
 [    0     0     0     0     0     0     0     5     2  2943     0     0
      0     0     0     0]
 [    0     0     0     1     0     0     0     0     0     0   960     0
      0     0     0     0]
 [    0     0     0     0     0     0     0     0     0     0     0  1734
      0     0     0     0]
 [    0     0     0     0     0     0     0     0     0     0     0     0
    825     0     0     0]
 [    0     0     0     0     0     0     0     0     0     7     0     0
      0   956     0     0]
 [    0     0     0     0     1     0     0   162     0     0     0     0
      0     0  6378     0]
 [    0     0     0     0     0     0     0     0     0     0     0     0
      0     0     0  1626]]---
Accuracy : 99.50%
---
class acc :
	Brocoli_green_weeds_1: 100.00
	Brocoli_green_weeds_2: 100.00
	Fallow: 100.00
	Fallow_rough_plow: 100.00
	Fallow_smooth: 99.71
	Stubble: 100.00
	Celery: 100.00
	Grapes_untrained: 99.41
	Soil_vinyard_develop: 100.00
	Corn_senesced_green_weeds: 99.76
	Lettuce_romaine_4wk: 99.90
	Lettuce_romaine_5wk: 100.00
	Lettuce_romaine_6wk: 100.00
	Lettuce_romaine_7wk: 99.27
	Vinyard_untrained: 97.51
	Vinyard_vertical_trellis: 100.00
---
AA: 99.72%
Kappa: 99.44
run 5 / 5
Best validation overall accuracy 0.9962797619047619
Confusion matrix :
[[ 1808     0     0     0     0     0     0     0     0     0     0     0
      0     0     0     0]
 [    0  3354     0     0     0     0     0     0     0     0     0     0
      0     0     0     0]
 [    0     0  1779     0     0     0     0     0     0     0     0     0
      0     0     0     0]
 [    0     0     0  1255     0     0     0     0     0     0     0     0
      0     0     0     0]
 [    0     0     0     9  2401     0     0     0     0     0     0     0
      0     0     0     0]
 [    0     0     0     0     0  3563     0     0     0     0     0     0
      0     0     0     0]
 [    0     0     0     0     0     0  3221     0     0     0     0     0
      0     0     0     0]
 [    0     0     0     0     0     0     0 10112     0     0     0     0
      0     0    32     0]
 [    0     0     0     0     0     0     0     0  5583     0     0     0
      0     0     0     0]
 [    0     0     0     0     0     0     0     1     0  2945     3     0
      0     1     0     0]
 [    0     0     0     0     0     0     0     0     0     0   958     3
      0     0     0     0]
 [    0     0     0     0     0     0     0     0     0     0     0  1734
      0     0     0     0]
 [    0     0     0     0     0     0     0     0     0     0     0     0
    825     0     0     0]
 [    0     0     0     0     0     0     0     0     0     4     0     0
      0   959     0     0]
 [    0     0     0     0     0     0     0    76     0     0     0     0
      0     0  6465     0]
 [    0     0     0     0     7     0     6     0     0     0     0     0
      0     0     7  1606]]---
Accuracy : 99.69%
---
class acc :
	Brocoli_green_weeds_1: 100.00
	Brocoli_green_weeds_2: 100.00
	Fallow: 100.00
	Fallow_rough_plow: 100.00
	Fallow_smooth: 99.63
	Stubble: 100.00
	Celery: 100.00
	Grapes_untrained: 99.68
	Soil_vinyard_develop: 100.00
	Corn_senesced_green_weeds: 99.83
	Lettuce_romaine_4wk: 99.69
	Lettuce_romaine_5wk: 100.00
	Lettuce_romaine_6wk: 100.00
	Lettuce_romaine_7wk: 99.58
	Vinyard_untrained: 98.84
	Vinyard_vertical_trellis: 98.77
---
AA: 99.75%
Kappa: 99.66
Agregated results :
Confusion matrix :
[[1.80800e+03 0.00000e+00 0.00000e+00 0.00000e+00 0.00000e+00 0.00000e+00
  0.00000e+00 0.00000e+00 0.00000e+00 0.00000e+00 0.00000e+00 0.00000e+00
  0.00000e+00 0.00000e+00 0.00000e+00 0.00000e+00]
 [0.00000e+00 3.35400e+03 0.00000e+00 0.00000e+00 0.00000e+00 0.00000e+00
  0.00000e+00 0.00000e+00 0.00000e+00 0.00000e+00 0.00000e+00 0.00000e+00
  0.00000e+00 0.00000e+00 0.00000e+00 0.00000e+00]
 [0.00000e+00 0.00000e+00 1.77900e+03 0.00000e+00 0.00000e+00 0.00000e+00
  0.00000e+00 0.00000e+00 0.00000e+00 0.00000e+00 0.00000e+00 0.00000e+00
  0.00000e+00 0.00000e+00 0.00000e+00 0.00000e+00]
 [0.00000e+00 0.00000e+00 0.00000e+00 1.25200e+03 3.00000e+00 0.00000e+00
  0.00000e+00 0.00000e+00 0.00000e+00 0.00000e+00 0.00000e+00 0.00000e+00
  0.00000e+00 0.00000e+00 0.00000e+00 0.00000e+00]
 [0.00000e+00 0.00000e+00 8.00000e-01 1.06000e+01 2.39860e+03 0.00000e+00
  0.00000e+00 0.00000e+00 0.00000e+00 0.00000e+00 0.00000e+00 0.00000e+00
  0.00000e+00 0.00000e+00 0.00000e+00 0.00000e+00]
 [0.00000e+00 0.00000e+00 0.00000e+00 0.00000e+00 0.00000e+00 3.56300e+03
  0.00000e+00 0.00000e+00 0.00000e+00 0.00000e+00 0.00000e+00 0.00000e+00
  0.00000e+00 0.00000e+00 0.00000e+00 0.00000e+00]
 [0.00000e+00 0.00000e+00 0.00000e+00 0.00000e+00 0.00000e+00 0.00000e+00
  3.22100e+03 0.00000e+00 0.00000e+00 0.00000e+00 0.00000e+00 0.00000e+00
  0.00000e+00 0.00000e+00 0.00000e+00 0.00000e+00]
 [0.00000e+00 0.00000e+00 0.00000e+00 0.00000e+00 0.00000e+00 0.00000e+00
  0.00000e+00 1.00376e+04 0.00000e+00 2.00000e-01 2.00000e-01 0.00000e+00
  0.00000e+00 0.00000e+00 1.06000e+02 0.00000e+00]
 [0.00000e+00 0.00000e+00 0.00000e+00 0.00000e+00 0.00000e+00 0.00000e+00
  0.00000e+00 0.00000e+00 5.58300e+03 0.00000e+00 0.00000e+00 0.00000e+00
  0.00000e+00 0.00000e+00 0.00000e+00 0.00000e+00]
 [0.00000e+00 0.00000e+00 0.00000e+00 0.00000e+00 0.00000e+00 0.00000e+00
  0.00000e+00 1.80000e+00 6.00000e-01 2.94300e+03 8.00000e-01 0.00000e+00
  0.00000e+00 3.80000e+00 0.00000e+00 0.00000e+00]
 [0.00000e+00 0.00000e+00 0.00000e+00 8.00000e-01 0.00000e+00 0.00000e+00
  0.00000e+00 0.00000e+00 0.00000e+00 0.00000e+00 9.59200e+02 1.00000e+00
  0.00000e+00 0.00000e+00 0.00000e+00 0.00000e+00]
 [0.00000e+00 0.00000e+00 0.00000e+00 0.00000e+00 0.00000e+00 0.00000e+00
  0.00000e+00 0.00000e+00 0.00000e+00 0.00000e+00 0.00000e+00 1.73400e+03
  0.00000e+00 0.00000e+00 0.00000e+00 0.00000e+00]
 [0.00000e+00 0.00000e+00 0.00000e+00 0.00000e+00 0.00000e+00 0.00000e+00
  0.00000e+00 0.00000e+00 0.00000e+00 0.00000e+00 0.00000e+00 0.00000e+00
  8.25000e+02 0.00000e+00 0.00000e+00 0.00000e+00]
 [0.00000e+00 0.00000e+00 0.00000e+00 0.00000e+00 0.00000e+00 0.00000e+00
  0.00000e+00 0.00000e+00 0.00000e+00 3.60000e+00 0.00000e+00 0.00000e+00
  0.00000e+00 9.59400e+02 0.00000e+00 0.00000e+00]
 [0.00000e+00 0.00000e+00 0.00000e+00 0.00000e+00 1.00000e+00 0.00000e+00
  0.00000e+00 8.96000e+01 0.00000e+00 0.00000e+00 0.00000e+00 0.00000e+00
  0.00000e+00 0.00000e+00 6.45040e+03 0.00000e+00]
 [0.00000e+00 0.00000e+00 0.00000e+00 0.00000e+00 1.60000e+00 0.00000e+00
  2.40000e+00 0.00000e+00 0.00000e+00 0.00000e+00 0.00000e+00 0.00000e+00
  0.00000e+00 0.00000e+00 1.40000e+00 1.62060e+03]]---
Accuracy: 99.53 +- 0.09
---
class acc :
	Brocoli_green_weeds_1: 100.00 +- 0.00
	Brocoli_green_weeds_2: 100.00 +- 0.00
	Fallow: 100.00 +- 0.00
	Fallow_rough_plow: 99.76 +- 0.26
	Fallow_smooth: 99.53 +- 0.12
	Stubble: 100.00 +- 0.00
	Celery: 100.00 +- 0.00
	Grapes_untrained: 98.95 +- 0.59
	Soil_vinyard_develop: 100.00 +- 0.00
	Corn_senesced_green_weeds: 99.76 +- 0.08
	Lettuce_romaine_4wk: 99.81 +- 0.12
	Lettuce_romaine_5wk: 100.00 +- 0.00
	Lettuce_romaine_6wk: 100.00 +- 0.00
	Lettuce_romaine_7wk: 99.63 +- 0.20
	Vinyard_untrained: 98.61 +- 0.60
	Vinyard_vertical_trellis: 99.67 +- 0.48
---
AA: 99.73 +- 0.02
Kappa: 99.48 +- 0.10
