run 1 / 5
Best validation overall accuracy 0.9977678571428571
Confusion matrix :
[[ 1808     0     0     0     0     0     0     0     0     0     0     0
      0     0     0     0]
 [    0  3354     0     0     0     0     0     0     0     0     0     0
      0     0     0     0]
 [    0     0  1773     0     6     0     0     0     0     0     0     0
      0     0     0     0]
 [    0     0     0  1251     4     0     0     0     0     0     0     0
      0     0     0     0]
 [    0     0     0     3  2407     0     0     0     0     0     0     0
      0     0     0     0]
 [    0     0     0     0     0  3563     0     0     0     0     0     0
      0     0     0     0]
 [    0     0     0     0     0     0  3221     0     0     0     0     0
      0     0     0     0]
 [    0     0     0     0     0     0     0 10124     0     0     0     0
      0     0    20     0]
 [    0     0     0     0     0     0     0     0  5583     0     0     0
      0     0     0     0]
 [    0     0     0     0     0     0     0     2     4  2943     0     0
      0     1     0     0]
 [    0     0     0     2     0     0     0     0     0     0   955     4
      0     0     0     0]
 [    0     0     0     0     0     0     0     0     0     0     0  1734
      0     0     0     0]
 [    0     0     0     0     0     0     0     0     0     0     0     0
    823     2     0     0]
 [    0     0     0     0     0     0     0     0     0     5     0     0
      0   958     0     0]
 [    0     0     0     0     0     0     0    94     0     0     0     0
      0     0  6447     0]
 [    0     0     0     3     0     0     0     0     0     0     0     0
      0     0     0  1623]]---
Accuracy : 99.69%
---
class acc :
	Brocoli_green_weeds_1: 100.00
	Brocoli_green_weeds_2: 100.00
	Fallow: 99.66
	Fallow_rough_plow: 99.68
	Fallow_smooth: 99.88
	Stubble: 100.00
	Celery: 100.00
	Grapes_untrained: 99.80
	Soil_vinyard_develop: 100.00
	Corn_senesced_green_weeds: 99.76
	Lettuce_romaine_4wk: 99.38
	Lettuce_romaine_5wk: 100.00
	Lettuce_romaine_6wk: 99.76
	Lettuce_romaine_7wk: 99.48
	Vinyard_untrained: 98.56
	Vinyard_vertical_trellis: 99.82
---
AA: 99.74%
Kappa: 99.66
run 2 / 5
Best validation overall accuracy 0.9947916666666666
Confusion matrix :
[[ 1808     0     0     0     0     0     0     0     0     0     0     0
      0     0     0     0]
 [    0  3354     0     0     0     0     0     0     0     0     0     0
      0     0     0     0]
 [    0     0  1779     0     0     0     0     0     0     0     0     0
      0     0     0     0]
 [    0     0     0  1255     0     0     0     0     0     0     0     0
      0     0     0     0]
 [    0     0     0     8  2402     0     0     0     0     0     0     0
      0     0     0     0]
 [    0     0     0     0     0  3563     0     0     0     0     0     0
      0     0     0     0]
 [    0     0     0     0     0     1  3220     0     0     0     0     0
      0     0     0     0]
 [    0     0     0     0     0     0     0 10075     0     0     0     0
      0     0    69     0]
 [    0     0     0     0     0     0     0     0  5583     0     0     0
      0     0     0     0]
 [    0     0     0     0     0     0     0     0    14  2928     0     0
      0     8     0     0]
 [    0     0     1     4     0     0     0     0     0     0   953     3
      0     0     0     0]
 [    0     0     0     0     0     0     0     0     0     0     0  1734
      0     0     0     0]
 [    0     0     0     0     0     0     0     0     0     0     0     0
    825     0     0     0]
 [    0     0     0     0     0     0     0     0     0     5     0     0
      0   958     0     0]
 [    0     0     0     0     0     0     0   143     0     0     0     0
      0     0  6398     0]
 [    0     0     0     0     9     0     0     0     0     1     0     0
      0    10     4  1602]]---
Accuracy : 99.43%
---
class acc :
	Brocoli_green_weeds_1: 100.00
	Brocoli_green_weeds_2: 100.00
	Fallow: 100.00
	Fallow_rough_plow: 100.00
	Fallow_smooth: 99.67
	Stubble: 100.00
	Celery: 99.97
	Grapes_untrained: 99.32
	Soil_vinyard_develop: 100.00
	Corn_senesced_green_weeds: 99.25
	Lettuce_romaine_4wk: 99.17
	Lettuce_romaine_5wk: 100.00
	Lettuce_romaine_6wk: 100.00
	Lettuce_romaine_7wk: 99.48
	Vinyard_untrained: 97.81
	Vinyard_vertical_trellis: 98.52
---
AA: 99.57%
Kappa: 99.36
run 3 / 5
Best validation overall accuracy 0.9951636904761905
Confusion matrix :
[[1808    0    0    0    0    0    0    0    0    0    0    0    0    0
     0    0]
 [   0 3354    0    0    0    0    0    0    0    0    0    0    0    0
     0    0]
 [   0    0 1779    0    0    0    0    0    0    0    0    0    0    0
     0    0]
 [   0    0    0 1251    4    0    0    0    0    0    0    0    0    0
     0    0]
 [   0    0    3    0 2407    0    0    0    0    0    0    0    0    0
     0    0]
 [   0    0    0    0    0 3563    0    0    0    0    0    0    0    0
     0    0]
 [   0    0    0    0    0    0 3221    0    0    0    0    0    0    0
     0    0]
 [   0    0    0    0    0    0    0 9958    0    0    0    0    0    0
   186    0]
 [   0    0    0    0    0    0    0    0 5583    0    0    0    0    0
     0    0]
 [   0    0   15    0    0    0    0    3   14 2918    0    0    0    0
     0    0]
 [   0    0    0    0    0    0    0    0    0    0  960    1    0    0
     0    0]
 [   0    0    0    0    0    0    0    0    0    0    0 1734    0    0
     0    0]
 [   0    0    0    0    0    0    0    0    0    0    0    0  825    0
     0    0]
 [   0    0    0    0    0    0    0    0    0    6    0    0    0  957
     0    0]
 [   0    0    0    0    0    0    0   48    0    0    0    0    0    0
  6493    0]
 [   0    0    0    0    0    0    0    0    0    0    0    0    0    2
     0 1624]]---
Accuracy : 99.42%
---
class acc :
	Brocoli_green_weeds_1: 100.00
	Brocoli_green_weeds_2: 100.00
	Fallow: 100.00
	Fallow_rough_plow: 99.68
	Fallow_smooth: 99.88
	Stubble: 100.00
	Celery: 100.00
	Grapes_untrained: 98.17
	Soil_vinyard_develop: 100.00
	Corn_senesced_green_weeds: 98.92
	Lettuce_romaine_4wk: 99.90
	Lettuce_romaine_5wk: 100.00
	Lettuce_romaine_6wk: 100.00
	Lettuce_romaine_7wk: 99.38
	Vinyard_untrained: 99.27
	Vinyard_vertical_trellis: 99.88
---
AA: 99.69%
Kappa: 99.36
run 4 / 5
Best validation overall accuracy 0.9959077380952381
Confusion matrix :
[[ 1808     0     0     0     0     0     0     0     0     0     0     0
      0     0     0     0]
 [    0  3354     0     0     0     0     0     0     0     0     0     0
      0     0     0     0]
 [    0     0  1779     0     0     0     0     0     0     0     0     0
      0     0     0     0]
 [    0     0     0  1240    15     0     0     0     0     0     0     0
      0     0     0     0]
 [    0     0     0     0  2410     0     0     0     0     0     0     0
      0     0     0     0]
 [    0     0     0     0     0  3563     0     0     0     0     0     0
      0     0     0     0]
 [    0     0     0     0     0     0  3221     0     0     0     0     0
      0     0     0     0]
 [    0     0     0     0     0     0     0 10106     0     0     0     0
      0     0    38     0]
 [    0     0     0     0     0     0     0     0  5583     0     0     0
      0     0     0     0]
 [    0     0     0     0     0     0     0     0     5  2939     0     0
      0     6     0     0]
 [    0     0     0     1     0     0     0     0     0     0   960     0
      0     0     0     0]
 [    0     0     0     0     0     0     0     0     0     0     0  1734
      0     0     0     0]
 [    0     0     0     0     0     0     0     0     0     0     0     0
    825     0     0     0]
 [    0     0     0     0     0     0     0     0     0     9     0     0
      0   954     0     0]
 [    0     0     0     0     0     0     0   134     0     0     0     0
      0     0  6407     0]
 [    0     0     0     0     0     0     0     0     0     0     0     0
      0     0     0  1626]]---
Accuracy : 99.57%
---
class acc :
	Brocoli_green_weeds_1: 100.00
	Brocoli_green_weeds_2: 100.00
	Fallow: 100.00
	Fallow_rough_plow: 98.80
	Fallow_smooth: 100.00
	Stubble: 100.00
	Celery: 100.00
	Grapes_untrained: 99.63
	Soil_vinyard_develop: 100.00
	Corn_senesced_green_weeds: 99.63
	Lettuce_romaine_4wk: 99.90
	Lettuce_romaine_5wk: 100.00
	Lettuce_romaine_6wk: 100.00
	Lettuce_romaine_7wk: 99.07
	Vinyard_untrained: 97.95
	Vinyard_vertical_trellis: 100.00
---
AA: 99.69%
Kappa: 99.52
run 5 / 5
Best validation overall accuracy 0.9955357142857143
Confusion matrix :
[[ 1788    20     0     0     0     0     0     0     0     0     0     0
      0     0     0     0]
 [    0  3354     0     0     0     0     0     0     0     0     0     0
      0     0     0     0]
 [    0     0  1779     0     0     0     0     0     0     0     0     0
      0     0     0     0]
 [    0     0     0  1254     1     0     0     0     0     0     0     0
      0     0     0     0]
 [    0     0     0     8  2402     0     0     0     0     0     0     0
      0     0     0     0]
 [    0     0     0     0     0  3563     0     0     0     0     0     0
      0     0     0     0]
 [    0     0     0     0     0     0  3221     0     0     0     0     0
      0     0     0     0]
 [    0     0     0     0     0     0     0 10072     0     0     0     0
      0     0    72     0]
 [    0     0     0     0     0     0     0     0  5583     0     0     0
      0     0     0     0]
 [    0     0     0     0     0     0     0     1     0  2927    22     0
      0     0     0     0]
 [    0     0     0     2     0     0     0     0     0     0   959     0
      0     0     0     0]
 [    0     0     0     0     0     0     0     0     0     0     0  1734
      0     0     0     0]
 [    0     0     0     0     0     0     0     0     0     0     0     0
    825     0     0     0]
 [    0     0     0     0     0     0     0     0     0     3     0     0
      0   960     0     0]
 [    0     0     0     0     4     0     0    96     0     0     0     0
      0     0  6441     0]
 [    0     0     0     0     1     0     0     0     0     0     0     0
      0     6     2  1617]]---
Accuracy : 99.51%
---
class acc :
	Brocoli_green_weeds_1: 98.89
	Brocoli_green_weeds_2: 100.00
	Fallow: 100.00
	Fallow_rough_plow: 99.92
	Fallow_smooth: 99.67
	Stubble: 100.00
	Celery: 100.00
	Grapes_untrained: 99.29
	Soil_vinyard_develop: 100.00
	Corn_senesced_green_weeds: 99.22
	Lettuce_romaine_4wk: 99.79
	Lettuce_romaine_5wk: 100.00
	Lettuce_romaine_6wk: 100.00
	Lettuce_romaine_7wk: 99.69
	Vinyard_untrained: 98.47
	Vinyard_vertical_trellis: 99.45
---
AA: 99.65%
Kappa: 99.46
Agregated results :
Confusion matrix :
[[1.8040e+03 4.0000e+00 0.0000e+00 0.0000e+00 0.0000e+00 0.0000e+00
  0.0000e+00 0.0000e+00 0.0000e+00 0.0000e+00 0.0000e+00 0.0000e+00
  0.0000e+00 0.0000e+00 0.0000e+00 0.0000e+00]
 [0.0000e+00 3.3540e+03 0.0000e+00 0.0000e+00 0.0000e+00 0.0000e+00
  0.0000e+00 0.0000e+00 0.0000e+00 0.0000e+00 0.0000e+00 0.0000e+00
  0.0000e+00 0.0000e+00 0.0000e+00 0.0000e+00]
 [0.0000e+00 0.0000e+00 1.7778e+03 0.0000e+00 1.2000e+00 0.0000e+00
  0.0000e+00 0.0000e+00 0.0000e+00 0.0000e+00 0.0000e+00 0.0000e+00
  0.0000e+00 0.0000e+00 0.0000e+00 0.0000e+00]
 [0.0000e+00 0.0000e+00 0.0000e+00 1.2502e+03 4.8000e+00 0.0000e+00
  0.0000e+00 0.0000e+00 0.0000e+00 0.0000e+00 0.0000e+00 0.0000e+00
  0.0000e+00 0.0000e+00 0.0000e+00 0.0000e+00]
 [0.0000e+00 0.0000e+00 6.0000e-01 3.8000e+00 2.4056e+03 0.0000e+00
  0.0000e+00 0.0000e+00 0.0000e+00 0.0000e+00 0.0000e+00 0.0000e+00
  0.0000e+00 0.0000e+00 0.0000e+00 0.0000e+00]
 [0.0000e+00 0.0000e+00 0.0000e+00 0.0000e+00 0.0000e+00 3.5630e+03
  0.0000e+00 0.0000e+00 0.0000e+00 0.0000e+00 0.0000e+00 0.0000e+00
  0.0000e+00 0.0000e+00 0.0000e+00 0.0000e+00]
 [0.0000e+00 0.0000e+00 0.0000e+00 0.0000e+00 0.0000e+00 2.0000e-01
  3.2208e+03 0.0000e+00 0.0000e+00 0.0000e+00 0.0000e+00 0.0000e+00
  0.0000e+00 0.0000e+00 0.0000e+00 0.0000e+00]
 [0.0000e+00 0.0000e+00 0.0000e+00 0.0000e+00 0.0000e+00 0.0000e+00
  0.0000e+00 1.0067e+04 0.0000e+00 0.0000e+00 0.0000e+00 0.0000e+00
  0.0000e+00 0.0000e+00 7.7000e+01 0.0000e+00]
 [0.0000e+00 0.0000e+00 0.0000e+00 0.0000e+00 0.0000e+00 0.0000e+00
  0.0000e+00 0.0000e+00 5.5830e+03 0.0000e+00 0.0000e+00 0.0000e+00
  0.0000e+00 0.0000e+00 0.0000e+00 0.0000e+00]
 [0.0000e+00 0.0000e+00 3.0000e+00 0.0000e+00 0.0000e+00 0.0000e+00
  0.0000e+00 1.2000e+00 7.4000e+00 2.9310e+03 4.4000e+00 0.0000e+00
  0.0000e+00 3.0000e+00 0.0000e+00 0.0000e+00]
 [0.0000e+00 0.0000e+00 2.0000e-01 1.8000e+00 0.0000e+00 0.0000e+00
  0.0000e+00 0.0000e+00 0.0000e+00 0.0000e+00 9.5740e+02 1.6000e+00
  0.0000e+00 0.0000e+00 0.0000e+00 0.0000e+00]
 [0.0000e+00 0.0000e+00 0.0000e+00 0.0000e+00 0.0000e+00 0.0000e+00
  0.0000e+00 0.0000e+00 0.0000e+00 0.0000e+00 0.0000e+00 1.7340e+03
  0.0000e+00 0.0000e+00 0.0000e+00 0.0000e+00]
 [0.0000e+00 0.0000e+00 0.0000e+00 0.0000e+00 0.0000e+00 0.0000e+00
  0.0000e+00 0.0000e+00 0.0000e+00 0.0000e+00 0.0000e+00 0.0000e+00
  8.2460e+02 4.0000e-01 0.0000e+00 0.0000e+00]
 [0.0000e+00 0.0000e+00 0.0000e+00 0.0000e+00 0.0000e+00 0.0000e+00
  0.0000e+00 0.0000e+00 0.0000e+00 5.6000e+00 0.0000e+00 0.0000e+00
  0.0000e+00 9.5740e+02 0.0000e+00 0.0000e+00]
 [0.0000e+00 0.0000e+00 0.0000e+00 0.0000e+00 8.0000e-01 0.0000e+00
  0.0000e+00 1.0300e+02 0.0000e+00 0.0000e+00 0.0000e+00 0.0000e+00
  0.0000e+00 0.0000e+00 6.4372e+03 0.0000e+00]
 [0.0000e+00 0.0000e+00 0.0000e+00 6.0000e-01 2.0000e+00 0.0000e+00
  0.0000e+00 0.0000e+00 0.0000e+00 2.0000e-01 0.0000e+00 0.0000e+00
  0.0000e+00 3.6000e+00 1.2000e+00 1.6184e+03]]---
Accuracy: 99.52 +- 0.10
---
class acc :
	Brocoli_green_weeds_1: 99.78 +- 0.44
	Brocoli_green_weeds_2: 100.00 +- 0.00
	Fallow: 99.93 +- 0.13
	Fallow_rough_plow: 99.62 +- 0.43
	Fallow_smooth: 99.82 +- 0.13
	Stubble: 100.00 +- 0.00
	Celery: 99.99 +- 0.01
	Grapes_untrained: 99.24 +- 0.57
	Soil_vinyard_develop: 100.00 +- 0.00
	Corn_senesced_green_weeds: 99.36 +- 0.30
	Lettuce_romaine_4wk: 99.63 +- 0.30
	Lettuce_romaine_5wk: 100.00 +- 0.00
	Lettuce_romaine_6wk: 99.95 +- 0.10
	Lettuce_romaine_7wk: 99.42 +- 0.20
	Vinyard_untrained: 98.41 +- 0.51
	Vinyard_vertical_trellis: 99.53 +- 0.54
---
AA: 99.67 +- 0.05
Kappa: 99.47 +- 0.11
