run 1 / 5
Best validation overall accuracy 0.9947916666666666
Confusion matrix :
[[ 1808     0     0     0     0     0     0     0     0     0     0     0
      0     0     0     0]
 [    0  3354     0     0     0     0     0     0     0     0     0     0
      0     0     0     0]
 [    0     0  1779     0     0     0     0     0     0     0     0     0
      0     0     0     0]
 [    0     0     0  1250     5     0     0     0     0     0     0     0
      0     0     0     0]
 [    0     0     0     7  2403     0     0     0     0     0     0     0
      0     0     0     0]
 [    0     0     0     0     0  3563     0     0     0     0     0     0
      0     0     0     0]
 [    0     0     0     0     0     0  3221     0     0     0     0     0
      0     0     0     0]
 [    0     0     0     0     0     0     0 10015     0     0     0     0
      0     0   129     0]
 [    0     0     0     0     0     0     0     0  5583     0     0     0
      0     0     0     0]
 [    0     0     0     0     0     0     0     1     0  2937     9     0
      0     3     0     0]
 [    0     0     0     0     0     0     0     0     0     0   959     2
      0     0     0     0]
 [    0     0     0     0     0     0     0     0     0     0     0  1734
      0     0     0     0]
 [    0     0     0     0     0     0     0     0     0     0     0     0
    825     0     0     0]
 [    0     0     0     0     0     0     0     0     0     3     0     0
      0   960     0     0]
 [    0     0     0     0     0     0     0    64     0     0     0     0
      0     0  6477     0]
 [    0     0     0     0     0     0     0     0     0     0     0     0
      0     0     0  1626]]---
Accuracy : 99.54%
---
class acc :
	Brocoli_green_weeds_1: 100.00
	Brocoli_green_weeds_2: 100.00
	Fallow: 100.00
	Fallow_rough_plow: 99.60
	Fallow_smooth: 99.71
	Stubble: 100.00
	Celery: 100.00
	Grapes_untrained: 98.73
	Soil_vinyard_develop: 100.00
	Corn_senesced_green_weeds: 99.56
	Lettuce_romaine_4wk: 99.79
	Lettuce_romaine_5wk: 100.00
	Lettuce_romaine_6wk: 100.00
	Lettuce_romaine_7wk: 99.69
	Vinyard_untrained: 99.02
	Vinyard_vertical_trellis: 100.00
---
AA: 99.76%
Kappa: 99.49
run 2 / 5
Best validation overall accuracy 0.9959077380952381
Confusion matrix :
[[ 1808     0     0     0     0     0     0     0     0     0     0     0
      0     0     0     0]
 [    0  3354     0     0     0     0     0     0     0     0     0     0
      0     0     0     0]
 [    0     0  1778     0     1     0     0     0     0     0     0     0
      0     0     0     0]
 [    0     0     0  1244    11     0     0     0     0     0     0     0
      0     0     0     0]
 [    0     0     0     3  2407     0     0     0     0     0     0     0
      0     0     0     0]
 [    0     0     0     0     0  3563     0     0     0     0     0     0
      0     0     0     0]
 [    0     0     0     0     0     0  3221     0     0     0     0     0
      0     0     0     0]
 [    0     0     0     0     0     0     0 10064     0     0     0     0
      0     0    80     0]
 [    0     0     0     0     0     0     0     0  5583     0     0     0
      0     0     0     0]
 [    0     0     0     0     0     0     0     2     0  2943     0     0
      0     5     0     0]
 [    0     0     0     0     0     0     0     0     0     0   961     0
      0     0     0     0]
 [    0     0     0     0     0     0     0     0     0     0     0  1734
      0     0     0     0]
 [    0     0     0     0     0     0     0     0     0     0     0     0
    825     0     0     0]
 [    0     0     0     0     0     0     0     0     0     2     0     0
      0   961     0     0]
 [    0     0     0     0     0     0     0   103     0     0     0     0
      0     0  6438     0]
 [    0     0     0     0     0     0     0     0     0     0     0     0
      0     7     0  1619]]---
Accuracy : 99.56%
---
class acc :
	Brocoli_green_weeds_1: 100.00
	Brocoli_green_weeds_2: 100.00
	Fallow: 99.94
	Fallow_rough_plow: 99.12
	Fallow_smooth: 99.88
	Stubble: 100.00
	Celery: 100.00
	Grapes_untrained: 99.21
	Soil_vinyard_develop: 100.00
	Corn_senesced_green_weeds: 99.76
	Lettuce_romaine_4wk: 100.00
	Lettuce_romaine_5wk: 100.00
	Lettuce_romaine_6wk: 100.00
	Lettuce_romaine_7wk: 99.79
	Vinyard_untrained: 98.43
	Vinyard_vertical_trellis: 99.57
---
AA: 99.73%
Kappa: 99.51
run 3 / 5
Best validation overall accuracy 0.9933035714285714
Confusion matrix :
[[1808    0    0    0    0    0    0    0    0    0    0    0    0    0
     0    0]
 [   0 3354    0    0    0    0    0    0    0    0    0    0    0    0
     0    0]
 [   0    0 1779    0    0    0    0    0    0    0    0    0    0    0
     0    0]
 [   0    0    0 1250    5    0    0    0    0    0    0    0    0    0
     0    0]
 [   0    0    0    7 2403    0    0    0    0    0    0    0    0    0
     0    0]
 [   0    0    0    0    0 3563    0    0    0    0    0    0    0    0
     0    0]
 [   0    0    0    0    0    0 3221    0    0    0    0    0    0    0
     0    0]
 [   0    0    0    0    0    0    0 9905    0    0    0    0    0    0
   239    0]
 [   0    0    0    0    0    0    0    0 5583    0    0    0    0    0
     0    0]
 [   0    0    0    0    0    0    0    0    0 2930    1    0    0   19
     0    0]
 [   0    0    0    1    0    0    0    0    0    0  960    0    0    0
     0    0]
 [   0    0    0    0    0    0    0    0    0    0    0 1734    0    0
     0    0]
 [   0    0    0    0    0    0    0    0    0    0    0    0  825    0
     0    0]
 [   0    0    0    0    0    0    0    0    0    9    0    0    0  954
     0    0]
 [   0    0    0    0    0    0    0  136    0    0    0    0    0    0
  6405    0]
 [   0    0    0    0    0    0    0    0    0    0    0    0    0    0
     0 1626]]---
Accuracy : 99.14%
---
class acc :
	Brocoli_green_weeds_1: 100.00
	Brocoli_green_weeds_2: 100.00
	Fallow: 100.00
	Fallow_rough_plow: 99.60
	Fallow_smooth: 99.71
	Stubble: 100.00
	Celery: 100.00
	Grapes_untrained: 97.64
	Soil_vinyard_develop: 100.00
	Corn_senesced_green_weeds: 99.32
	Lettuce_romaine_4wk: 99.90
	Lettuce_romaine_5wk: 100.00
	Lettuce_romaine_6wk: 100.00
	Lettuce_romaine_7wk: 99.07
	Vinyard_untrained: 97.92
	Vinyard_vertical_trellis: 100.00
---
AA: 99.57%
Kappa: 99.05
run 4 / 5
Best validation overall accuracy 0.9966517857142857
Confusion matrix :
[[ 1808     0     0     0     0     0     0     0     0     0     0     0
      0     0     0     0]
 [    0  3354     0     0     0     0     0     0     0     0     0     0
      0     0     0     0]
 [    0     0  1695     0    84     0     0     0     0     0     0     0
      0     0     0     0]
 [    0     0     0  1250     5     0     0     0     0     0     0     0
      0     0     0     0]
 [    0     0     0     0  2410     0     0     0     0     0     0     0
      0     0     0     0]
 [    0     0     0     0     0  3563     0     0     0     0     0     0
      0     0     0     0]
 [    0     0     0     0     0     0  3221     0     0     0     0     0
      0     0     0     0]
 [    0     0     0     0     0     0     0 10013     0     0     0     0
      0     0   131     0]
 [    0     0     0     0     0     0     0     0  5583     0     0     0
      0     0     0     0]
 [    0     0     0     0     0     0     0     4     7  2939     0     0
      0     0     0     0]
 [    0     0     0     4     0     0     0     0     0     0   957     0
      0     0     0     0]
 [    0     0     0     0     0     0     0     0     0     0     0  1734
      0     0     0     0]
 [    0     0     0     0     0     0     0     0     0     0     0     0
    825     0     0     0]
 [    0     0     0     0     0     0     0     0     0    10     0     0
      0   953     0     0]
 [    0     0     0     0     1     0     0   103     0     0     0     0
      0     0  6437     0]
 [    0     0     0     0     0     0     0     0     0     0     0     0
      0     0     0  1626]]---
Accuracy : 99.28%
---
class acc :
	Brocoli_green_weeds_1: 100.00
	Brocoli_green_weeds_2: 100.00
	Fallow: 95.28
	Fallow_rough_plow: 99.60
	Fallow_smooth: 100.00
	Stubble: 100.00
	Celery: 100.00
	Grapes_untrained: 98.71
	Soil_vinyard_develop: 100.00
	Corn_senesced_green_weeds: 99.63
	Lettuce_romaine_4wk: 99.58
	Lettuce_romaine_5wk: 100.00
	Lettuce_romaine_6wk: 100.00
	Lettuce_romaine_7wk: 98.96
	Vinyard_untrained: 98.41
	Vinyard_vertical_trellis: 100.00
---
AA: 99.39%
Kappa: 99.20
run 5 / 5
Best validation overall accuracy 0.9955357142857143
Confusion matrix :
[[1808    0    0    0    0    0    0    0    0    0    0    0    0    0
     0    0]
 [   0 3354    0    0    0    0    0    0    0    0    0    0    0    0
     0    0]
 [   0    0 1779    0    0    0    0    0    0    0    0    0    0    0
     0    0]
 [   0    0    0 1255    0    0    0    0    0    0    0    0    0    0
     0    0]
 [   0    0    0    7 2403    0    0    0    0    0    0    0    0    0
     0    0]
 [   0    0    0    0    0 3563    0    0    0    0    0    0    0    0
     0    0]
 [   0    0    0    0    0    0 3221    0    0    0    0    0    0    0
     0    0]
 [   0    0    0    0    0    0    0 9972    0    0    0    0    0    0
   172    0]
 [   0    0    0    0    0    0    0    0 5583    0    0    0    0    0
     0    0]
 [   0    0    0    0    0    0    0    1    0 2934   13    0    0    2
     0    0]
 [   0    0    0    0    0    0    0    0    0    0  961    0    0    0
     0    0]
 [   0    0    0    0    0    0    0    0    0    0    0 1734    0    0
     0    0]
 [   0    0    0    0    0    0    0    0    0    0    0    0  825    0
     0    0]
 [   0    0    0    0    0    0    0    0    0    4    0    0    0  959
     0    0]
 [   0    0    0    0    0    0    0  108    0    0    0    0    0    0
  6433    0]
 [   0    0    0    0    0    0    1    9    0    0    0    0    0    5
     0 1611]]---
Accuracy : 99.34%
---
class acc :
	Brocoli_green_weeds_1: 100.00
	Brocoli_green_weeds_2: 100.00
	Fallow: 100.00
	Fallow_rough_plow: 100.00
	Fallow_smooth: 99.71
	Stubble: 100.00
	Celery: 100.00
	Grapes_untrained: 98.30
	Soil_vinyard_develop: 100.00
	Corn_senesced_green_weeds: 99.46
	Lettuce_romaine_4wk: 100.00
	Lettuce_romaine_5wk: 100.00
	Lettuce_romaine_6wk: 100.00
	Lettuce_romaine_7wk: 99.58
	Vinyard_untrained: 98.35
	Vinyard_vertical_trellis: 99.08
---
AA: 99.66%
Kappa: 99.26
Agregated results :
Confusion matrix :
[[1.8080e+03 0.0000e+00 0.0000e+00 0.0000e+00 0.0000e+00 0.0000e+00
  0.0000e+00 0.0000e+00 0.0000e+00 0.0000e+00 0.0000e+00 0.0000e+00
  0.0000e+00 0.0000e+00 0.0000e+00 0.0000e+00]
 [0.0000e+00 3.3540e+03 0.0000e+00 0.0000e+00 0.0000e+00 0.0000e+00
  0.0000e+00 0.0000e+00 0.0000e+00 0.0000e+00 0.0000e+00 0.0000e+00
  0.0000e+00 0.0000e+00 0.0000e+00 0.0000e+00]
 [0.0000e+00 0.0000e+00 1.7620e+03 0.0000e+00 1.7000e+01 0.0000e+00
  0.0000e+00 0.0000e+00 0.0000e+00 0.0000e+00 0.0000e+00 0.0000e+00
  0.0000e+00 0.0000e+00 0.0000e+00 0.0000e+00]
 [0.0000e+00 0.0000e+00 0.0000e+00 1.2498e+03 5.2000e+00 0.0000e+00
  0.0000e+00 0.0000e+00 0.0000e+00 0.0000e+00 0.0000e+00 0.0000e+00
  0.0000e+00 0.0000e+00 0.0000e+00 0.0000e+00]
 [0.0000e+00 0.0000e+00 0.0000e+00 4.8000e+00 2.4052e+03 0.0000e+00
  0.0000e+00 0.0000e+00 0.0000e+00 0.0000e+00 0.0000e+00 0.0000e+00
  0.0000e+00 0.0000e+00 0.0000e+00 0.0000e+00]
 [0.0000e+00 0.0000e+00 0.0000e+00 0.0000e+00 0.0000e+00 3.5630e+03
  0.0000e+00 0.0000e+00 0.0000e+00 0.0000e+00 0.0000e+00 0.0000e+00
  0.0000e+00 0.0000e+00 0.0000e+00 0.0000e+00]
 [0.0000e+00 0.0000e+00 0.0000e+00 0.0000e+00 0.0000e+00 0.0000e+00
  3.2210e+03 0.0000e+00 0.0000e+00 0.0000e+00 0.0000e+00 0.0000e+00
  0.0000e+00 0.0000e+00 0.0000e+00 0.0000e+00]
 [0.0000e+00 0.0000e+00 0.0000e+00 0.0000e+00 0.0000e+00 0.0000e+00
  0.0000e+00 9.9938e+03 0.0000e+00 0.0000e+00 0.0000e+00 0.0000e+00
  0.0000e+00 0.0000e+00 1.5020e+02 0.0000e+00]
 [0.0000e+00 0.0000e+00 0.0000e+00 0.0000e+00 0.0000e+00 0.0000e+00
  0.0000e+00 0.0000e+00 5.5830e+03 0.0000e+00 0.0000e+00 0.0000e+00
  0.0000e+00 0.0000e+00 0.0000e+00 0.0000e+00]
 [0.0000e+00 0.0000e+00 0.0000e+00 0.0000e+00 0.0000e+00 0.0000e+00
  0.0000e+00 1.6000e+00 1.4000e+00 2.9366e+03 4.6000e+00 0.0000e+00
  0.0000e+00 5.8000e+00 0.0000e+00 0.0000e+00]
 [0.0000e+00 0.0000e+00 0.0000e+00 1.0000e+00 0.0000e+00 0.0000e+00
  0.0000e+00 0.0000e+00 0.0000e+00 0.0000e+00 9.5960e+02 4.0000e-01
  0.0000e+00 0.0000e+00 0.0000e+00 0.0000e+00]
 [0.0000e+00 0.0000e+00 0.0000e+00 0.0000e+00 0.0000e+00 0.0000e+00
  0.0000e+00 0.0000e+00 0.0000e+00 0.0000e+00 0.0000e+00 1.7340e+03
  0.0000e+00 0.0000e+00 0.0000e+00 0.0000e+00]
 [0.0000e+00 0.0000e+00 0.0000e+00 0.0000e+00 0.0000e+00 0.0000e+00
  0.0000e+00 0.0000e+00 0.0000e+00 0.0000e+00 0.0000e+00 0.0000e+00
  8.2500e+02 0.0000e+00 0.0000e+00 0.0000e+00]
 [0.0000e+00 0.0000e+00 0.0000e+00 0.0000e+00 0.0000e+00 0.0000e+00
  0.0000e+00 0.0000e+00 0.0000e+00 5.6000e+00 0.0000e+00 0.0000e+00
  0.0000e+00 9.5740e+02 0.0000e+00 0.0000e+00]
 [0.0000e+00 0.0000e+00 0.0000e+00 0.0000e+00 2.0000e-01 0.0000e+00
  0.0000e+00 1.0280e+02 0.0000e+00 0.0000e+00 0.0000e+00 0.0000e+00
  0.0000e+00 0.0000e+00 6.4380e+03 0.0000e+00]
 [0.0000e+00 0.0000e+00 0.0000e+00 0.0000e+00 0.0000e+00 0.0000e+00
  2.0000e-01 1.8000e+00 0.0000e+00 0.0000e+00 0.0000e+00 0.0000e+00
  0.0000e+00 2.4000e+00 0.0000e+00 1.6216e+03]]---
Accuracy: 99.37 +- 0.16
---
class acc :
	Brocoli_green_weeds_1: 100.00 +- 0.00
	Brocoli_green_weeds_2: 100.00 +- 0.00
	Fallow: 99.04 +- 1.88
	Fallow_rough_plow: 99.59 +- 0.28
	Fallow_smooth: 99.80 +- 0.12
	Stubble: 100.00 +- 0.00
	Celery: 100.00 +- 0.00
	Grapes_untrained: 98.52 +- 0.52
	Soil_vinyard_develop: 100.00 +- 0.00
	Corn_senesced_green_weeds: 99.55 +- 0.15
	Lettuce_romaine_4wk: 99.85 +- 0.16
	Lettuce_romaine_5wk: 100.00 +- 0.00
	Lettuce_romaine_6wk: 100.00 +- 0.00
	Lettuce_romaine_7wk: 99.42 +- 0.34
	Vinyard_untrained: 98.43 +- 0.35
	Vinyard_vertical_trellis: 99.73 +- 0.37
---
AA: 99.62 +- 0.13
Kappa: 99.30 +- 0.18
