run 1 / 5
Best validation overall accuracy 0.9973958333333334
Confusion matrix :
[[ 1808     0     0     0     0     0     0     0     0     0     0     0
      0     0     0     0]
 [    0  3354     0     0     0     0     0     0     0     0     0     0
      0     0     0     0]
 [    0     0  1779     0     0     0     0     0     0     0     0     0
      0     0     0     0]
 [    0     0     0  1252     3     0     0     0     0     0     0     0
      0     0     0     0]
 [    0     0     0    15  2395     0     0     0     0     0     0     0
      0     0     0     0]
 [    0     0     0     0     0  3563     0     0     0     0     0     0
      0     0     0     0]
 [    0     0     0     0     0     0  3221     0     0     0     0     0
      0     0     0     0]
 [    0     0     0     0     0     0     0 10096     0     0     0     0
      0     0    48     0]
 [    0     0     0     0     0     0     0     0  5583     0     0     0
      0     0     0     0]
 [    0     0     0     0     0     0     0     1     0  2935    13     0
      0     1     0     0]
 [    0     0     0     0     0     0     0     0     0     0   959     2
      0     0     0     0]
 [    0     0     0     0     0     0     0     0     0     0     0  1734
      0     0     0     0]
 [    0     0     0     0     0     0     0     0     0     0     0     0
    825     0     0     0]
 [    0     0     0     0     0     0     0     0     0     3     0     0
      0   960     0     0]
 [    0     0     0     0     4     0     0    50     0     0     0     0
      0     0  6487     0]
 [    0     0     0     0     0     0     0     0     0     0     0     0
      0     0     0  1626]]---
Accuracy : 99.71%
---
class acc :
	Brocoli_green_weeds_1: 100.00
	Brocoli_green_weeds_2: 100.00
	Fallow: 100.00
	Fallow_rough_plow: 99.76
	Fallow_smooth: 99.38
	Stubble: 100.00
	Celery: 100.00
	Grapes_untrained: 99.53
	Soil_vinyard_develop: 100.00
	Corn_senesced_green_weeds: 99.49
	Lettuce_romaine_4wk: 99.79
	Lettuce_romaine_5wk: 100.00
	Lettuce_romaine_6wk: 100.00
	Lettuce_romaine_7wk: 99.69
	Vinyard_untrained: 99.17
	Vinyard_vertical_trellis: 100.00
---
AA: 99.80%
Kappa: 99.68
run 2 / 5
Best validation overall accuracy 0.9944196428571429
Confusion matrix :
[[1808    0    0    0    0    0    0    0    0    0    0    0    0    0
     0    0]
 [   0 3354    0    0    0    0    0    0    0    0    0    0    0    0
     0    0]
 [   0    0 1779    0    0    0    0    0    0    0    0    0    0    0
     0    0]
 [   0    0    0 1251    4    0    0    0    0    0    0    0    0    0
     0    0]
 [   0    0    0    8 2402    0    0    0    0    0    0    0    0    0
     0    0]
 [   0    0    0    0    0 3563    0    0    0    0    0    0    0    0
     0    0]
 [   0    0    0    0    0    0 3221    0    0    0    0    0    0    0
     0    0]
 [   0    0    0    0    0    0    0 9891    0    0    0    0    0    0
   253    0]
 [   0    0    0    0    0    0    0    0 5583    0    0    0    0    0
     0    0]
 [   0    0    0    0    0    0    0    1    1 2944    0    0    0    4
     0    0]
 [   0    0    0    0    0    0    0    0    0    0  961    0    0    0
     0    0]
 [   0    0    0    0    0    0    0    0    0    0    0 1734    0    0
     0    0]
 [   0    0    0    0    0    0    0    0    0    0    0    0  825    0
     0    0]
 [   0    0    0    0    0    0    0    0    0    2    0    0    0  961
     0    0]
 [   0    0    0    0    0    0    0   39    0    0    0    0    0    0
  6502    0]
 [   0    0    0    0    0    0    0    0    0    0    0    0    0    6
     0 1620]]---
Accuracy : 99.35%
---
class acc :
	Brocoli_green_weeds_1: 100.00
	Brocoli_green_weeds_2: 100.00
	Fallow: 100.00
	Fallow_rough_plow: 99.68
	Fallow_smooth: 99.67
	Stubble: 100.00
	Celery: 100.00
	Grapes_untrained: 97.51
	Soil_vinyard_develop: 100.00
	Corn_senesced_green_weeds: 99.80
	Lettuce_romaine_4wk: 100.00
	Lettuce_romaine_5wk: 100.00
	Lettuce_romaine_6wk: 100.00
	Lettuce_romaine_7wk: 99.79
	Vinyard_untrained: 99.40
	Vinyard_vertical_trellis: 99.63
---
AA: 99.72%
Kappa: 99.27
run 3 / 5
Best validation overall accuracy 0.9925595238095238
Confusion matrix :
[[ 1808     0     0     0     0     0     0     0     0     0     0     0
      0     0     0     0]
 [    0  3354     0     0     0     0     0     0     0     0     0     0
      0     0     0     0]
 [    0     0  1779     0     0     0     0     0     0     0     0     0
      0     0     0     0]
 [    0     0     0  1243    12     0     0     0     0     0     0     0
      0     0     0     0]
 [    0     0     0     0  2410     0     0     0     0     0     0     0
      0     0     0     0]
 [    0     0     0     0     0  3563     0     0     0     0     0     0
      0     0     0     0]
 [    0     0     0     0     0     0  3221     0     0     0     0     0
      0     0     0     0]
 [    0     0     0     0     0     0     0 10050     0     0     0     0
      0     0    94     0]
 [    0     0     0     0     0     0     0     0  5583     0     0     0
      0     0     0     0]
 [    0     0     0     0     0     0     0     0     0  2945     1     0
      0     4     0     0]
 [    0     0     0     0     0     0     0     1     0     0   960     0
      0     0     0     0]
 [    0     0     0     0     0     0     0     0     0     0     0  1734
      0     0     0     0]
 [    0     0     0     0     0     0     0     0     0     0     0     0
    825     0     0     0]
 [    0     0     0     0     0     0     0     0     0     5     0     0
      0   958     0     0]
 [    0     0     0     0     2     0     0   140     0     0     0     0
      0     0  6399     0]
 [    0     0     0     0     0     0     0     0     0     0     0     0
      0     0     0  1626]]---
Accuracy : 99.47%
---
class acc :
	Brocoli_green_weeds_1: 100.00
	Brocoli_green_weeds_2: 100.00
	Fallow: 100.00
	Fallow_rough_plow: 99.04
	Fallow_smooth: 100.00
	Stubble: 100.00
	Celery: 100.00
	Grapes_untrained: 99.07
	Soil_vinyard_develop: 100.00
	Corn_senesced_green_weeds: 99.83
	Lettuce_romaine_4wk: 99.90
	Lettuce_romaine_5wk: 100.00
	Lettuce_romaine_6wk: 100.00
	Lettuce_romaine_7wk: 99.48
	Vinyard_untrained: 97.83
	Vinyard_vertical_trellis: 100.00
---
AA: 99.70%
Kappa: 99.41
run 4 / 5
Best validation overall accuracy 0.9951636904761905
Confusion matrix :
[[1808    0    0    0    0    0    0    0    0    0    0    0    0    0
     0    0]
 [   0 3354    0    0    0    0    0    0    0    0    0    0    0    0
     0    0]
 [   0    0 1779    0    0    0    0    0    0    0    0    0    0    0
     0    0]
 [   0    0    0 1255    0    0    0    0    0    0    0    0    0    0
     0    0]
 [   0    0    0   13 2397    0    0    0    0    0    0    0    0    0
     0    0]
 [   0    0    0    0    0 3563    0    0    0    0    0    0    0    0
     0    0]
 [   0    0    0    0    0    0 3221    0    0    0    0    0    0    0
     0    0]
 [   0    0    0    0    0    0    0 9984    0    0    0    0    0    0
   160    0]
 [   0    0    0    0    0    0    0    0 5583    0    0    0    0    0
     0    0]
 [   0    0    0    0    0    0    0    3   12 2935    0    0    0    0
     0    0]
 [   0    0    0    0    0    0    0    3    0    0  958    0    0    0
     0    0]
 [   0    0    0    0    0    0    0    0    0    0    0 1734    0    0
     0    0]
 [   0    0    0    0    0    0    0    0    0    0    0    0  825    0
     0    0]
 [   0    0    0    0    0    0    0    0    0   12    0    0    0  951
     0    0]
 [   0    0    0    0    0    0    0   78    0    0    0    0    0    0
  6463    0]
 [   0    0    0    0    0    0    0    0    0    0    0    0    0    1
     0 1625]]---
Accuracy : 99.42%
---
class acc :
	Brocoli_green_weeds_1: 100.00
	Brocoli_green_weeds_2: 100.00
	Fallow: 100.00
	Fallow_rough_plow: 100.00
	Fallow_smooth: 99.46
	Stubble: 100.00
	Celery: 100.00
	Grapes_untrained: 98.42
	Soil_vinyard_develop: 100.00
	Corn_senesced_green_weeds: 99.49
	Lettuce_romaine_4wk: 99.69
	Lettuce_romaine_5wk: 100.00
	Lettuce_romaine_6wk: 100.00
	Lettuce_romaine_7wk: 98.75
	Vinyard_untrained: 98.81
	Vinyard_vertical_trellis: 99.94
---
AA: 99.66%
Kappa: 99.36
run 5 / 5
Best validation overall accuracy 0.9973958333333334
Confusion matrix :
[[ 1808     0     0     0     0     0     0     0     0     0     0     0
      0     0     0     0]
 [    0  3354     0     0     0     0     0     0     0     0     0     0
      0     0     0     0]
 [    0     0  1779     0     0     0     0     0     0     0     0     0
      0     0     0     0]
 [    0     0     0  1254     1     0     0     0     0     0     0     0
      0     0     0     0]
 [    0     0     0     8  2402     0     0     0     0     0     0     0
      0     0     0     0]
 [    0     0     0     0     0  3563     0     0     0     0     0     0
      0     0     0     0]
 [    0     0     0     0     0     0  3221     0     0     0     0     0
      0     0     0     0]
 [    0     0     0     0     0     0     0 10081     0     0     0     0
      0     0    63     0]
 [    0     0     0     0     0     0     0     0  5583     0     0     0
      0     0     0     0]
 [    0     0     0     0     0     0     0     2     0  2927    12     0
      0     9     0     0]
 [    0     0     0     0     0     0     0     0     0     0   961     0
      0     0     0     0]
 [    0     0     0     0     0     0     0     0     0     0     0  1734
      0     0     0     0]
 [    0     0     0     0     0     0     0     0     0     0     0     0
    825     0     0     0]
 [    0     0     0     0     0     0     0     0     0     3     0     0
      0   960     0     0]
 [    0     0     0     0     0     0     0    63     0     0     0     0
      0     0  6478     0]
 [    0     0     0     0     0     0     0     0     0     0     0     0
      0     9     5  1612]]---
Accuracy : 99.64%
---
class acc :
	Brocoli_green_weeds_1: 100.00
	Brocoli_green_weeds_2: 100.00
	Fallow: 100.00
	Fallow_rough_plow: 99.92
	Fallow_smooth: 99.67
	Stubble: 100.00
	Celery: 100.00
	Grapes_untrained: 99.38
	Soil_vinyard_develop: 100.00
	Corn_senesced_green_weeds: 99.22
	Lettuce_romaine_4wk: 100.00
	Lettuce_romaine_5wk: 100.00
	Lettuce_romaine_6wk: 100.00
	Lettuce_romaine_7wk: 99.69
	Vinyard_untrained: 99.04
	Vinyard_vertical_trellis: 99.14
---
AA: 99.75%
Kappa: 99.60
Agregated results :
Confusion matrix :
[[1.80800e+03 0.00000e+00 0.00000e+00 0.00000e+00 0.00000e+00 0.00000e+00
  0.00000e+00 0.00000e+00 0.00000e+00 0.00000e+00 0.00000e+00 0.00000e+00
  0.00000e+00 0.00000e+00 0.00000e+00 0.00000e+00]
 [0.00000e+00 3.35400e+03 0.00000e+00 0.00000e+00 0.00000e+00 0.00000e+00
  0.00000e+00 0.00000e+00 0.00000e+00 0.00000e+00 0.00000e+00 0.00000e+00
  0.00000e+00 0.00000e+00 0.00000e+00 0.00000e+00]
 [0.00000e+00 0.00000e+00 1.77900e+03 0.00000e+00 0.00000e+00 0.00000e+00
  0.00000e+00 0.00000e+00 0.00000e+00 0.00000e+00 0.00000e+00 0.00000e+00
  0.00000e+00 0.00000e+00 0.00000e+00 0.00000e+00]
 [0.00000e+00 0.00000e+00 0.00000e+00 1.25100e+03 4.00000e+00 0.00000e+00
  0.00000e+00 0.00000e+00 0.00000e+00 0.00000e+00 0.00000e+00 0.00000e+00
  0.00000e+00 0.00000e+00 0.00000e+00 0.00000e+00]
 [0.00000e+00 0.00000e+00 0.00000e+00 8.80000e+00 2.40120e+03 0.00000e+00
  0.00000e+00 0.00000e+00 0.00000e+00 0.00000e+00 0.00000e+00 0.00000e+00
  0.00000e+00 0.00000e+00 0.00000e+00 0.00000e+00]
 [0.00000e+00 0.00000e+00 0.00000e+00 0.00000e+00 0.00000e+00 3.56300e+03
  0.00000e+00 0.00000e+00 0.00000e+00 0.00000e+00 0.00000e+00 0.00000e+00
  0.00000e+00 0.00000e+00 0.00000e+00 0.00000e+00]
 [0.00000e+00 0.00000e+00 0.00000e+00 0.00000e+00 0.00000e+00 0.00000e+00
  3.22100e+03 0.00000e+00 0.00000e+00 0.00000e+00 0.00000e+00 0.00000e+00
  0.00000e+00 0.00000e+00 0.00000e+00 0.00000e+00]
 [0.00000e+00 0.00000e+00 0.00000e+00 0.00000e+00 0.00000e+00 0.00000e+00
  0.00000e+00 1.00204e+04 0.00000e+00 0.00000e+00 0.00000e+00 0.00000e+00
  0.00000e+00 0.00000e+00 1.23600e+02 0.00000e+00]
 [0.00000e+00 0.00000e+00 0.00000e+00 0.00000e+00 0.00000e+00 0.00000e+00
  0.00000e+00 0.00000e+00 5.58300e+03 0.00000e+00 0.00000e+00 0.00000e+00
  0.00000e+00 0.00000e+00 0.00000e+00 0.00000e+00]
 [0.00000e+00 0.00000e+00 0.00000e+00 0.00000e+00 0.00000e+00 0.00000e+00
  0.00000e+00 1.40000e+00 2.60000e+00 2.93720e+03 5.20000e+00 0.00000e+00
  0.00000e+00 3.60000e+00 0.00000e+00 0.00000e+00]
 [0.00000e+00 0.00000e+00 0.00000e+00 0.00000e+00 0.00000e+00 0.00000e+00
  0.00000e+00 8.00000e-01 0.00000e+00 0.00000e+00 9.59800e+02 4.00000e-01
  0.00000e+00 0.00000e+00 0.00000e+00 0.00000e+00]
 [0.00000e+00 0.00000e+00 0.00000e+00 0.00000e+00 0.00000e+00 0.00000e+00
  0.00000e+00 0.00000e+00 0.00000e+00 0.00000e+00 0.00000e+00 1.73400e+03
  0.00000e+00 0.00000e+00 0.00000e+00 0.00000e+00]
 [0.00000e+00 0.00000e+00 0.00000e+00 0.00000e+00 0.00000e+00 0.00000e+00
  0.00000e+00 0.00000e+00 0.00000e+00 0.00000e+00 0.00000e+00 0.00000e+00
  8.25000e+02 0.00000e+00 0.00000e+00 0.00000e+00]
 [0.00000e+00 0.00000e+00 0.00000e+00 0.00000e+00 0.00000e+00 0.00000e+00
  0.00000e+00 0.00000e+00 0.00000e+00 5.00000e+00 0.00000e+00 0.00000e+00
  0.00000e+00 9.58000e+02 0.00000e+00 0.00000e+00]
 [0.00000e+00 0.00000e+00 0.00000e+00 0.00000e+00 1.20000e+00 0.00000e+00
  0.00000e+00 7.40000e+01 0.00000e+00 0.00000e+00 0.00000e+00 0.00000e+00
  0.00000e+00 0.00000e+00 6.46580e+03 0.00000e+00]
 [0.00000e+00 0.00000e+00 0.00000e+00 0.00000e+00 0.00000e+00 0.00000e+00
  0.00000e+00 0.00000e+00 0.00000e+00 0.00000e+00 0.00000e+00 0.00000e+00
  0.00000e+00 3.20000e+00 1.00000e+00 1.62180e+03]]---
Accuracy: 99.52 +- 0.14
---
class acc :
	Brocoli_green_weeds_1: 100.00 +- 0.00
	Brocoli_green_weeds_2: 100.00 +- 0.00
	Fallow: 100.00 +- 0.00
	Fallow_rough_plow: 99.68 +- 0.34
	Fallow_smooth: 99.63 +- 0.22
	Stubble: 100.00 +- 0.00
	Celery: 100.00 +- 0.00
	Grapes_untrained: 98.78 +- 0.74
	Soil_vinyard_develop: 100.00 +- 0.00
	Corn_senesced_green_weeds: 99.57 +- 0.23
	Lettuce_romaine_4wk: 99.88 +- 0.12
	Lettuce_romaine_5wk: 100.00 +- 0.00
	Lettuce_romaine_6wk: 100.00 +- 0.00
	Lettuce_romaine_7wk: 99.48 +- 0.38
	Vinyard_untrained: 98.85 +- 0.55
	Vinyard_vertical_trellis: 99.74 +- 0.33
---
AA: 99.73 +- 0.05
Kappa: 99.46 +- 0.15
