run 1 / 5
Best validation overall accuracy 0.9973958333333334
Confusion matrix :
[[ 1808     0     0     0     0     0     0     0     0     0     0     0
      0     0     0     0]
 [    0  3354     0     0     0     0     0     0     0     0     0     0
      0     0     0     0]
 [    0     0  1779     0     0     0     0     0     0     0     0     0
      0     0     0     0]
 [    0     0     0  1254     1     0     0     0     0     0     0     0
      0     0     0     0]
 [    0     0     0     7  2403     0     0     0     0     0     0     0
      0     0     0     0]
 [    0     0     0     0     0  3563     0     0     0     0     0     0
      0     0     0     0]
 [    0     0     0     0     0     0  3221     0     0     0     0     0
      0     0     0     0]
 [    0     0     0     0     0     0     0 10027     0     1     0     0
      0     0   116     0]
 [    0     0     0     0     0     0     0     0  5583     0     0     0
      0     0     0     0]
 [    0     0     0     0     0     1     0     1     0  2945     2     0
      0     1     0     0]
 [    0     0     0     0     0     0     0     0     0     0   959     2
      0     0     0     0]
 [    0     0     0     0     0     0     0     0     0     0     0  1734
      0     0     0     0]
 [    0     0     0     0     0     0     0     0     0     0     0     0
    825     0     0     0]
 [    0     0     0     0     0     0     0     0     0     3     0     0
      0   960     0     0]
 [    0     0     0     0     3     0     0    61     0     0     0     0
      0     0  6477     0]
 [    0     0     0     0     0     0     0     0     0     0     0     0
      0     0     0  1626]]---
Accuracy : 99.59%
---
class acc :
	Brocoli_green_weeds_1: 100.00
	Brocoli_green_weeds_2: 100.00
	Fallow: 100.00
	Fallow_rough_plow: 99.92
	Fallow_smooth: 99.71
	Stubble: 100.00
	Celery: 100.00
	Grapes_untrained: 98.85
	Soil_vinyard_develop: 100.00
	Corn_senesced_green_weeds: 99.83
	Lettuce_romaine_4wk: 99.79
	Lettuce_romaine_5wk: 100.00
	Lettuce_romaine_6wk: 100.00
	Lettuce_romaine_7wk: 99.69
	Vinyard_untrained: 99.02
	Vinyard_vertical_trellis: 100.00
---
AA: 99.80%
Kappa: 99.55
run 2 / 5
Best validation overall accuracy 0.9940476190476191
Confusion matrix :
[[1808    0    0    0    0    0    0    0    0    0    0    0    0    0
     0    0]
 [   0 3354    0    0    0    0    0    0    0    0    0    0    0    0
     0    0]
 [   0    0 1777    0    0    0    0    0    0    2    0    0    0    0
     0    0]
 [   0    0    0 1255    0    0    0    0    0    0    0    0    0    0
     0    0]
 [   0    0    0   13 2397    0    0    0    0    0    0    0    0    0
     0    0]
 [   0    0    0    0    0 3563    0    0    0    0    0    0    0    0
     0    0]
 [   0    0    0    0    0    0 3221    0    0    0    0    0    0    0
     0    0]
 [   0    0    0    0    0    0    0 9993    0    0    0    0    0    0
   151    0]
 [   0    0    0    0    0    0    0    0 5583    0    0    0    0    0
     0    0]
 [   0    0    0    0    0    0    0    0    0 2943    3    0    0    4
     0    0]
 [   0    0    0    0    0    0    0    0    0    0  961    0    0    0
     0    0]
 [   0    0    0    0    0    0    0    0    0    0    0 1734    0    0
     0    0]
 [   0    0    0    0    0    0    0    0    0    0    0    0  825    0
     0    0]
 [   0    0    0    0    0    0    0    0    0    1    0    0    0  962
     0    0]
 [   0    0    0    0    0    0    0   51    0    0    0    0    0    0
  6490    0]
 [   0    0    0    0    0    0    6    0    0    0    0    0    0    0
     0 1620]]---
Accuracy : 99.53%
---
class acc :
	Brocoli_green_weeds_1: 100.00
	Brocoli_green_weeds_2: 100.00
	Fallow: 99.89
	Fallow_rough_plow: 100.00
	Fallow_smooth: 99.46
	Stubble: 100.00
	Celery: 100.00
	Grapes_untrained: 98.51
	Soil_vinyard_develop: 100.00
	Corn_senesced_green_weeds: 99.76
	Lettuce_romaine_4wk: 100.00
	Lettuce_romaine_5wk: 100.00
	Lettuce_romaine_6wk: 100.00
	Lettuce_romaine_7wk: 99.90
	Vinyard_untrained: 99.22
	Vinyard_vertical_trellis: 99.63
---
AA: 99.77%
Kappa: 99.47
run 3 / 5
Best validation overall accuracy 0.9962797619047619
Confusion matrix :
[[1808    0    0    0    0    0    0    0    0    0    0    0    0    0
     0    0]
 [   0 3354    0    0    0    0    0    0    0    0    0    0    0    0
     0    0]
 [   0    0 1776    0    0    0    0    0    0    3    0    0    0    0
     0    0]
 [   0    0    0 1247    8    0    0    0    0    0    0    0    0    0
     0    0]
 [   0    0    0    2 2408    0    0    0    0    0    0    0    0    0
     0    0]
 [   0    0    0    0    0 3563    0    0    0    0    0    0    0    0
     0    0]
 [   0    0    0    0    0    0 3221    0    0    0    0    0    0    0
     0    0]
 [   0    0    0    0    0    0    0 9963    0    0    0    0    0    0
   181    0]
 [   0    0    0    0    0    0    0    0 5583    0    0    0    0    0
     0    0]
 [   0    0    0    0    0    0    0    0    0 2940    0    0    0   10
     0    0]
 [   0    0    0    1    0    0    0    0    0    0  960    0    0    0
     0    0]
 [   0    0    0    0    0    0    0    0    0    0    0 1734    0    0
     0    0]
 [   0    0    0    0    0    0    0    0    0    0    0    0  825    0
     0    0]
 [   0    0    0    0    0    0    0    0    0    5    0    0    0  958
     0    0]
 [   0    0    0    0    0    0    0  115    0    0    0    0    0    0
  6426    0]
 [   0    0    0    0    0    0    0    0    0    0    0    0    0    0
     0 1626]]---
Accuracy : 99.33%
---
class acc :
	Brocoli_green_weeds_1: 100.00
	Brocoli_green_weeds_2: 100.00
	Fallow: 99.83
	Fallow_rough_plow: 99.36
	Fallow_smooth: 99.92
	Stubble: 100.00
	Celery: 100.00
	Grapes_untrained: 98.22
	Soil_vinyard_develop: 100.00
	Corn_senesced_green_weeds: 99.66
	Lettuce_romaine_4wk: 99.90
	Lettuce_romaine_5wk: 100.00
	Lettuce_romaine_6wk: 100.00
	Lettuce_romaine_7wk: 99.48
	Vinyard_untrained: 98.24
	Vinyard_vertical_trellis: 100.00
---
AA: 99.66%
Kappa: 99.26
run 4 / 5
Best validation overall accuracy 0.9966517857142857
Confusion matrix :
[[ 1808     0     0     0     0     0     0     0     0     0     0     0
      0     0     0     0]
 [    0  3354     0     0     0     0     0     0     0     0     0     0
      0     0     0     0]
 [    0     0  1779     0     0     0     0     0     0     0     0     0
      0     0     0     0]
 [    0     0     0  1254     1     0     0     0     0     0     0     0
      0     0     0     0]
 [    0     0     0     3  2407     0     0     0     0     0     0     0
      0     0     0     0]
 [    0     0     0     0     0  3563     0     0     0     0     0     0
      0     0     0     0]
 [    0     0     0     0     0     0  3221     0     0     0     0     0
      0     0     0     0]
 [    0     0     0     0     0     0     0 10058     0     1     1     0
      0     0    84     0]
 [    0     0     0     0     0     0     0     0  5583     0     0     0
      0     0     0     0]
 [    0     0     0     0     0     0     0     5     4  2941     0     0
      0     0     0     0]
 [    0     0     1     4     0     0     0     1     0     0   955     0
      0     0     0     0]
 [    0     0     0     0     0     0     0     0     0     0     0  1734
      0     0     0     0]
 [    0     0     0     0     0     0     0     0     0     0     0     0
    825     0     0     0]
 [    0     0     0     0     0     0     0     0     0     4     0     0
      1   958     0     0]
 [    0     0     0     0     4     0     0   171     0     0     0     0
      0     0  6366     0]
 [    0     0     0     0     0     0     0     0     0     0     0     0
      0     0     0  1626]]---
Accuracy : 99.41%
---
class acc :
	Brocoli_green_weeds_1: 100.00
	Brocoli_green_weeds_2: 100.00
	Fallow: 100.00
	Fallow_rough_plow: 99.92
	Fallow_smooth: 99.88
	Stubble: 100.00
	Celery: 100.00
	Grapes_untrained: 99.15
	Soil_vinyard_develop: 100.00
	Corn_senesced_green_weeds: 99.69
	Lettuce_romaine_4wk: 99.38
	Lettuce_romaine_5wk: 100.00
	Lettuce_romaine_6wk: 100.00
	Lettuce_romaine_7wk: 99.48
	Vinyard_untrained: 97.32
	Vinyard_vertical_trellis: 100.00
---
AA: 99.68%
Kappa: 99.35
run 5 / 5
Best validation overall accuracy 0.9977678571428571
Confusion matrix :
[[ 1808     0     0     0     0     0     0     0     0     0     0     0
      0     0     0     0]
 [    0  3354     0     0     0     0     0     0     0     0     0     0
      0     0     0     0]
 [    0     0  1779     0     0     0     0     0     0     0     0     0
      0     0     0     0]
 [    0     0     0  1255     0     0     0     0     0     0     0     0
      0     0     0     0]
 [    0     0     0     8  2402     0     0     0     0     0     0     0
      0     0     0     0]
 [    0     0     0     0     0  3563     0     0     0     0     0     0
      0     0     0     0]
 [    0     0     0     0     0     0  3221     0     0     0     0     0
      0     0     0     0]
 [    0     0     0     0     0     0     0 10123     0     0     0     0
      0     0    21     0]
 [    0     0     0     0     0     0     0     0  5583     0     0     0
      0     0     0     0]
 [    0     0     0     0     0     0     0     2     0  2929    19     0
      0     0     0     0]
 [    0     0     0     0     0     0     0     0     0     0   961     0
      0     0     0     0]
 [    0     0     0     0     0     0     0     0     0     0     0  1734
      0     0     0     0]
 [    0     0     0     0     0     0     0     0     0     0     0     0
    825     0     0     0]
 [    0     0     0     0     0     0     0     0     0     4     0     0
      0   959     0     0]
 [    0     0     0     0     0     0     0    22     0     0     0     0
      0     0  6519     0]
 [    0     0     0     0     8     0    10     0     0     0     0     0
      0     0     6  1602]]---
Accuracy : 99.79%
---
class acc :
	Brocoli_green_weeds_1: 100.00
	Brocoli_green_weeds_2: 100.00
	Fallow: 100.00
	Fallow_rough_plow: 100.00
	Fallow_smooth: 99.67
	Stubble: 100.00
	Celery: 100.00
	Grapes_untrained: 99.79
	Soil_vinyard_develop: 100.00
	Corn_senesced_green_weeds: 99.29
	Lettuce_romaine_4wk: 100.00
	Lettuce_romaine_5wk: 100.00
	Lettuce_romaine_6wk: 100.00
	Lettuce_romaine_7wk: 99.58
	Vinyard_untrained: 99.66
	Vinyard_vertical_trellis: 98.52
---
AA: 99.78%
Kappa: 99.77
Agregated results :
Confusion matrix :
[[1.80800e+03 0.00000e+00 0.00000e+00 0.00000e+00 0.00000e+00 0.00000e+00
  0.00000e+00 0.00000e+00 0.00000e+00 0.00000e+00 0.00000e+00 0.00000e+00
  0.00000e+00 0.00000e+00 0.00000e+00 0.00000e+00]
 [0.00000e+00 3.35400e+03 0.00000e+00 0.00000e+00 0.00000e+00 0.00000e+00
  0.00000e+00 0.00000e+00 0.00000e+00 0.00000e+00 0.00000e+00 0.00000e+00
  0.00000e+00 0.00000e+00 0.00000e+00 0.00000e+00]
 [0.00000e+00 0.00000e+00 1.77800e+03 0.00000e+00 0.00000e+00 0.00000e+00
  0.00000e+00 0.00000e+00 0.00000e+00 1.00000e+00 0.00000e+00 0.00000e+00
  0.00000e+00 0.00000e+00 0.00000e+00 0.00000e+00]
 [0.00000e+00 0.00000e+00 0.00000e+00 1.25300e+03 2.00000e+00 0.00000e+00
  0.00000e+00 0.00000e+00 0.00000e+00 0.00000e+00 0.00000e+00 0.00000e+00
  0.00000e+00 0.00000e+00 0.00000e+00 0.00000e+00]
 [0.00000e+00 0.00000e+00 0.00000e+00 6.60000e+00 2.40340e+03 0.00000e+00
  0.00000e+00 0.00000e+00 0.00000e+00 0.00000e+00 0.00000e+00 0.00000e+00
  0.00000e+00 0.00000e+00 0.00000e+00 0.00000e+00]
 [0.00000e+00 0.00000e+00 0.00000e+00 0.00000e+00 0.00000e+00 3.56300e+03
  0.00000e+00 0.00000e+00 0.00000e+00 0.00000e+00 0.00000e+00 0.00000e+00
  0.00000e+00 0.00000e+00 0.00000e+00 0.00000e+00]
 [0.00000e+00 0.00000e+00 0.00000e+00 0.00000e+00 0.00000e+00 0.00000e+00
  3.22100e+03 0.00000e+00 0.00000e+00 0.00000e+00 0.00000e+00 0.00000e+00
  0.00000e+00 0.00000e+00 0.00000e+00 0.00000e+00]
 [0.00000e+00 0.00000e+00 0.00000e+00 0.00000e+00 0.00000e+00 0.00000e+00
  0.00000e+00 1.00328e+04 0.00000e+00 4.00000e-01 2.00000e-01 0.00000e+00
  0.00000e+00 0.00000e+00 1.10600e+02 0.00000e+00]
 [0.00000e+00 0.00000e+00 0.00000e+00 0.00000e+00 0.00000e+00 0.00000e+00
  0.00000e+00 0.00000e+00 5.58300e+03 0.00000e+00 0.00000e+00 0.00000e+00
  0.00000e+00 0.00000e+00 0.00000e+00 0.00000e+00]
 [0.00000e+00 0.00000e+00 0.00000e+00 0.00000e+00 0.00000e+00 2.00000e-01
  0.00000e+00 1.60000e+00 8.00000e-01 2.93960e+03 4.80000e+00 0.00000e+00
  0.00000e+00 3.00000e+00 0.00000e+00 0.00000e+00]
 [0.00000e+00 0.00000e+00 2.00000e-01 1.00000e+00 0.00000e+00 0.00000e+00
  0.00000e+00 2.00000e-01 0.00000e+00 0.00000e+00 9.59200e+02 4.00000e-01
  0.00000e+00 0.00000e+00 0.00000e+00 0.00000e+00]
 [0.00000e+00 0.00000e+00 0.00000e+00 0.00000e+00 0.00000e+00 0.00000e+00
  0.00000e+00 0.00000e+00 0.00000e+00 0.00000e+00 0.00000e+00 1.73400e+03
  0.00000e+00 0.00000e+00 0.00000e+00 0.00000e+00]
 [0.00000e+00 0.00000e+00 0.00000e+00 0.00000e+00 0.00000e+00 0.00000e+00
  0.00000e+00 0.00000e+00 0.00000e+00 0.00000e+00 0.00000e+00 0.00000e+00
  8.25000e+02 0.00000e+00 0.00000e+00 0.00000e+00]
 [0.00000e+00 0.00000e+00 0.00000e+00 0.00000e+00 0.00000e+00 0.00000e+00
  0.00000e+00 0.00000e+00 0.00000e+00 3.40000e+00 0.00000e+00 0.00000e+00
  2.00000e-01 9.59400e+02 0.00000e+00 0.00000e+00]
 [0.00000e+00 0.00000e+00 0.00000e+00 0.00000e+00 1.40000e+00 0.00000e+00
  0.00000e+00 8.40000e+01 0.00000e+00 0.00000e+00 0.00000e+00 0.00000e+00
  0.00000e+00 0.00000e+00 6.45560e+03 0.00000e+00]
 [0.00000e+00 0.00000e+00 0.00000e+00 0.00000e+00 1.60000e+00 0.00000e+00
  3.20000e+00 0.00000e+00 0.00000e+00 0.00000e+00 0.00000e+00 0.00000e+00
  0.00000e+00 0.00000e+00 1.20000e+00 1.62000e+03]]---
Accuracy: 99.53 +- 0.16
---
class acc :
	Brocoli_green_weeds_1: 100.00 +- 0.00
	Brocoli_green_weeds_2: 100.00 +- 0.00
	Fallow: 99.94 +- 0.07
	Fallow_rough_plow: 99.84 +- 0.24
	Fallow_smooth: 99.73 +- 0.16
	Stubble: 100.00 +- 0.00
	Celery: 100.00 +- 0.00
	Grapes_untrained: 98.90 +- 0.54
	Soil_vinyard_develop: 100.00 +- 0.00
	Corn_senesced_green_weeds: 99.65 +- 0.19
	Lettuce_romaine_4wk: 99.81 +- 0.23
	Lettuce_romaine_5wk: 100.00 +- 0.00
	Lettuce_romaine_6wk: 100.00 +- 0.00
	Lettuce_romaine_7wk: 99.63 +- 0.16
	Vinyard_untrained: 98.69 +- 0.83
	Vinyard_vertical_trellis: 99.63 +- 0.57
---
AA: 99.74 +- 0.06
Kappa: 99.48 +- 0.18
