run 1 / 5
Best validation overall accuracy 0.9973958333333334
Confusion matrix :
[[ 1802     6     0     0     0     0     0     0     0     0     0     0
      0     0     0     0]
 [    0  3354     0     0     0     0     0     0     0     0     0     0
      0     0     0     0]
 [    0     0  1776     0     3     0     0     0     0     0     0     0
      0     0     0     0]
 [    0     0     0  1253     2     0     0     0     0     0     0     0
      0     0     0     0]
 [    0     0     0     9  2401     0     0     0     0     0     0     0
      0     0     0     0]
 [    0     0     0     0     0  3563     0     0     0     0     0     0
      0     0     0     0]
 [    0     0     0     0     0     0  3221     0     0     0     0     0
      0     0     0     0]
 [    0     0     0     0     0     1     0 10044     0     0     1     0
      0     0    98     0]
 [    0     0     0     0     0     0     0     0  5583     0     0     0
      0     0     0     0]
 [    0     0     0     0     0     0     0     0     0  2937     4     0
      0     8     1     0]
 [    0     0     0     0     0     0     0     0     0     0   959     2
      0     0     0     0]
 [    0     0     0     0     0     0     0     0     0     0     0  1734
      0     0     0     0]
 [    0     0     0     0     0     0     0     0     0     0     0     0
    825     0     0     0]
 [    0     0     0     0     0     0     0     0     0     3     0     0
      0   960     0     0]
 [    0     0     0     0     0     0     0    85     0     0     0     0
      0     0  6456     0]
 [    0     0     0     0     0     0     0     0     0     0     0     0
      0     0     0  1626]]---
Accuracy : 99.54%
---
class acc :
	Brocoli_green_weeds_1: 99.67
	Brocoli_green_weeds_2: 100.00
	Fallow: 99.83
	Fallow_rough_plow: 99.84
	Fallow_smooth: 99.63
	Stubble: 100.00
	Celery: 100.00
	Grapes_untrained: 99.01
	Soil_vinyard_develop: 100.00
	Corn_senesced_green_weeds: 99.56
	Lettuce_romaine_4wk: 99.79
	Lettuce_romaine_5wk: 100.00
	Lettuce_romaine_6wk: 100.00
	Lettuce_romaine_7wk: 99.69
	Vinyard_untrained: 98.70
	Vinyard_vertical_trellis: 100.00
---
AA: 99.73%
Kappa: 99.49
run 2 / 5
Best validation overall accuracy 0.9947916666666666
Confusion matrix :
[[1803    5    0    0    0    0    0    0    0    0    0    0    0    0
     0    0]
 [   0 3354    0    0    0    0    0    0    0    0    0    0    0    0
     0    0]
 [   0    0 1778    0    1    0    0    0    0    0    0    0    0    0
     0    0]
 [   0    0    0 1235   20    0    0    0    0    0    0    0    0    0
     0    0]
 [   0    0    0    0 2410    0    0    0    0    0    0    0    0    0
     0    0]
 [   0    0    0    0    0 3563    0    0    0    0    0    0    0    0
     0    0]
 [   0    0    0    0    0    0 3221    0    0    0    0    0    0    0
     0    0]
 [   0    0    0    0    0    0    0 9942    0    0    0    0    0    0
   202    0]
 [   0    0    0    0    0    0    0    0 5583    0    0    0    0    0
     0    0]
 [   0    0    0    0    0    0    0    0    0 2941    0    0    0    8
     0    1]
 [   0    0    0    0    0    0    0    0    0    0  961    0    0    0
     0    0]
 [   0    0    0    0    0    0    0    0    0    0    0 1734    0    0
     0    0]
 [   0    0    0    0    0    0    0    0    0    0    0    0  825    0
     0    0]
 [   0    0    0    0    0    0    0    0    0    1    0    0    0  962
     0    0]
 [   0    0    0    0    0    0    0   63    0    0    0    0    0    0
  6478    0]
 [   0    0    0    0    0    0    7    0    0    0    0    0    0    0
     0 1619]]---
Accuracy : 99.37%
---
class acc :
	Brocoli_green_weeds_1: 99.72
	Brocoli_green_weeds_2: 100.00
	Fallow: 99.94
	Fallow_rough_plow: 98.41
	Fallow_smooth: 100.00
	Stubble: 100.00
	Celery: 100.00
	Grapes_untrained: 98.01
	Soil_vinyard_develop: 100.00
	Corn_senesced_green_weeds: 99.69
	Lettuce_romaine_4wk: 100.00
	Lettuce_romaine_5wk: 100.00
	Lettuce_romaine_6wk: 100.00
	Lettuce_romaine_7wk: 99.90
	Vinyard_untrained: 99.04
	Vinyard_vertical_trellis: 99.57
---
AA: 99.64%
Kappa: 99.30
run 3 / 5
Best validation overall accuracy 0.9959077380952381
Confusion matrix :
[[1808    0    0    0    0    0    0    0    0    0    0    0    0    0
     0    0]
 [   0 3354    0    0    0    0    0    0    0    0    0    0    0    0
     0    0]
 [   0    0 1779    0    0    0    0    0    0    0    0    0    0    0
     0    0]
 [   0    0    0 1246    9    0    0    0    0    0    0    0    0    0
     0    0]
 [   0    0    0    3 2407    0    0    0    0    0    0    0    0    0
     0    0]
 [   0    0    0    0    0 3563    0    0    0    0    0    0    0    0
     0    0]
 [   0    0    0    0    0    0 3221    0    0    0    0    0    0    0
     0    0]
 [   0    0    0    0    0    0    0 9954    0    0    0    0    0    0
   190    0]
 [   0    0    0    0    0    0    0    0 5583    0    0    0    0    0
     0    0]
 [   0    0    0    0    0    0    0    1    0 2940    0    0    0    9
     0    0]
 [   0    0    1    2    0    0    0    0    0    0  958    0    0    0
     0    0]
 [   0    0    0    0    0    0    0    0    0    0    0 1734    0    0
     0    0]
 [   0    0    0    0    0    0    0    0    0    0    0    0  825    0
     0    0]
 [   0    0    0    0    0    0    0    0    0    1    0    0    0  962
     0    0]
 [   0    0    0    0    0    0    0   24    0    0    0    0    0    0
  6517    0]
 [   0    0    0    0    0    0    0    0    0    0    0    0    0    0
     0 1626]]---
Accuracy : 99.51%
---
class acc :
	Brocoli_green_weeds_1: 100.00
	Brocoli_green_weeds_2: 100.00
	Fallow: 100.00
	Fallow_rough_plow: 99.28
	Fallow_smooth: 99.88
	Stubble: 100.00
	Celery: 100.00
	Grapes_untrained: 98.13
	Soil_vinyard_develop: 100.00
	Corn_senesced_green_weeds: 99.66
	Lettuce_romaine_4wk: 99.69
	Lettuce_romaine_5wk: 100.00
	Lettuce_romaine_6wk: 100.00
	Lettuce_romaine_7wk: 99.90
	Vinyard_untrained: 99.63
	Vinyard_vertical_trellis: 100.00
---
AA: 99.76%
Kappa: 99.45
run 4 / 5
Best validation overall accuracy 0.9966517857142857
Confusion matrix :
[[1808    0    0    0    0    0    0    0    0    0    0    0    0    0
     0    0]
 [   0 3354    0    0    0    0    0    0    0    0    0    0    0    0
     0    0]
 [   0    0 1779    0    0    0    0    0    0    0    0    0    0    0
     0    0]
 [   0    0    0 1255    0    0    0    0    0    0    0    0    0    0
     0    0]
 [   0    0    0    8 2402    0    0    0    0    0    0    0    0    0
     0    0]
 [   0    0    0    0    0 3563    0    0    0    0    0    0    0    0
     0    0]
 [   0    0    0    0    0    0 3221    0    0    0    0    0    0    0
     0    0]
 [   0    0    0    0    0    0    0 9945    0    3    0    0    0    0
   196    0]
 [   0    0    0    0    0    0    0    0 5583    0    0    0    0    0
     0    0]
 [   0    0    0    0    0    0    0    6    7 2937    0    0    0    0
     0    0]
 [   0    0    0    3    0    0    0    0    0    0  958    0    0    0
     0    0]
 [   0    0    0    0    0    0    0    0    0    0    0 1734    0    0
     0    0]
 [   0    0    0    0    0    0    0    0    0    0    0    0  825    0
     0    0]
 [   0    0    0    0    0    0    0    0    0   18    0    0   16  929
     0    0]
 [   0    0    0    0    0    0    0   45    0    0    0    0    0    0
  6496    0]
 [   0    0    0    0    0    0    0    0    0    0    0    0    0    0
     0 1626]]---
Accuracy : 99.38%
---
class acc :
	Brocoli_green_weeds_1: 100.00
	Brocoli_green_weeds_2: 100.00
	Fallow: 100.00
	Fallow_rough_plow: 100.00
	Fallow_smooth: 99.67
	Stubble: 100.00
	Celery: 100.00
	Grapes_untrained: 98.04
	Soil_vinyard_develop: 100.00
	Corn_senesced_green_weeds: 99.56
	Lettuce_romaine_4wk: 99.69
	Lettuce_romaine_5wk: 100.00
	Lettuce_romaine_6wk: 100.00
	Lettuce_romaine_7wk: 96.47
	Vinyard_untrained: 99.31
	Vinyard_vertical_trellis: 100.00
---
AA: 99.55%
Kappa: 99.31
run 5 / 5
Best validation overall accuracy 0.9962797619047619
Confusion matrix :
[[ 1808     0     0     0     0     0     0     0     0     0     0     0
      0     0     0     0]
 [   33  3321     0     0     0     0     0     0     0     0     0     0
      0     0     0     0]
 [    0     0  1760     0    19     0     0     0     0     0     0     0
      0     0     0     0]
 [    0     0     0  1251     4     0     0     0     0     0     0     0
      0     0     0     0]
 [    0     0     0     3  2407     0     0     0     0     0     0     0
      0     0     0     0]
 [    0     0     0     0     0  3563     0     0     0     0     0     0
      0     0     0     0]
 [    0     0     0     0     0     0  3221     0     0     0     0     0
      0     0     0     0]
 [    0     0     0     0     0     0     0 10059     0     0     0     0
      0     0    85     0]
 [    0     0     0     0     0     0     0     0  5583     0     0     0
      0     0     0     0]
 [    0     0     0     0     0     0     0     0     0  2944     3     0
      0     2     0     1]
 [    0     0     0     0     0     0     0     0     0     0   961     0
      0     0     0     0]
 [    0     0     0     0     0     0     0     0     0     0     0  1734
      0     0     0     0]
 [    0     0     0     0     0     0     0     0     0     0     0     0
    825     0     0     0]
 [    0     0     0     0     0     0     0     0     0     6     0     0
      0   957     0     0]
 [    0     0     0     0     0     0     0    45     0     0     0     0
      0     0  6496     0]
 [    0     0     0     0     0     0     6     0     0     0     0     0
      0     0     5  1615]]---
Accuracy : 99.56%
---
class acc :
	Brocoli_green_weeds_1: 100.00
	Brocoli_green_weeds_2: 99.02
	Fallow: 98.93
	Fallow_rough_plow: 99.68
	Fallow_smooth: 99.88
	Stubble: 100.00
	Celery: 100.00
	Grapes_untrained: 99.16
	Soil_vinyard_develop: 100.00
	Corn_senesced_green_weeds: 99.80
	Lettuce_romaine_4wk: 100.00
	Lettuce_romaine_5wk: 100.00
	Lettuce_romaine_6wk: 100.00
	Lettuce_romaine_7wk: 99.38
	Vinyard_untrained: 99.31
	Vinyard_vertical_trellis: 99.32
---
AA: 99.65%
Kappa: 99.52
Agregated results :
Confusion matrix :
[[1.8058e+03 2.2000e+00 0.0000e+00 0.0000e+00 0.0000e+00 0.0000e+00
  0.0000e+00 0.0000e+00 0.0000e+00 0.0000e+00 0.0000e+00 0.0000e+00
  0.0000e+00 0.0000e+00 0.0000e+00 0.0000e+00]
 [6.6000e+00 3.3474e+03 0.0000e+00 0.0000e+00 0.0000e+00 0.0000e+00
  0.0000e+00 0.0000e+00 0.0000e+00 0.0000e+00 0.0000e+00 0.0000e+00
  0.0000e+00 0.0000e+00 0.0000e+00 0.0000e+00]
 [0.0000e+00 0.0000e+00 1.7744e+03 0.0000e+00 4.6000e+00 0.0000e+00
  0.0000e+00 0.0000e+00 0.0000e+00 0.0000e+00 0.0000e+00 0.0000e+00
  0.0000e+00 0.0000e+00 0.0000e+00 0.0000e+00]
 [0.0000e+00 0.0000e+00 0.0000e+00 1.2480e+03 7.0000e+00 0.0000e+00
  0.0000e+00 0.0000e+00 0.0000e+00 0.0000e+00 0.0000e+00 0.0000e+00
  0.0000e+00 0.0000e+00 0.0000e+00 0.0000e+00]
 [0.0000e+00 0.0000e+00 0.0000e+00 4.6000e+00 2.4054e+03 0.0000e+00
  0.0000e+00 0.0000e+00 0.0000e+00 0.0000e+00 0.0000e+00 0.0000e+00
  0.0000e+00 0.0000e+00 0.0000e+00 0.0000e+00]
 [0.0000e+00 0.0000e+00 0.0000e+00 0.0000e+00 0.0000e+00 3.5630e+03
  0.0000e+00 0.0000e+00 0.0000e+00 0.0000e+00 0.0000e+00 0.0000e+00
  0.0000e+00 0.0000e+00 0.0000e+00 0.0000e+00]
 [0.0000e+00 0.0000e+00 0.0000e+00 0.0000e+00 0.0000e+00 0.0000e+00
  3.2210e+03 0.0000e+00 0.0000e+00 0.0000e+00 0.0000e+00 0.0000e+00
  0.0000e+00 0.0000e+00 0.0000e+00 0.0000e+00]
 [0.0000e+00 0.0000e+00 0.0000e+00 0.0000e+00 0.0000e+00 2.0000e-01
  0.0000e+00 9.9888e+03 0.0000e+00 6.0000e-01 2.0000e-01 0.0000e+00
  0.0000e+00 0.0000e+00 1.5420e+02 0.0000e+00]
 [0.0000e+00 0.0000e+00 0.0000e+00 0.0000e+00 0.0000e+00 0.0000e+00
  0.0000e+00 0.0000e+00 5.5830e+03 0.0000e+00 0.0000e+00 0.0000e+00
  0.0000e+00 0.0000e+00 0.0000e+00 0.0000e+00]
 [0.0000e+00 0.0000e+00 0.0000e+00 0.0000e+00 0.0000e+00 0.0000e+00
  0.0000e+00 1.4000e+00 1.4000e+00 2.9398e+03 1.4000e+00 0.0000e+00
  0.0000e+00 5.4000e+00 2.0000e-01 4.0000e-01]
 [0.0000e+00 0.0000e+00 2.0000e-01 1.0000e+00 0.0000e+00 0.0000e+00
  0.0000e+00 0.0000e+00 0.0000e+00 0.0000e+00 9.5940e+02 4.0000e-01
  0.0000e+00 0.0000e+00 0.0000e+00 0.0000e+00]
 [0.0000e+00 0.0000e+00 0.0000e+00 0.0000e+00 0.0000e+00 0.0000e+00
  0.0000e+00 0.0000e+00 0.0000e+00 0.0000e+00 0.0000e+00 1.7340e+03
  0.0000e+00 0.0000e+00 0.0000e+00 0.0000e+00]
 [0.0000e+00 0.0000e+00 0.0000e+00 0.0000e+00 0.0000e+00 0.0000e+00
  0.0000e+00 0.0000e+00 0.0000e+00 0.0000e+00 0.0000e+00 0.0000e+00
  8.2500e+02 0.0000e+00 0.0000e+00 0.0000e+00]
 [0.0000e+00 0.0000e+00 0.0000e+00 0.0000e+00 0.0000e+00 0.0000e+00
  0.0000e+00 0.0000e+00 0.0000e+00 5.8000e+00 0.0000e+00 0.0000e+00
  3.2000e+00 9.5400e+02 0.0000e+00 0.0000e+00]
 [0.0000e+00 0.0000e+00 0.0000e+00 0.0000e+00 0.0000e+00 0.0000e+00
  0.0000e+00 5.2400e+01 0.0000e+00 0.0000e+00 0.0000e+00 0.0000e+00
  0.0000e+00 0.0000e+00 6.4886e+03 0.0000e+00]
 [0.0000e+00 0.0000e+00 0.0000e+00 0.0000e+00 0.0000e+00 0.0000e+00
  2.6000e+00 0.0000e+00 0.0000e+00 0.0000e+00 0.0000e+00 0.0000e+00
  0.0000e+00 0.0000e+00 1.0000e+00 1.6224e+03]]---
Accuracy: 99.47 +- 0.08
---
class acc :
	Brocoli_green_weeds_1: 99.88 +- 0.15
	Brocoli_green_weeds_2: 99.80 +- 0.39
	Fallow: 99.74 +- 0.41
	Fallow_rough_plow: 99.44 +- 0.57
	Fallow_smooth: 99.81 +- 0.14
	Stubble: 100.00 +- 0.00
	Celery: 100.00 +- 0.00
	Grapes_untrained: 98.47 +- 0.51
	Soil_vinyard_develop: 100.00 +- 0.00
	Corn_senesced_green_weeds: 99.65 +- 0.09
	Lettuce_romaine_4wk: 99.83 +- 0.14
	Lettuce_romaine_5wk: 100.00 +- 0.00
	Lettuce_romaine_6wk: 100.00 +- 0.00
	Lettuce_romaine_7wk: 99.07 +- 1.31
	Vinyard_untrained: 99.20 +- 0.31
	Vinyard_vertical_trellis: 99.78 +- 0.28
---
AA: 99.67 +- 0.08
Kappa: 99.41 +- 0.09
