run 1 / 5
Best validation overall accuracy 0.9994419642857143
Confusion matrix :
[[1607    0    0    0    0    0    0    0    0    0    0    0    0    0
     0    0]
 [   0 2981    0    0    0    0    0    0    0    0    0    0    0    0
     0    0]
 [   0    0 1581    0    0    0    0    0    0    0    0    0    0    0
     0    0]
 [   0    0    0 1112    3    0    0    0    0    0    0    0    0    0
     0    0]
 [   0    0    0    3 2139    0    0    0    0    0    0    0    0    0
     0    0]
 [   0    0    0    0    0 3167    0    0    0    0    0    0    0    0
     0    0]
 [   0    0    0    0    0    0 2863    0    0    0    0    0    0    0
     0    0]
 [   0    0    0    0    0    0    0 9016    0    0    0    0    0    0
     1    0]
 [   0    0    0    0    0    0    0    0 4963    0    0    0    0    0
     0    0]
 [   0    0    0    0    0    0    0    0    0 2621    0    0    0    1
     0    0]
 [   0    0    0    0    0    0    0    0    0    0  854    0    0    0
     0    0]
 [   0    0    0    0    0    0    0    0    0    0    0 1542    0    0
     0    0]
 [   0    0    0    0    0    0    0    0    0    0    0    0  733    0
     0    0]
 [   0    0    0    0    0    0    0    0    0    2    0    0    0  854
     0    0]
 [   0    0    0    0    0    0    0   20    0    0    0    0    0    0
  5795    0]
 [   0    0    0    0    0    0    0    0    0    0    0    0    0    0
     0 1446]]---
Accuracy : 99.93%
---
class acc :
	Brocoli_green_weeds_1: 100.00
	Brocoli_green_weeds_2: 100.00
	Fallow: 100.00
	Fallow_rough_plow: 99.73
	Fallow_smooth: 99.86
	Stubble: 100.00
	Celery: 100.00
	Grapes_untrained: 99.99
	Soil_vinyard_develop: 100.00
	Corn_senesced_green_weeds: 99.96
	Lettuce_romaine_4wk: 100.00
	Lettuce_romaine_5wk: 100.00
	Lettuce_romaine_6wk: 100.00
	Lettuce_romaine_7wk: 99.77
	Vinyard_untrained: 99.66
	Vinyard_vertical_trellis: 100.00
---
AA: 99.94%
Kappa: 99.92
run 2 / 5
Best validation overall accuracy 0.9988839285714286
Confusion matrix :
[[1607    0    0    0    0    0    0    0    0    0    0    0    0    0
     0    0]
 [   0 2981    0    0    0    0    0    0    0    0    0    0    0    0
     0    0]
 [   0    0 1581    0    0    0    0    0    0    0    0    0    0    0
     0    0]
 [   0    0    0 1111    4    0    0    0    0    0    0    0    0    0
     0    0]
 [   0    0    0    7 2135    0    0    0    0    0    0    0    0    0
     0    0]
 [   0    0    0    0    0 3167    0    0    0    0    0    0    0    0
     0    0]
 [   0    0    0    0    0    0 2863    0    0    0    0    0    0    0
     0    0]
 [   0    0    0    0    0    0    0 8988    0    0    0    0    0    0
    29    0]
 [   0    0    0    0    0    0    0    0 4963    0    0    0    0    0
     0    0]
 [   0    0    0    0    0    0    0    0    2 2620    0    0    0    0
     0    0]
 [   0    0    0    0    0    0    0    0    0    0  854    0    0    0
     0    0]
 [   0    0    0    0    0    0    0    0    0    0    0 1542    0    0
     0    0]
 [   0    0    0    0    0    0    0    0    0    0    0    0  733    0
     0    0]
 [   0    0    0    0    0    0    0    0    0    5    0    0    0  851
     0    0]
 [   0    0    0    0    0    0    0    8    0    0    0    0    0    0
  5807    0]
 [   0    0    0    0    0    0    0    0    0    0    0    0    0    0
     0 1446]]---
Accuracy : 99.87%
---
class acc :
	Brocoli_green_weeds_1: 100.00
	Brocoli_green_weeds_2: 100.00
	Fallow: 100.00
	Fallow_rough_plow: 99.64
	Fallow_smooth: 99.67
	Stubble: 100.00
	Celery: 100.00
	Grapes_untrained: 99.68
	Soil_vinyard_develop: 100.00
	Corn_senesced_green_weeds: 99.92
	Lettuce_romaine_4wk: 100.00
	Lettuce_romaine_5wk: 100.00
	Lettuce_romaine_6wk: 100.00
	Lettuce_romaine_7wk: 99.42
	Vinyard_untrained: 99.86
	Vinyard_vertical_trellis: 100.00
---
AA: 99.89%
Kappa: 99.86
run 3 / 5
Best validation overall accuracy 0.9994419642857143
Confusion matrix :
[[1607    0    0    0    0    0    0    0    0    0    0    0    0    0
     0    0]
 [   0 2981    0    0    0    0    0    0    0    0    0    0    0    0
     0    0]
 [   0    0 1581    0    0    0    0    0    0    0    0    0    0    0
     0    0]
 [   0    0    0 1115    0    0    0    0    0    0    0    0    0    0
     0    0]
 [   0    0    0    6 2136    0    0    0    0    0    0    0    0    0
     0    0]
 [   0    0    0    0    0 3167    0    0    0    0    0    0    0    0
     0    0]
 [   0    0    0    0    0    0 2863    0    0    0    0    0    0    0
     0    0]
 [   0    0    0    0    0    0    0 9007    0    0    0    0    0    0
    10    0]
 [   0    0    0    0    0    0    0    0 4963    0    0    0    0    0
     0    0]
 [   0    0    0    0    0    0    0    0   14 2608    0    0    0    0
     0    0]
 [   0    0    0    1    0    0    0    0    0    0  853    0    0    0
     0    0]
 [   0    0    0    0    0    0    0    0    0    0    0 1542    0    0
     0    0]
 [   0    0    0    0    0    0    0    0    0    0    0    0  733    0
     0    0]
 [   0    0    0    0    0    0    0    0    0    0    0    0    0  856
     0    0]
 [   0    0    0    0    0    0    0    6    0    0    0    0    0    0
  5809    0]
 [   0    0    0    0    0    0    0    0    0    0    0    0    0    0
     0 1446]]---
Accuracy : 99.91%
---
class acc :
	Brocoli_green_weeds_1: 100.00
	Brocoli_green_weeds_2: 100.00
	Fallow: 100.00
	Fallow_rough_plow: 100.00
	Fallow_smooth: 99.72
	Stubble: 100.00
	Celery: 100.00
	Grapes_untrained: 99.89
	Soil_vinyard_develop: 100.00
	Corn_senesced_green_weeds: 99.47
	Lettuce_romaine_4wk: 99.88
	Lettuce_romaine_5wk: 100.00
	Lettuce_romaine_6wk: 100.00
	Lettuce_romaine_7wk: 100.00
	Vinyard_untrained: 99.90
	Vinyard_vertical_trellis: 100.00
---
AA: 99.93%
Kappa: 99.90
run 4 / 5
Best validation overall accuracy 0.9992559523809523
Confusion matrix :
[[1607    0    0    0    0    0    0    0    0    0    0    0    0    0
     0    0]
 [   0 2981    0    0    0    0    0    0    0    0    0    0    0    0
     0    0]
 [   0    0 1581    0    0    0    0    0    0    0    0    0    0    0
     0    0]
 [   0    0    0 1109    6    0    0    0    0    0    0    0    0    0
     0    0]
 [   0    0    0    0 2142    0    0    0    0    0    0    0    0    0
     0    0]
 [   0    0    0    0    0 3167    0    0    0    0    0    0    0    0
     0    0]
 [   0    0    0    0    0    0 2863    0    0    0    0    0    0    0
     0    0]
 [   0    0    0    0    0    0    0 8993    0    0    0    0    0    0
    24    0]
 [   0    0    0    0    0    0    0    0 4963    0    0    0    0    0
     0    0]
 [   0    0    0    0    0    0    0    2    0 2618    0    0    0    2
     0    0]
 [   0    0    0    0    0    0    0    0    0    0  854    0    0    0
     0    0]
 [   0    0    0    0    0    0    0    0    0    0    0 1542    0    0
     0    0]
 [   0    0    0    0    0    0    0    0    0    0    0    0  731    2
     0    0]
 [   0    0    0    0    0    0    0    0    0    0    0    0    0  856
     0    0]
 [   0    0    0    0    0    0    0   18    0    0    0    0    0    0
  5797    0]
 [   0    0    0    0    0    0    0    0    0    0    0    0    0    3
     0 1443]]---
Accuracy : 99.87%
---
class acc :
	Brocoli_green_weeds_1: 100.00
	Brocoli_green_weeds_2: 100.00
	Fallow: 100.00
	Fallow_rough_plow: 99.46
	Fallow_smooth: 100.00
	Stubble: 100.00
	Celery: 100.00
	Grapes_untrained: 99.73
	Soil_vinyard_develop: 100.00
	Corn_senesced_green_weeds: 99.85
	Lettuce_romaine_4wk: 100.00
	Lettuce_romaine_5wk: 100.00
	Lettuce_romaine_6wk: 99.73
	Lettuce_romaine_7wk: 100.00
	Vinyard_untrained: 99.69
	Vinyard_vertical_trellis: 99.79
---
AA: 99.89%
Kappa: 99.85
run 5 / 5
Best validation overall accuracy 0.9985119047619048
Confusion matrix :
[[1607    0    0    0    0    0    0    0    0    0    0    0    0    0
     0    0]
 [   0 2981    0    0    0    0    0    0    0    0    0    0    0    0
     0    0]
 [   0    0 1581    0    0    0    0    0    0    0    0    0    0    0
     0    0]
 [   0    0    0 1115    0    0    0    0    0    0    0    0    0    0
     0    0]
 [   0    0    0    1 2141    0    0    0    0    0    0    0    0    0
     0    0]
 [   0    0    0    0    0 3167    0    0    0    0    0    0    0    0
     0    0]
 [   0    0    0    0    0    0 2863    0    0    0    0    0    0    0
     0    0]
 [   0    0    0    0    0    0    0 8990    0    0    0    0    0    0
    27    0]
 [   0    0    0    0    0    0    0    0 4963    0    0    0    0    0
     0    0]
 [   0    0    0    0    0    0    0    0    0 2622    0    0    0    0
     0    0]
 [   0    0    0    0    0    0    0    0    0    0  854    0    0    0
     0    0]
 [   0    0    0    0    0    0    0    0    0    0    0 1542    0    0
     0    0]
 [   0    0    0    0    0    0    0    0    0    0    0    0  733    0
     0    0]
 [   0    0    0    0    0    0    0    0    0    0    0    0    0  856
     0    0]
 [   0    0    0    0    0    0    0    4    0    0    0    0    0    0
  5811    0]
 [   0    0    0    0    0    0    0    0    0    0    0    0    0    0
     0 1446]]---
Accuracy : 99.93%
---
class acc :
	Brocoli_green_weeds_1: 100.00
	Brocoli_green_weeds_2: 100.00
	Fallow: 100.00
	Fallow_rough_plow: 100.00
	Fallow_smooth: 99.95
	Stubble: 100.00
	Celery: 100.00
	Grapes_untrained: 99.70
	Soil_vinyard_develop: 100.00
	Corn_senesced_green_weeds: 100.00
	Lettuce_romaine_4wk: 100.00
	Lettuce_romaine_5wk: 100.00
	Lettuce_romaine_6wk: 100.00
	Lettuce_romaine_7wk: 100.00
	Vinyard_untrained: 99.93
	Vinyard_vertical_trellis: 100.00
---
AA: 99.97%
Kappa: 99.92
Agregated results :
Confusion matrix :
[[1.6070e+03 0.0000e+00 0.0000e+00 0.0000e+00 0.0000e+00 0.0000e+00
  0.0000e+00 0.0000e+00 0.0000e+00 0.0000e+00 0.0000e+00 0.0000e+00
  0.0000e+00 0.0000e+00 0.0000e+00 0.0000e+00]
 [0.0000e+00 2.9810e+03 0.0000e+00 0.0000e+00 0.0000e+00 0.0000e+00
  0.0000e+00 0.0000e+00 0.0000e+00 0.0000e+00 0.0000e+00 0.0000e+00
  0.0000e+00 0.0000e+00 0.0000e+00 0.0000e+00]
 [0.0000e+00 0.0000e+00 1.5810e+03 0.0000e+00 0.0000e+00 0.0000e+00
  0.0000e+00 0.0000e+00 0.0000e+00 0.0000e+00 0.0000e+00 0.0000e+00
  0.0000e+00 0.0000e+00 0.0000e+00 0.0000e+00]
 [0.0000e+00 0.0000e+00 0.0000e+00 1.1124e+03 2.6000e+00 0.0000e+00
  0.0000e+00 0.0000e+00 0.0000e+00 0.0000e+00 0.0000e+00 0.0000e+00
  0.0000e+00 0.0000e+00 0.0000e+00 0.0000e+00]
 [0.0000e+00 0.0000e+00 0.0000e+00 3.4000e+00 2.1386e+03 0.0000e+00
  0.0000e+00 0.0000e+00 0.0000e+00 0.0000e+00 0.0000e+00 0.0000e+00
  0.0000e+00 0.0000e+00 0.0000e+00 0.0000e+00]
 [0.0000e+00 0.0000e+00 0.0000e+00 0.0000e+00 0.0000e+00 3.1670e+03
  0.0000e+00 0.0000e+00 0.0000e+00 0.0000e+00 0.0000e+00 0.0000e+00
  0.0000e+00 0.0000e+00 0.0000e+00 0.0000e+00]
 [0.0000e+00 0.0000e+00 0.0000e+00 0.0000e+00 0.0000e+00 0.0000e+00
  2.8630e+03 0.0000e+00 0.0000e+00 0.0000e+00 0.0000e+00 0.0000e+00
  0.0000e+00 0.0000e+00 0.0000e+00 0.0000e+00]
 [0.0000e+00 0.0000e+00 0.0000e+00 0.0000e+00 0.0000e+00 0.0000e+00
  0.0000e+00 8.9988e+03 0.0000e+00 0.0000e+00 0.0000e+00 0.0000e+00
  0.0000e+00 0.0000e+00 1.8200e+01 0.0000e+00]
 [0.0000e+00 0.0000e+00 0.0000e+00 0.0000e+00 0.0000e+00 0.0000e+00
  0.0000e+00 0.0000e+00 4.9630e+03 0.0000e+00 0.0000e+00 0.0000e+00
  0.0000e+00 0.0000e+00 0.0000e+00 0.0000e+00]
 [0.0000e+00 0.0000e+00 0.0000e+00 0.0000e+00 0.0000e+00 0.0000e+00
  0.0000e+00 4.0000e-01 3.2000e+00 2.6178e+03 0.0000e+00 0.0000e+00
  0.0000e+00 6.0000e-01 0.0000e+00 0.0000e+00]
 [0.0000e+00 0.0000e+00 0.0000e+00 2.0000e-01 0.0000e+00 0.0000e+00
  0.0000e+00 0.0000e+00 0.0000e+00 0.0000e+00 8.5380e+02 0.0000e+00
  0.0000e+00 0.0000e+00 0.0000e+00 0.0000e+00]
 [0.0000e+00 0.0000e+00 0.0000e+00 0.0000e+00 0.0000e+00 0.0000e+00
  0.0000e+00 0.0000e+00 0.0000e+00 0.0000e+00 0.0000e+00 1.5420e+03
  0.0000e+00 0.0000e+00 0.0000e+00 0.0000e+00]
 [0.0000e+00 0.0000e+00 0.0000e+00 0.0000e+00 0.0000e+00 0.0000e+00
  0.0000e+00 0.0000e+00 0.0000e+00 0.0000e+00 0.0000e+00 0.0000e+00
  7.3260e+02 4.0000e-01 0.0000e+00 0.0000e+00]
 [0.0000e+00 0.0000e+00 0.0000e+00 0.0000e+00 0.0000e+00 0.0000e+00
  0.0000e+00 0.0000e+00 0.0000e+00 1.4000e+00 0.0000e+00 0.0000e+00
  0.0000e+00 8.5460e+02 0.0000e+00 0.0000e+00]
 [0.0000e+00 0.0000e+00 0.0000e+00 0.0000e+00 0.0000e+00 0.0000e+00
  0.0000e+00 1.1200e+01 0.0000e+00 0.0000e+00 0.0000e+00 0.0000e+00
  0.0000e+00 0.0000e+00 5.8038e+03 0.0000e+00]
 [0.0000e+00 0.0000e+00 0.0000e+00 0.0000e+00 0.0000e+00 0.0000e+00
  0.0000e+00 0.0000e+00 0.0000e+00 0.0000e+00 0.0000e+00 0.0000e+00
  0.0000e+00 6.0000e-01 0.0000e+00 1.4454e+03]]---
Accuracy: 99.90 +- 0.03
---
class acc :
	Brocoli_green_weeds_1: 100.00 +- 0.00
	Brocoli_green_weeds_2: 100.00 +- 0.00
	Fallow: 100.00 +- 0.00
	Fallow_rough_plow: 99.77 +- 0.21
	Fallow_smooth: 99.84 +- 0.13
	Stubble: 100.00 +- 0.00
	Celery: 100.00 +- 0.00
	Grapes_untrained: 99.80 +- 0.12
	Soil_vinyard_develop: 100.00 +- 0.00
	Corn_senesced_green_weeds: 99.84 +- 0.19
	Lettuce_romaine_4wk: 99.98 +- 0.05
	Lettuce_romaine_5wk: 100.00 +- 0.00
	Lettuce_romaine_6wk: 99.95 +- 0.11
	Lettuce_romaine_7wk: 99.84 +- 0.23
	Vinyard_untrained: 99.81 +- 0.11
	Vinyard_vertical_trellis: 99.96 +- 0.08
---
AA: 99.92 +- 0.03
Kappa: 99.89 +- 0.03
