run 1 / 5
Best validation overall accuracy 0.9992559523809523
Confusion matrix :
[[1607    0    0    0    0    0    0    0    0    0    0    0    0    0
     0    0]
 [   0 2981    0    0    0    0    0    0    0    0    0    0    0    0
     0    0]
 [   0    0 1581    0    0    0    0    0    0    0    0    0    0    0
     0    0]
 [   0    0    0 1115    0    0    0    0    0    0    0    0    0    0
     0    0]
 [   0    0    0   11 2131    0    0    0    0    0    0    0    0    0
     0    0]
 [   0    0    0    0    0 3167    0    0    0    0    0    0    0    0
     0    0]
 [   0    0    0    0    0    0 2863    0    0    0    0    0    0    0
     0    0]
 [   0    0    0    0    0    0    0 8998    0    0    0    0    0    0
    19    0]
 [   0    0    0    0    0    0    0    0 4963    0    0    0    0    0
     0    0]
 [   0    0    0    0    0    0    0    0    0 2622    0    0    0    0
     0    0]
 [   0    0    0    0    0    0    0    0    0    0  854    0    0    0
     0    0]
 [   0    0    0    0    0    0    0    0    0    0    0 1542    0    0
     0    0]
 [   0    0    0    0    0    0    0    0    0    0    0    0  733    0
     0    0]
 [   0    0    0    0    0    0    0    0    0    3    0    0    0  853
     0    0]
 [   0    0    0    0    0    0    0   29    0    0    0    0    0    0
  5786    0]
 [   0    0    0    0    0    0    0    0    0    0    0    0    0    0
     0 1446]]---
Accuracy : 99.86%
---
class acc :
	Brocoli_green_weeds_1: 100.00
	Brocoli_green_weeds_2: 100.00
	Fallow: 100.00
	Fallow_rough_plow: 100.00
	Fallow_smooth: 99.49
	Stubble: 100.00
	Celery: 100.00
	Grapes_untrained: 99.79
	Soil_vinyard_develop: 100.00
	Corn_senesced_green_weeds: 100.00
	Lettuce_romaine_4wk: 100.00
	Lettuce_romaine_5wk: 100.00
	Lettuce_romaine_6wk: 100.00
	Lettuce_romaine_7wk: 99.65
	Vinyard_untrained: 99.50
	Vinyard_vertical_trellis: 100.00
---
AA: 99.90%
Kappa: 99.84
run 2 / 5
Best validation overall accuracy 0.9994419642857143
Confusion matrix :
[[1607    0    0    0    0    0    0    0    0    0    0    0    0    0
     0    0]
 [   0 2981    0    0    0    0    0    0    0    0    0    0    0    0
     0    0]
 [   0    0 1581    0    0    0    0    0    0    0    0    0    0    0
     0    0]
 [   0    0    0 1115    0    0    0    0    0    0    0    0    0    0
     0    0]
 [   0    0    0   16 2126    0    0    0    0    0    0    0    0    0
     0    0]
 [   0    0    0    0    0 3167    0    0    0    0    0    0    0    0
     0    0]
 [   0    0    0    0    0    0 2863    0    0    0    0    0    0    0
     0    0]
 [   0    0    0    0    0    0    0 9010    0    0    0    0    0    0
     7    0]
 [   0    0    0    0    0    0    0    0 4963    0    0    0    0    0
     0    0]
 [   0    0    0    0    0    0    0    1    2 2619    0    0    0    0
     0    0]
 [   0    0    0    0    0    0    0    0    0    0  852    2    0    0
     0    0]
 [   0    0    0    0    0    0    0    0    0    0    0 1542    0    0
     0    0]
 [   0    0    0    0    0    0    0    0    0    0    0    0  733    0
     0    0]
 [   0    0    0    0    0    0    0    0    0    7    0    0    0  849
     0    0]
 [   0    0    0    0    0    0    0    6    0    0    0    0    0    0
  5809    0]
 [   0    0    0    0    0    0    0    0    0    0    0    0    0    0
     0 1446]]---
Accuracy : 99.91%
---
class acc :
	Brocoli_green_weeds_1: 100.00
	Brocoli_green_weeds_2: 100.00
	Fallow: 100.00
	Fallow_rough_plow: 100.00
	Fallow_smooth: 99.25
	Stubble: 100.00
	Celery: 100.00
	Grapes_untrained: 99.92
	Soil_vinyard_develop: 100.00
	Corn_senesced_green_weeds: 99.89
	Lettuce_romaine_4wk: 99.77
	Lettuce_romaine_5wk: 100.00
	Lettuce_romaine_6wk: 100.00
	Lettuce_romaine_7wk: 99.18
	Vinyard_untrained: 99.90
	Vinyard_vertical_trellis: 100.00
---
AA: 99.87%
Kappa: 99.89
run 3 / 5
Best validation overall accuracy 0.9994419642857143
Confusion matrix :
[[1607    0    0    0    0    0    0    0    0    0    0    0    0    0
     0    0]
 [   0 2981    0    0    0    0    0    0    0    0    0    0    0    0
     0    0]
 [   0    0 1581    0    0    0    0    0    0    0    0    0    0    0
     0    0]
 [   0    0    0 1112    3    0    0    0    0    0    0    0    0    0
     0    0]
 [   0    0    0    0 2142    0    0    0    0    0    0    0    0    0
     0    0]
 [   0    0    0    0    0 3167    0    0    0    0    0    0    0    0
     0    0]
 [   0    0    0    0    0    0 2863    0    0    0    0    0    0    0
     0    0]
 [   0    0    0    0    0    0    0 9000    0    0    0    0    0    0
    17    0]
 [   0    0    0    0    0    0    0    0 4963    0    0    0    0    0
     0    0]
 [   0    0    0    0    0    0    0    0    3 2619    0    0    0    0
     0    0]
 [   0    0    2    0    0    0    0    0    0    0  852    0    0    0
     0    0]
 [   0    0    0    0    0    0    0    0    0    0    0 1542    0    0
     0    0]
 [   0    0    0    0    0    0    0    0    0    0    0    0  733    0
     0    0]
 [   0    0    0    0    0    0    0    0    0    0    0    0    0  856
     0    0]
 [   0    0    0    0    0    0    0    9    0    0    0    0    0    0
  5806    0]
 [   0    0    0    0    0    0    0    0    0    0    0    0    0    0
     0 1446]]---
Accuracy : 99.92%
---
class acc :
	Brocoli_green_weeds_1: 100.00
	Brocoli_green_weeds_2: 100.00
	Fallow: 100.00
	Fallow_rough_plow: 99.73
	Fallow_smooth: 100.00
	Stubble: 100.00
	Celery: 100.00
	Grapes_untrained: 99.81
	Soil_vinyard_develop: 100.00
	Corn_senesced_green_weeds: 99.89
	Lettuce_romaine_4wk: 99.77
	Lettuce_romaine_5wk: 100.00
	Lettuce_romaine_6wk: 100.00
	Lettuce_romaine_7wk: 100.00
	Vinyard_untrained: 99.85
	Vinyard_vertical_trellis: 100.00
---
AA: 99.94%
Kappa: 99.91
run 4 / 5
Best validation overall accuracy 0.9996279761904762
Confusion matrix :
[[1607    0    0    0    0    0    0    0    0    0    0    0    0    0
     0    0]
 [   0 2981    0    0    0    0    0    0    0    0    0    0    0    0
     0    0]
 [   0    0 1581    0    0    0    0    0    0    0    0    0    0    0
     0    0]
 [   0    0    0 1113    2    0    0    0    0    0    0    0    0    0
     0    0]
 [   0    0    0    0 2142    0    0    0    0    0    0    0    0    0
     0    0]
 [   0    0    0    0    0 3167    0    0    0    0    0    0    0    0
     0    0]
 [   0    0    0    0    0    0 2863    0    0    0    0    0    0    0
     0    0]
 [   0    0    0    0    0    0    0 8991    0    0    0    0    0    0
    26    0]
 [   0    0    0    0    0    0    0    0 4963    0    0    0    0    0
     0    0]
 [   0    0    0    0    0    0    0    0    2 2616    0    0    0    4
     0    0]
 [   0    0    0    0    0    0    0    0    0    0  854    0    0    0
     0    0]
 [   0    0    0    0    0    0    0    0    0    0    0 1542    0    0
     0    0]
 [   0    0    0    0    0    0    0    0    0    0    0    0  733    0
     0    0]
 [   0    0    0    0    0    0    0    0    0    1    0    0    0  855
     0    0]
 [   0    0    0    0    0    0    0    3    0    0    0    0    0    0
  5812    0]
 [   0    0    0    0    0    0    0    0    0    0    0    0    0    1
     0 1445]]---
Accuracy : 99.91%
---
class acc :
	Brocoli_green_weeds_1: 100.00
	Brocoli_green_weeds_2: 100.00
	Fallow: 100.00
	Fallow_rough_plow: 99.82
	Fallow_smooth: 100.00
	Stubble: 100.00
	Celery: 100.00
	Grapes_untrained: 99.71
	Soil_vinyard_develop: 100.00
	Corn_senesced_green_weeds: 99.77
	Lettuce_romaine_4wk: 100.00
	Lettuce_romaine_5wk: 100.00
	Lettuce_romaine_6wk: 100.00
	Lettuce_romaine_7wk: 99.88
	Vinyard_untrained: 99.95
	Vinyard_vertical_trellis: 99.93
---
AA: 99.94%
Kappa: 99.90
run 5 / 5
Best validation overall accuracy 0.9986979166666666
Confusion matrix :
[[1607    0    0    0    0    0    0    0    0    0    0    0    0    0
     0    0]
 [   0 2981    0    0    0    0    0    0    0    0    0    0    0    0
     0    0]
 [   0    0 1581    0    0    0    0    0    0    0    0    0    0    0
     0    0]
 [   0    0    0 1115    0    0    0    0    0    0    0    0    0    0
     0    0]
 [   0    0    0    2 2140    0    0    0    0    0    0    0    0    0
     0    0]
 [   0    0    0    0    0 3167    0    0    0    0    0    0    0    0
     0    0]
 [   0    0    0    0    0    0 2863    0    0    0    0    0    0    0
     0    0]
 [   0    0    0    0    0    0    0 8984    0    0    0    0    0    0
    33    0]
 [   0    0    0    0    0    0    0    0 4963    0    0    0    0    0
     0    0]
 [   0    0    0    0    0    0    0    0    0 2622    0    0    0    0
     0    0]
 [   0    0    0    0    0    0    0    0    0    0  853    1    0    0
     0    0]
 [   0    0    0    0    0    0    0    0    0    0    0 1542    0    0
     0    0]
 [   0    0    0    0    0    0    0    0    0    0    0    0  733    0
     0    0]
 [   0    0    0    0    0    0    0    0    0    0    0    0    0  856
     0    0]
 [   0    0    0    0    0    0    0    3    0    0    0    0    0    0
  5812    0]
 [   0    0    0    0    0    0    0    0    0    0    0    0    0    0
     0 1446]]---
Accuracy : 99.91%
---
class acc :
	Brocoli_green_weeds_1: 100.00
	Brocoli_green_weeds_2: 100.00
	Fallow: 100.00
	Fallow_rough_plow: 100.00
	Fallow_smooth: 99.91
	Stubble: 100.00
	Celery: 100.00
	Grapes_untrained: 99.63
	Soil_vinyard_develop: 100.00
	Corn_senesced_green_weeds: 100.00
	Lettuce_romaine_4wk: 99.88
	Lettuce_romaine_5wk: 100.00
	Lettuce_romaine_6wk: 100.00
	Lettuce_romaine_7wk: 100.00
	Vinyard_untrained: 99.95
	Vinyard_vertical_trellis: 100.00
---
AA: 99.96%
Kappa: 99.90
Agregated results :
Confusion matrix :
[[1.6070e+03 0.0000e+00 0.0000e+00 0.0000e+00 0.0000e+00 0.0000e+00
  0.0000e+00 0.0000e+00 0.0000e+00 0.0000e+00 0.0000e+00 0.0000e+00
  0.0000e+00 0.0000e+00 0.0000e+00 0.0000e+00]
 [0.0000e+00 2.9810e+03 0.0000e+00 0.0000e+00 0.0000e+00 0.0000e+00
  0.0000e+00 0.0000e+00 0.0000e+00 0.0000e+00 0.0000e+00 0.0000e+00
  0.0000e+00 0.0000e+00 0.0000e+00 0.0000e+00]
 [0.0000e+00 0.0000e+00 1.5810e+03 0.0000e+00 0.0000e+00 0.0000e+00
  0.0000e+00 0.0000e+00 0.0000e+00 0.0000e+00 0.0000e+00 0.0000e+00
  0.0000e+00 0.0000e+00 0.0000e+00 0.0000e+00]
 [0.0000e+00 0.0000e+00 0.0000e+00 1.1140e+03 1.0000e+00 0.0000e+00
  0.0000e+00 0.0000e+00 0.0000e+00 0.0000e+00 0.0000e+00 0.0000e+00
  0.0000e+00 0.0000e+00 0.0000e+00 0.0000e+00]
 [0.0000e+00 0.0000e+00 0.0000e+00 5.8000e+00 2.1362e+03 0.0000e+00
  0.0000e+00 0.0000e+00 0.0000e+00 0.0000e+00 0.0000e+00 0.0000e+00
  0.0000e+00 0.0000e+00 0.0000e+00 0.0000e+00]
 [0.0000e+00 0.0000e+00 0.0000e+00 0.0000e+00 0.0000e+00 3.1670e+03
  0.0000e+00 0.0000e+00 0.0000e+00 0.0000e+00 0.0000e+00 0.0000e+00
  0.0000e+00 0.0000e+00 0.0000e+00 0.0000e+00]
 [0.0000e+00 0.0000e+00 0.0000e+00 0.0000e+00 0.0000e+00 0.0000e+00
  2.8630e+03 0.0000e+00 0.0000e+00 0.0000e+00 0.0000e+00 0.0000e+00
  0.0000e+00 0.0000e+00 0.0000e+00 0.0000e+00]
 [0.0000e+00 0.0000e+00 0.0000e+00 0.0000e+00 0.0000e+00 0.0000e+00
  0.0000e+00 8.9966e+03 0.0000e+00 0.0000e+00 0.0000e+00 0.0000e+00
  0.0000e+00 0.0000e+00 2.0400e+01 0.0000e+00]
 [0.0000e+00 0.0000e+00 0.0000e+00 0.0000e+00 0.0000e+00 0.0000e+00
  0.0000e+00 0.0000e+00 4.9630e+03 0.0000e+00 0.0000e+00 0.0000e+00
  0.0000e+00 0.0000e+00 0.0000e+00 0.0000e+00]
 [0.0000e+00 0.0000e+00 0.0000e+00 0.0000e+00 0.0000e+00 0.0000e+00
  0.0000e+00 2.0000e-01 1.4000e+00 2.6196e+03 0.0000e+00 0.0000e+00
  0.0000e+00 8.0000e-01 0.0000e+00 0.0000e+00]
 [0.0000e+00 0.0000e+00 4.0000e-01 0.0000e+00 0.0000e+00 0.0000e+00
  0.0000e+00 0.0000e+00 0.0000e+00 0.0000e+00 8.5300e+02 6.0000e-01
  0.0000e+00 0.0000e+00 0.0000e+00 0.0000e+00]
 [0.0000e+00 0.0000e+00 0.0000e+00 0.0000e+00 0.0000e+00 0.0000e+00
  0.0000e+00 0.0000e+00 0.0000e+00 0.0000e+00 0.0000e+00 1.5420e+03
  0.0000e+00 0.0000e+00 0.0000e+00 0.0000e+00]
 [0.0000e+00 0.0000e+00 0.0000e+00 0.0000e+00 0.0000e+00 0.0000e+00
  0.0000e+00 0.0000e+00 0.0000e+00 0.0000e+00 0.0000e+00 0.0000e+00
  7.3300e+02 0.0000e+00 0.0000e+00 0.0000e+00]
 [0.0000e+00 0.0000e+00 0.0000e+00 0.0000e+00 0.0000e+00 0.0000e+00
  0.0000e+00 0.0000e+00 0.0000e+00 2.2000e+00 0.0000e+00 0.0000e+00
  0.0000e+00 8.5380e+02 0.0000e+00 0.0000e+00]
 [0.0000e+00 0.0000e+00 0.0000e+00 0.0000e+00 0.0000e+00 0.0000e+00
  0.0000e+00 1.0000e+01 0.0000e+00 0.0000e+00 0.0000e+00 0.0000e+00
  0.0000e+00 0.0000e+00 5.8050e+03 0.0000e+00]
 [0.0000e+00 0.0000e+00 0.0000e+00 0.0000e+00 0.0000e+00 0.0000e+00
  0.0000e+00 0.0000e+00 0.0000e+00 0.0000e+00 0.0000e+00 0.0000e+00
  0.0000e+00 2.0000e-01 0.0000e+00 1.4458e+03]]---
Accuracy: 99.90 +- 0.02
---
class acc :
	Brocoli_green_weeds_1: 100.00 +- 0.00
	Brocoli_green_weeds_2: 100.00 +- 0.00
	Fallow: 100.00 +- 0.00
	Fallow_rough_plow: 99.91 +- 0.11
	Fallow_smooth: 99.73 +- 0.30
	Stubble: 100.00 +- 0.00
	Celery: 100.00 +- 0.00
	Grapes_untrained: 99.77 +- 0.10
	Soil_vinyard_develop: 100.00 +- 0.00
	Corn_senesced_green_weeds: 99.91 +- 0.09
	Lettuce_romaine_4wk: 99.88 +- 0.10
	Lettuce_romaine_5wk: 100.00 +- 0.00
	Lettuce_romaine_6wk: 100.00 +- 0.00
	Lettuce_romaine_7wk: 99.74 +- 0.31
	Vinyard_untrained: 99.83 +- 0.17
	Vinyard_vertical_trellis: 99.99 +- 0.03
---
AA: 99.92 +- 0.03
Kappa: 99.89 +- 0.03
