run 1 / 5
Best validation overall accuracy 0.96875
Confusion matrix :
[[1170    6    0   25    0    0    0    0    0    0    0    0    0    0
     0]
 [  19 1184    0    0    0    0    1    0    0    0    0    0    0    0
     0]
 [   0    0  661    0    0    0    0    0    0    0    0    0    0    0
     8]
 [   0    0    0 1191    0    0    0    0    3    0    0    0    0    0
     0]
 [   0    0    0    0 1192    0    0    0    0    0    0    0    0    0
     0]
 [   0    0    0    0    0  273   39    0    0    0    0    0    0    0
     0]
 [   0    0    0    0    0    0 1179   21    9    0    8    0    0    0
     0]
 [   0    0    0    0   26    0    0 1071    0   17    6   41   24    0
     9]
 [   0    0    0    0   11    1   42    4 1088   13   32   11    0    0
     0]
 [   0    0    0    0    0    0    0    0   11 1152   11    1    3    0
     0]
 [   0    0    0    0   16    0   11    8   25    0 1122    0    4    0
     0]
 [   0    0    0    0   99    1   50    0    4   40    2  977   11    0
     0]
 [   0    0    0    0    0    0    2    0    0    0    6    1  441    0
     0]
 [   0    0    0    0    0    0    0    0    0    0    0    0    0  411
     0]
 [   0    0    0    0    0    0    0    0    0    0    0    0    0    0
   634]]---
Accuracy : 95.27%
---
class acc :
	Healthy grass: 97.42
	Stressed grass: 98.34
	Synthetic grass: 98.80
	Trees: 99.75
	Soil: 100.00
	Water: 87.50
	Residential: 96.88
	Commercial: 89.70
	Road: 90.52
	Highway: 97.79
	Railway: 94.60
	Parking Lot 1: 82.52
	Parking Lot 2: 98.00
	Tennis Court: 100.00
	Running Track: 100.00
---
AA: 95.45%
Kappa: 94.89
run 2 / 5
Best validation overall accuracy 0.98046875
Confusion matrix :
[[1201    0    0    0    0    0    0    0    0    0    0    0    0    0
     0]
 [   5 1155    0   43    0    0    1    0    0    0    0    0    0    0
     0]
 [   0    0  665    0    0    0    0    0    0    0    0    0    0    0
     4]
 [  86    0    0 1103    2    0    2    0    1    0    0    0    0    0
     0]
 [   0    0    0    0 1192    0    0    0    0    0    0    0    0    0
     0]
 [   0    0    0    0    2  297   11    0    0    0    0    2    0    0
     0]
 [   0    0    0    0    0    0 1165   34    9    0    9    0    0    0
     0]
 [   0    0    0    0    9    0   27 1091    0   16   18   24    2    0
     7]
 [   0    0    0    0    0    0   48    1 1131    4   18    0    0    0
     0]
 [   0    0    0    0    0    0    0    0   23 1150    5    0    0    0
     0]
 [   1    0    0    0    0    0    4    1    0    1 1178    1    0    0
     0]
 [   0    0    0    0    0    0    0   38   10   20    0 1113    3    0
     0]
 [   0    0    0    0    0    0    1    5    0   19    0    3  422    0
     0]
 [   0    0    0    0    0    0    0    0    0    0    0    0    0  411
     0]
 [   0    0    0    0    0    0    0    0    0    0    0    0    0    0
   634]]---
Accuracy : 96.40%
---
class acc :
	Healthy grass: 100.00
	Stressed grass: 95.93
	Synthetic grass: 99.40
	Trees: 92.38
	Soil: 100.00
	Water: 95.19
	Residential: 95.73
	Commercial: 91.37
	Road: 94.09
	Highway: 97.62
	Railway: 99.33
	Parking Lot 1: 94.00
	Parking Lot 2: 93.78
	Tennis Court: 100.00
	Running Track: 100.00
---
AA: 96.59%
Kappa: 96.10
run 3 / 5
Best validation overall accuracy 0.9765625
Confusion matrix :
[[1166   34    0    0    0    0    1    0    0    0    0    0    0    0
     0]
 [  47 1149    0    0    0    0    0    0    0    0    0    0    8    0
     0]
 [   0    0  669    0    0    0    0    0    0    0    0    0    0    0
     0]
 [   8    0    0 1184    0    0    2    0    0    0    0    0    0    0
     0]
 [   0    0    0    0 1183    0    0    9    0    0    0    0    0    0
     0]
 [   0    0    0    0    0  237   69    0    6    0    0    0    0    0
     0]
 [   0    4    0    0    0    0 1139   35    0    0   39    0    0    0
     0]
 [   0    0    0    1   55    0   27 1042    0    0   25   13   20    0
    11]
 [   0    0    0    0    0    0   45    4 1031   61   32   29    0    0
     0]
 [   0    0    0    0    0    0    0    0    0 1172    6    0    0    0
     0]
 [   0    0    0    0    0    0    0    0    0    1 1185    0    0    0
     0]
 [   0    0    0    0    0    0   59   13    7   53   67  985    0    0
     0]
 [   0    0    0    0    0    0    7   23    0   20   12    0  388    0
     0]
 [   0    0    0    0    0    0    0    0    0    0    0    0    0  411
     0]
 [   0    0    4    0    0    0    0    0    0    0    0    0    0    0
   630]]---
Accuracy : 94.06%
---
class acc :
	Healthy grass: 97.09
	Stressed grass: 95.43
	Synthetic grass: 100.00
	Trees: 99.16
	Soil: 99.24
	Water: 75.96
	Residential: 93.59
	Commercial: 87.27
	Road: 85.77
	Highway: 99.49
	Railway: 99.92
	Parking Lot 1: 83.19
	Parking Lot 2: 86.22
	Tennis Court: 100.00
	Running Track: 99.37
---
AA: 93.45%
Kappa: 93.58
run 4 / 5
Best validation overall accuracy 0.95703125
Confusion matrix :
[[1170   26    0    5    0    0    0    0    0    0    0    0    0    0
     0]
 [   2 1202    0    0    0    0    0    0    0    0    0    0    0    0
     0]
 [   0    0  664    0    0    0    0    0    0    0    0    0    0    0
     5]
 [   4    0    0 1188    0    0    0    0    2    0    0    0    0    0
     0]
 [   0    0    0    0 1184    0    0    8    0    0    0    0    0    0
     0]
 [   0    0    0    0    0  238   68    0    6    0    0    0    0    0
     0]
 [   0    0    0    0    0    0 1166   25   15    0   10    0    1    0
     0]
 [   0    0    0    0    8    0    4 1128    3    0   17   16   10    0
     8]
 [   0    0    0    0    0    0    1    0 1141    5   35   20    0    0
     0]
 [   0    0    0    0    0    0    0    7    0 1154    1    5   11    0
     0]
 [   0    0    0    0    0    0    0   16    2    0 1063    0  105    0
     0]
 [   0    0    0    0    0    0   13    3   10    0   56 1092   10    0
     0]
 [   0    0    0    0    0    0    1    0    0    0    0    0  449    0
     0]
 [   0    0    0    0    0    0    0    0    0    0    0    0    0  411
     0]
 [   0    0    0    0    0    0    0    0    0    0    0    0    0    0
   634]]---
Accuracy : 96.23%
---
class acc :
	Healthy grass: 97.42
	Stressed grass: 99.83
	Synthetic grass: 99.25
	Trees: 99.50
	Soil: 99.33
	Water: 76.28
	Residential: 95.81
	Commercial: 94.47
	Road: 94.93
	Highway: 97.96
	Railway: 89.63
	Parking Lot 1: 92.23
	Parking Lot 2: 99.78
	Tennis Court: 100.00
	Running Track: 100.00
---
AA: 95.76%
Kappa: 95.92
run 5 / 5
Best validation overall accuracy 0.95703125
Confusion matrix :
[[1141   31    0   29    0    0    0    0    0    0    0    0    0    0
     0]
 [  23 1181    0    0    0    0    0    0    0    0    0    0    0    0
     0]
 [   0    0  659    0    0    0    0    0    0    0    0    0    0    0
    10]
 [   5    0    0 1189    0    0    0    0    0    0    0    0    0    0
     0]
 [   0    0    0    0 1192    0    0    0    0    0    0    0    0    0
     0]
 [   0    0    0    0    0  294   12    0    0    0    0    0    6    0
     0]
 [   0    0    0    1    2    7 1108   36   20    2    9    0   15   17
     0]
 [   0    0   12    0   10    0   26 1072    3    0    2    9   31   14
    15]
 [   0    0    0    0    0    0    0    0 1165   35    0    2    0    0
     0]
 [   0    0    0    0    0    0    0    0    8 1166    0    0    4    0
     0]
 [   0    0    0    0    0    0    1    5   17   36 1039    0   88    0
     0]
 [   0    0    0    0    3    4   42   42   21   45   31  990    6    0
     0]
 [   0    0    0    0    0    0    0    0    0    0    3    0  447    0
     0]
 [   0    0    0    0    0    0    0    0    0    0    0    0    0  411
     0]
 [   0    0    0    0    0    0    0    0    0    0    0    0    0    0
   634]]---
Accuracy : 94.87%
---
class acc :
	Healthy grass: 95.00
	Stressed grass: 98.09
	Synthetic grass: 98.51
	Trees: 99.58
	Soil: 100.00
	Water: 94.23
	Residential: 91.04
	Commercial: 89.78
	Road: 96.92
	Highway: 98.98
	Railway: 87.61
	Parking Lot 1: 83.61
	Parking Lot 2: 99.33
	Tennis Court: 100.00
	Running Track: 100.00
---
AA: 95.51%
Kappa: 94.46
Agregated results :
Confusion matrix :
[[1.1696e+03 1.9400e+01 0.0000e+00 1.1800e+01 0.0000e+00 0.0000e+00
  2.0000e-01 0.0000e+00 0.0000e+00 0.0000e+00 0.0000e+00 0.0000e+00
  0.0000e+00 0.0000e+00 0.0000e+00]
 [1.9200e+01 1.1742e+03 0.0000e+00 8.6000e+00 0.0000e+00 0.0000e+00
  4.0000e-01 0.0000e+00 0.0000e+00 0.0000e+00 0.0000e+00 0.0000e+00
  1.6000e+00 0.0000e+00 0.0000e+00]
 [0.0000e+00 0.0000e+00 6.6360e+02 0.0000e+00 0.0000e+00 0.0000e+00
  0.0000e+00 0.0000e+00 0.0000e+00 0.0000e+00 0.0000e+00 0.0000e+00
  0.0000e+00 0.0000e+00 5.4000e+00]
 [2.0600e+01 0.0000e+00 0.0000e+00 1.1710e+03 4.0000e-01 0.0000e+00
  8.0000e-01 0.0000e+00 1.2000e+00 0.0000e+00 0.0000e+00 0.0000e+00
  0.0000e+00 0.0000e+00 0.0000e+00]
 [0.0000e+00 0.0000e+00 0.0000e+00 0.0000e+00 1.1886e+03 0.0000e+00
  0.0000e+00 3.4000e+00 0.0000e+00 0.0000e+00 0.0000e+00 0.0000e+00
  0.0000e+00 0.0000e+00 0.0000e+00]
 [0.0000e+00 0.0000e+00 0.0000e+00 0.0000e+00 4.0000e-01 2.6780e+02
  3.9800e+01 0.0000e+00 2.4000e+00 0.0000e+00 0.0000e+00 4.0000e-01
  1.2000e+00 0.0000e+00 0.0000e+00]
 [0.0000e+00 8.0000e-01 0.0000e+00 2.0000e-01 4.0000e-01 1.4000e+00
  1.1514e+03 3.0200e+01 1.0600e+01 4.0000e-01 1.5000e+01 0.0000e+00
  3.2000e+00 3.4000e+00 0.0000e+00]
 [0.0000e+00 0.0000e+00 2.4000e+00 2.0000e-01 2.1600e+01 0.0000e+00
  1.6800e+01 1.0808e+03 1.2000e+00 6.6000e+00 1.3600e+01 2.0600e+01
  1.7400e+01 2.8000e+00 1.0000e+01]
 [0.0000e+00 0.0000e+00 0.0000e+00 0.0000e+00 2.2000e+00 2.0000e-01
  2.7200e+01 1.8000e+00 1.1112e+03 2.3600e+01 2.3400e+01 1.2400e+01
  0.0000e+00 0.0000e+00 0.0000e+00]
 [0.0000e+00 0.0000e+00 0.0000e+00 0.0000e+00 0.0000e+00 0.0000e+00
  0.0000e+00 1.4000e+00 8.4000e+00 1.1588e+03 4.6000e+00 1.2000e+00
  3.6000e+00 0.0000e+00 0.0000e+00]
 [2.0000e-01 0.0000e+00 0.0000e+00 0.0000e+00 3.2000e+00 0.0000e+00
  3.2000e+00 6.0000e+00 8.8000e+00 7.6000e+00 1.1174e+03 2.0000e-01
  3.9400e+01 0.0000e+00 0.0000e+00]
 [0.0000e+00 0.0000e+00 0.0000e+00 0.0000e+00 2.0400e+01 1.0000e+00
  3.2800e+01 1.9200e+01 1.0400e+01 3.1600e+01 3.1200e+01 1.0314e+03
  6.0000e+00 0.0000e+00 0.0000e+00]
 [0.0000e+00 0.0000e+00 0.0000e+00 0.0000e+00 0.0000e+00 0.0000e+00
  2.2000e+00 5.6000e+00 0.0000e+00 7.8000e+00 4.2000e+00 8.0000e-01
  4.2940e+02 0.0000e+00 0.0000e+00]
 [0.0000e+00 0.0000e+00 0.0000e+00 0.0000e+00 0.0000e+00 0.0000e+00
  0.0000e+00 0.0000e+00 0.0000e+00 0.0000e+00 0.0000e+00 0.0000e+00
  0.0000e+00 4.1100e+02 0.0000e+00]
 [0.0000e+00 0.0000e+00 8.0000e-01 0.0000e+00 0.0000e+00 0.0000e+00
  0.0000e+00 0.0000e+00 0.0000e+00 0.0000e+00 0.0000e+00 0.0000e+00
  0.0000e+00 0.0000e+00 6.3320e+02]]---
Accuracy: 95.37 +- 0.87
---
class acc :
	Healthy grass: 97.39 +- 1.59
	Stressed grass: 97.52 +- 1.63
	Synthetic grass: 99.19 +- 0.51
	Trees: 98.07 +- 2.85
	Soil: 99.71 +- 0.35
	Water: 85.83 +- 8.36
	Residential: 94.61 +- 2.08
	Commercial: 90.52 +- 2.37
	Road: 92.45 +- 3.93
	Highway: 98.37 +- 0.73
	Railway: 94.22 +- 4.97
	Parking Lot 1: 87.11 +- 4.95
	Parking Lot 2: 95.42 +- 5.06
	Tennis Court: 100.00 +- 0.00
	Running Track: 99.87 +- 0.25
---
AA: 95.35 +- 1.04
Kappa: 94.99 +- 0.94
