run 1 / 5
Best validation overall accuracy 0.9758522727272727
Confusion matrix :
[[1112   12    0    2    0    0    0    0    0    0    0    0    0    0
     0]
 [  20 1109    0    0    0    0    0    0    0    0    0    0    0    0
     0]
 [   0    0  627    0    0    0    0    0    0    0    0    0    0    0
     0]
 [   6    0    0 1114    0    0    0    0    0    0    0    0    0    0
     0]
 [   0    0    0    0 1117    0    0    1    0    0    0    0    0    0
     0]
 [   0    0    0    0    0  287    5    0    0    0    0    0    0    0
     0]
 [   0    0    0    0    0    7 1079   29    8    0    6   10    2    0
     0]
 [   0    0    0    0   19    0    0 1011    0   17    4   45   15    0
     9]
 [   0    0    0    0    0    0    5   10 1022   53   15   22    0    0
     0]
 [   0    0    0    0    0    0    0    0    0 1101    3    0    0    0
     0]
 [   0    0    0    0    0    0    9    4    2   11 1073   11    2    0
     0]
 [   0    0    0    0    0    0   15   25   13   11    0 1046    0    0
     0]
 [   0    0    0    0    0    0    2    4    0    4    6    8  398    0
     0]
 [   0    0    0    0    0    0    0    0    0    0    0    0    0  385
     0]
 [   0    0    0    0    0    0    0    0    0    0    0    0    0    0
   594]]---
Accuracy : 96.66%
---
class acc :
	Healthy grass: 98.76
	Stressed grass: 98.23
	Synthetic grass: 100.00
	Trees: 99.46
	Soil: 99.91
	Water: 98.29
	Residential: 94.57
	Commercial: 90.27
	Road: 90.68
	Highway: 99.73
	Railway: 96.49
	Parking Lot 1: 94.23
	Parking Lot 2: 94.31
	Tennis Court: 100.00
	Running Track: 100.00
---
AA: 97.00%
Kappa: 96.39
run 2 / 5
Best validation overall accuracy 0.9801136363636364
Confusion matrix :
[[1119    1    0    6    0    0    0    0    0    0    0    0    0    0
     0]
 [   6 1123    0    0    0    0    0    0    0    0    0    0    0    0
     0]
 [   0    0  627    0    0    0    0    0    0    0    0    0    0    0
     0]
 [  16    0    0 1102    0    0    2    0    0    0    0    0    0    0
     0]
 [   0    0    0    0 1118    0    0    0    0    0    0    0    0    0
     0]
 [   0    0    0    0    0  287    0    5    0    0    0    0    0    0
     0]
 [   0    0    0    0    0    0 1127    4    0    0    9    0    1    0
     0]
 [   0    0    0    0   12    0    0 1044    7    0   29   13   15    0
     0]
 [   0    0    0    0    0    0    0    0 1086   31    0    9    1    0
     0]
 [   0    0    0    0    0    0    0    0    7 1094    1    2    0    0
     0]
 [   0    0    0    0    0    0    0    0   12   16 1083    1    0    0
     0]
 [   0    0    0    0    0    0   34    3   14    1    0 1058    0    0
     0]
 [   0    0    0    0    0    0    0    1    0    1    0    1  419    0
     0]
 [   0    0    0    0    0    0    0    0    0    0    0    0    0  385
     0]
 [   0    0    0    0    0    0    0    0    0    0    0    0    5    0
   589]]---
Accuracy : 98.03%
---
class acc :
	Healthy grass: 99.38
	Stressed grass: 99.47
	Synthetic grass: 100.00
	Trees: 98.39
	Soil: 100.00
	Water: 98.29
	Residential: 98.77
	Commercial: 93.21
	Road: 96.36
	Highway: 99.09
	Railway: 97.39
	Parking Lot 1: 95.32
	Parking Lot 2: 99.29
	Tennis Court: 100.00
	Running Track: 99.16
---
AA: 98.28%
Kappa: 97.87
run 3 / 5
Best validation overall accuracy 0.9815340909090909
Confusion matrix :
[[1077   35    0   14    0    0    0    0    0    0    0    0    0    0
     0]
 [   4 1125    0    0    0    0    0    0    0    0    0    0    0    0
     0]
 [   0    0  627    0    0    0    0    0    0    0    0    0    0    0
     0]
 [   8    9    0 1098    0    0    5    0    0    0    0    0    0    0
     0]
 [   0    0    0    0 1118    0    0    0    0    0    0    0    0    0
     0]
 [   0    0    0    0    0  286    0    5    0    0    0    0    1    0
     0]
 [   0    0    0    0    0    2 1095   10    4    0    9   18    3    0
     0]
 [   0    0    0    0   45    3    0 1018    1    0    0    8   17    0
    28]
 [   0    0    0    0    0    0    0    3 1086   25    1   12    0    0
     0]
 [   0    0    0    0    0    0    0    0    2 1094    8    0    0    0
     0]
 [   0    0    0    0    0    0    2    1    6    0 1102    1    0    0
     0]
 [   0    0    0    0    0    0   11    2    8   24    6 1059    0    0
     0]
 [   0    0    0    0    0    0    3   13    0    2   17    5  382    0
     0]
 [   0    0    0    0    0    0    0    1    0    0    2    0    0  382
     0]
 [   0    0    0    0    0    0    0    0    0    0    0    0    4    0
   590]]---
Accuracy : 97.13%
---
class acc :
	Healthy grass: 95.65
	Stressed grass: 99.65
	Synthetic grass: 100.00
	Trees: 98.04
	Soil: 100.00
	Water: 97.95
	Residential: 95.97
	Commercial: 90.89
	Road: 96.36
	Highway: 99.09
	Railway: 99.10
	Parking Lot 1: 95.41
	Parking Lot 2: 90.52
	Tennis Court: 99.22
	Running Track: 99.33
---
AA: 97.14%
Kappa: 96.90
run 4 / 5
Best validation overall accuracy 0.9744318181818182
Confusion matrix :
[[1114    0    0   12    0    0    0    0    0    0    0    0    0    0
     0]
 [   8 1121    0    0    0    0    0    0    0    0    0    0    0    0
     0]
 [   0    0  627    0    0    0    0    0    0    0    0    0    0    0
     0]
 [   7    5    0 1106    0    0    0    0    0    0    0    1    0    1
     0]
 [   0    0    0    0 1118    0    0    0    0    0    0    0    0    0
     0]
 [   0    0    0    0    0  249   35    6    0    0    0    2    0    0
     0]
 [   0    0    0    0    0    0 1085   16    0    1    7   26    6    0
     0]
 [   0    0    0    0    4    0    0 1056    0    1    1   39   11    0
     8]
 [   0    0    0    0    0    0    2    0 1021   38   35   31    0    0
     0]
 [   0    0    0    0    0    0    0    0   65 1038    0    1    0    0
     0]
 [   0    0    0    0    0    0    7    0   13    0 1075   15    2    0
     0]
 [   0    0    0    0    0    0    9    3   17   10    0 1071    0    0
     0]
 [   0    0    0    0    0    0    1    3    0    2    0    8  408    0
     0]
 [   0    0    0    0    0    0    0    0    0    0    0    0    2  383
     0]
 [   0    0    0    0    0    0    0    0    0    0    0    0    1    0
   593]]---
Accuracy : 96.58%
---
class acc :
	Healthy grass: 98.93
	Stressed grass: 99.29
	Synthetic grass: 100.00
	Trees: 98.75
	Soil: 100.00
	Water: 85.27
	Residential: 95.09
	Commercial: 94.29
	Road: 90.59
	Highway: 94.02
	Railway: 96.67
	Parking Lot 1: 96.49
	Parking Lot 2: 96.68
	Tennis Court: 99.48
	Running Track: 99.83
---
AA: 96.36%
Kappa: 96.31
run 5 / 5
Best validation overall accuracy 0.9772727272727273
Confusion matrix :
[[1120    0    0    6    0    0    0    0    0    0    0    0    0    0
     0]
 [  16 1113    0    0    0    0    0    0    0    0    0    0    0    0
     0]
 [   0    0  627    0    0    0    0    0    0    0    0    0    0    0
     0]
 [   5    0    0 1114    0    0    1    0    0    0    0    0    0    0
     0]
 [   0    0    0    0 1115    0    0    0    0    0    0    0    0    0
     3]
 [   0    0    0    0    0  280    6    0    0    0    0    0    6    0
     0]
 [   0    0    0    0    0    0 1083   16    9    5   17    1    9    0
     1]
 [   0    0    0    0    0    0   36  998   32    2    0   28   10    0
    14]
 [   0    0    0    0    0    0    0    0 1074    4   28   19    2    0
     0]
 [   0    0    0    0    0    0    0    0   44 1008   16   32    4    0
     0]
 [   0    0    0    0    0    0    9    0   10    0 1050   11   32    0
     0]
 [   0    0    0    0    0    0   51    0   15    3    2 1035    4    0
     0]
 [   0    0    0    0    0    0    0    0    0    0    1    4  417    0
     0]
 [   0    0    0    0    0    0    6    0    0    0    0    0    0  379
     0]
 [   0    0    0    0    0    0    0    0    0    0    0    0    1    0
   593]]---
Accuracy : 96.15%
---
class acc :
	Healthy grass: 99.47
	Stressed grass: 98.58
	Synthetic grass: 100.00
	Trees: 99.46
	Soil: 99.73
	Water: 95.89
	Residential: 94.92
	Commercial: 89.11
	Road: 95.30
	Highway: 91.30
	Railway: 94.42
	Parking Lot 1: 93.24
	Parking Lot 2: 98.82
	Tennis Court: 98.44
	Running Track: 99.83
---
AA: 96.57%
Kappa: 95.84
Agregated results :
Confusion matrix :
[[1.1084e+03 9.6000e+00 0.0000e+00 8.0000e+00 0.0000e+00 0.0000e+00
  0.0000e+00 0.0000e+00 0.0000e+00 0.0000e+00 0.0000e+00 0.0000e+00
  0.0000e+00 0.0000e+00 0.0000e+00]
 [1.0800e+01 1.1182e+03 0.0000e+00 0.0000e+00 0.0000e+00 0.0000e+00
  0.0000e+00 0.0000e+00 0.0000e+00 0.0000e+00 0.0000e+00 0.0000e+00
  0.0000e+00 0.0000e+00 0.0000e+00]
 [0.0000e+00 0.0000e+00 6.2700e+02 0.0000e+00 0.0000e+00 0.0000e+00
  0.0000e+00 0.0000e+00 0.0000e+00 0.0000e+00 0.0000e+00 0.0000e+00
  0.0000e+00 0.0000e+00 0.0000e+00]
 [8.4000e+00 2.8000e+00 0.0000e+00 1.1068e+03 0.0000e+00 0.0000e+00
  1.6000e+00 0.0000e+00 0.0000e+00 0.0000e+00 0.0000e+00 2.0000e-01
  0.0000e+00 2.0000e-01 0.0000e+00]
 [0.0000e+00 0.0000e+00 0.0000e+00 0.0000e+00 1.1172e+03 0.0000e+00
  0.0000e+00 2.0000e-01 0.0000e+00 0.0000e+00 0.0000e+00 0.0000e+00
  0.0000e+00 0.0000e+00 6.0000e-01]
 [0.0000e+00 0.0000e+00 0.0000e+00 0.0000e+00 0.0000e+00 2.7780e+02
  9.2000e+00 3.2000e+00 0.0000e+00 0.0000e+00 0.0000e+00 4.0000e-01
  1.4000e+00 0.0000e+00 0.0000e+00]
 [0.0000e+00 0.0000e+00 0.0000e+00 0.0000e+00 0.0000e+00 1.8000e+00
  1.0938e+03 1.5000e+01 4.2000e+00 1.2000e+00 9.6000e+00 1.1000e+01
  4.2000e+00 0.0000e+00 2.0000e-01]
 [0.0000e+00 0.0000e+00 0.0000e+00 0.0000e+00 1.6000e+01 6.0000e-01
  7.2000e+00 1.0254e+03 8.0000e+00 4.0000e+00 6.8000e+00 2.6600e+01
  1.3600e+01 0.0000e+00 1.1800e+01]
 [0.0000e+00 0.0000e+00 0.0000e+00 0.0000e+00 0.0000e+00 0.0000e+00
  1.4000e+00 2.6000e+00 1.0578e+03 3.0200e+01 1.5800e+01 1.8600e+01
  6.0000e-01 0.0000e+00 0.0000e+00]
 [0.0000e+00 0.0000e+00 0.0000e+00 0.0000e+00 0.0000e+00 0.0000e+00
  0.0000e+00 0.0000e+00 2.3600e+01 1.0670e+03 5.6000e+00 7.0000e+00
  8.0000e-01 0.0000e+00 0.0000e+00]
 [0.0000e+00 0.0000e+00 0.0000e+00 0.0000e+00 0.0000e+00 0.0000e+00
  5.4000e+00 1.0000e+00 8.6000e+00 5.4000e+00 1.0766e+03 7.8000e+00
  7.2000e+00 0.0000e+00 0.0000e+00]
 [0.0000e+00 0.0000e+00 0.0000e+00 0.0000e+00 0.0000e+00 0.0000e+00
  2.4000e+01 6.6000e+00 1.3400e+01 9.8000e+00 1.6000e+00 1.0538e+03
  8.0000e-01 0.0000e+00 0.0000e+00]
 [0.0000e+00 0.0000e+00 0.0000e+00 0.0000e+00 0.0000e+00 0.0000e+00
  1.2000e+00 4.2000e+00 0.0000e+00 1.8000e+00 4.8000e+00 5.2000e+00
  4.0480e+02 0.0000e+00 0.0000e+00]
 [0.0000e+00 0.0000e+00 0.0000e+00 0.0000e+00 0.0000e+00 0.0000e+00
  1.2000e+00 2.0000e-01 0.0000e+00 0.0000e+00 4.0000e-01 0.0000e+00
  4.0000e-01 3.8280e+02 0.0000e+00]
 [0.0000e+00 0.0000e+00 0.0000e+00 0.0000e+00 0.0000e+00 0.0000e+00
  0.0000e+00 0.0000e+00 0.0000e+00 0.0000e+00 0.0000e+00 0.0000e+00
  2.2000e+00 0.0000e+00 5.9180e+02]]---
Accuracy: 96.91 +- 0.64
---
class acc :
	Healthy grass: 98.44 +- 1.42
	Stressed grass: 99.04 +- 0.54
	Synthetic grass: 100.00 +- 0.00
	Trees: 98.82 +- 0.57
	Soil: 99.93 +- 0.10
	Water: 95.14 +- 5.01
	Residential: 95.86 +- 1.53
	Commercial: 91.55 +- 1.91
	Road: 93.86 +- 2.66
	Highway: 96.65 +- 3.37
	Railway: 96.82 +- 1.51
	Parking Lot 1: 94.94 +- 1.11
	Parking Lot 2: 95.92 +- 3.23
	Tennis Court: 99.43 +- 0.58
	Running Track: 99.63 +- 0.33
---
AA: 97.07 +- 0.67
Kappa: 96.66 +- 0.69
