run 1 / 5
Best validation overall accuracy 0.9715909090909091
Confusion matrix :
[[1110    5    0   11    0    0    0    0    0    0    0    0    0    0
     0]
 [   2 1127    0    0    0    0    0    0    0    0    0    0    0    0
     0]
 [   0    0  627    0    0    0    0    0    0    0    0    0    0    0
     0]
 [   2    0    0 1118    0    0    0    0    0    0    0    0    0    0
     0]
 [   0    0    0    0 1118    0    0    0    0    0    0    0    0    0
     0]
 [   0    0    0    0    0  288    4    0    0    0    0    0    0    0
     0]
 [   0    0    0    0    1    0 1081   17    1    2    9   28    2    0
     0]
 [   0    0    0    0    3    0    3  945    7   17   31   83   22    0
     9]
 [   0    0    0    0    3    0    5    0 1028   34   16   39    2    0
     0]
 [   0    0    0    0    0    0    0    0    3 1101    0    0    0    0
     0]
 [   0    0    0    0    0    0    0    0    2   50 1060    0    0    0
     0]
 [   0    0    0    0    0    0    3    0    6    1    4 1096    0    0
     0]
 [   0    0    0    0    0    0    4    1    0   13    2    5  397    0
     0]
 [   0    0    0    0    0    0    0    0    0    0    0    0    0  385
     0]
 [   0    0    1    0    0    0    0    0    0    0    0    0    4    0
   589]]---
Accuracy : 96.62%
---
class acc :
	Healthy grass: 98.58
	Stressed grass: 99.82
	Synthetic grass: 100.00
	Trees: 99.82
	Soil: 100.00
	Water: 98.63
	Residential: 94.74
	Commercial: 84.38
	Road: 91.22
	Highway: 99.73
	Railway: 95.32
	Parking Lot 1: 98.74
	Parking Lot 2: 94.08
	Tennis Court: 100.00
	Running Track: 99.16
---
AA: 96.95%
Kappa: 96.35
run 2 / 5
Best validation overall accuracy 0.9815340909090909
Confusion matrix :
[[1121    2    0    3    0    0    0    0    0    0    0    0    0    0
     0]
 [   6 1123    0    0    0    0    0    0    0    0    0    0    0    0
     0]
 [   0    0  627    0    0    0    0    0    0    0    0    0    0    0
     0]
 [  38    0    0 1082    0    0    0    0    0    0    0    0    0    0
     0]
 [   0    0    0    0 1118    0    0    0    0    0    0    0    0    0
     0]
 [   0    0    0    0    0  291    0    0    0    0    0    0    1    0
     0]
 [   0    0    0    1    0    2 1116    0    6    0    6    7    3    0
     0]
 [   0    0    0    0    9    0    0 1032   27    4   24   11   13    0
     0]
 [   0    0    0    0    0    0    2    0 1074   23    1   27    0    0
     0]
 [   0    0    0    0    0    0    0    0   40 1063    0    0    1    0
     0]
 [   0    0    0    0    0    0    0    5   29    1 1073    2    2    0
     0]
 [   0    0    0    0    0    0   15    1   14    0    4 1076    0    0
     0]
 [   0    0    0    0    0    0    1    0    0    2    7    0  412    0
     0]
 [   0    0    0    0    0    0    0    0    0    0    0    0    0  385
     0]
 [   0    0    0    0    0    0    0    0    0    0    0    0    4    0
   590]]---
Accuracy : 97.46%
---
class acc :
	Healthy grass: 99.56
	Stressed grass: 99.47
	Synthetic grass: 100.00
	Trees: 96.61
	Soil: 100.00
	Water: 99.66
	Residential: 97.81
	Commercial: 92.14
	Road: 95.30
	Highway: 96.29
	Railway: 96.49
	Parking Lot 1: 96.94
	Parking Lot 2: 97.63
	Tennis Court: 100.00
	Running Track: 99.33
---
AA: 97.81%
Kappa: 97.25
run 3 / 5
Best validation overall accuracy 0.9801136363636364
Confusion matrix :
[[1040   39    0   47    0    0    0    0    0    0    0    0    0    0
     0]
 [   2 1127    0    0    0    0    0    0    0    0    0    0    0    0
     0]
 [   0    0  627    0    0    0    0    0    0    0    0    0    0    0
     0]
 [   2    0    0 1118    0    0    0    0    0    0    0    0    0    0
     0]
 [   0    0    0    0 1118    0    0    0    0    0    0    0    0    0
     0]
 [   0    0    0    0    0  292    0    0    0    0    0    0    0    0
     0]
 [   0    0    0    0    0    1 1117    2    5    0    9    6    1    0
     0]
 [   0   32    0    0    7    0    0 1035    0    0    0    2   16    0
    28]
 [   0    0    0    0    7    0    7    5 1073   18    1   16    0    0
     0]
 [   0    0    0    0    0    0    0    0    6 1087    1   10    0    0
     0]
 [   0    0    0    0    0    0    2    0    1    0 1095   14    0    0
     0]
 [   0    0    0    0    0    0   36    9    5   10    3 1047    0    0
     0]
 [   0    0    0    0    0    0    4    3    0    3   43    5  364    0
     0]
 [   0    0    0    0    0    0    2    1    0    0    0    0    0  382
     0]
 [   0    0    0    0    0    0    0    0    0    0    0    0    3    0
   591]]---
Accuracy : 96.94%
---
class acc :
	Healthy grass: 92.36
	Stressed grass: 99.82
	Synthetic grass: 100.00
	Trees: 99.82
	Soil: 100.00
	Water: 100.00
	Residential: 97.90
	Commercial: 92.41
	Road: 95.21
	Highway: 98.46
	Railway: 98.47
	Parking Lot 1: 94.32
	Parking Lot 2: 86.26
	Tennis Court: 99.22
	Running Track: 99.49
---
AA: 96.92%
Kappa: 96.69
run 4 / 5
Best validation overall accuracy 0.9701704545454546
Confusion matrix :
[[1113    0    0   13    0    0    0    0    0    0    0    0    0    0
     0]
 [   7 1117    0    0    1    0    0    0    0    0    0    0    4    0
     0]
 [   0    0  627    0    0    0    0    0    0    0    0    0    0    0
     0]
 [  13    3    0 1103    0    0    0    0    0    0    0    1    0    0
     0]
 [   0    0    0    0 1115    0    0    0    2    0    1    0    0    0
     0]
 [   0    0    0    0    0  256   36    0    0    0    0    0    0    0
     0]
 [   0    0    2    0    0    3 1084   23    1    1    6   14    7    0
     0]
 [   0    0    0    0    8    0    0 1061   15    1    4   15    7    0
     9]
 [   0    0    0    0    0    0    1    3 1027   75   10   11    0    0
     0]
 [   0    0    0    0    0    0    0    0    4 1082   17    1    0    0
     0]
 [   0    0    0    0    0    0    2    0    3    1 1105    1    0    0
     0]
 [   0    0    0    0    3    0   15   11   23    9    0 1047    2    0
     0]
 [   0    0    0    0    0    0    1    2    0    0    2    3  414    0
     0]
 [   0    0    0    0    0    0    0    2    0    0    0    0    0  383
     0]
 [   0    0    0    0    0    0    0    0    0    0    0    0    3    0
   591]]---
Accuracy : 97.03%
---
class acc :
	Healthy grass: 98.85
	Stressed grass: 98.94
	Synthetic grass: 100.00
	Trees: 98.48
	Soil: 99.73
	Water: 87.67
	Residential: 95.00
	Commercial: 94.73
	Road: 91.13
	Highway: 98.01
	Railway: 99.37
	Parking Lot 1: 94.32
	Parking Lot 2: 98.10
	Tennis Court: 99.48
	Running Track: 99.49
---
AA: 96.89%
Kappa: 96.79
run 5 / 5
Best validation overall accuracy 0.9772727272727273
Confusion matrix :
[[1113    8    0    5    0    0    0    0    0    0    0    0    0    0
     0]
 [   4 1125    0    0    0    0    0    0    0    0    0    0    0    0
     0]
 [   0    0  627    0    0    0    0    0    0    0    0    0    0    0
     0]
 [   1    0    0 1119    0    0    0    0    0    0    0    0    0    0
     0]
 [   0    0    0    0 1118    0    0    0    0    0    0    0    0    0
     0]
 [   0    0    0    0    0  275   11    6    0    0    0    0    0    0
     0]
 [   0    0    0    0    0    0 1111    1   10    8    4    4    3    0
     0]
 [   9    0    0    0    6    0   42 1040    3    1    3    8    3    1
     4]
 [   0    0    0    0    0    0    0    6 1081    6   10   24    0    0
     0]
 [   0    0    0    0    0    0    0    0   12 1084    5    3    0    0
     0]
 [   0    0    0    0    0    0    0   13    1    2 1078    7   11    0
     0]
 [   0    0    0    0    0    0   22   10   10    0    5 1063    0    0
     0]
 [   0    0    0    0    0    0    0    3    1    1    3    4  410    0
     0]
 [   0    0    0    0    0    0    0    0    0    0    0    0    0  385
     0]
 [   0    0    0    0    0    0    0    0    0    0    0    0    0    0
   594]]---
Accuracy : 97.75%
---
class acc :
	Healthy grass: 98.85
	Stressed grass: 99.65
	Synthetic grass: 100.00
	Trees: 99.91
	Soil: 100.00
	Water: 94.18
	Residential: 97.37
	Commercial: 92.86
	Road: 95.92
	Highway: 98.19
	Railway: 96.94
	Parking Lot 1: 95.77
	Parking Lot 2: 97.16
	Tennis Court: 100.00
	Running Track: 100.00
---
AA: 97.79%
Kappa: 97.57
Agregated results :
Confusion matrix :
[[1.0994e+03 1.0800e+01 0.0000e+00 1.5800e+01 0.0000e+00 0.0000e+00
  0.0000e+00 0.0000e+00 0.0000e+00 0.0000e+00 0.0000e+00 0.0000e+00
  0.0000e+00 0.0000e+00 0.0000e+00]
 [4.2000e+00 1.1238e+03 0.0000e+00 0.0000e+00 2.0000e-01 0.0000e+00
  0.0000e+00 0.0000e+00 0.0000e+00 0.0000e+00 0.0000e+00 0.0000e+00
  8.0000e-01 0.0000e+00 0.0000e+00]
 [0.0000e+00 0.0000e+00 6.2700e+02 0.0000e+00 0.0000e+00 0.0000e+00
  0.0000e+00 0.0000e+00 0.0000e+00 0.0000e+00 0.0000e+00 0.0000e+00
  0.0000e+00 0.0000e+00 0.0000e+00]
 [1.1200e+01 6.0000e-01 0.0000e+00 1.1080e+03 0.0000e+00 0.0000e+00
  0.0000e+00 0.0000e+00 0.0000e+00 0.0000e+00 0.0000e+00 2.0000e-01
  0.0000e+00 0.0000e+00 0.0000e+00]
 [0.0000e+00 0.0000e+00 0.0000e+00 0.0000e+00 1.1174e+03 0.0000e+00
  0.0000e+00 0.0000e+00 4.0000e-01 0.0000e+00 2.0000e-01 0.0000e+00
  0.0000e+00 0.0000e+00 0.0000e+00]
 [0.0000e+00 0.0000e+00 0.0000e+00 0.0000e+00 0.0000e+00 2.8040e+02
  1.0200e+01 1.2000e+00 0.0000e+00 0.0000e+00 0.0000e+00 0.0000e+00
  2.0000e-01 0.0000e+00 0.0000e+00]
 [0.0000e+00 0.0000e+00 4.0000e-01 2.0000e-01 2.0000e-01 1.2000e+00
  1.1018e+03 8.6000e+00 4.6000e+00 2.2000e+00 6.8000e+00 1.1800e+01
  3.2000e+00 0.0000e+00 0.0000e+00]
 [1.8000e+00 6.4000e+00 0.0000e+00 0.0000e+00 6.6000e+00 0.0000e+00
  9.0000e+00 1.0226e+03 1.0400e+01 4.6000e+00 1.2400e+01 2.3800e+01
  1.2200e+01 2.0000e-01 1.0000e+01]
 [0.0000e+00 0.0000e+00 0.0000e+00 0.0000e+00 2.0000e+00 0.0000e+00
  3.0000e+00 2.8000e+00 1.0566e+03 3.1200e+01 7.6000e+00 2.3400e+01
  4.0000e-01 0.0000e+00 0.0000e+00]
 [0.0000e+00 0.0000e+00 0.0000e+00 0.0000e+00 0.0000e+00 0.0000e+00
  0.0000e+00 0.0000e+00 1.3000e+01 1.0834e+03 4.6000e+00 2.8000e+00
  2.0000e-01 0.0000e+00 0.0000e+00]
 [0.0000e+00 0.0000e+00 0.0000e+00 0.0000e+00 0.0000e+00 0.0000e+00
  8.0000e-01 3.6000e+00 7.2000e+00 1.0800e+01 1.0822e+03 4.8000e+00
  2.6000e+00 0.0000e+00 0.0000e+00]
 [0.0000e+00 0.0000e+00 0.0000e+00 0.0000e+00 6.0000e-01 0.0000e+00
  1.8200e+01 6.2000e+00 1.1600e+01 4.0000e+00 3.2000e+00 1.0658e+03
  4.0000e-01 0.0000e+00 0.0000e+00]
 [0.0000e+00 0.0000e+00 0.0000e+00 0.0000e+00 0.0000e+00 0.0000e+00
  2.0000e+00 1.8000e+00 2.0000e-01 3.8000e+00 1.1400e+01 3.4000e+00
  3.9940e+02 0.0000e+00 0.0000e+00]
 [0.0000e+00 0.0000e+00 0.0000e+00 0.0000e+00 0.0000e+00 0.0000e+00
  4.0000e-01 6.0000e-01 0.0000e+00 0.0000e+00 0.0000e+00 0.0000e+00
  0.0000e+00 3.8400e+02 0.0000e+00]
 [0.0000e+00 0.0000e+00 2.0000e-01 0.0000e+00 0.0000e+00 0.0000e+00
  0.0000e+00 0.0000e+00 0.0000e+00 0.0000e+00 0.0000e+00 0.0000e+00
  2.8000e+00 0.0000e+00 5.9100e+02]]---
Accuracy: 97.16 +- 0.40
---
class acc :
	Healthy grass: 97.64 +- 2.66
	Stressed grass: 99.54 +- 0.33
	Synthetic grass: 100.00 +- 0.00
	Trees: 98.93 +- 1.28
	Soil: 99.95 +- 0.11
	Water: 96.03 +- 4.67
	Residential: 96.56 +- 1.40
	Commercial: 91.30 +- 3.58
	Road: 93.75 +- 2.12
	Highway: 98.13 +- 1.10
	Railway: 97.32 +- 1.44
	Parking Lot 1: 96.02 +- 1.68
	Parking Lot 2: 94.64 +- 4.42
	Tennis Court: 99.74 +- 0.33
	Running Track: 99.49 +- 0.28
---
AA: 97.27 +- 0.43
Kappa: 96.93 +- 0.43
