run 1 / 5
Best validation overall accuracy 0.9904891304347826
Confusion matrix :
[[ 996    5    0    0    0    0    0    0    0    0    0    0    0    0
     0]
 [   0 1003    0    0    0    0    0    0    0    0    0    0    0    0
     0]
 [   0    0  558    0    0    0    0    0    0    0    0    0    0    0
     0]
 [  12    0    0  983    0    0    0    0    0    0    0    0    0    0
     0]
 [   0    0    0    0  994    0    0    0    0    0    0    0    0    0
     0]
 [   0    0    0    0    0  259    1    0    0    0    0    0    0    0
     0]
 [   0    1    0    0    0    0 1008    0    0    0    3    3    0    0
     0]
 [   0    0    0    1    7    0   12  927    6   17    0    4    2    3
    16]
 [   0    0    0    0    0    0    4    0  977    0    2   19    0    0
     0]
 [   0    0    0    0    0    0    0    0    4  975    2    1    0    0
     0]
 [   0    0    0    0    0    0    1    0    0    0  987    0    0    0
     0]
 [   0    0    0    0    0    0    6    0    5    0    0  975    0    0
     0]
 [   0    0    0    0    0    0    1    0    0    6    4    2  362    0
     0]
 [   0    0    0    0    0    0    0    0    0    0    0    0    0  342
     0]
 [   0    0    0    0    0    0    0    0    0    0    0    0    0    0
   528]]---
Accuracy : 98.75%
---
class acc :
	Healthy grass: 99.50
	Stressed grass: 100.00
	Synthetic grass: 100.00
	Trees: 98.79
	Soil: 100.00
	Water: 99.62
	Residential: 99.31
	Commercial: 93.17
	Road: 97.50
	Highway: 99.29
	Railway: 99.90
	Parking Lot 1: 98.88
	Parking Lot 2: 96.53
	Tennis Court: 100.00
	Running Track: 100.00
---
AA: 98.83%
Kappa: 98.65
run 2 / 5
Best validation overall accuracy 0.985733695652174
Confusion matrix :
[[1000    0    0    1    0    0    0    0    0    0    0    0    0    0
     0]
 [   2 1001    0    0    0    0    0    0    0    0    0    0    0    0
     0]
 [   0    0  558    0    0    0    0    0    0    0    0    0    0    0
     0]
 [   5    0    0  990    0    0    0    0    0    0    0    0    0    0
     0]
 [   0    0    0    0  994    0    0    0    0    0    0    0    0    0
     0]
 [   0    0    0    0    0  257    0    0    0    0    0    1    2    0
     0]
 [   0    0    0    0    0    0  991    0    9    0    7    6    2    0
     0]
 [   0    0    0    0    9    0    0  930    6    0    8   27    2    2
    11]
 [   0    0    0    0    0    0    0    2  980   15    0    5    0    0
     0]
 [   0    0    0    0    0    0    0    0    0  980    0    2    0    0
     0]
 [   0    0    0    0    0    0    0   19    0    3  966    0    0    0
     0]
 [   0    0    0    0    0    0    0    2    3    0    0  981    0    0
     0]
 [   0    0    0    0    0    0    0    0    0    4    1    2  368    0
     0]
 [   0    0    0    0    0    0    0    0    0    0    0    0    0  342
     0]
 [   0    0    0    0    0    0    0    0    0    0    0    1    2    0
   525]]---
Accuracy : 98.66%
---
class acc :
	Healthy grass: 99.90
	Stressed grass: 99.80
	Synthetic grass: 100.00
	Trees: 99.50
	Soil: 100.00
	Water: 98.85
	Residential: 97.64
	Commercial: 93.47
	Road: 97.80
	Highway: 99.80
	Railway: 97.77
	Parking Lot 1: 99.49
	Parking Lot 2: 98.13
	Tennis Court: 100.00
	Running Track: 99.43
---
AA: 98.77%
Kappa: 98.55
run 3 / 5
Best validation overall accuracy 0.984375
Confusion matrix :
[[1001    0    0    0    0    0    0    0    0    0    0    0    0    0
     0]
 [   3 1000    0    0    0    0    0    0    0    0    0    0    0    0
     0]
 [   0    0  558    0    0    0    0    0    0    0    0    0    0    0
     0]
 [  13    1    0  981    0    0    0    0    0    0    0    0    0    0
     0]
 [   0    0    0    0  994    0    0    0    0    0    0    0    0    0
     0]
 [   0    0    0    0    0  260    0    0    0    0    0    0    0    0
     0]
 [   0    0    0    0    0    0  996    7    4    0    5    3    0    0
     0]
 [   0    0    0    0    6    0    0  958    1   16    0   13    1    0
     0]
 [   0    0    0    0    0    0    3    0  948   18   12   21    0    0
     0]
 [   0    0    0    0    0    0    0    0    5  973    2    2    0    0
     0]
 [   0    0    0    0    0    0    4    0    9    8  966    1    0    0
     0]
 [   0    0    0    0    0    0   20    0    7    4    0  955    0    0
     0]
 [   0    0    0    0    0    0    0    1    0    2   15    3  354    0
     0]
 [   0    0    0    0    0    0    1    0    0    0    0    0    0  341
     0]
 [   0    0    0    0    0    0    0    0    0    0    0    0    0    0
   528]]---
Accuracy : 98.25%
---
class acc :
	Healthy grass: 100.00
	Stressed grass: 99.70
	Synthetic grass: 100.00
	Trees: 98.59
	Soil: 100.00
	Water: 100.00
	Residential: 98.13
	Commercial: 96.28
	Road: 94.61
	Highway: 99.08
	Railway: 97.77
	Parking Lot 1: 96.86
	Parking Lot 2: 94.40
	Tennis Court: 99.71
	Running Track: 100.00
---
AA: 98.34%
Kappa: 98.10
run 4 / 5
Best validation overall accuracy 0.9884510869565217
Confusion matrix :
[[ 975    3    0   23    0    0    0    0    0    0    0    0    0    0
     0]
 [   1 1002    0    0    0    0    0    0    0    0    0    0    0    0
     0]
 [   0    0  558    0    0    0    0    0    0    0    0    0    0    0
     0]
 [   0    0    0  995    0    0    0    0    0    0    0    0    0    0
     0]
 [   0    0    0    0  994    0    0    0    0    0    0    0    0    0
     0]
 [   0    0    0    0    0  260    0    0    0    0    0    0    0    0
     0]
 [   0    0    0    0    0    0 1005    0    5    0    2    0    3    0
     0]
 [   0    0    0    0    7    0    0  977    2    0    0    1    8    0
     0]
 [   0    0    0    0    0    0    1    0  967   15    3   15    1    0
     0]
 [   0    0    0    0    0    0    0    0    3  977    1    1    0    0
     0]
 [   0    0    0    0    0    0    0    0    0    0  988    0    0    0
     0]
 [   0    0    0    0    0    0    7    6    6    2    0  964    1    0
     0]
 [   0    0    0    0    0    0    1    0    0    0    5    0  369    0
     0]
 [   0    0    0    0    0    0    0    1    0    0    0    0    0  341
     0]
 [   0    0    0    0    0    0    0    0    0    0    0    0    1    0
   527]]---
Accuracy : 98.96%
---
class acc :
	Healthy grass: 97.40
	Stressed grass: 99.90
	Synthetic grass: 100.00
	Trees: 100.00
	Soil: 100.00
	Water: 100.00
	Residential: 99.01
	Commercial: 98.19
	Road: 96.51
	Highway: 99.49
	Railway: 100.00
	Parking Lot 1: 97.77
	Parking Lot 2: 98.40
	Tennis Court: 99.71
	Running Track: 99.81
---
AA: 99.08%
Kappa: 98.88
run 5 / 5
Best validation overall accuracy 0.984375
Confusion matrix :
[[ 986    0    0   15    0    0    0    0    0    0    0    0    0    0
     0]
 [   1 1002    0    0    0    0    0    0    0    0    0    0    0    0
     0]
 [   0    0  558    0    0    0    0    0    0    0    0    0    0    0
     0]
 [   3    0    0  992    0    0    0    0    0    0    0    0    0    0
     0]
 [   0    0    0    0  994    0    0    0    0    0    0    0    0    0
     0]
 [   0    0    2    0    0  250    3    5    0    0    0    0    0    0
     0]
 [   0    0    0    0    0    0  994    0    6    1    8    3    3    0
     0]
 [   0    0    0    1    2    0    2  943    5    5    0   18    6    0
    13]
 [   0    0    0    0    0    0    1    0  971   25    0    5    0    0
     0]
 [   0    0    0    0    0    0    0    0    1  981    0    0    0    0
     0]
 [   0    0    0    0    0    0    1    0   14    5  966    1    1    0
     0]
 [   0    0    0    0    0    0    9    0    7    2    0  968    0    0
     0]
 [   0    0    0    0    0    0    0    0    2   10    8    0  355    0
     0]
 [   0    0    0    0    0    0    0    0    0    0    0    0    0  342
     0]
 [   0    0    0    0    0    0    0    0    0    0    0    0    0    0
   528]]---
Accuracy : 98.39%
---
class acc :
	Healthy grass: 98.50
	Stressed grass: 99.90
	Synthetic grass: 100.00
	Trees: 99.70
	Soil: 100.00
	Water: 96.15
	Residential: 97.93
	Commercial: 94.77
	Road: 96.91
	Highway: 99.90
	Railway: 97.77
	Parking Lot 1: 98.17
	Parking Lot 2: 94.67
	Tennis Court: 100.00
	Running Track: 100.00
---
AA: 98.29%
Kappa: 98.26
Agregated results :
Confusion matrix :
[[9.9160e+02 1.6000e+00 0.0000e+00 7.8000e+00 0.0000e+00 0.0000e+00
  0.0000e+00 0.0000e+00 0.0000e+00 0.0000e+00 0.0000e+00 0.0000e+00
  0.0000e+00 0.0000e+00 0.0000e+00]
 [1.4000e+00 1.0016e+03 0.0000e+00 0.0000e+00 0.0000e+00 0.0000e+00
  0.0000e+00 0.0000e+00 0.0000e+00 0.0000e+00 0.0000e+00 0.0000e+00
  0.0000e+00 0.0000e+00 0.0000e+00]
 [0.0000e+00 0.0000e+00 5.5800e+02 0.0000e+00 0.0000e+00 0.0000e+00
  0.0000e+00 0.0000e+00 0.0000e+00 0.0000e+00 0.0000e+00 0.0000e+00
  0.0000e+00 0.0000e+00 0.0000e+00]
 [6.6000e+00 2.0000e-01 0.0000e+00 9.8820e+02 0.0000e+00 0.0000e+00
  0.0000e+00 0.0000e+00 0.0000e+00 0.0000e+00 0.0000e+00 0.0000e+00
  0.0000e+00 0.0000e+00 0.0000e+00]
 [0.0000e+00 0.0000e+00 0.0000e+00 0.0000e+00 9.9400e+02 0.0000e+00
  0.0000e+00 0.0000e+00 0.0000e+00 0.0000e+00 0.0000e+00 0.0000e+00
  0.0000e+00 0.0000e+00 0.0000e+00]
 [0.0000e+00 0.0000e+00 4.0000e-01 0.0000e+00 0.0000e+00 2.5720e+02
  8.0000e-01 1.0000e+00 0.0000e+00 0.0000e+00 0.0000e+00 2.0000e-01
  4.0000e-01 0.0000e+00 0.0000e+00]
 [0.0000e+00 2.0000e-01 0.0000e+00 0.0000e+00 0.0000e+00 0.0000e+00
  9.9880e+02 1.4000e+00 4.8000e+00 2.0000e-01 5.0000e+00 3.0000e+00
  1.6000e+00 0.0000e+00 0.0000e+00]
 [0.0000e+00 0.0000e+00 0.0000e+00 4.0000e-01 6.2000e+00 0.0000e+00
  2.8000e+00 9.4700e+02 4.0000e+00 7.6000e+00 1.6000e+00 1.2600e+01
  3.8000e+00 1.0000e+00 8.0000e+00]
 [0.0000e+00 0.0000e+00 0.0000e+00 0.0000e+00 0.0000e+00 0.0000e+00
  1.8000e+00 4.0000e-01 9.6860e+02 1.4600e+01 3.4000e+00 1.3000e+01
  2.0000e-01 0.0000e+00 0.0000e+00]
 [0.0000e+00 0.0000e+00 0.0000e+00 0.0000e+00 0.0000e+00 0.0000e+00
  0.0000e+00 0.0000e+00 2.6000e+00 9.7720e+02 1.0000e+00 1.2000e+00
  0.0000e+00 0.0000e+00 0.0000e+00]
 [0.0000e+00 0.0000e+00 0.0000e+00 0.0000e+00 0.0000e+00 0.0000e+00
  1.2000e+00 3.8000e+00 4.6000e+00 3.2000e+00 9.7460e+02 4.0000e-01
  2.0000e-01 0.0000e+00 0.0000e+00]
 [0.0000e+00 0.0000e+00 0.0000e+00 0.0000e+00 0.0000e+00 0.0000e+00
  8.4000e+00 1.6000e+00 5.6000e+00 1.6000e+00 0.0000e+00 9.6860e+02
  2.0000e-01 0.0000e+00 0.0000e+00]
 [0.0000e+00 0.0000e+00 0.0000e+00 0.0000e+00 0.0000e+00 0.0000e+00
  4.0000e-01 2.0000e-01 4.0000e-01 4.4000e+00 6.6000e+00 1.4000e+00
  3.6160e+02 0.0000e+00 0.0000e+00]
 [0.0000e+00 0.0000e+00 0.0000e+00 0.0000e+00 0.0000e+00 0.0000e+00
  2.0000e-01 2.0000e-01 0.0000e+00 0.0000e+00 0.0000e+00 0.0000e+00
  0.0000e+00 3.4160e+02 0.0000e+00]
 [0.0000e+00 0.0000e+00 0.0000e+00 0.0000e+00 0.0000e+00 0.0000e+00
  0.0000e+00 0.0000e+00 0.0000e+00 0.0000e+00 0.0000e+00 2.0000e-01
  6.0000e-01 0.0000e+00 5.2720e+02]]---
Accuracy: 98.60 +- 0.26
---
class acc :
	Healthy grass: 99.06 +- 0.98
	Stressed grass: 99.86 +- 0.10
	Synthetic grass: 100.00 +- 0.00
	Trees: 99.32 +- 0.54
	Soil: 100.00 +- 0.00
	Water: 98.92 +- 1.45
	Residential: 98.40 +- 0.65
	Commercial: 95.18 +- 1.87
	Road: 96.67 +- 1.12
	Highway: 99.51 +- 0.30
	Railway: 98.64 +- 1.07
	Parking Lot 1: 98.24 +- 0.91
	Parking Lot 2: 96.43 +- 1.67
	Tennis Court: 99.88 +- 0.14
	Running Track: 99.85 +- 0.22
---
AA: 98.66 +- 0.30
Kappa: 98.49 +- 0.28
