run 1 / 5
Best validation overall accuracy 1.0
Confusion matrix :
[[ 865  114    0   74    0    0    0    0    0    0    0    0    0    0
     0]
 [   2 1059    0    1    0    0    0    2    0    0    0    0    0    0
     0]
 [   0    0  505    0    0    0    0    0    0    0    0    0    0    0
     0]
 [   3   16    0 1037    0    0    0    0    0    0    0    0    0    0
     0]
 [   0    0    0    0 1056    0    0    0    0    0    0    0    0    0
     0]
 [   0    0    0    0    0  140    0    0    0    0    0    0    3    0
     0]
 [   0    1    0    1    0   12  957   62    7    0    0    0    1   25
     6]
 [   0   74    0    0    2    0   16  841    9   26   26   14   25    8
    12]
 [   0    0    0    0    3    0   21    4  904   50   54   23    0    0
     0]
 [   0    0    0    0    0    0    0    0  263  599  174    0    0    0
     0]
 [   0   22    0    0    3    0   45    5   43    0  918    0   12    6
     0]
 [   0    0    0    0    0    1    6    1  134   10   76  812    1    0
     0]
 [   0    1    1    0    4    0    1    1   11    2    2    1  261    0
     0]
 [   0    0    0    0    0    0    0    0    0    0    0    0    1  246
     0]
 [   0    0    0    0    0    0    0    0    0    0    0    0    8    0
   465]]---
Accuracy : 87.44%
---
class acc :
	Healthy grass: 82.15
	Stressed grass: 99.53
	Synthetic grass: 100.00
	Trees: 98.20
	Soil: 100.00
	Water: 97.90
	Residential: 89.27
	Commercial: 79.87
	Road: 85.36
	Highway: 57.82
	Railway: 87.10
	Parking Lot 1: 78.00
	Parking Lot 2: 91.58
	Tennis Court: 99.60
	Running Track: 98.31
---
AA: 89.65%
Kappa: 86.37
run 2 / 5
Best validation overall accuracy 1.0
Confusion matrix :
[[ 867  142    0   44    0    0    0    0    0    0    0    0    0    0
     0]
 [   0 1063    0    1    0    0    0    0    0    0    0    0    0    0
     0]
 [   0    0  505    0    0    0    0    0    0    0    0    0    0    0
     0]
 [   8   28    0 1018    0    0    2    0    0    0    0    0    0    0
     0]
 [   0    0    0    0 1055    0    0    0    1    0    0    0    0    0
     0]
 [   0    0    0    0    0  141    0    0    0    0    0    0    2    0
     0]
 [   0    0    0    0    0    6  986   67    2    0    1    0    1    8
     1]
 [   0   23    4    0  100    0   12  692   36    7   17  126   16    0
    20]
 [   0    0    0    0    1    0   26    0  801  111   73   47    0    0
     0]
 [   0    0    0    0    0    0    0    0  214  696  126    0    0    0
     0]
 [   0    0    1    0    0    0   15   17   26   50  938    2    5    0
     0]
 [   0    0    0    0    0    0    0    7   32   18   65  919    0    0
     0]
 [   0    0    0    0    0    0    0    0    4   12    4    1  264    0
     0]
 [   0    0    0    0    0    0    0    0    0    0    0    0    0  247
     0]
 [   0    0    0    0    0    0    0    0    0    0    0    0    2    0
   471]]---
Accuracy : 87.42%
---
class acc :
	Healthy grass: 82.34
	Stressed grass: 99.91
	Synthetic grass: 100.00
	Trees: 96.40
	Soil: 99.91
	Water: 98.60
	Residential: 91.98
	Commercial: 65.72
	Road: 75.64
	Highway: 67.18
	Railway: 88.99
	Parking Lot 1: 88.28
	Parking Lot 2: 92.63
	Tennis Court: 100.00
	Running Track: 99.58
---
AA: 89.81%
Kappa: 86.35
run 3 / 5
Best validation overall accuracy 1.0
Confusion matrix :
[[ 862  104    0   87    0    0    0    0    0    0    0    0    0    0
     0]
 [   3 1060    0    1    0    0    0    0    0    0    0    0    0    0
     0]
 [   0    0  505    0    0    0    0    0    0    0    0    0    0    0
     0]
 [   0    1    0 1055    0    0    0    0    0    0    0    0    0    0
     0]
 [   0    0    0    0 1055    0    0    0    1    0    0    0    0    0
     0]
 [   0    0    0    0    0  135    1    0    0    0    0    0    7    0
     0]
 [   0    0    0    0    0    1  942   17   19    5    2   26    1   59
     0]
 [   0    0   10    0    6    0    1  804   18   46   47    2   19  100
     0]
 [   0    0    0    2    0    0    5    0  765  209   62   16    0    0
     0]
 [   0    0    0    0    0    0    0    0    4  811  221    0    0    0
     0]
 [   0    0    0    0    0    0   28    2   13   30  972    5    4    0
     0]
 [   0    0    0    0    0   14    1   33   21   76   96  800    0    0
     0]
 [   0    0    0    0    0    0    0    0    0   10    9    0  262    4
     0]
 [   0    0    0    0    0    0    0    0    0    0    0    0    2  245
     0]
 [   0    0    0    0    0    0    0    0    0    0    0    0    7    0
   466]]---
Accuracy : 88.05%
---
class acc :
	Healthy grass: 81.86
	Stressed grass: 99.62
	Synthetic grass: 100.00
	Trees: 99.91
	Soil: 99.91
	Water: 94.41
	Residential: 87.87
	Commercial: 76.35
	Road: 72.24
	Highway: 78.28
	Railway: 92.22
	Parking Lot 1: 76.85
	Parking Lot 2: 91.93
	Tennis Court: 99.19
	Running Track: 98.52
---
AA: 89.94%
Kappa: 87.03
run 4 / 5
Best validation overall accuracy 1.0
Confusion matrix :
[[ 864    5    0  184    0    0    0    0    0    0    0    0    0    0
     0]
 [   0 1054    0   10    0    0    0    0    0    0    0    0    0    0
     0]
 [   0    0  505    0    0    0    0    0    0    0    0    0    0    0
     0]
 [   3    0    0 1053    0    0    0    0    0    0    0    0    0    0
     0]
 [   0    0    0    0 1046    0    0    0   10    0    0    0    0    0
     0]
 [   0    0    0    0    0  137    0    0    6    0    0    0    0    0
     0]
 [   0    0   13    0    0   16  996   45    2    0    0    0    0    0
     0]
 [   5   29    0    0   36    0   14  748   26    9   49  109    8    0
    20]
 [   0    0    0    0    0    0   35    0  932    1   25   64    2    0
     0]
 [   0    0    0    0    0    0    0    0  502  499   34    1    0    0
     0]
 [   0    0   12    0    0    0   64    7   36    9  907    6   13    0
     0]
 [   0    0    0    0    0    0    0    0   98    9   40  894    0    0
     0]
 [   0    0    5    0    0    0    1    0    7    2    6    0  264    0
     0]
 [   0    0    0    0    0    0    0    0    0    0    0    0    1  243
     3]
 [   0    0    0    2    0    0    3    0    0    0    0    0    3    0
   465]]---
Accuracy : 86.96%
---
class acc :
	Healthy grass: 82.05
	Stressed grass: 99.06
	Synthetic grass: 100.00
	Trees: 99.72
	Soil: 99.05
	Water: 95.80
	Residential: 92.91
	Commercial: 71.04
	Road: 88.01
	Highway: 48.17
	Railway: 86.05
	Parking Lot 1: 85.88
	Parking Lot 2: 92.63
	Tennis Court: 98.38
	Running Track: 98.31
---
AA: 89.14%
Kappa: 85.85
run 5 / 5
Best validation overall accuracy 1.0
Confusion matrix :
[[ 873  154    0   26    0    0    0    0    0    0    0    0    0    0
     0]
 [   0 1064    0    0    0    0    0    0    0    0    0    0    0    0
     0]
 [   0    0  505    0    0    0    0    0    0    0    0    0    0    0
     0]
 [   3   36    0 1017    0    0    0    0    0    0    0    0    0    0
     0]
 [   0    0    0    0 1056    0    0    0    0    0    0    0    0    0
     0]
 [   0    0    0    0    0  138    0    0    0    0    0    0    5    0
     0]
 [   0    0   14    0    0    1  986   47    0    0    1    3    0   20
     0]
 [   0    0    0    0    0    0   24  839    0   28   17  106   19    0
    20]
 [   0    0    0    0    5    0   33    0  879   40   43   59    0    0
     0]
 [   0    0    0    0    0    0    0    0   18  969   49    0    0    0
     0]
 [   0    0    1    0    1    0   16    5    1   18 1000    3    9    0
     0]
 [   0    0    0    0    0    0    0   71    6    4   64  895    1    0
     0]
 [   0    0    0    0    0    0    2    0    0   20    0    0  263    0
     0]
 [   0    0    0    0    0    0    0    0    0    0    0    0    0  247
     0]
 [   0    0    0    0    0    0    0    0    0    0    0    0    0    0
   473]]---
Accuracy : 91.86%
---
class acc :
	Healthy grass: 82.91
	Stressed grass: 100.00
	Synthetic grass: 100.00
	Trees: 96.31
	Soil: 100.00
	Water: 96.50
	Residential: 91.98
	Commercial: 79.68
	Road: 83.00
	Highway: 93.53
	Railway: 94.88
	Parking Lot 1: 85.98
	Parking Lot 2: 92.28
	Tennis Court: 100.00
	Running Track: 100.00
---
AA: 93.14%
Kappa: 91.16
Agregated results :
Confusion matrix :
[[8.6620e+02 1.0380e+02 0.0000e+00 8.3000e+01 0.0000e+00 0.0000e+00
  0.0000e+00 0.0000e+00 0.0000e+00 0.0000e+00 0.0000e+00 0.0000e+00
  0.0000e+00 0.0000e+00 0.0000e+00]
 [1.0000e+00 1.0600e+03 0.0000e+00 2.6000e+00 0.0000e+00 0.0000e+00
  0.0000e+00 4.0000e-01 0.0000e+00 0.0000e+00 0.0000e+00 0.0000e+00
  0.0000e+00 0.0000e+00 0.0000e+00]
 [0.0000e+00 0.0000e+00 5.0500e+02 0.0000e+00 0.0000e+00 0.0000e+00
  0.0000e+00 0.0000e+00 0.0000e+00 0.0000e+00 0.0000e+00 0.0000e+00
  0.0000e+00 0.0000e+00 0.0000e+00]
 [3.4000e+00 1.6200e+01 0.0000e+00 1.0360e+03 0.0000e+00 0.0000e+00
  4.0000e-01 0.0000e+00 0.0000e+00 0.0000e+00 0.0000e+00 0.0000e+00
  0.0000e+00 0.0000e+00 0.0000e+00]
 [0.0000e+00 0.0000e+00 0.0000e+00 0.0000e+00 1.0536e+03 0.0000e+00
  0.0000e+00 0.0000e+00 2.4000e+00 0.0000e+00 0.0000e+00 0.0000e+00
  0.0000e+00 0.0000e+00 0.0000e+00]
 [0.0000e+00 0.0000e+00 0.0000e+00 0.0000e+00 0.0000e+00 1.3820e+02
  2.0000e-01 0.0000e+00 1.2000e+00 0.0000e+00 0.0000e+00 0.0000e+00
  3.4000e+00 0.0000e+00 0.0000e+00]
 [0.0000e+00 2.0000e-01 5.4000e+00 2.0000e-01 0.0000e+00 7.2000e+00
  9.7340e+02 4.7600e+01 6.0000e+00 1.0000e+00 8.0000e-01 5.8000e+00
  6.0000e-01 2.2400e+01 1.4000e+00]
 [1.0000e+00 2.5200e+01 2.8000e+00 0.0000e+00 2.8800e+01 0.0000e+00
  1.3400e+01 7.8480e+02 1.7800e+01 2.3200e+01 3.1200e+01 7.1400e+01
  1.7400e+01 2.1600e+01 1.4400e+01]
 [0.0000e+00 0.0000e+00 0.0000e+00 4.0000e-01 1.8000e+00 0.0000e+00
  2.4000e+01 8.0000e-01 8.5620e+02 8.2200e+01 5.1400e+01 4.1800e+01
  4.0000e-01 0.0000e+00 0.0000e+00]
 [0.0000e+00 0.0000e+00 0.0000e+00 0.0000e+00 0.0000e+00 0.0000e+00
  0.0000e+00 0.0000e+00 2.0020e+02 7.1480e+02 1.2080e+02 2.0000e-01
  0.0000e+00 0.0000e+00 0.0000e+00]
 [0.0000e+00 4.4000e+00 2.8000e+00 0.0000e+00 8.0000e-01 0.0000e+00
  3.3600e+01 7.2000e+00 2.3800e+01 2.1400e+01 9.4700e+02 3.2000e+00
  8.6000e+00 1.2000e+00 0.0000e+00]
 [0.0000e+00 0.0000e+00 0.0000e+00 0.0000e+00 0.0000e+00 3.0000e+00
  1.4000e+00 2.2400e+01 5.8200e+01 2.3400e+01 6.8200e+01 8.6400e+02
  4.0000e-01 0.0000e+00 0.0000e+00]
 [0.0000e+00 2.0000e-01 1.2000e+00 0.0000e+00 8.0000e-01 0.0000e+00
  8.0000e-01 2.0000e-01 4.4000e+00 9.2000e+00 4.2000e+00 4.0000e-01
  2.6280e+02 8.0000e-01 0.0000e+00]
 [0.0000e+00 0.0000e+00 0.0000e+00 0.0000e+00 0.0000e+00 0.0000e+00
  0.0000e+00 0.0000e+00 0.0000e+00 0.0000e+00 0.0000e+00 0.0000e+00
  8.0000e-01 2.4560e+02 6.0000e-01]
 [0.0000e+00 0.0000e+00 0.0000e+00 4.0000e-01 0.0000e+00 0.0000e+00
  6.0000e-01 0.0000e+00 0.0000e+00 0.0000e+00 0.0000e+00 0.0000e+00
  4.0000e+00 0.0000e+00 4.6800e+02]]---
Accuracy: 88.35 +- 1.79
---
class acc :
	Healthy grass: 82.26 +- 0.36
	Stressed grass: 99.62 +- 0.33
	Synthetic grass: 100.00 +- 0.00
	Trees: 98.11 +- 1.55
	Soil: 99.77 +- 0.36
	Water: 96.64 +- 1.49
	Residential: 90.80 +- 1.90
	Commercial: 74.53 +- 5.44
	Road: 80.85 +- 5.96
	Highway: 69.00 +- 15.81
	Railway: 89.85 +- 3.27
	Parking Lot 1: 83.00 +- 4.64
	Parking Lot 2: 92.21 +- 0.41
	Tennis Court: 99.43 +- 0.61
	Running Track: 98.94 +- 0.71
---
AA: 90.33 +- 1.43
Kappa: 87.35 +- 1.94
