run 1 / 5
Best validation overall accuracy 0.87890625
Confusion matrix :
[[1036   12    0  153    0    0    0    0    0    0    0    0    0    0
     0]
 [  39 1131    0   30    1    0    3    0    0    0    0    0    0    0
     0]
 [   0    0  601    0    1    0   62    0    0    0    0    0    0    0
     5]
 [   5    1    0 1186    0    0    0    0    0    0    0    2    0    0
     0]
 [   0    0    0    0 1191    0    0    0    1    0    0    0    0    0
     0]
 [   5    0    0    3    0  255   38    0    3    1    1    5    1    0
     0]
 [   0    6    9    3    0    0 1113   48   10    0   19    4    1    4
     0]
 [   0    0    0    0   58    1   13  700   48   32   85  239    1    2
    15]
 [   0    4    0    0   10    0   26    5 1046   11   60   40    0    0
     0]
 [   0    0    0    0    0    0    0    0  133  778  163  104    0    0
     0]
 [   0    0    0    0   12    0   31    8   61   60  945   50   11    8
     0]
 [   0    0   26    0   63    0   27   12   21    1   15  993   26    0
     0]
 [   0    0    0    0    0    0    0    7   22    6   17   98  300    0
     0]
 [   0    0    0    0    0    0    3    2   11    0    0    0    0  395
     0]
 [   0    0    0    0    1    0    0    0    0    0    0    0    0    0
   633]]---
Accuracy : 85.27%
---
class acc :
	Healthy grass: 86.26
	Stressed grass: 93.94
	Synthetic grass: 89.84
	Trees: 99.33
	Soil: 99.92
	Water: 81.73
	Residential: 91.45
	Commercial: 58.63
	Road: 87.02
	Highway: 66.04
	Railway: 79.68
	Parking Lot 1: 83.87
	Parking Lot 2: 66.67
	Tennis Court: 96.11
	Running Track: 99.84
---
AA: 85.35%
Kappa: 84.07
run 2 / 5
Best validation overall accuracy 0.890625
Confusion matrix :
[[1116   40    0   42    0    0    0    3    0    0    0    0    0    0
     0]
 [  21 1151    0   32    0    0    0    0    0    0    0    0    0    0
     0]
 [   0    0  661    0    0    0    6    0    0    1    0    0    0    0
     1]
 [  19    6    0 1166    0    0    2    0    0    0    0    0    0    1
     0]
 [   0    0    0    0 1169    0    0    0    0    0   23    0    0    0
     0]
 [   0    0    0    0    0  248   58    0    0    6    0    0    0    0
     0]
 [   0    2    0    0    0    0 1137   51    9    0   18    0    0    0
     0]
 [   0    0    0    0   17    0   31  919   78   25   27   91    1    0
     5]
 [   0    0    0    0    9    0   39    2 1038   18   77   18    0    1
     0]
 [   0    0    0    0    1    0    0    0   74  866   37  200    0    0
     0]
 [   0    0    0    0    0    0   30   10   40  367  725    9    5    0
     0]
 [   0    0   20    0   17    0   31    1   27   60   75  933   20    0
     0]
 [   0    0    0    0    0    0    1    1    1   24    6    5  412    0
     0]
 [   0    0    0    0    0    0    0    2    0    0    4    0    0  405
     0]
 [   0    0    0    0    0    0    0    0    0    0    0    0    0    0
   634]]---
Accuracy : 87.19%
---
class acc :
	Healthy grass: 92.92
	Stressed grass: 95.60
	Synthetic grass: 98.80
	Trees: 97.65
	Soil: 98.07
	Water: 79.49
	Residential: 93.43
	Commercial: 76.97
	Road: 86.36
	Highway: 73.51
	Railway: 61.13
	Parking Lot 1: 78.80
	Parking Lot 2: 91.56
	Tennis Court: 98.54
	Running Track: 100.00
---
AA: 88.19%
Kappa: 86.15
run 3 / 5
Best validation overall accuracy 0.92578125
Confusion matrix :
[[1048   52    0  101    0    0    0    0    0    0    0    0    0    0
     0]
 [  10 1194    0    0    0    0    0    0    0    0    0    0    0    0
     0]
 [   0    0  666    0    0    0    3    0    0    0    0    0    0    0
     0]
 [   8    6    0 1178    0    0    1    0    0    0    0    1    0    0
     0]
 [   0    0    0    0 1172    0    0    9    2    0    6    0    3    0
     0]
 [   3    0    0    0    0  201   78    0   20   10    0    0    0    0
     0]
 [   0   11    6    1    0    0 1122   23   13    0   36    0    0    5
     0]
 [   0    0   33    0   18    0    8  805   33   20  130  116    7    3
    21]
 [   0    1    0    0    2    0   14    0 1069   14   81   20    1    0
     0]
 [   0    0    0    0    0    0    0    0   42 1019   20   97    0    0
     0]
 [   0    5    4    0    0    0   30    2   33   93 1014    0    5    0
     0]
 [   0    0   21    0    7    0   39    0   11    0   83 1005   18    0
     0]
 [   0    0    0    0    0    0    0    1    3   18   36   27  365    0
     0]
 [   0    0    0    0    0    0    0    0    0    0    4    0    0  407
     0]
 [   0    0    0    0    0    0    0    0    0    0    0    0    0    0
   634]]---
Accuracy : 89.40%
---
class acc :
	Healthy grass: 87.26
	Stressed grass: 99.17
	Synthetic grass: 99.55
	Trees: 98.66
	Soil: 98.32
	Water: 64.42
	Residential: 92.19
	Commercial: 67.42
	Road: 88.94
	Highway: 86.50
	Railway: 85.50
	Parking Lot 1: 84.88
	Parking Lot 2: 81.11
	Tennis Court: 99.03
	Running Track: 100.00
---
AA: 88.86%
Kappa: 88.54
run 4 / 5
Best validation overall accuracy 0.8671875
Confusion matrix :
[[1090   66    0   45    0    0    0    0    0    0    0    0    0    0
     0]
 [   2 1170    0   27    0    0    5    0    0    0    0    0    0    0
     0]
 [   0    0  606    0    0    0   59    0    0    0    0    0    4    0
     0]
 [  30    5    0 1158    0    0    0    0    0    0    0    1    0    0
     0]
 [   0    0    0    0 1167    0    0    0    0    0   22    3    0    0
     0]
 [   3    0    0    2    0  227   38    0   35    5    0    0    2    0
     0]
 [   1    4    3    2    0    0 1108   27   25    0   30    6    2    9
     0]
 [   0    0    4    0   28    0    2  894   60   20   87   72   26    1
     0]
 [   0    1    0    0   19    0    0    3 1046   22   86   24    1    0
     0]
 [   0    0    0    0    0    0    0    0   29  910   36  201    2    0
     0]
 [   0    5    2    0    0    0   17    0   29   61 1052    3   14    3
     0]
 [   0    0    0    0    5    0   30    5   22   59   91  965    7    0
     0]
 [   0    0    0    0    0    0    0    4    4   16   10   31  385    0
     0]
 [   0    3    0    0    0    0    0    0    0    0    0    0    1  407
     0]
 [   0    0    0    0    0    0    0    0    0    0    0    0    4    0
   630]]---
Accuracy : 88.82%
---
class acc :
	Healthy grass: 90.76
	Stressed grass: 97.18
	Synthetic grass: 90.58
	Trees: 96.98
	Soil: 97.90
	Water: 72.76
	Residential: 91.04
	Commercial: 74.87
	Road: 87.02
	Highway: 77.25
	Railway: 88.70
	Parking Lot 1: 81.50
	Parking Lot 2: 85.56
	Tennis Court: 99.03
	Running Track: 99.37
---
AA: 88.70%
Kappa: 87.91
run 5 / 5
Best validation overall accuracy 0.8984375
Confusion matrix :
[[1056   66    0   79    0    0    0    0    0    0    0    0    0    0
     0]
 [   1 1161    0   21    0    0    3   15    3    0    0    0    0    0
     0]
 [   0    0  659    0    0    0    9    0    0    0    0    0    0    0
     1]
 [  23    4    0 1165    0    0    0    0    0    0    0    1    1    0
     0]
 [   0    0    0    0 1171    0    0    0   13    0    3    5    0    0
     0]
 [   3    1    0    0    1  232   59    0    9    6    0    1    0    0
     0]
 [   0    3    0    0    0    0 1099   64   25    0   23    0    1    2
     0]
 [   0    0   16    0   48    0   15  987   10   16   35   41    1   21
     4]
 [   0    7    1    0   19    0    0   21 1080    7   56   11    0    0
     0]
 [   0    0    0    0    0    0    0    1   45  886  173   73    0    0
     0]
 [   0   13    2    0    0    0   23   12   41   21 1063    4    6    1
     0]
 [   0    0    0    0   14    0   54  151   23   25  105  811    1    0
     0]
 [   0    0    0    0    0    0    0    2    5    9   15   70  349    0
     0]
 [   0    0    0    0    0    0    0    0    0    0    0    0    0  411
     0]
 [   0    0    0    0    0    0    0    0    0    0    0    0    0    0
   634]]---
Accuracy : 88.47%
---
class acc :
	Healthy grass: 87.93
	Stressed grass: 96.43
	Synthetic grass: 98.51
	Trees: 97.57
	Soil: 98.24
	Water: 74.36
	Residential: 90.30
	Commercial: 82.66
	Road: 89.85
	Highway: 75.21
	Railway: 89.63
	Parking Lot 1: 68.50
	Parking Lot 2: 77.56
	Tennis Court: 100.00
	Running Track: 100.00
---
AA: 88.45%
Kappa: 87.52
Agregated results :
Confusion matrix :
[[1.0692e+03 4.7200e+01 0.0000e+00 8.4000e+01 0.0000e+00 0.0000e+00
  0.0000e+00 6.0000e-01 0.0000e+00 0.0000e+00 0.0000e+00 0.0000e+00
  0.0000e+00 0.0000e+00 0.0000e+00]
 [1.4600e+01 1.1614e+03 0.0000e+00 2.2000e+01 2.0000e-01 0.0000e+00
  2.2000e+00 3.0000e+00 6.0000e-01 0.0000e+00 0.0000e+00 0.0000e+00
  0.0000e+00 0.0000e+00 0.0000e+00]
 [0.0000e+00 0.0000e+00 6.3860e+02 0.0000e+00 2.0000e-01 0.0000e+00
  2.7800e+01 0.0000e+00 0.0000e+00 2.0000e-01 0.0000e+00 0.0000e+00
  8.0000e-01 0.0000e+00 1.4000e+00]
 [1.7000e+01 4.4000e+00 0.0000e+00 1.1706e+03 0.0000e+00 0.0000e+00
  6.0000e-01 0.0000e+00 0.0000e+00 0.0000e+00 0.0000e+00 1.0000e+00
  2.0000e-01 2.0000e-01 0.0000e+00]
 [0.0000e+00 0.0000e+00 0.0000e+00 0.0000e+00 1.1740e+03 0.0000e+00
  0.0000e+00 1.8000e+00 3.2000e+00 0.0000e+00 1.0800e+01 1.6000e+00
  6.0000e-01 0.0000e+00 0.0000e+00]
 [2.8000e+00 2.0000e-01 0.0000e+00 1.0000e+00 2.0000e-01 2.3260e+02
  5.4200e+01 0.0000e+00 1.3400e+01 5.6000e+00 2.0000e-01 1.2000e+00
  6.0000e-01 0.0000e+00 0.0000e+00]
 [2.0000e-01 5.2000e+00 3.6000e+00 1.2000e+00 0.0000e+00 0.0000e+00
  1.1158e+03 4.2600e+01 1.6400e+01 0.0000e+00 2.5200e+01 2.0000e+00
  8.0000e-01 4.0000e+00 0.0000e+00]
 [0.0000e+00 0.0000e+00 1.0600e+01 0.0000e+00 3.3800e+01 2.0000e-01
  1.3800e+01 8.6100e+02 4.5800e+01 2.2600e+01 7.2800e+01 1.1180e+02
  7.2000e+00 5.4000e+00 9.0000e+00]
 [0.0000e+00 2.6000e+00 2.0000e-01 0.0000e+00 1.1800e+01 0.0000e+00
  1.5800e+01 6.2000e+00 1.0558e+03 1.4400e+01 7.2000e+01 2.2600e+01
  4.0000e-01 2.0000e-01 0.0000e+00]
 [0.0000e+00 0.0000e+00 0.0000e+00 0.0000e+00 2.0000e-01 0.0000e+00
  0.0000e+00 2.0000e-01 6.4600e+01 8.9180e+02 8.5800e+01 1.3500e+02
  4.0000e-01 0.0000e+00 0.0000e+00]
 [0.0000e+00 4.6000e+00 1.6000e+00 0.0000e+00 2.4000e+00 0.0000e+00
  2.6200e+01 6.4000e+00 4.0800e+01 1.2040e+02 9.5980e+02 1.3200e+01
  8.2000e+00 2.4000e+00 0.0000e+00]
 [0.0000e+00 0.0000e+00 1.3400e+01 0.0000e+00 2.1200e+01 0.0000e+00
  3.6200e+01 3.3800e+01 2.0800e+01 2.9000e+01 7.3800e+01 9.4140e+02
  1.4400e+01 0.0000e+00 0.0000e+00]
 [0.0000e+00 0.0000e+00 0.0000e+00 0.0000e+00 0.0000e+00 0.0000e+00
  2.0000e-01 3.0000e+00 7.0000e+00 1.4600e+01 1.6800e+01 4.6200e+01
  3.6220e+02 0.0000e+00 0.0000e+00]
 [0.0000e+00 6.0000e-01 0.0000e+00 0.0000e+00 0.0000e+00 0.0000e+00
  6.0000e-01 8.0000e-01 2.2000e+00 0.0000e+00 1.6000e+00 0.0000e+00
  2.0000e-01 4.0500e+02 0.0000e+00]
 [0.0000e+00 0.0000e+00 0.0000e+00 0.0000e+00 2.0000e-01 0.0000e+00
  0.0000e+00 0.0000e+00 0.0000e+00 0.0000e+00 0.0000e+00 0.0000e+00
  8.0000e-01 0.0000e+00 6.3300e+02]]---
Accuracy: 87.83 +- 1.47
---
class acc :
	Healthy grass: 89.03 +- 2.46
	Stressed grass: 96.46 +- 1.73
	Synthetic grass: 95.46 +- 4.30
	Trees: 98.04 +- 0.84
	Soil: 98.49 +- 0.73
	Water: 74.55 +- 6.03
	Residential: 91.68 +- 1.06
	Commercial: 72.11 +- 8.32
	Road: 87.84 +- 1.33
	Highway: 75.70 +- 6.59
	Railway: 80.93 +- 10.49
	Parking Lot 1: 79.51 +- 5.89
	Parking Lot 2: 80.49 +- 8.34
	Tennis Court: 98.54 +- 1.31
	Running Track: 99.84 +- 0.24
---
AA: 87.91 +- 1.30
Kappa: 86.84 +- 1.59
