run 1 / 5
Best validation overall accuracy 0.9005681818181818
Confusion matrix :
[[ 982   26    0  118    0    0    0    0    0    0    0    0    0    0
     0]
 [   9 1115    0    3    0    0    2    0    0    0    0    0    0    0
     0]
 [   0    0  597    0    0    0   30    0    0    0    0    0    0    0
     0]
 [   0    1    0 1119    0    0    0    0    0    0    0    0    0    0
     0]
 [   0    0    0    0 1107    0    0    5    0    0    0    6    0    0
     0]
 [   0    0    0    0    0  257   35    0    0    0    0    0    0    0
     0]
 [   0    0    0    0    0    0 1090   17   10    0   17    0    4    3
     0]
 [   0    0    0    0   62    0   23  789   22   18   77  121    8    0
     0]
 [   0    3    0    0   19    0    7    3  969   25   74   24    1    2
     0]
 [   0    0    0    0    0    0    0    0   88  923   63   30    0    0
     0]
 [   0    0    0    0    7    0   28    1   61   45  955    7    6    2
     0]
 [   0    0    0    0    0    0   54   21   45   33   42  913    2    0
     0]
 [   0    0    0    0    0    0    0    0    0    0   19    0  403    0
     0]
 [   0    0    0    0    0    0   15    0    0    0    0    0   13  357
     0]
 [   0    0    0    0    0    0    0    0    0    0    0    0    0    0
   594]]---
Accuracy : 89.97%
---
class acc :
	Healthy grass: 87.21
	Stressed grass: 98.76
	Synthetic grass: 95.22
	Trees: 99.91
	Soil: 99.02
	Water: 88.01
	Residential: 95.53
	Commercial: 70.45
	Road: 85.98
	Highway: 83.61
	Railway: 85.88
	Parking Lot 1: 82.25
	Parking Lot 2: 95.50
	Tennis Court: 92.73
	Running Track: 100.00
---
AA: 90.67%
Kappa: 89.15
run 2 / 5
Best validation overall accuracy 0.8920454545454546
Confusion matrix :
[[ 975   60    0   90    0    0    0    0    0    0    0    0    1    0
     0]
 [  11 1102    0    7    0    0    9    0    0    0    0    0    0    0
     0]
 [   0    0  624    0    0    0    3    0    0    0    0    0    0    0
     0]
 [   4    5    0 1111    0    0    0    0    0    0    0    0    0    0
     0]
 [   0    0    0    0 1105    0    0    0    1    0    0   12    0    0
     0]
 [   0    0    4    0    0  238   41    4    0    0    0    0    5    0
     0]
 [   0    0    0    0    0    0 1034   46   24    0   25    2    4    6
     0]
 [   0    0    4    0   52    0   36  788   44   19   84   87    2    0
     4]
 [   0    1    0    0   21    0    5    1  995   27   57   17    3    0
     0]
 [   0    0    0    0    0    0    0    0  113  886   87   18    0    0
     0]
 [   0    0    0    0    3    0   15    3   46   56  987    0    2    0
     0]
 [   0    0    0    0    3    0   53   30   55    9   45  915    0    0
     0]
 [   0    0    0    0    0    0    0    0    4    0   19    5  394    0
     0]
 [   0    0    0    0    0    0    7    0    0    0    0    0    0  378
     0]
 [   0    1    0    0    0    0    0    0    0    0    0    0   17    0
   576]]---
Accuracy : 89.51%
---
class acc :
	Healthy grass: 86.59
	Stressed grass: 97.61
	Synthetic grass: 99.52
	Trees: 99.20
	Soil: 98.84
	Water: 81.51
	Residential: 90.62
	Commercial: 70.36
	Road: 88.29
	Highway: 80.25
	Railway: 88.76
	Parking Lot 1: 82.43
	Parking Lot 2: 93.36
	Tennis Court: 98.18
	Running Track: 96.97
---
AA: 90.17%
Kappa: 88.66
run 3 / 5
Best validation overall accuracy 0.9147727272727273
Confusion matrix :
[[1053   38    0   35    0    0    0    0    0    0    0    0    0    0
     0]
 [   7 1101    0    7    0    0   14    0    0    0    0    0    0    0
     0]
 [   0    0  616    0    0    0   11    0    0    0    0    0    0    0
     0]
 [   0   15    0 1103    0    0    2    0    0    0    0    0    0    0
     0]
 [   0    0    0    0 1100    0    0   12    0    0    0    6    0    0
     0]
 [   0    1    0    0    0  245   43    0    0    1    0    1    1    0
     0]
 [   0    0    0    0    0    0 1061   34    7    0   28    0    3    8
     0]
 [   0    0    0    0   46    0   51  674   47   26   82  176    4    1
    13]
 [   0    1    0    0   17    0    4    0  954   39   87   18    5    2
     0]
 [   0    0    0    0    0    0    0    0   81  898   78   47    0    0
     0]
 [   0    0    0    0    7    0   45    2   60   29  968    0    1    0
     0]
 [   0    0    0    0    0    0   52    0   72   11   45  930    0    0
     0]
 [   0    0    0    0    0    0    0    0    3    0   23    5  391    0
     0]
 [   0    0    0    0    0    0    2    0    0    0    0    0    0  383
     0]
 [   0    0    0    0    0    0    0    0    0    0    0    0    0    0
   594]]---
Accuracy : 89.24%
---
class acc :
	Healthy grass: 93.52
	Stressed grass: 97.52
	Synthetic grass: 98.25
	Trees: 98.48
	Soil: 98.39
	Water: 83.90
	Residential: 92.99
	Commercial: 60.18
	Road: 84.65
	Highway: 81.34
	Railway: 87.05
	Parking Lot 1: 83.78
	Parking Lot 2: 92.65
	Tennis Court: 99.48
	Running Track: 100.00
---
AA: 90.15%
Kappa: 88.36
run 4 / 5
Best validation overall accuracy 0.8948863636363636
Confusion matrix :
[[ 978   51    0   97    0    0    0    0    0    0    0    0    0    0
     0]
 [   7 1112    0    2    0    0    8    0    0    0    0    0    0    0
     0]
 [   0    0  614    0    0    0   13    0    0    0    0    0    0    0
     0]
 [   5   13    0 1101    0    0    1    0    0    0    0    0    0    0
     0]
 [   0    0    0    0 1097    0    0    8    3    0   10    0    0    0
     0]
 [   0    0    0    0    0  247   39    0    0    0    0    0    6    0
     0]
 [   0    0    0    0    0    0 1091    1   16    0   30    0    2    1
     0]
 [   0    0    0    0   22    0   67  740   60   16   93  116    6    0
     0]
 [   0    0    0    0   20    0    2    0  943   50   77   34    0    1
     0]
 [   0    0    0    0    0    0    0    0   45  858   94  107    0    0
     0]
 [   0    0    0    0    1    0   19    0   71   42  979    0    0    0
     0]
 [   0    0    0    0    0    0   50    0  133   49   45  833    0    0
     0]
 [   0    0    0    0    0    0    0    0    9    0   22    8  383    0
     0]
 [   0    0    0    0    0    0   26    0    0    0    0    0    0  359
     0]
 [   0    0    0    0    0    0    1    0    0    0    0    0    0    0
   593]]---
Accuracy : 88.18%
---
class acc :
	Healthy grass: 86.86
	Stressed grass: 98.49
	Synthetic grass: 97.93
	Trees: 98.30
	Soil: 98.12
	Water: 84.59
	Residential: 95.62
	Commercial: 66.07
	Road: 83.67
	Highway: 77.72
	Railway: 88.04
	Parking Lot 1: 75.05
	Parking Lot 2: 90.76
	Tennis Court: 93.25
	Running Track: 99.83
---
AA: 88.95%
Kappa: 87.21
run 5 / 5
Best validation overall accuracy 0.9005681818181818
Confusion matrix :
[[ 990   41    0   95    0    0    0    0    0    0    0    0    0    0
     0]
 [   6 1098    0   25    0    0    0    0    0    0    0    0    0    0
     0]
 [   0    0  610    0    0    0   17    0    0    0    0    0    0    0
     0]
 [   2    0    0 1117    0    0    0    0    0    0    0    0    1    0
     0]
 [   0    0    0    0 1087    0    0   18    0    0   12    1    0    0
     0]
 [   0    0    0    0    0  284    5    0    1    0    0    0    2    0
     0]
 [   0    0    0    2    0   19 1064   14    3    0   30    0    3    6
     0]
 [   0    0    0    0   38    0   52  779   21   23  104   99    2    0
     2]
 [   0    2    0    0   18    0    4    0  949   42   92   19    0    1
     0]
 [   0    0    0    0    0    0    0    0   33  994   55   22    0    0
     0]
 [   0    0    0    0    2    0   27    0   33   39 1008    0    0    3
     0]
 [   0    0    0    0    0    0   54    0   96   18   48  894    0    0
     0]
 [   0    0    0    0    0    1    0    0    4    0   26    0  391    0
     0]
 [   0    0    0    0    0    0   20    0    0    0    0    0    0  365
     0]
 [   0    0    0    0    0    0    2    0    0    0   10    0    0    0
   582]]---
Accuracy : 90.28%
---
class acc :
	Healthy grass: 87.92
	Stressed grass: 97.25
	Synthetic grass: 97.29
	Trees: 99.73
	Soil: 97.23
	Water: 97.26
	Residential: 93.25
	Commercial: 69.55
	Road: 84.21
	Highway: 90.04
	Railway: 90.65
	Parking Lot 1: 80.54
	Parking Lot 2: 92.65
	Tennis Court: 94.81
	Running Track: 97.98
---
AA: 91.36%
Kappa: 89.49
Agregated results :
Confusion matrix :
[[9.9560e+02 4.3200e+01 0.0000e+00 8.7000e+01 0.0000e+00 0.0000e+00
  0.0000e+00 0.0000e+00 0.0000e+00 0.0000e+00 0.0000e+00 0.0000e+00
  2.0000e-01 0.0000e+00 0.0000e+00]
 [8.0000e+00 1.1056e+03 0.0000e+00 8.8000e+00 0.0000e+00 0.0000e+00
  6.6000e+00 0.0000e+00 0.0000e+00 0.0000e+00 0.0000e+00 0.0000e+00
  0.0000e+00 0.0000e+00 0.0000e+00]
 [0.0000e+00 0.0000e+00 6.1220e+02 0.0000e+00 0.0000e+00 0.0000e+00
  1.4800e+01 0.0000e+00 0.0000e+00 0.0000e+00 0.0000e+00 0.0000e+00
  0.0000e+00 0.0000e+00 0.0000e+00]
 [2.2000e+00 6.8000e+00 0.0000e+00 1.1102e+03 0.0000e+00 0.0000e+00
  6.0000e-01 0.0000e+00 0.0000e+00 0.0000e+00 0.0000e+00 0.0000e+00
  2.0000e-01 0.0000e+00 0.0000e+00]
 [0.0000e+00 0.0000e+00 0.0000e+00 0.0000e+00 1.0992e+03 0.0000e+00
  0.0000e+00 8.6000e+00 8.0000e-01 0.0000e+00 4.4000e+00 5.0000e+00
  0.0000e+00 0.0000e+00 0.0000e+00]
 [0.0000e+00 2.0000e-01 8.0000e-01 0.0000e+00 0.0000e+00 2.5420e+02
  3.2600e+01 8.0000e-01 2.0000e-01 2.0000e-01 0.0000e+00 2.0000e-01
  2.8000e+00 0.0000e+00 0.0000e+00]
 [0.0000e+00 0.0000e+00 0.0000e+00 4.0000e-01 0.0000e+00 3.8000e+00
  1.0680e+03 2.2400e+01 1.2000e+01 0.0000e+00 2.6000e+01 4.0000e-01
  3.2000e+00 4.8000e+00 0.0000e+00]
 [0.0000e+00 0.0000e+00 8.0000e-01 0.0000e+00 4.4000e+01 0.0000e+00
  4.5800e+01 7.5400e+02 3.8800e+01 2.0400e+01 8.8000e+01 1.1980e+02
  4.4000e+00 2.0000e-01 3.8000e+00]
 [0.0000e+00 1.4000e+00 0.0000e+00 0.0000e+00 1.9000e+01 0.0000e+00
  4.4000e+00 8.0000e-01 9.6200e+02 3.6600e+01 7.7400e+01 2.2400e+01
  1.8000e+00 1.2000e+00 0.0000e+00]
 [0.0000e+00 0.0000e+00 0.0000e+00 0.0000e+00 0.0000e+00 0.0000e+00
  0.0000e+00 0.0000e+00 7.2000e+01 9.1180e+02 7.5400e+01 4.4800e+01
  0.0000e+00 0.0000e+00 0.0000e+00]
 [0.0000e+00 0.0000e+00 0.0000e+00 0.0000e+00 4.0000e+00 0.0000e+00
  2.6800e+01 1.2000e+00 5.4200e+01 4.2200e+01 9.7940e+02 1.4000e+00
  1.8000e+00 1.0000e+00 0.0000e+00]
 [0.0000e+00 0.0000e+00 0.0000e+00 0.0000e+00 6.0000e-01 0.0000e+00
  5.2600e+01 1.0200e+01 8.0200e+01 2.4000e+01 4.5000e+01 8.9700e+02
  4.0000e-01 0.0000e+00 0.0000e+00]
 [0.0000e+00 0.0000e+00 0.0000e+00 0.0000e+00 0.0000e+00 2.0000e-01
  0.0000e+00 0.0000e+00 4.0000e+00 0.0000e+00 2.1800e+01 3.6000e+00
  3.9240e+02 0.0000e+00 0.0000e+00]
 [0.0000e+00 0.0000e+00 0.0000e+00 0.0000e+00 0.0000e+00 0.0000e+00
  1.4000e+01 0.0000e+00 0.0000e+00 0.0000e+00 0.0000e+00 0.0000e+00
  2.6000e+00 3.6840e+02 0.0000e+00]
 [0.0000e+00 2.0000e-01 0.0000e+00 0.0000e+00 0.0000e+00 0.0000e+00
  6.0000e-01 0.0000e+00 0.0000e+00 0.0000e+00 2.0000e+00 0.0000e+00
  3.4000e+00 0.0000e+00 5.8780e+02]]---
Accuracy: 89.43 +- 0.72
---
class acc :
	Healthy grass: 88.42 +- 2.59
	Stressed grass: 97.93 +- 0.59
	Synthetic grass: 97.64 +- 1.41
	Trees: 99.12 +- 0.64
	Soil: 98.32 +- 0.63
	Water: 87.05 +- 5.51
	Residential: 93.60 +- 1.85
	Commercial: 67.32 +- 3.91
	Road: 85.36 +- 1.65
	Highway: 82.59 +- 4.18
	Railway: 88.08 +- 1.61
	Parking Lot 1: 80.81 +- 3.06
	Parking Lot 2: 92.99 +- 1.53
	Tennis Court: 95.69 +- 2.69
	Running Track: 98.96 +- 1.25
---
AA: 90.26 +- 0.79
Kappa: 88.57 +- 0.78
