run 1 / 5
Best validation overall accuracy 0.9402173913043478
Confusion matrix :
[[956  22   0  22   0   0   0   1   0   0   0   0   0   0   0]
 [ 10 990   0   0   2   0   0   1   0   0   0   0   0   0   0]
 [  0   0 556   0   0   0   2   0   0   0   0   0   0   0   0]
 [  2   0   0 993   0   0   0   0   0   0   0   0   0   0   0]
 [  0   0   0   0 992   0   0   2   0   0   0   0   0   0   0]
 [  0   0   0   0   0 246  14   0   0   0   0   0   0   0   0]
 [  0   0   0   0   0   4 962   9  18   0  19   0   3   0   0]
 [  0   0   0   0  36   0  23 762  25  25  31  93   0   0   0]
 [  0   1   0   0   4   0   3   0 878  42  47  23   4   0   0]
 [  0   0   0   0   0   0   0   0  44 867  54  17   0   0   0]
 [  0   0   0   0   5   0  25   3  35  25 892   0   3   0   0]
 [  0   0   0   0   0   0  46   3   7  15   4 911   0   0   0]
 [  0   0   0   0   0   0   0   0   2   0  17   1 355   0   0]
 [  0   0   0   0   0   0   4   0   0   0   0   0   2 336   0]
 [  0   0   0   0   0   0   0   0   0   0   0   0   0   0 528]]---
Accuracy : 93.35%
---
class acc :
	Healthy grass: 95.50
	Stressed grass: 98.70
	Synthetic grass: 99.64
	Trees: 99.80
	Soil: 99.80
	Water: 94.62
	Residential: 94.78
	Commercial: 76.58
	Road: 87.62
	Highway: 88.29
	Railway: 90.28
	Parking Lot 1: 92.39
	Parking Lot 2: 94.67
	Tennis Court: 98.25
	Running Track: 100.00
---
AA: 94.06%
Kappa: 92.81
run 2 / 5
Best validation overall accuracy 0.9293478260869565
Confusion matrix :
[[943  30   0  28   0   0   0   0   0   0   0   0   0   0   0]
 [  8 995   0   0   0   0   0   0   0   0   0   0   0   0   0]
 [  0   0 556   0   0   0   2   0   0   0   0   0   0   0   0]
 [  4   0   0 991   0   0   0   0   0   0   0   0   0   0   0]
 [  0   0   0   0 977   0   0   0   0   0   3  14   0   0   0]
 [  0   0   0   0   0 219  35   0   0   0   0   0   6   0   0]
 [  0   0   0   0   0   0 967   3  25   0  17   0   3   0   0]
 [  0   0   0   0  36   0  13 813  17   5  44  62   1   0   4]
 [  0   0   0   0  10   0   0   0 902  40  22  24   4   0   0]
 [  0   0   0   0   0   0   0   0  19 893  61   9   0   0   0]
 [  0   0   0   0   1   0  24   1  50  22 889   0   1   0   0]
 [  0   0   0   0   5   0  44   0  16   8  12 901   0   0   0]
 [  0   0   0   0   0   0   0   1   0   0  19   0 355   0   0]
 [  0   0   0   0   0   0   4   0   0   0   0   0   0 338   0]
 [  0   1   0   0   0   0   1   0   0   0   0   0   0   0 526]]---
Accuracy : 93.69%
---
class acc :
	Healthy grass: 94.21
	Stressed grass: 99.20
	Synthetic grass: 99.64
	Trees: 99.60
	Soil: 98.29
	Water: 84.23
	Residential: 95.27
	Commercial: 81.71
	Road: 90.02
	Highway: 90.94
	Railway: 89.98
	Parking Lot 1: 91.38
	Parking Lot 2: 94.67
	Tennis Court: 98.83
	Running Track: 99.62
---
AA: 93.84%
Kappa: 93.17
run 3 / 5
Best validation overall accuracy 0.9239130434782609
Confusion matrix :
[[964  18   0  18   0   0   0   1   0   0   0   0   0   0   0]
 [ 12 991   0   0   0   0   0   0   0   0   0   0   0   0   0]
 [  0   0 539   0   0   0  19   0   0   0   0   0   0   0   0]
 [  5   0   0 990   0   0   0   0   0   0   0   0   0   0   0]
 [  0   0   0   0 988   0   0   1   0   0   0   5   0   0   0]
 [  0   0   0   0   0 221  38   0   0   1   0   0   0   0   0]
 [  0   0   0   0   0   0 962  17  17   0  18   0   0   1   0]
 [  0   0   0   0  54   0  32 763  12  15  49  70   0   0   0]
 [  0   0   0   0   0   0   4   0 873  35  53  36   1   0   0]
 [  0   0   0   0   0   0   0   0  48 875  41  18   0   0   0]
 [  0   0   0   0   8   0  30   3  40  32 873   0   2   0   0]
 [  0   0   0   0   4   0  42   0  30   2  43 865   0   0   0]
 [  0   0   0   0   0   0   0   4   1   0  20   6 344   0   0]
 [  0   0   0   0   0   0   8   0   0   0   0   0   0 334   0]
 [  0   0   0   0   0   0   0   0   0   0   0   0   0   0 528]]---
Accuracy : 92.40%
---
class acc :
	Healthy grass: 96.30
	Stressed grass: 98.80
	Synthetic grass: 96.59
	Trees: 99.50
	Soil: 99.40
	Water: 85.00
	Residential: 94.78
	Commercial: 76.68
	Road: 87.13
	Highway: 89.10
	Railway: 88.36
	Parking Lot 1: 87.73
	Parking Lot 2: 91.73
	Tennis Court: 97.66
	Running Track: 100.00
---
AA: 92.58%
Kappa: 91.78
run 4 / 5
Best validation overall accuracy 0.9191576086956522
Confusion matrix :
[[940  34   0  27   0   0   0   0   0   0   0   0   0   0   0]
 [  3 991   0   4   0   0   5   0   0   0   0   0   0   0   0]
 [  0   0 549   0   0   0   7   0   0   0   2   0   0   0   0]
 [  3   3   0 989   0   0   0   0   0   0   0   0   0   0   0]
 [  0   0   0   0 994   0   0   0   0   0   0   0   0   0   0]
 [  0   2   7   0   0 222  18   4   2   1   0   0   4   0   0]
 [  0   0   0   3   0   5 949  15  16   0  26   0   1   0   0]
 [  0   0   0   0  28   0  28 802  29  14  12  79   0   0   3]
 [  0   0   0   0   9   0   6   0 869  36  43  39   0   0   0]
 [  0   0   0   0   0   0   0   0  38 866  45  33   0   0   0]
 [  0   0   0   0   6   0  11   0  37  29 905   0   0   0   0]
 [  0   0   0   0   0   0  46   0  20  13   8 899   0   0   0]
 [  0   0   0   0   0   0   0   0   1   0  18   3 353   0   0]
 [  0   0   0   0   0   0  11   0   0   0   0   0   1 330   0]
 [  0   0   0   0   0   0   2   0   0   0   0   0   0   0 526]]---
Accuracy : 93.01%
---
class acc :
	Healthy grass: 93.91
	Stressed grass: 98.80
	Synthetic grass: 98.39
	Trees: 99.40
	Soil: 100.00
	Water: 85.38
	Residential: 93.50
	Commercial: 80.60
	Road: 86.73
	Highway: 88.19
	Railway: 91.60
	Parking Lot 1: 91.18
	Parking Lot 2: 94.13
	Tennis Court: 96.49
	Running Track: 99.62
---
AA: 93.19%
Kappa: 92.45
run 5 / 5
Best validation overall accuracy 0.9313858695652174
Confusion matrix :
[[ 944   34    0   23    0    0    0    0    0    0    0    0    0    0
     0]
 [   3 1000    0    0    0    0    0    0    0    0    0    0    0    0
     0]
 [   0    0  556    0    0    0    2    0    0    0    0    0    0    0
     0]
 [   2    0    0  993    0    0    0    0    0    0    0    0    0    0
     0]
 [   0    0    0    0  977    0    0    9    0    0    0    8    0    0
     0]
 [   0    0    0    0    0  255    4    0    0    0    0    0    1    0
     0]
 [   0    0    0    2    0    5  962    0   12    0   30    0    4    0
     0]
 [   0    0    0    0   11    0   28  780   27   20   70   57    2    0
     0]
 [   0    0    0    0    3    0    2    0  857   44   52   43    1    0
     0]
 [   0    0    0    0    0    0    0    0   35  901   39    7    0    0
     0]
 [   0    0    0    0    3    0   20    7   27   17  914    0    0    0
     0]
 [   0    0    0    0    0    0   50    0   41   10    1  884    0    0
     0]
 [   0    0    0    0    0    0    0    4    0    0   21    0  350    0
     0]
 [   0    0    0    0    0    0   10    0    0    0    0    0    0  332
     0]
 [   0    0    0    0    0    0    1    1    0    0    0    0    0    0
   526]]---
Accuracy : 93.40%
---
class acc :
	Healthy grass: 94.31
	Stressed grass: 99.70
	Synthetic grass: 99.64
	Trees: 99.80
	Soil: 98.29
	Water: 98.08
	Residential: 94.78
	Commercial: 78.39
	Road: 85.53
	Highway: 91.75
	Railway: 92.51
	Parking Lot 1: 89.66
	Parking Lot 2: 93.33
	Tennis Court: 97.08
	Running Track: 99.62
---
AA: 94.16%
Kappa: 92.87
Agregated results :
Confusion matrix :
[[9.494e+02 2.760e+01 0.000e+00 2.360e+01 0.000e+00 0.000e+00 0.000e+00
  4.000e-01 0.000e+00 0.000e+00 0.000e+00 0.000e+00 0.000e+00 0.000e+00
  0.000e+00]
 [7.200e+00 9.934e+02 0.000e+00 8.000e-01 4.000e-01 0.000e+00 1.000e+00
  2.000e-01 0.000e+00 0.000e+00 0.000e+00 0.000e+00 0.000e+00 0.000e+00
  0.000e+00]
 [0.000e+00 0.000e+00 5.512e+02 0.000e+00 0.000e+00 0.000e+00 6.400e+00
  0.000e+00 0.000e+00 0.000e+00 4.000e-01 0.000e+00 0.000e+00 0.000e+00
  0.000e+00]
 [3.200e+00 6.000e-01 0.000e+00 9.912e+02 0.000e+00 0.000e+00 0.000e+00
  0.000e+00 0.000e+00 0.000e+00 0.000e+00 0.000e+00 0.000e+00 0.000e+00
  0.000e+00]
 [0.000e+00 0.000e+00 0.000e+00 0.000e+00 9.856e+02 0.000e+00 0.000e+00
  2.400e+00 0.000e+00 0.000e+00 6.000e-01 5.400e+00 0.000e+00 0.000e+00
  0.000e+00]
 [0.000e+00 4.000e-01 1.400e+00 0.000e+00 0.000e+00 2.326e+02 2.180e+01
  8.000e-01 4.000e-01 4.000e-01 0.000e+00 0.000e+00 2.200e+00 0.000e+00
  0.000e+00]
 [0.000e+00 0.000e+00 0.000e+00 1.000e+00 0.000e+00 2.800e+00 9.604e+02
  8.800e+00 1.760e+01 0.000e+00 2.200e+01 0.000e+00 2.200e+00 2.000e-01
  0.000e+00]
 [0.000e+00 0.000e+00 0.000e+00 0.000e+00 3.300e+01 0.000e+00 2.480e+01
  7.840e+02 2.200e+01 1.580e+01 4.120e+01 7.220e+01 6.000e-01 0.000e+00
  1.400e+00]
 [0.000e+00 2.000e-01 0.000e+00 0.000e+00 5.200e+00 0.000e+00 3.000e+00
  0.000e+00 8.758e+02 3.940e+01 4.340e+01 3.300e+01 2.000e+00 0.000e+00
  0.000e+00]
 [0.000e+00 0.000e+00 0.000e+00 0.000e+00 0.000e+00 0.000e+00 0.000e+00
  0.000e+00 3.680e+01 8.804e+02 4.800e+01 1.680e+01 0.000e+00 0.000e+00
  0.000e+00]
 [0.000e+00 0.000e+00 0.000e+00 0.000e+00 4.600e+00 0.000e+00 2.200e+01
  2.800e+00 3.780e+01 2.500e+01 8.946e+02 0.000e+00 1.200e+00 0.000e+00
  0.000e+00]
 [0.000e+00 0.000e+00 0.000e+00 0.000e+00 1.800e+00 0.000e+00 4.560e+01
  6.000e-01 2.280e+01 9.600e+00 1.360e+01 8.920e+02 0.000e+00 0.000e+00
  0.000e+00]
 [0.000e+00 0.000e+00 0.000e+00 0.000e+00 0.000e+00 0.000e+00 0.000e+00
  1.800e+00 8.000e-01 0.000e+00 1.900e+01 2.000e+00 3.514e+02 0.000e+00
  0.000e+00]
 [0.000e+00 0.000e+00 0.000e+00 0.000e+00 0.000e+00 0.000e+00 7.400e+00
  0.000e+00 0.000e+00 0.000e+00 0.000e+00 0.000e+00 6.000e-01 3.340e+02
  0.000e+00]
 [0.000e+00 2.000e-01 0.000e+00 0.000e+00 0.000e+00 0.000e+00 8.000e-01
  2.000e-01 0.000e+00 0.000e+00 0.000e+00 0.000e+00 0.000e+00 0.000e+00
  5.268e+02]]---
Accuracy: 93.17 +- 0.44
---
class acc :
	Healthy grass: 94.85 +- 0.91
	Stressed grass: 99.04 +- 0.37
	Synthetic grass: 98.78 +- 1.20
	Trees: 99.62 +- 0.16
	Soil: 99.15 +- 0.73
	Water: 89.46 +- 5.74
	Residential: 94.62 +- 0.59
	Commercial: 78.79 +- 2.06
	Road: 87.41 +- 1.48
	Highway: 89.65 +- 1.44
	Railway: 90.55 +- 1.42
	Parking Lot 1: 90.47 +- 1.63
	Parking Lot 2: 93.71 +- 1.10
	Tennis Court: 97.66 +- 0.83
	Running Track: 99.77 +- 0.19
---
AA: 93.57 +- 0.60
Kappa: 92.61 +- 0.48
