run 1 / 5
Best validation overall accuracy 0.9921875
Confusion matrix :
[[ 866   67    0  120    0    0    0    0    0    0    0    0    0    0
     0]
 [   4 1025    0   12    0    0   23    0    0    0    0    0    0    0
     0]
 [   0    0  503    0    0    0    2    0    0    0    0    0    0    0
     0]
 [   1   20    0 1027    0    2    3    0    3    0    0    0    0    0
     0]
 [   0    0    0    0 1043    0    0    5    0    0    8    0    0    0
     0]
 [   0    0    0    0    0  137    0    0    0    0    0    0    6    0
     0]
 [   0    0    0    0    0   43  975   46    6    0    0    2    0    0
     0]
 [   0    0   33    0    9    0   38  839   29   18   42   26    2   17
     0]
 [   0    0    0    0   12    0   82   15  857   48   33   12    0    0
     0]
 [   0    0    0    0    0    0    0   57    6  678  293    2    0    0
     0]
 [   0    0    0    0    0    0  120    4   37   66  819    2    4    2
     0]
 [   0    0    0    0    0    0   16   34   39   53   64  835    0    0
     0]
 [   0    0    0    0    0    0    0    0    0    0   20   19  246    0
     0]
 [   0    0    0    0    0    0    0    0    0    0    0    0    3  244
     0]
 [   0    0    0    0    0    0   10    0    0    0    0    0    0    0
   463]]---
Accuracy : 86.55%
---
class acc :
	Healthy grass: 82.24
	Stressed grass: 96.33
	Synthetic grass: 99.60
	Trees: 97.25
	Soil: 98.77
	Water: 95.80
	Residential: 90.95
	Commercial: 79.68
	Road: 80.93
	Highway: 65.44
	Railway: 77.70
	Parking Lot 1: 80.21
	Parking Lot 2: 86.32
	Tennis Court: 98.79
	Running Track: 97.89
---
AA: 88.53%
Kappa: 85.40
run 2 / 5
Best validation overall accuracy 0.990234375
Confusion matrix :
[[ 869  112    0   72    0    0    0    0    0    0    0    0    0    0
     0]
 [  18 1021    0    0    0    0   17    8    0    0    0    0    0    0
     0]
 [   0    0  503    0    0    0    2    0    0    0    0    0    0    0
     0]
 [   2    1    0 1051    0    0    2    0    0    0    0    0    0    0
     0]
 [   0    0    0    0 1041    0    0    5    1    0    9    0    0    0
     0]
 [   0    0    0    0    0  137    0    0    0    0    0    0    6    0
     0]
 [   0    0    0    0    0   18  986    7   11    0    0    0    0   50
     0]
 [   0    0    0    0   10    0   27  878   13   18   39   47    1   20
     0]
 [   0    0    0    0   20    2   21   10  868   49   60   25    4    0
     0]
 [   0    0    0    0    0    0    0    6    7  650  373    0    0    0
     0]
 [   0    0    0    0    2    0   78    1   52   42  873    0    5    1
     0]
 [   0    0    0    0    0    0    5   21   86   42   60  827    0    0
     0]
 [   0    0    0    0    0    0    1    0    0    1   20   12  251    0
     0]
 [   0    0    0    0    0    0    0    0    0    0    0    0    0  247
     0]
 [   0    1    0    0    0    0    2    0    0    0    0    0    0    1
   469]]---
Accuracy : 87.49%
---
class acc :
	Healthy grass: 82.53
	Stressed grass: 95.96
	Synthetic grass: 99.60
	Trees: 99.53
	Soil: 98.58
	Water: 95.80
	Residential: 91.98
	Commercial: 83.38
	Road: 81.96
	Highway: 62.74
	Railway: 82.83
	Parking Lot 1: 79.44
	Parking Lot 2: 88.07
	Tennis Court: 100.00
	Running Track: 99.15
---
AA: 89.44%
Kappa: 86.42
run 3 / 5
Best validation overall accuracy 0.990234375
Confusion matrix :
[[ 864   73    0  116    0    0    0    0    0    0    0    0    0    0
     0]
 [   2 1038    0   21    0    0    3    0    0    0    0    0    0    0
     0]
 [   0    0  498    0    0    0    7    0    0    0    0    0    0    0
     0]
 [   0    4    0 1052    0    0    0    0    0    0    0    0    0    0
     0]
 [   0    0    0    0 1036    0    0    7    0    2   11    0    0    0
     0]
 [   0    0    0    0    0  137    0    0    0    0    0    0    6    0
     0]
 [   0    0    0    0    0   25  988   40    5    0    0    0    4   10
     0]
 [   0    0    0    0    6    0   29  888   18   19   34   35    4   17
     3]
 [   0    0    0    0   21    0   50    1  847   52   72   10    6    0
     0]
 [   0    0    0    0    0    0    0   23    3  696  310    4    0    0
     0]
 [   0    0    0    0    0    0  140    5   60   67  759    2   19    2
     0]
 [   0    0    0    0    0    0   35   18   88   73   64  762    1    0
     0]
 [   0    0    0    0    0    0    1    2    0    1   20   20  241    0
     0]
 [   0    0    0    0    0    0    0    0    0    0    0    0    4  243
     0]
 [   0    0    0    0    0    0    3    0    0    0    0    0    0    0
   470]]---
Accuracy : 86.24%
---
class acc :
	Healthy grass: 82.05
	Stressed grass: 97.56
	Synthetic grass: 98.61
	Trees: 99.62
	Soil: 98.11
	Water: 95.80
	Residential: 92.16
	Commercial: 84.33
	Road: 79.98
	Highway: 67.18
	Railway: 72.01
	Parking Lot 1: 73.20
	Parking Lot 2: 84.56
	Tennis Court: 98.38
	Running Track: 99.37
---
AA: 88.20%
Kappa: 85.06
run 4 / 5
Best validation overall accuracy 0.98828125
Confusion matrix :
[[ 865   70    0  118    0    0    0    0    0    0    0    0    0    0
     0]
 [  15 1012    0   25    0    0    0   12    0    0    0    0    0    0
     0]
 [   0    0  502    0    0    0    3    0    0    0    0    0    0    0
     0]
 [   1    6    0 1048    0    0    1    0    0    0    0    0    0    0
     0]
 [   0    0    0    0 1029    0    0   12    0    0   15    0    0    0
     0]
 [   0    0    0    0    0  135    1    0    0    1    0    0    6    0
     0]
 [   0    0    0    0    0   20  987   40    8    0    0    0    0   17
     0]
 [   0    0    0    0   10    0   35  869   22   19   37   38    3   20
     0]
 [   0    0    0    0   21    0   55    3  855   60   56    7    2    0
     0]
 [   0    0    0    0    0    0    0   10    1  729  291    5    0    0
     0]
 [   0    0    0    0    0    0  123    0   43   49  837    0    2    0
     0]
 [   0    0    0    0    0    0   23   33   89   52   64  780    0    0
     0]
 [   0    0    0    0    0    0    1    0    0    2   20   12  250    0
     0]
 [   0    0    0    0    0    0    0    0    0    0    0    0    0  247
     0]
 [   0    1    0    0    0    0    4    7    0    0    0    0    3    0
   458]]---
Accuracy : 86.93%
---
class acc :
	Healthy grass: 82.15
	Stressed grass: 95.11
	Synthetic grass: 99.41
	Trees: 99.24
	Soil: 97.44
	Water: 94.41
	Residential: 92.07
	Commercial: 82.53
	Road: 80.74
	Highway: 70.37
	Railway: 79.41
	Parking Lot 1: 74.93
	Parking Lot 2: 87.72
	Tennis Court: 100.00
	Running Track: 96.83
---
AA: 88.82%
Kappa: 85.81
run 5 / 5
Best validation overall accuracy 0.984375
Confusion matrix :
[[ 864   79    0  110    0    0    0    0    0    0    0    0    0    0
     0]
 [   6 1014    0   20    0    0    3   21    0    0    0    0    0    0
     0]
 [   0    0  495    0    0    0   10    0    0    0    0    0    0    0
     0]
 [   1   19    0 1034    0    0    2    0    0    0    0    0    0    0
     0]
 [   0    0    0    0 1037    0    0    5    1    0   13    0    0    0
     0]
 [   0    0    0    0    0  136    0    6    0    1    0    0    0    0
     0]
 [   0    0    0    0    0   16 1015    3    6    0    0    0    0   32
     0]
 [   0    0    0    0   12    0   33  849   39   19   37   41    3   20
     0]
 [   0    0    0    0   20    0   62    4  856   62   42   11    2    0
     0]
 [   0    0    0    0    0    0    2   36    7  663  325    3    0    0
     0]
 [   0    0    0    0    0    0  118    1   33   36  847    1   15    3
     0]
 [   0    0    0    0    0    0   12   17   71   39   64  838    0    0
     0]
 [   0    0    0    0    0    0    1    0    0    4   20   20  240    0
     0]
 [   0    0    0    0    0    0    0    0    0    0    0    0    0  247
     0]
 [   0    0    0    0    0    0   24    0    0    0    0    0    0    0
   449]]---
Accuracy : 86.78%
---
class acc :
	Healthy grass: 82.05
	Stressed grass: 95.30
	Synthetic grass: 98.02
	Trees: 97.92
	Soil: 98.20
	Water: 95.10
	Residential: 94.68
	Commercial: 80.63
	Road: 80.83
	Highway: 64.00
	Railway: 80.36
	Parking Lot 1: 80.50
	Parking Lot 2: 84.21
	Tennis Court: 100.00
	Running Track: 94.93
---
AA: 88.45%
Kappa: 85.64
Agregated results :
Confusion matrix :
[[8.6560e+02 8.0200e+01 0.0000e+00 1.0720e+02 0.0000e+00 0.0000e+00
  0.0000e+00 0.0000e+00 0.0000e+00 0.0000e+00 0.0000e+00 0.0000e+00
  0.0000e+00 0.0000e+00 0.0000e+00]
 [9.0000e+00 1.0220e+03 0.0000e+00 1.5600e+01 0.0000e+00 0.0000e+00
  9.2000e+00 8.2000e+00 0.0000e+00 0.0000e+00 0.0000e+00 0.0000e+00
  0.0000e+00 0.0000e+00 0.0000e+00]
 [0.0000e+00 0.0000e+00 5.0020e+02 0.0000e+00 0.0000e+00 0.0000e+00
  4.8000e+00 0.0000e+00 0.0000e+00 0.0000e+00 0.0000e+00 0.0000e+00
  0.0000e+00 0.0000e+00 0.0000e+00]
 [1.0000e+00 1.0000e+01 0.0000e+00 1.0424e+03 0.0000e+00 4.0000e-01
  1.6000e+00 0.0000e+00 6.0000e-01 0.0000e+00 0.0000e+00 0.0000e+00
  0.0000e+00 0.0000e+00 0.0000e+00]
 [0.0000e+00 0.0000e+00 0.0000e+00 0.0000e+00 1.0372e+03 0.0000e+00
  0.0000e+00 6.8000e+00 4.0000e-01 4.0000e-01 1.1200e+01 0.0000e+00
  0.0000e+00 0.0000e+00 0.0000e+00]
 [0.0000e+00 0.0000e+00 0.0000e+00 0.0000e+00 0.0000e+00 1.3640e+02
  2.0000e-01 1.2000e+00 0.0000e+00 4.0000e-01 0.0000e+00 0.0000e+00
  4.8000e+00 0.0000e+00 0.0000e+00]
 [0.0000e+00 0.0000e+00 0.0000e+00 0.0000e+00 0.0000e+00 2.4400e+01
  9.9020e+02 2.7200e+01 7.2000e+00 0.0000e+00 0.0000e+00 4.0000e-01
  8.0000e-01 2.1800e+01 0.0000e+00]
 [0.0000e+00 0.0000e+00 6.6000e+00 0.0000e+00 9.4000e+00 0.0000e+00
  3.2400e+01 8.6460e+02 2.4200e+01 1.8600e+01 3.7800e+01 3.7400e+01
  2.6000e+00 1.8800e+01 6.0000e-01]
 [0.0000e+00 0.0000e+00 0.0000e+00 0.0000e+00 1.8800e+01 4.0000e-01
  5.4000e+01 6.6000e+00 8.5660e+02 5.4200e+01 5.2600e+01 1.3000e+01
  2.8000e+00 0.0000e+00 0.0000e+00]
 [0.0000e+00 0.0000e+00 0.0000e+00 0.0000e+00 0.0000e+00 0.0000e+00
  4.0000e-01 2.6400e+01 4.8000e+00 6.8320e+02 3.1840e+02 2.8000e+00
  0.0000e+00 0.0000e+00 0.0000e+00]
 [0.0000e+00 0.0000e+00 0.0000e+00 0.0000e+00 4.0000e-01 0.0000e+00
  1.1580e+02 2.2000e+00 4.5000e+01 5.2000e+01 8.2700e+02 1.0000e+00
  9.0000e+00 1.6000e+00 0.0000e+00]
 [0.0000e+00 0.0000e+00 0.0000e+00 0.0000e+00 0.0000e+00 0.0000e+00
  1.8200e+01 2.4600e+01 7.4600e+01 5.1800e+01 6.3200e+01 8.0840e+02
  2.0000e-01 0.0000e+00 0.0000e+00]
 [0.0000e+00 0.0000e+00 0.0000e+00 0.0000e+00 0.0000e+00 0.0000e+00
  8.0000e-01 4.0000e-01 0.0000e+00 1.6000e+00 2.0000e+01 1.6600e+01
  2.4560e+02 0.0000e+00 0.0000e+00]
 [0.0000e+00 0.0000e+00 0.0000e+00 0.0000e+00 0.0000e+00 0.0000e+00
  0.0000e+00 0.0000e+00 0.0000e+00 0.0000e+00 0.0000e+00 0.0000e+00
  1.4000e+00 2.4560e+02 0.0000e+00]
 [0.0000e+00 4.0000e-01 0.0000e+00 0.0000e+00 0.0000e+00 0.0000e+00
  8.6000e+00 1.4000e+00 0.0000e+00 0.0000e+00 0.0000e+00 0.0000e+00
  6.0000e-01 2.0000e-01 4.6180e+02]]---
Accuracy: 86.80 +- 0.42
---
class acc :
	Healthy grass: 82.20 +- 0.18
	Stressed grass: 96.05 +- 0.87
	Synthetic grass: 99.05 +- 0.63
	Trees: 98.71 +- 0.95
	Soil: 98.22 +- 0.46
	Water: 95.38 +- 0.56
	Residential: 92.37 +- 1.24
	Commercial: 82.11 +- 1.72
	Road: 80.89 +- 0.63
	Highway: 65.95 +- 2.66
	Railway: 78.46 +- 3.63
	Parking Lot 1: 77.66 +- 3.00
	Parking Lot 2: 86.18 +- 1.58
	Tennis Court: 99.43 +- 0.71
	Running Track: 97.63 +- 1.63
---
AA: 88.69 +- 0.43
Kappa: 85.67 +- 0.45
