run 1 / 5
Best validation overall accuracy 0.93359375
Confusion matrix :
[[1176    0    0   24    0    0    0    1    0    0    0    0    0    0
     0]
 [  57 1147    0    0    0    0    0    0    0    0    0    0    0    0
     0]
 [   0    0  665    0    0    0    0    0    0    0    0    0    0    0
     4]
 [   0    0    0 1193    0    0    0    0    1    0    0    0    0    0
     0]
 [   0    0    0    0 1191    0    0    0    1    0    0    0    0    0
     0]
 [   0    0    0    0    0  262   40    0    0    0    0    0   10    0
     0]
 [   1    0    0    0    6    0 1179    1    1    0    4    1    0   24
     0]
 [   0    0    0    0   42    0    2  957    2    7    0   93   12   62
    17]
 [   0    0    0    0   19    0   32   11 1060   25   47    8    0    0
     0]
 [   0    0    0    0    0    0    0    0   11 1145   21    0    1    0
     0]
 [   0    0    0    0    1    0    2   14   28   47 1058    0   20   16
     0]
 [   0    0    0    0   21    0    9   12   12   85   13 1032    0    0
     0]
 [   0    0    0    0    0    0   11    0    0    0    6    0  432    1
     0]
 [   0    0    0    0    0    0    0    0    0    0    0    0    0  411
     0]
 [   0    0    0    0    0    0    0    0    0    0    0    0    0    0
   634]]---
Accuracy : 93.86%
---
class acc :
	Healthy grass: 97.92
	Stressed grass: 95.27
	Synthetic grass: 99.40
	Trees: 99.92
	Soil: 99.92
	Water: 83.97
	Residential: 96.88
	Commercial: 80.15
	Road: 88.19
	Highway: 97.20
	Railway: 89.21
	Parking Lot 1: 87.16
	Parking Lot 2: 96.00
	Tennis Court: 100.00
	Running Track: 100.00
---
AA: 94.08%
Kappa: 93.36
run 2 / 5
Best validation overall accuracy 0.96484375
Confusion matrix :
[[1198    2    0    0    0    0    0    1    0    0    0    0    0    0
     0]
 [ 146 1046    0   12    0    0    0    0    0    0    0    0    0    0
     0]
 [   0    0  668    0    0    0    0    0    0    0    0    0    0    0
     1]
 [  89    2    0 1073    0    0    9    0   16    0    5    0    0    0
     0]
 [   0    0    0    0 1177    0    0   15    0    0    0    0    0    0
     0]
 [   1    0    0    0    0  298   10    0    0    0    2    0    1    0
     0]
 [   0    0    0    1    0    9 1166   29    8    0    0    4    0    0
     0]
 [   0   34   18    0    4    0    0 1026   17    4    3   78    0    5
     5]
 [   0    0    0    0    0    0   42   15 1007   47   39   51    0    1
     0]
 [   0    0    0    0    0    0    0    0   67 1109    1    1    0    0
     0]
 [   0    0    0    0    0    0   16    0    7   47 1104    0   12    0
     0]
 [   0    0    0    0    0    0    7    5    7    0    0 1155   10    0
     0]
 [   0    0    0    0    0   10    0    5    0   19    1    0  415    0
     0]
 [   0    0    0    0    0    0    0    0    0    0    0    0    0  411
     0]
 [   0    0    0    0    0    0    0    0    0    0    0    0    0    0
   634]]---
Accuracy : 93.48%
---
class acc :
	Healthy grass: 99.75
	Stressed grass: 86.88
	Synthetic grass: 99.85
	Trees: 89.87
	Soil: 98.74
	Water: 95.51
	Residential: 95.81
	Commercial: 85.93
	Road: 83.78
	Highway: 94.14
	Railway: 93.09
	Parking Lot 1: 97.55
	Parking Lot 2: 92.22
	Tennis Court: 100.00
	Running Track: 100.00
---
AA: 94.21%
Kappa: 92.95
run 3 / 5
Best validation overall accuracy 0.97265625
Confusion matrix :
[[1095   63    0   43    0    0    0    0    0    0    0    0    0    0
     0]
 [  17 1178    0    0    0    0    3    0    6    0    0    0    0    0
     0]
 [   0    0  668    0    0    0    0    0    0    0    0    0    0    0
     1]
 [   1    1    0 1177    0    0    1    0    8    0    6    0    0    0
     0]
 [   0    0    0    0 1191    0    1    0    0    0    0    0    0    0
     0]
 [   1    0    0    8    0  225   49    4    2    0   17    0    6    0
     0]
 [   0    0   16    0    0    0 1102    2   10    0   29    0    0   58
     0]
 [   1    0   26    1   22    3    9  940    2    0   12   87   31   41
    19]
 [   0    0    0    0    0    0   26    1 1096   21   46   12    0    0
     0]
 [   0    0    0    0    0    0    0    0    4 1152   18    4    0    0
     0]
 [   0    0    0    0    0    0   11    3   30   31 1070    0   11   30
     0]
 [   0    0    0    0    0    0   59   33   13    0    2 1066   11    0
     0]
 [   0    0    0    0    0    0    4    0    0   10   10   12  414    0
     0]
 [   0    0    0    0    0    0    1    0    0    0    2    0    0  408
     0]
 [   0    0    8    0    0    0    4    0    0    0    0    0    0    0
   622]]---
Accuracy : 92.90%
---
class acc :
	Healthy grass: 91.17
	Stressed grass: 97.84
	Synthetic grass: 99.85
	Trees: 98.58
	Soil: 99.92
	Water: 72.12
	Residential: 90.55
	Commercial: 78.73
	Road: 91.18
	Highway: 97.79
	Railway: 90.22
	Parking Lot 1: 90.03
	Parking Lot 2: 92.00
	Tennis Court: 99.27
	Running Track: 98.11
---
AA: 92.49%
Kappa: 92.33
run 4 / 5
Best validation overall accuracy 0.90625
Confusion matrix :
[[1177   10    0   14    0    0    0    0    0    0    0    0    0    0
     0]
 [   3 1201    0    0    0    0    0    0    0    0    0    0    0    0
     0]
 [   0    0  662    0    0    0    0    0    0    0    0    0    0    0
     7]
 [   0    0    0 1182    0    0    3    0    9    0    0    0    0    0
     0]
 [   0    0    0    0 1175    0    5    0    3    0    9    0    0    0
     0]
 [   6    0    0    1    0  224   68    1    2    0    5    0    5    0
     0]
 [   0    0    0    0    0    0 1156    0   21    0   20    0    6   14
     0]
 [   0    0    0    0    0    0   38  991   33    0    4   49   71    0
     8]
 [   0    0    0    0    5    0   12    2 1083   25   70    5    0    0
     0]
 [   0    0    0    0    0    0    0    0   42 1117   19    0    0    0
     0]
 [   0    0    0    0   18    0    7    7   36    3 1091    0   24    0
     0]
 [   0    0    0    0    0    0   10   43   92   13    2 1024    0    0
     0]
 [   0    0    0    0    0    0    8    5    9    1    0    3  424    0
     0]
 [   0    0    0    0    0    0    1    7    0    0    0    0    0  403
     0]
 [   0    0    0    0    0    0    0    0    0    0    0    0    0    0
   634]]---
Accuracy : 93.87%
---
class acc :
	Healthy grass: 98.00
	Stressed grass: 99.75
	Synthetic grass: 98.95
	Trees: 98.99
	Soil: 98.57
	Water: 71.79
	Residential: 94.99
	Commercial: 83.00
	Road: 90.10
	Highway: 94.82
	Railway: 91.99
	Parking Lot 1: 86.49
	Parking Lot 2: 94.22
	Tennis Court: 98.05
	Running Track: 100.00
---
AA: 93.32%
Kappa: 93.38
run 5 / 5
Best validation overall accuracy 0.953125
Confusion matrix :
[[1145   27    0   29    0    0    0    0    0    0    0    0    0    0
     0]
 [   5 1187    0    1    0    0   10    0    1    0    0    0    0    0
     0]
 [   0    0  657    0    0    0    0    0    0    0    0    0    0    0
    12]
 [   1    5    0 1185    0    0    0    0    2    0    1    0    0    0
     0]
 [   0    0    0    0 1180    0    0   11    0    0    1    0    0    0
     0]
 [   0    0    0    0    0  256   56    0    0    0    0    0    0    0
     0]
 [   0    0    0    1    0    0 1080    0   24    0   24    8    4   76
     0]
 [   0   22    0    0   14    1    7  946   10    0   22  130   10    3
    29]
 [   0    0    0    0   21    0    6   14 1032   20   81   28    0    0
     0]
 [   0    0    0    0    0    0    0    0   11 1131   36    0    0    0
     0]
 [   0    0    0    0    2    0    9    2    0    0 1155    0   18    0
     0]
 [   0    0    0    0    1    0   19   25   69    5    5 1053    7    0
     0]
 [   0    0    0    0    0    0    0    5    0    0    1    1  443    0
     0]
 [   0    0    0    0    0    0    0    0    0    0    0    0    0  411
     0]
 [   0    0    0    0    0    0    0    0    0    0    0    0    0    0
   634]]---
Accuracy : 93.53%
---
class acc :
	Healthy grass: 95.34
	Stressed grass: 98.59
	Synthetic grass: 98.21
	Trees: 99.25
	Soil: 98.99
	Water: 82.05
	Residential: 88.74
	Commercial: 79.23
	Road: 85.86
	Highway: 96.01
	Railway: 97.39
	Parking Lot 1: 88.94
	Parking Lot 2: 98.44
	Tennis Court: 100.00
	Running Track: 100.00
---
AA: 93.80%
Kappa: 93.01
Agregated results :
Confusion matrix :
[[1.1582e+03 2.0400e+01 0.0000e+00 2.2000e+01 0.0000e+00 0.0000e+00
  0.0000e+00 4.0000e-01 0.0000e+00 0.0000e+00 0.0000e+00 0.0000e+00
  0.0000e+00 0.0000e+00 0.0000e+00]
 [4.5600e+01 1.1518e+03 0.0000e+00 2.6000e+00 0.0000e+00 0.0000e+00
  2.6000e+00 0.0000e+00 1.4000e+00 0.0000e+00 0.0000e+00 0.0000e+00
  0.0000e+00 0.0000e+00 0.0000e+00]
 [0.0000e+00 0.0000e+00 6.6400e+02 0.0000e+00 0.0000e+00 0.0000e+00
  0.0000e+00 0.0000e+00 0.0000e+00 0.0000e+00 0.0000e+00 0.0000e+00
  0.0000e+00 0.0000e+00 5.0000e+00]
 [1.8200e+01 1.6000e+00 0.0000e+00 1.1620e+03 0.0000e+00 0.0000e+00
  2.6000e+00 0.0000e+00 7.2000e+00 0.0000e+00 2.4000e+00 0.0000e+00
  0.0000e+00 0.0000e+00 0.0000e+00]
 [0.0000e+00 0.0000e+00 0.0000e+00 0.0000e+00 1.1828e+03 0.0000e+00
  1.2000e+00 5.2000e+00 8.0000e-01 0.0000e+00 2.0000e+00 0.0000e+00
  0.0000e+00 0.0000e+00 0.0000e+00]
 [1.6000e+00 0.0000e+00 0.0000e+00 1.8000e+00 0.0000e+00 2.5300e+02
  4.4600e+01 1.0000e+00 8.0000e-01 0.0000e+00 4.8000e+00 0.0000e+00
  4.4000e+00 0.0000e+00 0.0000e+00]
 [2.0000e-01 0.0000e+00 3.2000e+00 4.0000e-01 1.2000e+00 1.8000e+00
  1.1366e+03 6.4000e+00 1.2800e+01 0.0000e+00 1.5400e+01 2.6000e+00
  2.0000e+00 3.4400e+01 0.0000e+00]
 [2.0000e-01 1.1200e+01 8.8000e+00 2.0000e-01 1.6400e+01 8.0000e-01
  1.1200e+01 9.7200e+02 1.2800e+01 2.2000e+00 8.2000e+00 8.7400e+01
  2.4800e+01 2.2200e+01 1.5600e+01]
 [0.0000e+00 0.0000e+00 0.0000e+00 0.0000e+00 9.0000e+00 0.0000e+00
  2.3600e+01 8.6000e+00 1.0556e+03 2.7600e+01 5.6600e+01 2.0800e+01
  0.0000e+00 2.0000e-01 0.0000e+00]
 [0.0000e+00 0.0000e+00 0.0000e+00 0.0000e+00 0.0000e+00 0.0000e+00
  0.0000e+00 0.0000e+00 2.7000e+01 1.1308e+03 1.9000e+01 1.0000e+00
  2.0000e-01 0.0000e+00 0.0000e+00]
 [0.0000e+00 0.0000e+00 0.0000e+00 0.0000e+00 4.2000e+00 0.0000e+00
  9.0000e+00 5.2000e+00 2.0200e+01 2.5600e+01 1.0956e+03 0.0000e+00
  1.7000e+01 9.2000e+00 0.0000e+00]
 [0.0000e+00 0.0000e+00 0.0000e+00 0.0000e+00 4.4000e+00 0.0000e+00
  2.0800e+01 2.3600e+01 3.8600e+01 2.0600e+01 4.4000e+00 1.0660e+03
  5.6000e+00 0.0000e+00 0.0000e+00]
 [0.0000e+00 0.0000e+00 0.0000e+00 0.0000e+00 0.0000e+00 2.0000e+00
  4.6000e+00 3.0000e+00 1.8000e+00 6.0000e+00 3.6000e+00 3.2000e+00
  4.2560e+02 2.0000e-01 0.0000e+00]
 [0.0000e+00 0.0000e+00 0.0000e+00 0.0000e+00 0.0000e+00 0.0000e+00
  4.0000e-01 1.4000e+00 0.0000e+00 0.0000e+00 4.0000e-01 0.0000e+00
  0.0000e+00 4.0880e+02 0.0000e+00]
 [0.0000e+00 0.0000e+00 1.6000e+00 0.0000e+00 0.0000e+00 0.0000e+00
  8.0000e-01 0.0000e+00 0.0000e+00 0.0000e+00 0.0000e+00 0.0000e+00
  0.0000e+00 0.0000e+00 6.3160e+02]]---
Accuracy: 93.53 +- 0.35
---
class acc :
	Healthy grass: 96.44 +- 2.98
	Stressed grass: 95.66 +- 4.63
	Synthetic grass: 99.25 +- 0.62
	Trees: 97.32 +- 3.75
	Soil: 99.23 +- 0.58
	Water: 81.09 +- 8.77
	Residential: 93.39 +- 3.17
	Commercial: 81.41 +- 2.70
	Road: 87.82 +- 2.71
	Highway: 95.99 +- 1.38
	Railway: 92.38 +- 2.84
	Parking Lot 1: 90.03 +- 3.96
	Parking Lot 2: 94.58 +- 2.42
	Tennis Court: 99.46 +- 0.76
	Running Track: 99.62 +- 0.76
---
AA: 93.58 +- 0.62
Kappa: 93.01 +- 0.38
