run 1 / 5
Best validation overall accuracy 0.9772727272727273
Confusion matrix :
[[1031   72    0   23    0    0    0    0    0    0    0    0    0    0
     0]
 [   3 1126    0    0    0    0    0    0    0    0    0    0    0    0
     0]
 [   0    0  627    0    0    0    0    0    0    0    0    0    0    0
     0]
 [  12    1    0 1105    0    0    1    0    1    0    0    0    0    0
     0]
 [   0    0    0    0 1117    0    0    0    1    0    0    0    0    0
     0]
 [   0    0    0    0    0  292    0    0    0    0    0    0    0    0
     0]
 [   0    0    4    0    8    4 1102   21    1    0    0    1    0    0
     0]
 [   0    0    0    0    1    0   10 1008   18   21   33   15    5    0
     9]
 [   0    0    0    0    0    0   15   10 1028   30   25   19    0    0
     0]
 [   0    0    0    0    0    0    0    0    7 1070   16   11    0    0
     0]
 [   0    0    0    0    0    0    0    4    0    0 1106    0    2    0
     0]
 [   0    0    0    0    0    0    7   18    3    4    0 1078    0    0
     0]
 [   0    0    0    0    0    0    1    0    0    0    6    4  411    0
     0]
 [   0    0    0    0    0    0    0    0    0    0    0    0    0  385
     0]
 [   0    0    0    0    0    0    0    0    0    0    0    0    0    0
   594]]---
Accuracy : 96.70%
---
class acc :
	Healthy grass: 91.56
	Stressed grass: 99.73
	Synthetic grass: 100.00
	Trees: 98.66
	Soil: 99.91
	Water: 100.00
	Residential: 96.58
	Commercial: 90.00
	Road: 91.22
	Highway: 96.92
	Railway: 99.46
	Parking Lot 1: 97.12
	Parking Lot 2: 97.39
	Tennis Court: 100.00
	Running Track: 100.00
---
AA: 97.24%
Kappa: 96.43
run 2 / 5
Best validation overall accuracy 0.9630681818181818
Confusion matrix :
[[1056   52    0   18    0    0    0    0    0    0    0    0    0    0
     0]
 [   1 1128    0    0    0    0    0    0    0    0    0    0    0    0
     0]
 [   0    0  627    0    0    0    0    0    0    0    0    0    0    0
     0]
 [   2    1    0 1117    0    0    0    0    0    0    0    0    0    0
     0]
 [   0    0    0    0 1116    0    2    0    0    0    0    0    0    0
     0]
 [   1    0    0    0    0  272   16    0    3    0    0    0    0    0
     0]
 [   0    0    0    0    0    0 1105   13    5    0    2    5    0   11
     0]
 [   0    0    0    0    3    0    3 1056    4    2    7   44    0    0
     1]
 [   0    1    0    0   19    0    0    2  994   50   31   30    0    0
     0]
 [   0    0    0    0    0    0    0    0   69 1024    5    6    0    0
     0]
 [   0    0    0    0    0    0    0   10    0   34 1067    0    1    0
     0]
 [   0    0    0    0    0    0   33    5    3    0    0 1069    0    0
     0]
 [   0    0    0    0    0    0    0    0    0    1   23    0  398    0
     0]
 [   0    0    0    0    0    0    0    0    0    0    0    0    0  385
     0]
 [   0    0    0    0    0    0    0    0    0    0    0    0    0    0
   594]]---
Accuracy : 96.16%
---
class acc :
	Healthy grass: 93.78
	Stressed grass: 99.91
	Synthetic grass: 100.00
	Trees: 99.73
	Soil: 99.82
	Water: 93.15
	Residential: 96.84
	Commercial: 94.29
	Road: 88.20
	Highway: 92.75
	Railway: 95.95
	Parking Lot 1: 96.31
	Parking Lot 2: 94.31
	Tennis Court: 100.00
	Running Track: 100.00
---
AA: 96.34%
Kappa: 95.85
run 3 / 5
Best validation overall accuracy 0.9730113636363636
Confusion matrix :
[[1051   46    0   29    0    0    0    0    0    0    0    0    0    0
     0]
 [   2 1127    0    0    0    0    0    0    0    0    0    0    0    0
     0]
 [   0    0  627    0    0    0    0    0    0    0    0    0    0    0
     0]
 [   6    0    0 1113    0    0    1    0    0    0    0    0    0    0
     0]
 [   0    0    0    0 1118    0    0    0    0    0    0    0    0    0
     0]
 [   0    0    0    0    0  257   29    0    6    0    0    0    0    0
     0]
 [   0    2    0    0    0    0 1122    0   14    0    1    2    0    0
     0]
 [   0    0    0    0    5    0    3 1007    3    0    0   74    0    0
    28]
 [   0    0    0    0   18    0    0    0 1037   34   28   10    0    0
     0]
 [   0    0    0    0    0    0    0    0    2 1095    7    0    0    0
     0]
 [   0    0    0    0    0    0    4    0    0   15 1093    0    0    0
     0]
 [   0    0    0    0    0    0   26    0    2    1    0 1079    2    0
     0]
 [   0    0    0    0    0    0    0    0    0    2   17    0  403    0
     0]
 [   0    0    0    0    0    0    0    0    0    0    0    0    0  385
     0]
 [   0    0    0    0    0    0    0    0    0    0    0    0    0    0
   594]]---
Accuracy : 96.90%
---
class acc :
	Healthy grass: 93.34
	Stressed grass: 99.82
	Synthetic grass: 100.00
	Trees: 99.38
	Soil: 100.00
	Water: 88.01
	Residential: 98.33
	Commercial: 89.91
	Road: 92.01
	Highway: 99.18
	Railway: 98.29
	Parking Lot 1: 97.21
	Parking Lot 2: 95.50
	Tennis Court: 100.00
	Running Track: 100.00
---
AA: 96.73%
Kappa: 96.65
run 4 / 5
Best validation overall accuracy 0.9673295454545454
Confusion matrix :
[[1088    5    0   33    0    0    0    0    0    0    0    0    0    0
     0]
 [   4 1125    0    0    0    0    0    0    0    0    0    0    0    0
     0]
 [   0    0  627    0    0    0    0    0    0    0    0    0    0    0
     0]
 [  15    0    0 1105    0    0    0    0    0    0    0    0    0    0
     0]
 [   0    0    0    0 1116    0    0    0    0    0    1    1    0    0
     0]
 [   0    0    0    0    0  251   33    1    7    0    0    0    0    0
     0]
 [   0    0    0    0    0    0 1111   17    5    0    0    8    0    0
     0]
 [   0    0    0    0    4    0    9 1034    3    0    2   43    4   13
     8]
 [   0    0    0    0    2    0    3    0  999   52   54   17    0    0
     0]
 [   0    0    0    0    0    0    0    0   58 1037    7    2    0    0
     0]
 [   0    0    0    0    0    0    0    0   11    0 1101    0    0    0
     0]
 [   0    0    0    0    0    0   22    2   16    4    0 1066    0    0
     0]
 [   0    0    0    0    0    0    1    0    0    7   22    1  391    0
     0]
 [   0    0    0    0    0    0    1    1    0    0    0    0    0  383
     0]
 [   0    0    0    0    0    0    0    0    0    0    0    0    0    0
   594]]---
Accuracy : 96.31%
---
class acc :
	Healthy grass: 96.63
	Stressed grass: 99.65
	Synthetic grass: 100.00
	Trees: 98.66
	Soil: 99.82
	Water: 85.96
	Residential: 97.37
	Commercial: 92.32
	Road: 88.64
	Highway: 93.93
	Railway: 99.01
	Parking Lot 1: 96.04
	Parking Lot 2: 92.65
	Tennis Court: 99.48
	Running Track: 100.00
---
AA: 96.01%
Kappa: 96.01
run 5 / 5
Best validation overall accuracy 0.9744318181818182
Confusion matrix :
[[1080   23    0   23    0    0    0    0    0    0    0    0    0    0
     0]
 [   2 1127    0    0    0    0    0    0    0    0    0    0    0    0
     0]
 [   0    0  625    0    0    0    0    0    0    0    0    0    0    0
     2]
 [  14    0    0 1106    0    0    0    0    0    0    0    0    0    0
     0]
 [   0    0    0    0 1116    0    0    0    2    0    0    0    0    0
     0]
 [   0    7    0    0    0  277    5    0    3    0    0    0    0    0
     0]
 [   0    0    0    0    2    1 1114    6   14    0    1    3    0    0
     0]
 [   0   10    0    0    0    0   26  977    0    2   18   37   23    7
    20]
 [   0    0    0    0    0    2    1    4 1029   36   32   23    0    0
     0]
 [   0    0    0    0    0    0    0    0    1 1064   12   14   13    0
     0]
 [   0    0    0    0    0    0    0    0    6    0 1098    1    7    0
     0]
 [   0    0    0    0    0    0   29    2    5    0    0 1074    0    0
     0]
 [   0    0    0    0    0    0    0    0    0    0    0   10  412    0
     0]
 [   0    0    0    0    0    0    0    0    0    0    0    0    0  385
     0]
 [   0    0    0    0    0    0    0    0    0    0    0    0    0    0
   594]]---
Accuracy : 96.68%
---
class acc :
	Healthy grass: 95.91
	Stressed grass: 99.82
	Synthetic grass: 99.68
	Trees: 98.75
	Soil: 99.82
	Water: 94.86
	Residential: 97.63
	Commercial: 87.23
	Road: 91.30
	Highway: 96.38
	Railway: 98.74
	Parking Lot 1: 96.76
	Parking Lot 2: 97.63
	Tennis Court: 100.00
	Running Track: 100.00
---
AA: 96.97%
Kappa: 96.41
Agregated results :
Confusion matrix :
[[1.0612e+03 3.9600e+01 0.0000e+00 2.5200e+01 0.0000e+00 0.0000e+00
  0.0000e+00 0.0000e+00 0.0000e+00 0.0000e+00 0.0000e+00 0.0000e+00
  0.0000e+00 0.0000e+00 0.0000e+00]
 [2.4000e+00 1.1266e+03 0.0000e+00 0.0000e+00 0.0000e+00 0.0000e+00
  0.0000e+00 0.0000e+00 0.0000e+00 0.0000e+00 0.0000e+00 0.0000e+00
  0.0000e+00 0.0000e+00 0.0000e+00]
 [0.0000e+00 0.0000e+00 6.2660e+02 0.0000e+00 0.0000e+00 0.0000e+00
  0.0000e+00 0.0000e+00 0.0000e+00 0.0000e+00 0.0000e+00 0.0000e+00
  0.0000e+00 0.0000e+00 4.0000e-01]
 [9.8000e+00 4.0000e-01 0.0000e+00 1.1092e+03 0.0000e+00 0.0000e+00
  4.0000e-01 0.0000e+00 2.0000e-01 0.0000e+00 0.0000e+00 0.0000e+00
  0.0000e+00 0.0000e+00 0.0000e+00]
 [0.0000e+00 0.0000e+00 0.0000e+00 0.0000e+00 1.1166e+03 0.0000e+00
  4.0000e-01 0.0000e+00 6.0000e-01 0.0000e+00 2.0000e-01 2.0000e-01
  0.0000e+00 0.0000e+00 0.0000e+00]
 [2.0000e-01 1.4000e+00 0.0000e+00 0.0000e+00 0.0000e+00 2.6980e+02
  1.6600e+01 2.0000e-01 3.8000e+00 0.0000e+00 0.0000e+00 0.0000e+00
  0.0000e+00 0.0000e+00 0.0000e+00]
 [0.0000e+00 4.0000e-01 8.0000e-01 0.0000e+00 2.0000e+00 1.0000e+00
  1.1108e+03 1.1400e+01 7.8000e+00 0.0000e+00 8.0000e-01 3.8000e+00
  0.0000e+00 2.2000e+00 0.0000e+00]
 [0.0000e+00 2.0000e+00 0.0000e+00 0.0000e+00 2.6000e+00 0.0000e+00
  1.0200e+01 1.0164e+03 5.6000e+00 5.0000e+00 1.2000e+01 4.2600e+01
  6.4000e+00 4.0000e+00 1.3200e+01]
 [0.0000e+00 2.0000e-01 0.0000e+00 0.0000e+00 7.8000e+00 4.0000e-01
  3.8000e+00 3.2000e+00 1.0174e+03 4.0400e+01 3.4000e+01 1.9800e+01
  0.0000e+00 0.0000e+00 0.0000e+00]
 [0.0000e+00 0.0000e+00 0.0000e+00 0.0000e+00 0.0000e+00 0.0000e+00
  0.0000e+00 0.0000e+00 2.7400e+01 1.0580e+03 9.4000e+00 6.6000e+00
  2.6000e+00 0.0000e+00 0.0000e+00]
 [0.0000e+00 0.0000e+00 0.0000e+00 0.0000e+00 0.0000e+00 0.0000e+00
  8.0000e-01 2.8000e+00 3.4000e+00 9.8000e+00 1.0930e+03 2.0000e-01
  2.0000e+00 0.0000e+00 0.0000e+00]
 [0.0000e+00 0.0000e+00 0.0000e+00 0.0000e+00 0.0000e+00 0.0000e+00
  2.3400e+01 5.4000e+00 5.8000e+00 1.8000e+00 0.0000e+00 1.0732e+03
  4.0000e-01 0.0000e+00 0.0000e+00]
 [0.0000e+00 0.0000e+00 0.0000e+00 0.0000e+00 0.0000e+00 0.0000e+00
  4.0000e-01 0.0000e+00 0.0000e+00 2.0000e+00 1.3600e+01 3.0000e+00
  4.0300e+02 0.0000e+00 0.0000e+00]
 [0.0000e+00 0.0000e+00 0.0000e+00 0.0000e+00 0.0000e+00 0.0000e+00
  2.0000e-01 2.0000e-01 0.0000e+00 0.0000e+00 0.0000e+00 0.0000e+00
  0.0000e+00 3.8460e+02 0.0000e+00]
 [0.0000e+00 0.0000e+00 0.0000e+00 0.0000e+00 0.0000e+00 0.0000e+00
  0.0000e+00 0.0000e+00 0.0000e+00 0.0000e+00 0.0000e+00 0.0000e+00
  0.0000e+00 0.0000e+00 5.9400e+02]]---
Accuracy: 96.55 +- 0.27
---
class acc :
	Healthy grass: 94.25 +- 1.83
	Stressed grass: 99.79 +- 0.09
	Synthetic grass: 99.94 +- 0.13
	Trees: 99.04 +- 0.44
	Soil: 99.87 +- 0.07
	Water: 92.40 +- 5.00
	Residential: 97.35 +- 0.62
	Commercial: 90.75 +- 2.39
	Road: 90.28 +- 1.55
	Highway: 95.83 +- 2.27
	Railway: 98.29 +- 1.23
	Parking Lot 1: 96.68 +- 0.45
	Parking Lot 2: 95.50 +- 1.88
	Tennis Court: 99.90 +- 0.21
	Running Track: 100.00 +- 0.00
---
AA: 96.66 +- 0.44
Kappa: 96.27 +- 0.29
