run 1 / 5
Best validation overall accuracy 0.9864130434782609
Confusion matrix :
[[ 975    6    0   20    0    0    0    0    0    0    0    0    0    0
     0]
 [   0 1003    0    0    0    0    0    0    0    0    0    0    0    0
     0]
 [   0    0  558    0    0    0    0    0    0    0    0    0    0    0
     0]
 [  13    0    0  982    0    0    0    0    0    0    0    0    0    0
     0]
 [   0    0    0    0  994    0    0    0    0    0    0    0    0    0
     0]
 [   0    0    0    0    0  260    0    0    0    0    0    0    0    0
     0]
 [   0    0    0    0    0    0 1007    3    0    0    0    5    0    0
     0]
 [   0    0    0    0    4    0    6  923    0   17    0   26    0   19
     0]
 [   0    0    0    0    0    2    5    0  958   18   19    0    0    0
     0]
 [   0    0    0    0    0    0    0    0    3  978    1    0    0    0
     0]
 [   0    0    0    0    1    0    3    0    0    0  984    0    0    0
     0]
 [   0    0    0    0    0    0    9    0    2    0    0  975    0    0
     0]
 [   0    0    0    0    0    0    0    0    0    1   18    0  356    0
     0]
 [   0    0    0    0    0    0    0    0    0    0    0    0    0  342
     0]
 [   0    0    0    0    0    0    0    0    0    0    0    0    0    0
   528]]---
Accuracy : 98.33%
---
class acc :
	Healthy grass: 97.40
	Stressed grass: 100.00
	Synthetic grass: 100.00
	Trees: 98.69
	Soil: 100.00
	Water: 100.00
	Residential: 99.21
	Commercial: 92.76
	Road: 95.61
	Highway: 99.59
	Railway: 99.60
	Parking Lot 1: 98.88
	Parking Lot 2: 94.93
	Tennis Court: 100.00
	Running Track: 100.00
---
AA: 98.45%
Kappa: 98.19
run 2 / 5
Best validation overall accuracy 0.9748641304347826
Confusion matrix :
[[ 953   28    0   20    0    0    0    0    0    0    0    0    0    0
     0]
 [   1 1002    0    0    0    0    0    0    0    0    0    0    0    0
     0]
 [   0    0  558    0    0    0    0    0    0    0    0    0    0    0
     0]
 [  17    1    0  977    0    0    0    0    0    0    0    0    0    0
     0]
 [   0    0    0    0  988    0    0    6    0    0    0    0    0    0
     0]
 [   0    0    0    0    0  232   28    0    0    0    0    0    0    0
     0]
 [   0    0    0    0    0    4  984    1   19    0    3    4    0    0
     0]
 [   0    0    0    0    0    0    0  927    0    0    2   44    0    2
    20]
 [   0    0    0    0    0    0    0    4  967   28    3    0    0    0
     0]
 [   0    0    0    0    0    0    0    0    0  978    4    0    0    0
     0]
 [   0    0    0    0    0    0    1   12    2    0  964    0    9    0
     0]
 [   0    0    0    0    0    0    5   12    0    0    0  969    0    0
     0]
 [   0    0    0    0    0    0    0    0    0    1    0    0  374    0
     0]
 [   0    0    0    0    0    0    0    0    0    0    0    0    0  342
     0]
 [   0    0    0    0    0    0    0    0    0    0    0    0    0    0
   528]]---
Accuracy : 97.66%
---
class acc :
	Healthy grass: 95.20
	Stressed grass: 99.90
	Synthetic grass: 100.00
	Trees: 98.19
	Soil: 99.40
	Water: 89.23
	Residential: 96.95
	Commercial: 93.17
	Road: 96.51
	Highway: 99.59
	Railway: 97.57
	Parking Lot 1: 98.28
	Parking Lot 2: 99.73
	Tennis Court: 100.00
	Running Track: 100.00
---
AA: 97.58%
Kappa: 97.47
run 3 / 5
Best validation overall accuracy 0.9850543478260869
Confusion matrix :
[[982   2   0  17   0   0   0   0   0   0   0   0   0   0   0]
 [  7 996   0   0   0   0   0   0   0   0   0   0   0   0   0]
 [  0   0 558   0   0   0   0   0   0   0   0   0   0   0   0]
 [ 15   0   0 980   0   0   0   0   0   0   0   0   0   0   0]
 [  0   0   0   0 994   0   0   0   0   0   0   0   0   0   0]
 [  0   0   0   0   0 259   1   0   0   0   0   0   0   0   0]
 [  0   0   1   0   3   8 965   8   5   0  14  11   0   0   0]
 [  0   0   0   0   4   0   0 938   0  16   2  35   0   0   0]
 [  0   0   0   0   0   0   0   0 952  16  10  24   0   0   0]
 [  0   0   0   0   0   0   0   0   3 976   3   0   0   0   0]
 [  0   0   0   0   0   0   0   3   5  14 966   0   0   0   0]
 [  0   0   0   0   0   0  15   0   9   1   0 961   0   0   0]
 [  0   0   0   0   0   0   1   0   0   4  15   0 355   0   0]
 [  0   0   0   0   0   0   0   0   0   0   0   0   0 342   0]
 [  0   0   0   0   0   0   0   0   0   0   0   0   0   0 528]]---
Accuracy : 97.74%
---
class acc :
	Healthy grass: 98.10
	Stressed grass: 99.30
	Synthetic grass: 100.00
	Trees: 98.49
	Soil: 100.00
	Water: 99.62
	Residential: 95.07
	Commercial: 94.27
	Road: 95.01
	Highway: 99.39
	Railway: 97.77
	Parking Lot 1: 97.46
	Parking Lot 2: 94.67
	Tennis Court: 100.00
	Running Track: 100.00
---
AA: 97.94%
Kappa: 97.55
run 4 / 5
Best validation overall accuracy 0.9850543478260869
Confusion matrix :
[[ 960   13    0   28    0    0    0    0    0    0    0    0    0    0
     0]
 [   3 1000    0    0    0    0    0    0    0    0    0    0    0    0
     0]
 [   0    0  558    0    0    0    0    0    0    0    0    0    0    0
     0]
 [   4    0    0  991    0    0    0    0    0    0    0    0    0    0
     0]
 [   0    0    0    0  994    0    0    0    0    0    0    0    0    0
     0]
 [   0    0    0    0    0  254    0    5    1    0    0    0    0    0
     0]
 [   0    0    0    0    0    0  997    0   18    0    0    0    0    0
     0]
 [   0    0    0    0    2    0    2  949    5   14    7   13    3    0
     0]
 [   0    0    0    0    0    0    0    0  980   13    1    8    0    0
     0]
 [   0    0    0    0    0    0    0    0    9  966    7    0    0    0
     0]
 [   0    0    0    0    0    0    0    0    0    2  986    0    0    0
     0]
 [   0    0    0    0    0    0   23    1    4    0    0  958    0    0
     0]
 [   0    0    0    0    0    0    0    0    0    0    1    0  374    0
     0]
 [   0    0    0    0    0    0    0    0    0    0    0    0    0  342
     0]
 [   0    0    0    0    0    0    0    0    0    0    0    0    0    0
   528]]---
Accuracy : 98.44%
---
class acc :
	Healthy grass: 95.90
	Stressed grass: 99.70
	Synthetic grass: 100.00
	Trees: 99.60
	Soil: 100.00
	Water: 97.69
	Residential: 98.23
	Commercial: 95.38
	Road: 97.80
	Highway: 98.37
	Railway: 99.80
	Parking Lot 1: 97.16
	Parking Lot 2: 99.73
	Tennis Court: 100.00
	Running Track: 100.00
---
AA: 98.62%
Kappa: 98.32
run 5 / 5
Best validation overall accuracy 0.9809782608695652
Confusion matrix :
[[967  13   0  21   0   0   0   0   0   0   0   0   0   0   0]
 [  5 998   0   0   0   0   0   0   0   0   0   0   0   0   0]
 [  0   0 558   0   0   0   0   0   0   0   0   0   0   0   0]
 [  2   0   0 991   0   0   1   0   1   0   0   0   0   0   0]
 [  0   0   0   0 994   0   0   0   0   0   0   0   0   0   0]
 [  0   0   0   0   0 255   0   5   0   0   0   0   0   0   0]
 [  0   0   0   0   0   0 998   1  12   0   2   2   0   0   0]
 [  0   0   0   0   0   0   0 954   0   0   0  26   0   7   8]
 [  0   0   0   0   0   0   1   0 909  67  19   6   0   0   0]
 [  0   0   0   0   0   0   0   0   1 981   0   0   0   0   0]
 [  0   0   0   0   0   0   0   1   0   1 986   0   0   0   0]
 [  0   0   0   0   0   0  19   0   9   2   0 956   0   0   0]
 [  0   0   0   0   0   0   0   0   0   4  15   0 356   0   0]
 [  0   0   0   0   0   0   0   0   0   0   0   0   0 342   0]
 [  0   0   0   0   0   0   0   0   0   0   0   0   0   0 528]]---
Accuracy : 97.91%
---
class acc :
	Healthy grass: 96.60
	Stressed grass: 99.50
	Synthetic grass: 100.00
	Trees: 99.60
	Soil: 100.00
	Water: 98.08
	Residential: 98.33
	Commercial: 95.88
	Road: 90.72
	Highway: 99.90
	Railway: 99.80
	Parking Lot 1: 96.96
	Parking Lot 2: 94.93
	Tennis Court: 100.00
	Running Track: 100.00
---
AA: 98.02%
Kappa: 97.74
Agregated results :
Confusion matrix :
[[9.674e+02 1.240e+01 0.000e+00 2.120e+01 0.000e+00 0.000e+00 0.000e+00
  0.000e+00 0.000e+00 0.000e+00 0.000e+00 0.000e+00 0.000e+00 0.000e+00
  0.000e+00]
 [3.200e+00 9.998e+02 0.000e+00 0.000e+00 0.000e+00 0.000e+00 0.000e+00
  0.000e+00 0.000e+00 0.000e+00 0.000e+00 0.000e+00 0.000e+00 0.000e+00
  0.000e+00]
 [0.000e+00 0.000e+00 5.580e+02 0.000e+00 0.000e+00 0.000e+00 0.000e+00
  0.000e+00 0.000e+00 0.000e+00 0.000e+00 0.000e+00 0.000e+00 0.000e+00
  0.000e+00]
 [1.020e+01 2.000e-01 0.000e+00 9.842e+02 0.000e+00 0.000e+00 2.000e-01
  0.000e+00 2.000e-01 0.000e+00 0.000e+00 0.000e+00 0.000e+00 0.000e+00
  0.000e+00]
 [0.000e+00 0.000e+00 0.000e+00 0.000e+00 9.928e+02 0.000e+00 0.000e+00
  1.200e+00 0.000e+00 0.000e+00 0.000e+00 0.000e+00 0.000e+00 0.000e+00
  0.000e+00]
 [0.000e+00 0.000e+00 0.000e+00 0.000e+00 0.000e+00 2.520e+02 5.800e+00
  2.000e+00 2.000e-01 0.000e+00 0.000e+00 0.000e+00 0.000e+00 0.000e+00
  0.000e+00]
 [0.000e+00 0.000e+00 2.000e-01 0.000e+00 6.000e-01 2.400e+00 9.902e+02
  2.600e+00 1.080e+01 0.000e+00 3.800e+00 4.400e+00 0.000e+00 0.000e+00
  0.000e+00]
 [0.000e+00 0.000e+00 0.000e+00 0.000e+00 2.000e+00 0.000e+00 1.600e+00
  9.382e+02 1.000e+00 9.400e+00 2.200e+00 2.880e+01 6.000e-01 5.600e+00
  5.600e+00]
 [0.000e+00 0.000e+00 0.000e+00 0.000e+00 0.000e+00 4.000e-01 1.200e+00
  8.000e-01 9.532e+02 2.840e+01 1.040e+01 7.600e+00 0.000e+00 0.000e+00
  0.000e+00]
 [0.000e+00 0.000e+00 0.000e+00 0.000e+00 0.000e+00 0.000e+00 0.000e+00
  0.000e+00 3.200e+00 9.758e+02 3.000e+00 0.000e+00 0.000e+00 0.000e+00
  0.000e+00]
 [0.000e+00 0.000e+00 0.000e+00 0.000e+00 2.000e-01 0.000e+00 8.000e-01
  3.200e+00 1.400e+00 3.400e+00 9.772e+02 0.000e+00 1.800e+00 0.000e+00
  0.000e+00]
 [0.000e+00 0.000e+00 0.000e+00 0.000e+00 0.000e+00 0.000e+00 1.420e+01
  2.600e+00 4.800e+00 6.000e-01 0.000e+00 9.638e+02 0.000e+00 0.000e+00
  0.000e+00]
 [0.000e+00 0.000e+00 0.000e+00 0.000e+00 0.000e+00 0.000e+00 2.000e-01
  0.000e+00 0.000e+00 2.000e+00 9.800e+00 0.000e+00 3.630e+02 0.000e+00
  0.000e+00]
 [0.000e+00 0.000e+00 0.000e+00 0.000e+00 0.000e+00 0.000e+00 0.000e+00
  0.000e+00 0.000e+00 0.000e+00 0.000e+00 0.000e+00 0.000e+00 3.420e+02
  0.000e+00]
 [0.000e+00 0.000e+00 0.000e+00 0.000e+00 0.000e+00 0.000e+00 0.000e+00
  0.000e+00 0.000e+00 0.000e+00 0.000e+00 0.000e+00 0.000e+00 0.000e+00
  5.280e+02]]---
Accuracy: 98.02 +- 0.31
---
class acc :
	Healthy grass: 96.64 +- 1.03
	Stressed grass: 99.68 +- 0.26
	Synthetic grass: 100.00 +- 0.00
	Trees: 98.91 +- 0.58
	Soil: 99.88 +- 0.24
	Water: 96.92 +- 3.94
	Residential: 97.56 +- 1.44
	Commercial: 94.29 +- 1.21
	Road: 95.13 +- 2.40
	Highway: 99.37 +- 0.52
	Railway: 98.91 +- 1.01
	Parking Lot 1: 97.75 +- 0.72
	Parking Lot 2: 96.80 +- 2.40
	Tennis Court: 100.00 +- 0.00
	Running Track: 100.00 +- 0.00
---
AA: 98.12 +- 0.37
Kappa: 97.86 +- 0.34
