run 1 / 5
Best validation overall accuracy 1.0
Confusion matrix :
[[ 852  146    0   55    0    0    0    0    0    0    0    0    0    0
     0]
 [   0 1064    0    0    0    0    0    0    0    0    0    0    0    0
     0]
 [   0    0  503    0    0    0    2    0    0    0    0    0    0    0
     0]
 [   0    8    0 1048    0    0    0    0    0    0    0    0    0    0
     0]
 [   0    0    0    0 1056    0    0    0    0    0    0    0    0    0
     0]
 [   0    0    0    0    0  140    0    3    0    0    0    0    0    0
     0]
 [   0    8    9    0    0   10  984   28    1    0    7    6    0   18
     1]
 [   0    0   27    0  128    0   20  687    5   18   12  134    2    8
    12]
 [   0    0    0    0    0    2   67    0  878   59   28   25    0    0
     0]
 [   0    0    0    0    0    0    4    0  146  811   74    1    0    0
     0]
 [   0    4   14    0    1    0   20    7   19   54  931    0    4    0
     0]
 [   0    0    0    0    0    0    9   69   36    0   50  877    0    0
     0]
 [   0    0    0    0    0    0    1    0    0    2   18   30  234    0
     0]
 [   0    0    0    0    0    0    0    0    0    0    0    0    0  247
     0]
 [   0    1    0    0    0    0    3    0    0    0    0    0    0    0
   469]]---
Accuracy : 88.39%
---
class acc :
	Healthy grass: 80.91
	Stressed grass: 100.00
	Synthetic grass: 99.60
	Trees: 99.24
	Soil: 100.00
	Water: 97.90
	Residential: 91.79
	Commercial: 65.24
	Road: 82.91
	Highway: 78.28
	Railway: 88.33
	Parking Lot 1: 84.25
	Parking Lot 2: 82.11
	Tennis Court: 100.00
	Running Track: 99.15
---
AA: 89.98%
Kappa: 87.40
run 2 / 5
Best validation overall accuracy 1.0
Confusion matrix :
[[ 868  150    0   35    0    0    0    0    0    0    0    0    0    0
     0]
 [  10 1052    0    0    0    0    1    0    1    0    0    0    0    0
     0]
 [   0    0  505    0    0    0    0    0    0    0    0    0    0    0
     0]
 [   2   52    0 1002    0    0    0    0    0    0    0    0    0    0
     0]
 [   0    0    0    0 1053    0    0    2    1    0    0    0    0    0
     0]
 [   0    0    0    0    0  139    0    4    0    0    0    0    0    0
     0]
 [   0    0    1    0    0    6  978   57   11    0    8   10    1    0
     0]
 [   0    0    0    0    0    0   34  832    0   19   19  108   21   19
     1]
 [   0    0    0    0    6    2   38    0  871   73   52   17    0    0
     0]
 [   0    0    0    0    0    0    0    0  196  788   50    2    0    0
     0]
 [   0    0    0    0    4    0    4    7   11   48  977    0    3    0
     0]
 [   0    0    0    0    0    0    9   66   14    1   62  884    5    0
     0]
 [   0    0    0    0    0    0    1    2    0    0   18    3  261    0
     0]
 [   0    0    0    0    0    0    1    0    0    0    0    0    8  238
     0]
 [   0    0    0    0    0    0    0    0    0    0    0    0    0    0
   473]]---
Accuracy : 89.54%
---
class acc :
	Healthy grass: 82.43
	Stressed grass: 98.87
	Synthetic grass: 100.00
	Trees: 94.89
	Soil: 99.72
	Water: 97.20
	Residential: 91.23
	Commercial: 79.01
	Road: 82.25
	Highway: 76.06
	Railway: 92.69
	Parking Lot 1: 84.92
	Parking Lot 2: 91.58
	Tennis Court: 96.36
	Running Track: 100.00
---
AA: 91.15%
Kappa: 88.64
run 3 / 5
Best validation overall accuracy 1.0
Confusion matrix :
[[ 863  157    0   33    0    0    0    0    0    0    0    0    0    0
     0]
 [   0 1062    0    2    0    0    0    0    0    0    0    0    0    0
     0]
 [   0    0  505    0    0    0    0    0    0    0    0    0    0    0
     0]
 [   4   50    0  995    0    0    0    0    1    2    0    4    0    0
     0]
 [   0    0    0    0 1056    0    0    0    0    0    0    0    0    0
     0]
 [   5    0    0    0    0  136    1    1    0    0    0    0    0    0
     0]
 [   0    4    0    1    2    0 1033   20    0    0    1    5    0    0
     6]
 [   0    0   27    0   21    0   14  813    6   18    2  126    6    0
    20]
 [   0    0    3    0   16    3   46    1  864   53   37   36    0    0
     0]
 [   0    0   74    0    0  224    3    0  207  526    2    0    0    0
     0]
 [   0    0   35    0    3    3   58    4   37   48  860    0    6    0
     0]
 [   0    0    0    0    0    0    4   90    1    1   64  879    2    0
     0]
 [   0    0    2    0    0   15    0    0    0    0    3   10  255    0
     0]
 [   0    0    0    0    0    0    0    0    0    0    0    0    4  243
     0]
 [   0    1    0    0    0    0    0    0    0    0    0    0    0    0
   472]]---
Accuracy : 86.60%
---
class acc :
	Healthy grass: 81.96
	Stressed grass: 99.81
	Synthetic grass: 100.00
	Trees: 94.22
	Soil: 100.00
	Water: 95.10
	Residential: 96.36
	Commercial: 77.21
	Road: 81.59
	Highway: 50.77
	Railway: 81.59
	Parking Lot 1: 84.44
	Parking Lot 2: 89.47
	Tennis Court: 98.38
	Running Track: 99.79
---
AA: 88.71%
Kappa: 85.47
run 4 / 5
Best validation overall accuracy 1.0
Confusion matrix :
[[ 865  154    0   34    0    0    0    0    0    0    0    0    0    0
     0]
 [   2 1054    0    0    0    0    7    0    0    0    0    0    0    1
     0]
 [   0    0  504    0    0    0    1    0    0    0    0    0    0    0
     0]
 [   2   25    0 1019    0    2    3    0    5    0    0    0    0    0
     0]
 [   0    0    0    0 1056    0    0    0    0    0    0    0    0    0
     0]
 [   0    0    0    0    0  131    6    6    0    0    0    0    0    0
     0]
 [   0    0    0    1    0    7  960   68    0    0    0    7    0   26
     3]
 [   0    0    3    0    0    0   22  811    0   20    3  173    1   11
     9]
 [   0    0    0    0    0    2   52    4  863   57   63   17    1    0
     0]
 [   0    0   36    0    0    0   67    0  209  707   15    2    0    0
     0]
 [   0    0    0    0   13    0  103    0   20   49  865    0    4    0
     0]
 [   0    0    0    0    0    2    7   81   15    0   51  885    0    0
     0]
 [   0    0    0    0    0    0   12    0    0    1    8    5  259    0
     0]
 [   0    0    0    0    0    0    0    0    0    0    0    0    0  247
     0]
 [   0    1    0    0    0    0    0    0    0    0    0    0    0    0
   472]]---
Accuracy : 87.71%
---
class acc :
	Healthy grass: 82.15
	Stressed grass: 99.06
	Synthetic grass: 99.80
	Trees: 96.50
	Soil: 100.00
	Water: 91.61
	Residential: 89.55
	Commercial: 77.02
	Road: 81.49
	Highway: 68.24
	Railway: 82.07
	Parking Lot 1: 85.01
	Parking Lot 2: 90.88
	Tennis Court: 100.00
	Running Track: 99.79
---
AA: 89.54%
Kappa: 86.66
run 5 / 5
Best validation overall accuracy 1.0
Confusion matrix :
[[ 867  154    0   32    0    0    0    0    0    0    0    0    0    0
     0]
 [   1 1063    0    0    0    0    0    0    0    0    0    0    0    0
     0]
 [   0    0  504    0    0    0    1    0    0    0    0    0    0    0
     0]
 [   2   42    0 1012    0    0    0    0    0    0    0    0    0    0
     0]
 [   0    0    0    0 1056    0    0    0    0    0    0    0    0    0
     0]
 [   0    0    0    0    0  137    0    6    0    0    0    0    0    0
     0]
 [   0    0    4    0    0    0  978   73    0    0    2    8    0    7
     0]
 [   0    0    0    1   76    2   30  695  100   19   70   36    4   20
     0]
 [   0    0    0    0    2    0   71    1  873   46   50   16    0    0
     0]
 [   0    0    0    0    0    0    0    0  200  655  179    2    0    0
     0]
 [   0    0    0    0    4    0   26    0   21    3  996    0    4    0
     0]
 [   0    0    0    0    0    0    3  124   15    0   55  839    5    0
     0]
 [   0    0    0    0    0    0    1    0    0    0   20    5  259    0
     0]
 [   0    0    0    0    0    0    0    0    0    0    0    0    0  247
     0]
 [   0    0    0    0    0    0    0    1    0    0    0    0    0    0
   472]]---
Accuracy : 87.34%
---
class acc :
	Healthy grass: 82.34
	Stressed grass: 99.91
	Synthetic grass: 99.80
	Trees: 95.83
	Soil: 100.00
	Water: 95.80
	Residential: 91.23
	Commercial: 66.00
	Road: 82.44
	Highway: 63.22
	Railway: 94.50
	Parking Lot 1: 80.60
	Parking Lot 2: 90.88
	Tennis Court: 100.00
	Running Track: 99.79
---
AA: 89.49%
Kappa: 86.25
Agregated results :
Confusion matrix :
[[8.6300e+02 1.5220e+02 0.0000e+00 3.7800e+01 0.0000e+00 0.0000e+00
  0.0000e+00 0.0000e+00 0.0000e+00 0.0000e+00 0.0000e+00 0.0000e+00
  0.0000e+00 0.0000e+00 0.0000e+00]
 [2.6000e+00 1.0590e+03 0.0000e+00 4.0000e-01 0.0000e+00 0.0000e+00
  1.6000e+00 0.0000e+00 2.0000e-01 0.0000e+00 0.0000e+00 0.0000e+00
  0.0000e+00 2.0000e-01 0.0000e+00]
 [0.0000e+00 0.0000e+00 5.0420e+02 0.0000e+00 0.0000e+00 0.0000e+00
  8.0000e-01 0.0000e+00 0.0000e+00 0.0000e+00 0.0000e+00 0.0000e+00
  0.0000e+00 0.0000e+00 0.0000e+00]
 [2.0000e+00 3.5400e+01 0.0000e+00 1.0152e+03 0.0000e+00 4.0000e-01
  6.0000e-01 0.0000e+00 1.2000e+00 4.0000e-01 0.0000e+00 8.0000e-01
  0.0000e+00 0.0000e+00 0.0000e+00]
 [0.0000e+00 0.0000e+00 0.0000e+00 0.0000e+00 1.0554e+03 0.0000e+00
  0.0000e+00 4.0000e-01 2.0000e-01 0.0000e+00 0.0000e+00 0.0000e+00
  0.0000e+00 0.0000e+00 0.0000e+00]
 [1.0000e+00 0.0000e+00 0.0000e+00 0.0000e+00 0.0000e+00 1.3660e+02
  1.4000e+00 4.0000e+00 0.0000e+00 0.0000e+00 0.0000e+00 0.0000e+00
  0.0000e+00 0.0000e+00 0.0000e+00]
 [0.0000e+00 2.4000e+00 2.8000e+00 4.0000e-01 4.0000e-01 4.6000e+00
  9.8660e+02 4.9200e+01 2.4000e+00 0.0000e+00 3.6000e+00 7.2000e+00
  2.0000e-01 1.0200e+01 2.0000e+00]
 [0.0000e+00 0.0000e+00 1.1400e+01 2.0000e-01 4.5000e+01 4.0000e-01
  2.4000e+01 7.6760e+02 2.2200e+01 1.8800e+01 2.1200e+01 1.1540e+02
  6.8000e+00 1.1600e+01 8.4000e+00]
 [0.0000e+00 0.0000e+00 6.0000e-01 0.0000e+00 4.8000e+00 1.8000e+00
  5.4800e+01 1.2000e+00 8.6980e+02 5.7600e+01 4.6000e+01 2.2200e+01
  2.0000e-01 0.0000e+00 0.0000e+00]
 [0.0000e+00 0.0000e+00 2.2000e+01 0.0000e+00 0.0000e+00 4.4800e+01
  1.4800e+01 0.0000e+00 1.9160e+02 6.9740e+02 6.4000e+01 1.4000e+00
  0.0000e+00 0.0000e+00 0.0000e+00]
 [0.0000e+00 8.0000e-01 9.8000e+00 0.0000e+00 5.0000e+00 6.0000e-01
  4.2200e+01 3.6000e+00 2.1600e+01 4.0400e+01 9.2580e+02 0.0000e+00
  4.2000e+00 0.0000e+00 0.0000e+00]
 [0.0000e+00 0.0000e+00 0.0000e+00 0.0000e+00 0.0000e+00 4.0000e-01
  6.4000e+00 8.6000e+01 1.6200e+01 4.0000e-01 5.6400e+01 8.7280e+02
  2.4000e+00 0.0000e+00 0.0000e+00]
 [0.0000e+00 0.0000e+00 4.0000e-01 0.0000e+00 0.0000e+00 3.0000e+00
  3.0000e+00 4.0000e-01 0.0000e+00 6.0000e-01 1.3400e+01 1.0600e+01
  2.5360e+02 0.0000e+00 0.0000e+00]
 [0.0000e+00 0.0000e+00 0.0000e+00 0.0000e+00 0.0000e+00 0.0000e+00
  2.0000e-01 0.0000e+00 0.0000e+00 0.0000e+00 0.0000e+00 0.0000e+00
  2.4000e+00 2.4440e+02 0.0000e+00]
 [0.0000e+00 6.0000e-01 0.0000e+00 0.0000e+00 0.0000e+00 0.0000e+00
  6.0000e-01 2.0000e-01 0.0000e+00 0.0000e+00 0.0000e+00 0.0000e+00
  0.0000e+00 0.0000e+00 4.7160e+02]]---
Accuracy: 87.92 +- 1.00
---
class acc :
	Healthy grass: 81.96 +- 0.55
	Stressed grass: 99.53 +- 0.47
	Synthetic grass: 99.84 +- 0.15
	Trees: 96.14 +- 1.74
	Soil: 99.94 +- 0.11
	Water: 95.52 +- 2.19
	Residential: 92.03 +- 2.29
	Commercial: 72.90 +- 5.99
	Road: 82.13 +- 0.53
	Highway: 67.32 +- 9.88
	Railway: 87.84 +- 5.30
	Parking Lot 1: 83.84 +- 1.65
	Parking Lot 2: 88.98 +- 3.51
	Tennis Court: 98.95 +- 1.44
	Running Track: 99.70 +- 0.29
---
AA: 89.78 +- 0.80
Kappa: 86.89 +- 1.08
