run 1 / 5
Best validation overall accuracy 0.9921875
Confusion matrix :
[[243   0   0   0   0   0   0   0   0   0   0   0   0   0]
 [  0  91   0   0   0   0   0   0   0   0   0   0   0   0]
 [  0   0 226   0   0   0   0   0   0   0   0   0   0   0]
 [  0   0   0 194   0   0   0   0   0   0   0   0   0   0]
 [  0   0   0   4 230   8   0   0   0   0   0   0   0   0]
 [  0   0   0   0   9 226   0   0   7   0   0   0   0   0]
 [  0   0   0   0   0   0 232   0   0   1   0   0   0   0]
 [  0   0   0   0   0   0   0 183   0   0   0   0   0   0]
 [  0   0   0   0   0  29   0   0 254   0   0   0   0   0]
 [  0   0   0   0   0   0   0   1   0 217   5   0   0   0]
 [  0   0   0   0   0   0   0   0   0   5 270   0   0   0]
 [  0   0   0   0   0   0   0   0   0   0   0 163   0   0]
 [  0   0   0   0   0   0   0   0   0   0   0   0 241   0]
 [  0   0   0   0   0   0   0   0   0   0   0   0   0  85]]---
Accuracy : 97.64%
---
class acc :
	Water: 100.00
	Hippo grass: 100.00
	Floodplain grasses 1: 100.00
	Floodplain grasses 2: 100.00
	Reeds: 95.04
	Riparian: 93.39
	Firescar: 99.57
	Island interior: 100.00
	Acacia woodlands: 89.75
	Acacia shrublands: 97.31
	Acacia grasslands: 98.18
	Short mopane: 100.00
	Mixed mopane: 100.00
	Exposed soils: 100.00
---
AA: 98.09%
Kappa: 97.44
run 2 / 5
Best validation overall accuracy 1.0
Confusion matrix :
[[243   0   0   0   0   0   0   0   0   0   0   0   0   0]
 [  0  79   0   0  12   0   0   0   0   0   0   0   0   0]
 [  0   0 221   0   0   0   0   0   0   5   0   0   0   0]
 [  0   0   5 189   0   0   0   0   0   0   0   0   0   0]
 [  0   0   0  16 225   1   0   0   0   0   0   0   0   0]
 [  0   0   0   0   6 220   0   0  14   0   0   0   2   0]
 [  0   0   1   0   0   0 232   0   0   0   0   0   0   0]
 [  0   0   0   0   0   0   0 183   0   0   0   0   0   0]
 [  0   0   0   0   0  17   0   0 265   1   0   0   0   0]
 [  0   0   0   0   0   0   0   0   0 222   1   0   0   0]
 [  0   0   0   0   0   0   0   0   0   4 271   0   0   0]
 [  0   0   0   0   0   0   0   0   0   0   0 163   0   0]
 [  0   0   0   0   0   0   0   0   0   0   0   0 241   0]
 [  0   0   0   0   0   0   0   0   0   0   0   0   0  85]]---
Accuracy : 97.09%
---
class acc :
	Water: 100.00
	Hippo grass: 86.81
	Floodplain grasses 1: 97.79
	Floodplain grasses 2: 97.42
	Reeds: 92.98
	Riparian: 90.91
	Firescar: 99.57
	Island interior: 100.00
	Acacia woodlands: 93.64
	Acacia shrublands: 99.55
	Acacia grasslands: 98.55
	Short mopane: 100.00
	Mixed mopane: 100.00
	Exposed soils: 100.00
---
AA: 96.94%
Kappa: 96.85
run 3 / 5
Best validation overall accuracy 0.9921875
Confusion matrix :
[[243   0   0   0   0   0   0   0   0   0   0   0   0   0]
 [  0  90   0   0   1   0   0   0   0   0   0   0   0   0]
 [  0   0 226   0   0   0   0   0   0   0   0   0   0   0]
 [  0   0   0 191   3   0   0   0   0   0   0   0   0   0]
 [  1   1   0   1 233   6   0   0   0   0   0   0   0   0]
 [  0   0   0   0  17 225   0   0   0   0   0   0   0   0]
 [  0   0   1   0   0   0 232   0   0   0   0   0   0   0]
 [  0   0   0   0   0   0   0 183   0   0   0   0   0   0]
 [  0   0   0   0   0  50   0   0 233   0   0   0   0   0]
 [  0   0   0   0   0   0   0   8   0 212   3   0   0   0]
 [  0   0   0   0   0   0   0   0   0   2 273   0   0   0]
 [  0   0   0   0   0   0   0   0   0   0   0 163   0   0]
 [  0   0   0   0   0   0   0   0   0   0   0   0 241   0]
 [  0   0   0   0   0   0   0   0   0   0   0   0   0  85]]---
Accuracy : 96.79%
---
class acc :
	Water: 100.00
	Hippo grass: 98.90
	Floodplain grasses 1: 100.00
	Floodplain grasses 2: 98.45
	Reeds: 96.28
	Riparian: 92.98
	Firescar: 99.57
	Island interior: 100.00
	Acacia woodlands: 82.33
	Acacia shrublands: 95.07
	Acacia grasslands: 99.27
	Short mopane: 100.00
	Mixed mopane: 100.00
	Exposed soils: 100.00
---
AA: 97.35%
Kappa: 96.52
run 4 / 5
Best validation overall accuracy 0.96875
Confusion matrix :
[[243   0   0   0   0   0   0   0   0   0   0   0   0   0]
 [  0  91   0   0   0   0   0   0   0   0   0   0   0   0]
 [  0   0 217   0   0   0   0   0   0   9   0   0   0   0]
 [  0   0   0 194   0   0   0   0   0   0   0   0   0   0]
 [  0   0   0   8 199  14   0   0   0   0   0   0  21   0]
 [  0   0   0   0   5 196   0   0  34   0   0   0   7   0]
 [  0   0   1   0   0   0 232   0   0   0   0   0   0   0]
 [  0   0   0   0   0   0   0 179   0   4   0   0   0   0]
 [  0   0   0   0   0   3   0   0 280   0   0   0   0   0]
 [  0   0   0   0   0   0   0   0   0 223   0   0   0   0]
 [  0   0   0   0   0   0   0   0   0   7 268   0   0   0]
 [  0   0   0   0   0   0   0   0   0   0   0 162   1   0]
 [  0   0   0   0   0   0   0   0   3   0   0   2 236   0]
 [  0   0   0   0   0   0   0   5   0   0   0   2   0  78]]---
Accuracy : 95.69%
---
class acc :
	Water: 100.00
	Hippo grass: 100.00
	Floodplain grasses 1: 96.02
	Floodplain grasses 2: 100.00
	Reeds: 82.23
	Riparian: 80.99
	Firescar: 99.57
	Island interior: 97.81
	Acacia woodlands: 98.94
	Acacia shrublands: 100.00
	Acacia grasslands: 97.45
	Short mopane: 99.39
	Mixed mopane: 97.93
	Exposed soils: 91.76
---
AA: 95.86%
Kappa: 95.33
run 5 / 5
Best validation overall accuracy 1.0
Confusion matrix :
[[243   0   0   0   0   0   0   0   0   0   0   0   0   0]
 [  0  91   0   0   0   0   0   0   0   0   0   0   0   0]
 [  0   0 224   0   0   0   0   0   0   2   0   0   0   0]
 [  0   0   0 194   0   0   0   0   0   0   0   0   0   0]
 [  0   0   0   5 213  24   0   0   0   0   0   0   0   0]
 [  0   0   0   0   0 242   0   0   0   0   0   0   0   0]
 [  0   0   0   0   0   0 233   0   0   0   0   0   0   0]
 [  0   0   0   0   0   0   0 183   0   0   0   0   0   0]
 [  0   0   0   0   0  43   0   0 240   0   0   0   0   0]
 [  0   0   0   0   0   0   0   0   0 223   0   0   0   0]
 [  0   0   0   0   0   0   0   0   0  11 264   0   0   0]
 [  0   0   0   0   0   0   0   0   0   0   0 161   2   0]
 [  0   0   0   0   0   0   0   0   0   0   0   0 241   0]
 [  0   0   0   0   1   0   0   0   0   0   0   2   0  82]]---
Accuracy : 96.92%
---
class acc :
	Water: 100.00
	Hippo grass: 100.00
	Floodplain grasses 1: 99.12
	Floodplain grasses 2: 100.00
	Reeds: 88.02
	Riparian: 100.00
	Firescar: 100.00
	Island interior: 100.00
	Acacia woodlands: 84.81
	Acacia shrublands: 100.00
	Acacia grasslands: 96.00
	Short mopane: 98.77
	Mixed mopane: 100.00
	Exposed soils: 96.47
---
AA: 97.37%
Kappa: 96.67
Agregated results :
Confusion matrix :
[[2.430e+02 0.000e+00 0.000e+00 0.000e+00 0.000e+00 0.000e+00 0.000e+00
  0.000e+00 0.000e+00 0.000e+00 0.000e+00 0.000e+00 0.000e+00 0.000e+00]
 [0.000e+00 8.840e+01 0.000e+00 0.000e+00 2.600e+00 0.000e+00 0.000e+00
  0.000e+00 0.000e+00 0.000e+00 0.000e+00 0.000e+00 0.000e+00 0.000e+00]
 [0.000e+00 0.000e+00 2.228e+02 0.000e+00 0.000e+00 0.000e+00 0.000e+00
  0.000e+00 0.000e+00 3.200e+00 0.000e+00 0.000e+00 0.000e+00 0.000e+00]
 [0.000e+00 0.000e+00 1.000e+00 1.924e+02 6.000e-01 0.000e+00 0.000e+00
  0.000e+00 0.000e+00 0.000e+00 0.000e+00 0.000e+00 0.000e+00 0.000e+00]
 [2.000e-01 2.000e-01 0.000e+00 6.800e+00 2.200e+02 1.060e+01 0.000e+00
  0.000e+00 0.000e+00 0.000e+00 0.000e+00 0.000e+00 4.200e+00 0.000e+00]
 [0.000e+00 0.000e+00 0.000e+00 0.000e+00 7.400e+00 2.218e+02 0.000e+00
  0.000e+00 1.100e+01 0.000e+00 0.000e+00 0.000e+00 1.800e+00 0.000e+00]
 [0.000e+00 0.000e+00 6.000e-01 0.000e+00 0.000e+00 0.000e+00 2.322e+02
  0.000e+00 0.000e+00 2.000e-01 0.000e+00 0.000e+00 0.000e+00 0.000e+00]
 [0.000e+00 0.000e+00 0.000e+00 0.000e+00 0.000e+00 0.000e+00 0.000e+00
  1.822e+02 0.000e+00 8.000e-01 0.000e+00 0.000e+00 0.000e+00 0.000e+00]
 [0.000e+00 0.000e+00 0.000e+00 0.000e+00 0.000e+00 2.840e+01 0.000e+00
  0.000e+00 2.544e+02 2.000e-01 0.000e+00 0.000e+00 0.000e+00 0.000e+00]
 [0.000e+00 0.000e+00 0.000e+00 0.000e+00 0.000e+00 0.000e+00 0.000e+00
  1.800e+00 0.000e+00 2.194e+02 1.800e+00 0.000e+00 0.000e+00 0.000e+00]
 [0.000e+00 0.000e+00 0.000e+00 0.000e+00 0.000e+00 0.000e+00 0.000e+00
  0.000e+00 0.000e+00 5.800e+00 2.692e+02 0.000e+00 0.000e+00 0.000e+00]
 [0.000e+00 0.000e+00 0.000e+00 0.000e+00 0.000e+00 0.000e+00 0.000e+00
  0.000e+00 0.000e+00 0.000e+00 0.000e+00 1.624e+02 6.000e-01 0.000e+00]
 [0.000e+00 0.000e+00 0.000e+00 0.000e+00 0.000e+00 0.000e+00 0.000e+00
  0.000e+00 6.000e-01 0.000e+00 0.000e+00 4.000e-01 2.400e+02 0.000e+00]
 [0.000e+00 0.000e+00 0.000e+00 0.000e+00 2.000e-01 0.000e+00 0.000e+00
  1.000e+00 0.000e+00 0.000e+00 0.000e+00 8.000e-01 0.000e+00 8.300e+01]]---
Accuracy: 96.83 +- 0.64
---
class acc :
	Water: 100.00 +- 0.00
	Hippo grass: 97.14 +- 5.18
	Floodplain grasses 1: 98.58 +- 1.52
	Floodplain grasses 2: 99.18 +- 1.06
	Reeds: 90.91 +- 5.17
	Riparian: 91.65 +- 6.14
	Firescar: 99.66 +- 0.17
	Island interior: 99.56 +- 0.87
	Acacia woodlands: 89.89 +- 5.98
	Acacia shrublands: 98.39 +- 1.94
	Acacia grasslands: 97.89 +- 1.11
	Short mopane: 99.63 +- 0.49
	Mixed mopane: 99.59 +- 0.83
	Exposed soils: 97.65 +- 3.24
---
AA: 97.12 +- 0.73
Kappa: 96.56 +- 0.69
