run 1 / 5
Best validation overall accuracy 0.708984375
Confusion matrix :
[[   0    0    2    1    0    0    0   38    0    0    0    0    0    0
     0    0]
 [   0  643   24    2    0    0    0    0    0   91  501   18    0    0
     6    0]
 [   0   60  369    0    0    1    0    0    0   40  272    5    0    0
     0    0]
 [   0   62   51   41    0    5    0    0    0    0   37   15    2    0
     0    0]
 [   0    1    5   15  310   58    4    4    0    2   11    4    0   20
     1    0]
 [   0    0    1    0   13  641    0    0    0    0    0    0    0    2
     0    0]
 [   0    0    0    0    0    0    0   24    0    0    1    0    0    0
     0    0]
 [   0    0    0    1    6    0    0  422    0    0    0    0    0    0
     1    0]
 [   0    0    7    0    0   11    0    0    0    0    0    0    0    0
     0    0]
 [   0    2   37    0    0    1    0    0    0  501  329    2    0    0
     3    0]
 [   0  117   58    1    0    7    0    0    0   69 1945    6    0    0
     7    0]
 [   0  134   41    5    0    1    0    0    0   35  160  151    0    0
     6    1]
 [   0    0    0    0    0    0    0    0    0    0    1    0  184    0
     0    0]
 [   0    0    0    0    5    1    0    0    0    0    0    0    0 1078
    55    0]
 [   0    0    2    0    8   44    0    0    0    0    0    0    3   57
   233    0]
 [   0    0    0    0    0    0    0    0    0    2    0   11    0    0
     0   71]]---
Accuracy : 71.43%
---
class acc :
	Alfalfa: 0.00
	Corn-notill: 50.04
	Corn-mintill: 49.40
	Corn: 19.25
	Grass-pasture: 71.26
	Grass-trees: 97.56
	Grass-pasture-mowed: 0.00
	Hay-windrowed: 98.14
	Oats: 0.00
	Soybean-notill: 57.26
	Soybean-mintill: 88.01
	Soybean-clean: 28.28
	Wheat: 99.46
	Woods: 94.64
	Buildings-Grass-Trees-Drives: 67.15
	Stone-Steel-Towers: 84.52
---
AA: 56.56%
Kappa: 66.71
run 2 / 5
Best validation overall accuracy 0.677734375
Confusion matrix :
[[   0    0    0    0    1    0    0   39    0    0    1    0    0    0
     0    0]
 [   0  735   24    3    0    1    0    0    0   57  443   16    0    0
     6    0]
 [   0   45  355    0    0    3    0    0    0   80  240   23    1    0
     0    0]
 [   0   84   46   34    0    0    0    0    0    2   24   23    0    0
     0    0]
 [   3   12    1    9  218   33    0    5    0    0    3    2    0  149
     0    0]
 [   0    0    0    0   24  629    0    0    0    0    0    0    2    2
     0    0]
 [   0    0    0    0    1    0    0   24    0    0    0    0    0    0
     0    0]
 [   0    0    0    0    3    0    0  427    0    0    0    0    0    0
     0    0]
 [   0    0    0    0    0   14    0    0    0    0    0    0    4    0
     0    0]
 [   0   46   14    0    0    9    0    0    0  413  380   12    1    0
     0    0]
 [   0  170   72    0    0   16    0    0    0  102 1822   23    0    0
     5    0]
 [   0  141   25    0    0    5    0    0    0   53  149  156    1    0
     2    2]
 [   0    0    0    0    0    1    0    0    0    0    0    0  184    0
     0    0]
 [   0    0    0    0    3    1    0    0    0    0    0    0    0 1087
    48    0]
 [   0    0    0    0    6   98    0    0    0    0    0    0   29   63
   151    0]
 [   0    0    0    0    0    0    0    0    0    3    0    2    0    0
     0   79]]---
Accuracy : 68.18%
---
class acc :
	Alfalfa: 0.00
	Corn-notill: 57.20
	Corn-mintill: 47.52
	Corn: 15.96
	Grass-pasture: 50.11
	Grass-trees: 95.74
	Grass-pasture-mowed: 0.00
	Hay-windrowed: 99.30
	Oats: 0.00
	Soybean-notill: 47.20
	Soybean-mintill: 82.44
	Soybean-clean: 29.21
	Wheat: 99.46
	Woods: 95.43
	Buildings-Grass-Trees-Drives: 43.52
	Stone-Steel-Towers: 94.05
---
AA: 53.57%
Kappa: 62.97
run 3 / 5
Best validation overall accuracy 0.701171875
Confusion matrix :
[[   0    0    2    0    3    0    0   36    0    0    0    0    0    0
     0    0]
 [   0  662   40    1    1    4    0    0    0   98  465   13    0    1
     0    0]
 [   0   21  404    3    1    2    0    0    0   51  252   13    0    0
     0    0]
 [   0   73   41   48    0    6    0    0    0    0   19   26    0    0
     0    0]
 [   0    3    2    3  343   19    0    3    0    8    0    5    0   48
     1    0]
 [   0    0    0    0    0  654    0    0    0    0    0    0    0    2
     1    0]
 [   0    0    0    0    6    0    0   19    0    0    0    0    0    0
     0    0]
 [   0    0    0    0   14    0    0  416    0    0    0    0    0    0
     0    0]
 [   0    0    5    0    0   13    0    0    0    0    0    0    0    0
     0    0]
 [   0   19    8    0    4    3    0    0    0  432  392   17    0    0
     0    0]
 [   0   91   92    0    6   12    0    0    0  127 1866   14    0    0
     2    0]
 [   0   98   68    4    0    7    0    0    0   83  104  170    0    0
     0    0]
 [   0    0    2    0    0    0    0    0    0    0    0    3  180    0
     0    0]
 [   0    0    1    0    0    1    0    0    0    0    0    0    0 1118
    19    0]
 [   0    0    1    0    0   61    0    0    0    1    0    0   11   77
   196    0]
 [   0    0    3    0    0    0    0    0    0    5    0    8    0    0
     0   68]]---
Accuracy : 71.08%
---
class acc :
	Alfalfa: 0.00
	Corn-notill: 51.52
	Corn-mintill: 54.08
	Corn: 22.54
	Grass-pasture: 78.85
	Grass-trees: 99.54
	Grass-pasture-mowed: 0.00
	Hay-windrowed: 96.74
	Oats: 0.00
	Soybean-notill: 49.37
	Soybean-mintill: 84.43
	Soybean-clean: 31.84
	Wheat: 97.30
	Woods: 98.16
	Buildings-Grass-Trees-Drives: 56.48
	Stone-Steel-Towers: 80.95
---
AA: 56.36%
Kappa: 66.39
run 4 / 5
Best validation overall accuracy 0.71875
Confusion matrix :
[[   0    0    0    0    0    0    0   39    0    0    1    1    0    0
     0    0]
 [   0  688   14    5    0    0    0    0    0   53  480   39    0    0
     6    0]
 [   0   35  318    5    3    0    0    0    0   62  253   70    0    0
     1    0]
 [   0   72   51   27    0    0    0    0    0    2   38   23    0    0
     0    0]
 [   0    0    0    0  310   22    0   14    0    5    7    8    0   69
     0    0]
 [   0    0    0    0    0  655    0    0    0    0    0    0    0    2
     0    0]
 [   0    0    0    0    4    0    0   21    0    0    0    0    0    0
     0    0]
 [   0    0    0    0    1    6    0  423    0    0    0    0    0    0
     0    0]
 [   0    0    3    0    2    7    0    0    0    0    0    0    2    0
     4    0]
 [   0   23    5    0    4    0    0    0    0  405  411   24    0    0
     3    0]
 [   0  118   47    0    4    0    0    0    0   98 1902   33    0    0
     8    0]
 [   0  193   12    0    0    0    0    0    0   27  116  185    0    0
     0    1]
 [   0    0    0    0    0    0    0    0    0    0    1    0  184    0
     0    0]
 [   0    0    0    0    1    2    0    0    0    0    0    0    0 1121
    15    0]
 [   0    0    0    0    0   48    0    0    0    0    0    0    0   86
   213    0]
 [   0    0    0    0    0    0    0    0    0    2    0    0    0    0
     0   82]]---
Accuracy : 70.60%
---
class acc :
	Alfalfa: 0.00
	Corn-notill: 53.54
	Corn-mintill: 42.57
	Corn: 12.68
	Grass-pasture: 71.26
	Grass-trees: 99.70
	Grass-pasture-mowed: 0.00
	Hay-windrowed: 98.37
	Oats: 0.00
	Soybean-notill: 46.29
	Soybean-mintill: 86.06
	Soybean-clean: 34.64
	Wheat: 99.46
	Woods: 98.42
	Buildings-Grass-Trees-Drives: 61.38
	Stone-Steel-Towers: 97.62
---
AA: 56.37%
Kappa: 65.73
run 5 / 5
Best validation overall accuracy 0.7265625
Confusion matrix :
[[   0    0    3    0    0    0    0   38    0    0    0    0    0    0
     0    0]
 [   0  702   12    0    0    0    0    0    0   74  486    6    0    0
     5    0]
 [   0   42  354    0    0    1    0    0    0   24  268   57    0    0
     1    0]
 [   0  133   26   32    0    0    0    0    0    0   22    0    0    0
     0    0]
 [   0   23    1    0  312    1    0    6    0    0    0    0    0   91
     1    0]
 [   0    0    0    0   15  639    0    0    0    0    0    0    0    3
     0    0]
 [   0    0    0    0    9    0    0   16    0    0    0    0    0    0
     0    0]
 [   0    0    0    0   11    1    0  416    0    0    0    0    0    0
     2    0]
 [   0    0    1    0    5    0    0    0    0    0    0    0    0    0
    12    0]
 [   0   35   11    0    1    1    0    0    0  418  394    6    0    0
     9    0]
 [   0   77   49    0    5    2    0    0    0  101 1844  123    0    0
     8    1]
 [   0  152   19    5    0    5    0    0    0   49  131  170    1    0
     2    0]
 [   0    0    0    0    0    0    0    0    0    0    0    0  171    0
    14    0]
 [   0    0    0    0   38    1    0    0    0    0    0    0    0 1067
    33    0]
 [   0    0    0    0    4   48    0    0    0    0    0    0   11   81
   203    0]
 [   0    0    0    0    0    0    0    0    0    2    0    0    0    0
     0   82]]---
Accuracy : 69.49%
---
class acc :
	Alfalfa: 0.00
	Corn-notill: 54.63
	Corn-mintill: 47.39
	Corn: 15.02
	Grass-pasture: 71.72
	Grass-trees: 97.26
	Grass-pasture-mowed: 0.00
	Hay-windrowed: 96.74
	Oats: 0.00
	Soybean-notill: 47.77
	Soybean-mintill: 83.44
	Soybean-clean: 31.84
	Wheat: 92.43
	Woods: 93.68
	Buildings-Grass-Trees-Drives: 58.50
	Stone-Steel-Towers: 97.62
---
AA: 55.50%
Kappa: 64.48
Agregated results :
Confusion matrix :
[[0.0000e+00 0.0000e+00 1.4000e+00 2.0000e-01 8.0000e-01 0.0000e+00
  0.0000e+00 3.8000e+01 0.0000e+00 0.0000e+00 4.0000e-01 2.0000e-01
  0.0000e+00 0.0000e+00 0.0000e+00 0.0000e+00]
 [0.0000e+00 6.8600e+02 2.2800e+01 2.2000e+00 2.0000e-01 1.0000e+00
  0.0000e+00 0.0000e+00 0.0000e+00 7.4600e+01 4.7500e+02 1.8400e+01
  0.0000e+00 2.0000e-01 4.6000e+00 0.0000e+00]
 [0.0000e+00 4.0600e+01 3.6000e+02 1.6000e+00 8.0000e-01 1.4000e+00
  0.0000e+00 0.0000e+00 0.0000e+00 5.1400e+01 2.5700e+02 3.3600e+01
  2.0000e-01 0.0000e+00 4.0000e-01 0.0000e+00]
 [0.0000e+00 8.4800e+01 4.3000e+01 3.6400e+01 0.0000e+00 2.2000e+00
  0.0000e+00 0.0000e+00 0.0000e+00 8.0000e-01 2.8000e+01 1.7400e+01
  4.0000e-01 0.0000e+00 0.0000e+00 0.0000e+00]
 [6.0000e-01 7.8000e+00 1.8000e+00 5.4000e+00 2.9860e+02 2.6600e+01
  8.0000e-01 6.4000e+00 0.0000e+00 3.0000e+00 4.2000e+00 3.8000e+00
  0.0000e+00 7.5400e+01 6.0000e-01 0.0000e+00]
 [0.0000e+00 0.0000e+00 2.0000e-01 0.0000e+00 1.0400e+01 6.4360e+02
  0.0000e+00 0.0000e+00 0.0000e+00 0.0000e+00 0.0000e+00 0.0000e+00
  4.0000e-01 2.2000e+00 2.0000e-01 0.0000e+00]
 [0.0000e+00 0.0000e+00 0.0000e+00 0.0000e+00 4.0000e+00 0.0000e+00
  0.0000e+00 2.0800e+01 0.0000e+00 0.0000e+00 2.0000e-01 0.0000e+00
  0.0000e+00 0.0000e+00 0.0000e+00 0.0000e+00]
 [0.0000e+00 0.0000e+00 0.0000e+00 2.0000e-01 7.0000e+00 1.4000e+00
  0.0000e+00 4.2080e+02 0.0000e+00 0.0000e+00 0.0000e+00 0.0000e+00
  0.0000e+00 0.0000e+00 6.0000e-01 0.0000e+00]
 [0.0000e+00 0.0000e+00 3.2000e+00 0.0000e+00 1.4000e+00 9.0000e+00
  0.0000e+00 0.0000e+00 0.0000e+00 0.0000e+00 0.0000e+00 0.0000e+00
  1.2000e+00 0.0000e+00 3.2000e+00 0.0000e+00]
 [0.0000e+00 2.5000e+01 1.5000e+01 0.0000e+00 1.8000e+00 2.8000e+00
  0.0000e+00 0.0000e+00 0.0000e+00 4.3380e+02 3.8120e+02 1.2200e+01
  2.0000e-01 0.0000e+00 3.0000e+00 0.0000e+00]
 [0.0000e+00 1.1460e+02 6.3600e+01 2.0000e-01 3.0000e+00 7.4000e+00
  0.0000e+00 0.0000e+00 0.0000e+00 9.9400e+01 1.8758e+03 3.9800e+01
  0.0000e+00 0.0000e+00 6.0000e+00 2.0000e-01]
 [0.0000e+00 1.4360e+02 3.3000e+01 2.8000e+00 0.0000e+00 3.6000e+00
  0.0000e+00 0.0000e+00 0.0000e+00 4.9400e+01 1.3200e+02 1.6640e+02
  4.0000e-01 0.0000e+00 2.0000e+00 8.0000e-01]
 [0.0000e+00 0.0000e+00 4.0000e-01 0.0000e+00 0.0000e+00 2.0000e-01
  0.0000e+00 0.0000e+00 0.0000e+00 0.0000e+00 4.0000e-01 6.0000e-01
  1.8060e+02 0.0000e+00 2.8000e+00 0.0000e+00]
 [0.0000e+00 0.0000e+00 2.0000e-01 0.0000e+00 9.4000e+00 1.2000e+00
  0.0000e+00 0.0000e+00 0.0000e+00 0.0000e+00 0.0000e+00 0.0000e+00
  0.0000e+00 1.0942e+03 3.4000e+01 0.0000e+00]
 [0.0000e+00 0.0000e+00 6.0000e-01 0.0000e+00 3.6000e+00 5.9800e+01
  0.0000e+00 0.0000e+00 0.0000e+00 2.0000e-01 0.0000e+00 0.0000e+00
  1.0800e+01 7.2800e+01 1.9920e+02 0.0000e+00]
 [0.0000e+00 0.0000e+00 6.0000e-01 0.0000e+00 0.0000e+00 0.0000e+00
  0.0000e+00 0.0000e+00 0.0000e+00 2.8000e+00 0.0000e+00 4.2000e+00
  0.0000e+00 0.0000e+00 0.0000e+00 7.6400e+01]]---
Accuracy: 70.16 +- 1.18
---
class acc :
	Alfalfa: 0.00 +- 0.00
	Corn-notill: 53.39 +- 2.48
	Corn-mintill: 48.19 +- 3.71
	Corn: 17.09 +- 3.44
	Grass-pasture: 68.64 +- 9.70
	Grass-trees: 97.96 +- 1.49
	Grass-pasture-mowed: 0.00 +- 0.00
	Hay-windrowed: 97.86 +- 0.99
	Oats: 0.00 +- 0.00
	Soybean-notill: 49.58 +- 3.97
	Soybean-mintill: 84.88 +- 1.97
	Soybean-clean: 31.16 +- 2.24
	Wheat: 97.62 +- 2.73
	Woods: 96.07 +- 1.90
	Buildings-Grass-Trees-Drives: 57.41 +- 7.82
	Stone-Steel-Towers: 90.95 +- 6.93
---
AA: 55.67 +- 1.11
Kappa: 65.26 +- 1.37
