run 1 / 5
Best validation overall accuracy 0.93212890625
Confusion matrix :
[[  22    0    0    0    0    0    0    4    0    0    1    0    0    0
     0    0]
 [   0  793    4    0    0    0    0    0    0   14   41    5    0    0
     0    0]
 [   0   12  422    2    0    0    0    0    0    0   59    3    0    0
     0    0]
 [   0    2    8  132    0    0    0    0    0    0    0    0    0    0
     0    0]
 [   0    2    0    0  268    0    0    0    0    0    5   12    0    3
     0    0]
 [   0    0    0    0    1  437    0    0    0    0    0    0    0    0
     0    0]
 [   0    0    0    0    2    0   15    0    0    0    0    0    0    0
     0    0]
 [   0    0    0    0    0    0    0  287    0    0    0    0    0    0
     0    0]
 [   0    0    0    0    0    0    0    0   12    0    0    0    0    0
     0    0]
 [   0   16    3    0    0    0    0    0    0  481   81    2    0    0
     0    0]
 [   0   21    2    1    0    0    0    0    0   21 1418   10    0    0
     0    0]
 [   0   26    4    1    0    0    0    0    0    0    8  313    0    0
     1    3]
 [   0    0    0    0    0    0    0    0    0    0    0    0  123    0
     0    0]
 [   0    0    0    0    0    1    0    0    0    0    0    0    0  739
    19    0]
 [   0    1    0    0    0    4    0    0    0    0    0    0    1   15
   211    0]
 [   0    0    0    0    0    0    0    0    0    0    0    0    0    0
     0   56]]---
Accuracy : 93.15%
---
class acc :
	Alfalfa: 81.48
	Corn-notill: 92.53
	Corn-mintill: 84.74
	Corn: 92.96
	Grass-pasture: 92.41
	Grass-trees: 99.77
	Grass-pasture-mowed: 88.24
	Hay-windrowed: 100.00
	Oats: 100.00
	Soybean-notill: 82.50
	Soybean-mintill: 96.27
	Soybean-clean: 87.92
	Wheat: 100.00
	Woods: 97.36
	Buildings-Grass-Trees-Drives: 90.95
	Stone-Steel-Towers: 100.00
---
AA: 92.95%
Kappa: 92.16
run 2 / 5
Best validation overall accuracy 0.923828125
Confusion matrix :
[[  25    0    0    0    0    0    0    1    0    1    0    0    0    0
     0    0]
 [   0  758   14    2    0    0    0    0    0   23   60    0    0    0
     0    0]
 [   0    5  448    9    0    0    0    0    0    1   35    0    0    0
     0    0]
 [   0    3    9  129    0    0    0    0    0    0    1    0    0    0
     0    0]
 [   0    9    0    0  265    2    0    0    0    1    7    5    0    0
     1    0]
 [   0    0    0    0    0  437    0    0    0    0    0    0    0    0
     1    0]
 [   0    0    0    0    0    0   17    0    0    0    0    0    0    0
     0    0]
 [   0    0    0    0    0    0    0  287    0    0    0    0    0    0
     0    0]
 [   0    0    0    0    0    0    0    0   12    0    0    0    0    0
     0    0]
 [   0    4    0    0    0    0    0    0    0  509   69    0    0    0
     1    0]
 [   0   24    6    0    0    0    0    0    0   24 1400   16    0    0
     1    2]
 [   0   14    7    0    0    0    0    0    0    2   16  315    0    0
     1    1]
 [   0    0    0    0    0    0    0    0    1    0    1    0  121    0
     0    0]
 [   0    0    0    0    0    1    0    0    0    0    0    0    0  726
    32    0]
 [   0    0    0    0    0    0    0    0    0    0    0    0    0   17
   215    0]
 [   0    0    0    0    0    0    0    0    0    0    0    0    0    0
     0   56]]---
Accuracy : 93.01%
---
class acc :
	Alfalfa: 92.59
	Corn-notill: 88.45
	Corn-mintill: 89.96
	Corn: 90.85
	Grass-pasture: 91.38
	Grass-trees: 99.77
	Grass-pasture-mowed: 100.00
	Hay-windrowed: 100.00
	Oats: 100.00
	Soybean-notill: 87.31
	Soybean-mintill: 95.04
	Soybean-clean: 88.48
	Wheat: 98.37
	Woods: 95.65
	Buildings-Grass-Trees-Drives: 92.67
	Stone-Steel-Towers: 100.00
---
AA: 94.41%
Kappa: 92.01
run 3 / 5
Best validation overall accuracy 0.916015625
Confusion matrix :
[[  23    0    0    0    0    0    0    3    0    0    0    1    0    0
     0    0]
 [   0  750    5    0    0    0    0    0    0   33   62    7    0    0
     0    0]
 [   0    9  350    2    0    0    0    0    0    1  127    8    1    0
     0    0]
 [   0    0   10  130    0    0    0    0    0    0    0    2    0    0
     0    0]
 [   0    0    0    0  269   15    0    0    0    2    0    4    0    0
     0    0]
 [   0    0    0    0    0  437    0    0    0    0    0    0    0    1
     0    0]
 [   0    0    0    0    0    0   17    0    0    0    0    0    0    0
     0    0]
 [   0    0    0    0    0    0    0  287    0    0    0    0    0    0
     0    0]
 [   0    0    2    0    3    1    0    0    6    0    0    0    0    0
     0    0]
 [   0    3    1    0    1    0    0    0    0  524   47    7    0    0
     0    0]
 [   0   39    2    3    1    0    0    0    0   60 1356    9    2    0
     1    0]
 [   0   11    5    0    0    0    0    0    0    1    9  327    0    0
     1    2]
 [   0    0    0    0    0    0    0    0    0    0    0    0  123    0
     0    0]
 [   0    0    0    0    0    0    0    0    0    0    0    0    0  752
     7    0]
 [   0    0    0    0    0    1    0    0    0    0    1    0    0   17
   213    0]
 [   0    0    0    0    0    0    0    0    0    0    0    0    0    0
     0   56]]---
Accuracy : 91.38%
---
class acc :
	Alfalfa: 85.19
	Corn-notill: 87.51
	Corn-mintill: 70.28
	Corn: 91.55
	Grass-pasture: 92.76
	Grass-trees: 99.77
	Grass-pasture-mowed: 100.00
	Hay-windrowed: 100.00
	Oats: 50.00
	Soybean-notill: 89.88
	Soybean-mintill: 92.06
	Soybean-clean: 91.85
	Wheat: 100.00
	Woods: 99.08
	Buildings-Grass-Trees-Drives: 91.81
	Stone-Steel-Towers: 100.00
---
AA: 90.11%
Kappa: 90.14
run 4 / 5
Best validation overall accuracy 0.91748046875
Confusion matrix :
[[  17    0    1    0    0    0    0    8    0    1    0    0    0    0
     0    0]
 [   0  752    8    0    0    0    0    0    0   37   60    0    0    0
     0    0]
 [   0   10  390    2    0    0    0    0    0    6   83    7    0    0
     0    0]
 [   0    4   12  123    0    0    0    0    0    0    1    2    0    0
     0    0]
 [   0    0    0    0  268    0    1    0    0    8    3    4    0    6
     0    0]
 [   0    0    0    0    0  435    0    0    0    0    1    0    0    2
     0    0]
 [   0    0    0    0    0    0   17    0    0    0    0    0    0    0
     0    0]
 [   0    0    0    0    0    0    0  287    0    0    0    0    0    0
     0    0]
 [   0    0    0    0    3    0    0    0    9    0    0    0    0    0
     0    0]
 [   0    6    1    0    0    0    0    0    0  481   91    4    0    0
     0    0]
 [   0   36   14    1    0    0    0    0    0   39 1378    2    0    0
     2    1]
 [   0   23    4    0    0    0    0    0    0    9   17  300    0    0
     2    1]
 [   0    0    0    0    0    0    0    0    0    0    0    0  123    0
     0    0]
 [   0    0    0    0    0    0    0    0    0    0    0    0    0  745
    14    0]
 [   0    1    0    0    0    0    0    0    0    0    0    0    0   25
   206    0]
 [   0    0    0    0    0    0    0    0    0    1    0    0    0    0
     0   55]]---
Accuracy : 90.83%
---
class acc :
	Alfalfa: 62.96
	Corn-notill: 87.75
	Corn-mintill: 78.31
	Corn: 86.62
	Grass-pasture: 92.41
	Grass-trees: 99.32
	Grass-pasture-mowed: 100.00
	Hay-windrowed: 100.00
	Oats: 75.00
	Soybean-notill: 82.50
	Soybean-mintill: 93.55
	Soybean-clean: 84.27
	Wheat: 100.00
	Woods: 98.16
	Buildings-Grass-Trees-Drives: 88.79
	Stone-Steel-Towers: 98.21
---
AA: 89.24%
Kappa: 89.49
run 5 / 5
Best validation overall accuracy 0.91015625
Confusion matrix :
[[  21    0    1    0    0    0    0    5    0    0    0    0    0    0
     0    0]
 [   0  724    4    0    0    0    0    0    0   35   88    6    0    0
     0    0]
 [   0    5  432    2    0    0    0    0    0    4   50    5    0    0
     0    0]
 [   0    5   16  119    0    0    0    0    0    0    2    0    0    0
     0    0]
 [   0    0    0    0  272    2    0    0    0    0    2   12    0    2
     0    0]
 [   0    0    0    0    1  433    0    0    0    0    1    0    0    3
     0    0]
 [   0    0    0    0    3    0    9    5    0    0    0    0    0    0
     0    0]
 [   0    0    0    0    0    0    0  287    0    0    0    0    0    0
     0    0]
 [   0    0    0    0    0    4    0    0    8    0    0    0    0    0
     0    0]
 [   0    9    6    0    0    0    0    0    0  469   95    4    0    0
     0    0]
 [   0   35   16    0    0    0    0    0    0   14 1400    5    0    0
     3    0]
 [   0   22    3    5    0    0    0    0    0    5   21  297    0    0
     1    2]
 [   0    0    0    0    0    0    0    0    0    0    0    0  123    0
     0    0]
 [   0    0    0    0    0    0    0    0    0    0    0    0    0  747
    12    0]
 [   0    0    0    0    0    6    0    0    0    0    0    1    0   29
   196    0]
 [   0    0    0    0    0    0    0    0    0    0    0    1    0    0
     0   55]]---
Accuracy : 90.93%
---
class acc :
	Alfalfa: 77.78
	Corn-notill: 84.48
	Corn-mintill: 86.75
	Corn: 83.80
	Grass-pasture: 93.79
	Grass-trees: 98.86
	Grass-pasture-mowed: 52.94
	Hay-windrowed: 100.00
	Oats: 66.67
	Soybean-notill: 80.45
	Soybean-mintill: 95.04
	Soybean-clean: 83.43
	Wheat: 100.00
	Woods: 98.42
	Buildings-Grass-Trees-Drives: 84.48
	Stone-Steel-Towers: 98.21
---
AA: 86.57%
Kappa: 89.60
Agregated results :
Confusion matrix :
[[2.1600e+01 0.0000e+00 4.0000e-01 0.0000e+00 0.0000e+00 0.0000e+00
  0.0000e+00 4.2000e+00 0.0000e+00 4.0000e-01 2.0000e-01 2.0000e-01
  0.0000e+00 0.0000e+00 0.0000e+00 0.0000e+00]
 [0.0000e+00 7.5540e+02 7.0000e+00 4.0000e-01 0.0000e+00 0.0000e+00
  0.0000e+00 0.0000e+00 0.0000e+00 2.8400e+01 6.2200e+01 3.6000e+00
  0.0000e+00 0.0000e+00 0.0000e+00 0.0000e+00]
 [0.0000e+00 8.2000e+00 4.0840e+02 3.4000e+00 0.0000e+00 0.0000e+00
  0.0000e+00 0.0000e+00 0.0000e+00 2.4000e+00 7.0800e+01 4.6000e+00
  2.0000e-01 0.0000e+00 0.0000e+00 0.0000e+00]
 [0.0000e+00 2.8000e+00 1.1000e+01 1.2660e+02 0.0000e+00 0.0000e+00
  0.0000e+00 0.0000e+00 0.0000e+00 0.0000e+00 8.0000e-01 8.0000e-01
  0.0000e+00 0.0000e+00 0.0000e+00 0.0000e+00]
 [0.0000e+00 2.2000e+00 0.0000e+00 0.0000e+00 2.6840e+02 3.8000e+00
  2.0000e-01 0.0000e+00 0.0000e+00 2.2000e+00 3.4000e+00 7.4000e+00
  0.0000e+00 2.2000e+00 2.0000e-01 0.0000e+00]
 [0.0000e+00 0.0000e+00 0.0000e+00 0.0000e+00 4.0000e-01 4.3580e+02
  0.0000e+00 0.0000e+00 0.0000e+00 0.0000e+00 4.0000e-01 0.0000e+00
  0.0000e+00 1.2000e+00 2.0000e-01 0.0000e+00]
 [0.0000e+00 0.0000e+00 0.0000e+00 0.0000e+00 1.0000e+00 0.0000e+00
  1.5000e+01 1.0000e+00 0.0000e+00 0.0000e+00 0.0000e+00 0.0000e+00
  0.0000e+00 0.0000e+00 0.0000e+00 0.0000e+00]
 [0.0000e+00 0.0000e+00 0.0000e+00 0.0000e+00 0.0000e+00 0.0000e+00
  0.0000e+00 2.8700e+02 0.0000e+00 0.0000e+00 0.0000e+00 0.0000e+00
  0.0000e+00 0.0000e+00 0.0000e+00 0.0000e+00]
 [0.0000e+00 0.0000e+00 4.0000e-01 0.0000e+00 1.2000e+00 1.0000e+00
  0.0000e+00 0.0000e+00 9.4000e+00 0.0000e+00 0.0000e+00 0.0000e+00
  0.0000e+00 0.0000e+00 0.0000e+00 0.0000e+00]
 [0.0000e+00 7.6000e+00 2.2000e+00 0.0000e+00 2.0000e-01 0.0000e+00
  0.0000e+00 0.0000e+00 0.0000e+00 4.9280e+02 7.6600e+01 3.4000e+00
  0.0000e+00 0.0000e+00 2.0000e-01 0.0000e+00]
 [0.0000e+00 3.1000e+01 8.0000e+00 1.0000e+00 2.0000e-01 0.0000e+00
  0.0000e+00 0.0000e+00 0.0000e+00 3.1600e+01 1.3904e+03 8.4000e+00
  4.0000e-01 0.0000e+00 1.4000e+00 6.0000e-01]
 [0.0000e+00 1.9200e+01 4.6000e+00 1.2000e+00 0.0000e+00 0.0000e+00
  0.0000e+00 0.0000e+00 0.0000e+00 3.4000e+00 1.4200e+01 3.1040e+02
  0.0000e+00 0.0000e+00 1.2000e+00 1.8000e+00]
 [0.0000e+00 0.0000e+00 0.0000e+00 0.0000e+00 0.0000e+00 0.0000e+00
  0.0000e+00 0.0000e+00 2.0000e-01 0.0000e+00 2.0000e-01 0.0000e+00
  1.2260e+02 0.0000e+00 0.0000e+00 0.0000e+00]
 [0.0000e+00 0.0000e+00 0.0000e+00 0.0000e+00 0.0000e+00 4.0000e-01
  0.0000e+00 0.0000e+00 0.0000e+00 0.0000e+00 0.0000e+00 0.0000e+00
  0.0000e+00 7.4180e+02 1.6800e+01 0.0000e+00]
 [0.0000e+00 4.0000e-01 0.0000e+00 0.0000e+00 0.0000e+00 2.2000e+00
  0.0000e+00 0.0000e+00 0.0000e+00 0.0000e+00 2.0000e-01 2.0000e-01
  2.0000e-01 2.0600e+01 2.0820e+02 0.0000e+00]
 [0.0000e+00 0.0000e+00 0.0000e+00 0.0000e+00 0.0000e+00 0.0000e+00
  0.0000e+00 0.0000e+00 0.0000e+00 2.0000e-01 0.0000e+00 2.0000e-01
  0.0000e+00 0.0000e+00 0.0000e+00 5.5600e+01]]---
Accuracy: 91.86 +- 1.02
---
class acc :
	Alfalfa: 80.00 +- 9.83
	Corn-notill: 88.14 +- 2.58
	Corn-mintill: 82.01 +- 6.99
	Corn: 89.15 +- 3.41
	Grass-pasture: 92.55 +- 0.77
	Grass-trees: 99.50 +- 0.37
	Grass-pasture-mowed: 88.24 +- 18.23
	Hay-windrowed: 100.00 +- 0.00
	Oats: 78.33 +- 19.44
	Soybean-notill: 84.53 +- 3.50
	Soybean-mintill: 94.39 +- 1.45
	Soybean-clean: 87.19 +- 3.05
	Wheat: 99.67 +- 0.65
	Woods: 97.73 +- 1.18
	Buildings-Grass-Trees-Drives: 89.74 +- 2.93
	Stone-Steel-Towers: 99.29 +- 0.87
---
AA: 90.65 +- 2.77
Kappa: 90.68 +- 1.17
