run 1 / 5
Best validation overall accuracy 0.931640625
Confusion matrix :
[[  14    0    0    1    1    0    2   23    0    0    0    0    0    0
     0    0]
 [   0 1102   12    0    0    0    0    0    0   46  102   21    1    0
     1    0]
 [   0    9  659    9    0    0    0    0    0    1   57   12    0    0
     0    0]
 [   0    0    8  200    0    1    0    0    0    1    0    3    0    0
     0    0]
 [   3    0    9    9  369    3    7    9    0    0    2    1    0    1
    22    0]
 [   0    0    2    0    1  650    0    0    0    1    2    0    0    0
     1    0]
 [   0    0    0    0    0    0   24    1    0    0    0    0    0    0
     0    0]
 [   0    0    0    0    0    0    0  430    0    0    0    0    0    0
     0    0]
 [   0    0    0    0    1    0    0    0    8    2    0    0    7    0
     0    0]
 [   0    0   24    0    0    0    0    0    0  754   90    4    0    0
     3    0]
 [   0   10    3    0    0    0    0    0    0   25 2172    0    0    0
     0    0]
 [   0    8   20    6    0    0    0    3    0    6   14  466    0    0
    11    0]
 [   0    0    0    0    0    0    0    0    0    0    0    0  185    0
     0    0]
 [   0    0    0    0   17    0    0    0    1    0    2    4   13 1089
    13    0]
 [   0    0    0    0    2    0    0    0    0    2    1    0    9   27
   306    0]
 [   0    2    0    0    0    0    0    0    0    0    0   11    0    0
     0   71]]---
Accuracy : 92.13%
---
class acc :
	Alfalfa: 34.15
	Corn-notill: 85.76
	Corn-mintill: 88.22
	Corn: 93.90
	Grass-pasture: 84.83
	Grass-trees: 98.93
	Grass-pasture-mowed: 96.00
	Hay-windrowed: 100.00
	Oats: 44.44
	Soybean-notill: 86.17
	Soybean-mintill: 98.28
	Soybean-clean: 87.27
	Wheat: 100.00
	Woods: 95.61
	Buildings-Grass-Trees-Drives: 88.18
	Stone-Steel-Towers: 84.52
---
AA: 85.39%
Kappa: 91.00
run 2 / 5
Best validation overall accuracy 0.904296875
Confusion matrix :
[[   8    1    0    2    0    1    0   28    0    0    0    1    0    0
     0    0]
 [   0 1090   16    3    2    0    0    1    0   14  146    8    0    4
     1    0]
 [   0    0  679   15    0    1    0    0    0    2   36   12    1    0
     0    1]
 [   0    3   46  114    0    4    0    3    0    2   15   23    1    1
     1    0]
 [   5    0    5    3  402    0    3    9    0    6    0    0    0    2
     0    0]
 [   0    0    0    0    1  649    0    0    0    0    0    0    0    0
     7    0]
 [   0    0    0    1    0    0   13    5    0    3    0    0    0    0
     2    1]
 [   1    0    0    0    0    0    4  425    0    0    0    0    0    0
     0    0]
 [   0    0    1    3    1    6    0    0    2    1    0    0    0    0
     4    0]
 [   0   65   19    1    0    1    0    2    0  675   95   13    0    1
     3    0]
 [   0   52   58    5    0    4    0    0    0   26 2065    0    0    0
     0    0]
 [   0   22   26   10    4    0    0    0    0    6   10  449    1    0
     6    0]
 [   0    0    1    0    2    0    0    0    0    0    2    0  178    0
     2    0]
 [   0    0    0    0    4    0    0    0    0    0    0    0    0 1110
    25    0]
 [   0    0    0    1    0    5    0    0    0    0    0    0    1   49
   291    0]
 [   0    1    0    2    0    0    1    0    0    0    0    5    0    0
     0   75]]---
Accuracy : 89.16%
---
class acc :
	Alfalfa: 19.51
	Corn-notill: 84.82
	Corn-mintill: 90.90
	Corn: 53.52
	Grass-pasture: 92.41
	Grass-trees: 98.78
	Grass-pasture-mowed: 52.00
	Hay-windrowed: 98.84
	Oats: 11.11
	Soybean-notill: 77.14
	Soybean-mintill: 93.44
	Soybean-clean: 84.08
	Wheat: 96.22
	Woods: 97.45
	Buildings-Grass-Trees-Drives: 83.86
	Stone-Steel-Towers: 89.29
---
AA: 76.46%
Kappa: 87.60
run 3 / 5
Best validation overall accuracy 0.908203125
Confusion matrix :
[[  27    7    0    0    1    1    0    4    0    0    0    1    0    0
     0    0]
 [   0 1147   24    3    0    0    0    1    0   24   52   31    0    3
     0    0]
 [   0   39  628    8    0    2    0    0    0   12   41   16    0    1
     0    0]
 [   0   12   15  170    0    1    0    0    0    0    3   10    0    0
     2    0]
 [   3    6    1    0  408    4    1    0    0    2    3    3    0    2
     2    0]
 [   0    0    0    0    0  655    0    0    0    0    0    0    0    0
     2    0]
 [   0    8    0    0    4    0   10    0    0    1    0    0    0    0
     2    0]
 [   1    1    0    1    0    0    0  425    0    0    0    0    0    1
     1    0]
 [   0    0    0    0    0    0    0    0    7    2    2    1    0    0
     6    0]
 [   0   21    0    0    2    0    0    0    0  762   80    7    0    2
     1    0]
 [   0   43    9    0    2    2    0    1    0   42 2078   31    2    0
     0    0]
 [   0   31   22    5    1    3    0    2    0    6   30  427    0    0
     5    2]
 [   0    0    0    0    0    0    0    0    0    0    1    0  182    2
     0    0]
 [   0    0    0    0    0    0    0    0    0    0    0    0    0 1138
     1    0]
 [   0    0    0    0    0    0    0    0    0    0    0    1    1   90
   255    0]
 [   0    1    0    0    0    0    0    0    0    1    0    8    0    0
     0   74]]---
Accuracy : 90.98%
---
class acc :
	Alfalfa: 65.85
	Corn-notill: 89.26
	Corn-mintill: 84.07
	Corn: 79.81
	Grass-pasture: 93.79
	Grass-trees: 99.70
	Grass-pasture-mowed: 40.00
	Hay-windrowed: 98.84
	Oats: 38.89
	Soybean-notill: 87.09
	Soybean-mintill: 94.03
	Soybean-clean: 79.96
	Wheat: 98.38
	Woods: 99.91
	Buildings-Grass-Trees-Drives: 73.49
	Stone-Steel-Towers: 88.10
---
AA: 81.95%
Kappa: 89.68
run 4 / 5
Best validation overall accuracy 0.927734375
Confusion matrix :
[[  23    6    0    0    0    0    0   12    0    0    0    0    0    0
     0    0]
 [   0 1209    7    1    1    0    0    2    0   38   19    4    0    2
     1    1]
 [   1   42  654    5    0    0    1    0    0    1   25   16    0    0
     2    0]
 [   0   12   29  162    1    0    1    1    0    3    2    2    0    0
     0    0]
 [   3    0    2    0  382   15    5    2    0    0    4   15    1    5
     1    0]
 [   0    0    0    0    4  645    0    0    0    0    5    0    0    2
     1    0]
 [   3    0    0    0    6    0   16    0    0    0    0    0    0    0
     0    0]
 [   2    0    0    0    0    0    1  427    0    0    0    0    0    0
     0    0]
 [   0    0    0    5    0    6    0    0    7    0    0    0    0    0
     0    0]
 [   0   19    2    1    4    0    0    0    0  772   66    8    0    0
     3    0]
 [   0   44   12    1    0    0    0    0    0   42 2103    7    0    0
     1    0]
 [   0   19   16    2    1    0    1    0    0   10   21  463    0    0
     0    1]
 [   0    0    0    0    0    0    0    0    0    0    0    0  184    0
     1    0]
 [   0    0    0    0    4    0    0    0    1    0    0    0    1 1109
    24    0]
 [   2    0    0    0    3   25    2    2    0    1    0    2    5   51
   254    0]
 [   0    2    0    0    0    0    0    0    0    0    3    7    0    0
     0   72]]---
Accuracy : 91.95%
---
class acc :
	Alfalfa: 56.10
	Corn-notill: 94.09
	Corn-mintill: 87.55
	Corn: 76.06
	Grass-pasture: 87.82
	Grass-trees: 98.17
	Grass-pasture-mowed: 64.00
	Hay-windrowed: 99.30
	Oats: 38.89
	Soybean-notill: 88.23
	Soybean-mintill: 95.16
	Soybean-clean: 86.70
	Wheat: 99.46
	Woods: 97.37
	Buildings-Grass-Trees-Drives: 73.20
	Stone-Steel-Towers: 85.71
---
AA: 82.99%
Kappa: 90.80
run 5 / 5
Best validation overall accuracy 0.935546875
Confusion matrix :
[[  11   10    0    0    1    0    0   14    1    1    0    3    0    0
     0    0]
 [   0 1246    1    4    0    0    0    1    0   23    6    4    0    0
     0    0]
 [   0    5  706   17    0    0    0    0    0    0   17    1    0    1
     0    0]
 [   0    9   23  173    0    0    0    0    0    0    3    4    1    0
     0    0]
 [   1    8    0    0  390    0    1   10    0    5    0    4    1   10
     5    0]
 [   0    0    0    0    0  657    0    0    0    0    0    0    0    0
     0    0]
 [   0    3    0    0    0    0   22    0    0    0    0    0    0    0
     0    0]
 [   2    0    0    0    3    0    0  415    0    0    0    0    0    2
     8    0]
 [   0    0    0    0    3    3    0    0    3    0    0    5    3    1
     0    0]
 [   0   50    0    0    0    0    0    0    0  792   29    4    0    0
     0    0]
 [   0   54   37    0    1    0    0    0    0   72 2026   20    0    0
     0    0]
 [   0   33    8   13    1    1    0    1    0   11    6  459    1    0
     0    0]
 [   0    0    0    0    2    1    0    0    0    0    1    0  179    2
     0    0]
 [   0    0    0    0    0    0    0    0    0    0    0    0    0 1134
     5    0]
 [   0    2    0    0    4   15    0    0    0    0    0    1    6   33
   285    1]
 [   0    2    0    0    0    0    0    0    0    0    0    1    0    0
     0   81]]---
Accuracy : 93.00%
---
class acc :
	Alfalfa: 26.83
	Corn-notill: 96.96
	Corn-mintill: 94.51
	Corn: 81.22
	Grass-pasture: 89.66
	Grass-trees: 100.00
	Grass-pasture-mowed: 88.00
	Hay-windrowed: 96.51
	Oats: 16.67
	Soybean-notill: 90.51
	Soybean-mintill: 91.67
	Soybean-clean: 85.96
	Wheat: 96.76
	Woods: 99.56
	Buildings-Grass-Trees-Drives: 82.13
	Stone-Steel-Towers: 96.43
---
AA: 83.34%
Kappa: 92.02
Agregated results :
Confusion matrix :
[[1.6600e+01 4.8000e+00 0.0000e+00 6.0000e-01 6.0000e-01 4.0000e-01
  4.0000e-01 1.6200e+01 2.0000e-01 2.0000e-01 0.0000e+00 1.0000e+00
  0.0000e+00 0.0000e+00 0.0000e+00 0.0000e+00]
 [0.0000e+00 1.1588e+03 1.2000e+01 2.2000e+00 6.0000e-01 0.0000e+00
  0.0000e+00 1.0000e+00 0.0000e+00 2.9000e+01 6.5000e+01 1.3600e+01
  2.0000e-01 1.8000e+00 6.0000e-01 2.0000e-01]
 [2.0000e-01 1.9000e+01 6.6520e+02 1.0800e+01 0.0000e+00 6.0000e-01
  2.0000e-01 0.0000e+00 0.0000e+00 3.2000e+00 3.5200e+01 1.1400e+01
  2.0000e-01 4.0000e-01 4.0000e-01 2.0000e-01]
 [0.0000e+00 7.2000e+00 2.4200e+01 1.6380e+02 2.0000e-01 1.2000e+00
  2.0000e-01 8.0000e-01 0.0000e+00 1.2000e+00 4.6000e+00 8.4000e+00
  4.0000e-01 2.0000e-01 6.0000e-01 0.0000e+00]
 [3.0000e+00 2.8000e+00 3.4000e+00 2.4000e+00 3.9020e+02 4.4000e+00
  3.4000e+00 6.0000e+00 0.0000e+00 2.6000e+00 1.8000e+00 4.6000e+00
  4.0000e-01 4.0000e+00 6.0000e+00 0.0000e+00]
 [0.0000e+00 0.0000e+00 4.0000e-01 0.0000e+00 1.2000e+00 6.5120e+02
  0.0000e+00 0.0000e+00 0.0000e+00 2.0000e-01 1.4000e+00 0.0000e+00
  0.0000e+00 4.0000e-01 2.2000e+00 0.0000e+00]
 [6.0000e-01 2.2000e+00 0.0000e+00 2.0000e-01 2.0000e+00 0.0000e+00
  1.7000e+01 1.2000e+00 0.0000e+00 8.0000e-01 0.0000e+00 0.0000e+00
  0.0000e+00 0.0000e+00 8.0000e-01 2.0000e-01]
 [1.2000e+00 2.0000e-01 0.0000e+00 2.0000e-01 6.0000e-01 0.0000e+00
  1.0000e+00 4.2440e+02 0.0000e+00 0.0000e+00 0.0000e+00 0.0000e+00
  0.0000e+00 6.0000e-01 1.8000e+00 0.0000e+00]
 [0.0000e+00 0.0000e+00 2.0000e-01 1.6000e+00 1.0000e+00 3.0000e+00
  0.0000e+00 0.0000e+00 5.4000e+00 1.0000e+00 4.0000e-01 1.2000e+00
  2.0000e+00 2.0000e-01 2.0000e+00 0.0000e+00]
 [0.0000e+00 3.1000e+01 9.0000e+00 4.0000e-01 1.2000e+00 2.0000e-01
  0.0000e+00 4.0000e-01 0.0000e+00 7.5100e+02 7.2000e+01 7.2000e+00
  0.0000e+00 6.0000e-01 2.0000e+00 0.0000e+00]
 [0.0000e+00 4.0600e+01 2.3800e+01 1.2000e+00 6.0000e-01 1.2000e+00
  0.0000e+00 2.0000e-01 0.0000e+00 4.1400e+01 2.0888e+03 1.1600e+01
  4.0000e-01 0.0000e+00 2.0000e-01 0.0000e+00]
 [0.0000e+00 2.2600e+01 1.8400e+01 7.2000e+00 1.4000e+00 8.0000e-01
  2.0000e-01 1.2000e+00 0.0000e+00 7.8000e+00 1.6200e+01 4.5280e+02
  4.0000e-01 0.0000e+00 4.4000e+00 6.0000e-01]
 [0.0000e+00 0.0000e+00 2.0000e-01 0.0000e+00 8.0000e-01 2.0000e-01
  0.0000e+00 0.0000e+00 0.0000e+00 0.0000e+00 8.0000e-01 0.0000e+00
  1.8160e+02 8.0000e-01 6.0000e-01 0.0000e+00]
 [0.0000e+00 0.0000e+00 0.0000e+00 0.0000e+00 5.0000e+00 0.0000e+00
  0.0000e+00 0.0000e+00 4.0000e-01 0.0000e+00 4.0000e-01 8.0000e-01
  2.8000e+00 1.1160e+03 1.3600e+01 0.0000e+00]
 [4.0000e-01 4.0000e-01 0.0000e+00 2.0000e-01 1.8000e+00 9.0000e+00
  4.0000e-01 4.0000e-01 0.0000e+00 6.0000e-01 2.0000e-01 8.0000e-01
  4.4000e+00 5.0000e+01 2.7820e+02 2.0000e-01]
 [0.0000e+00 1.6000e+00 0.0000e+00 4.0000e-01 0.0000e+00 0.0000e+00
  2.0000e-01 0.0000e+00 0.0000e+00 2.0000e-01 6.0000e-01 6.4000e+00
  0.0000e+00 0.0000e+00 0.0000e+00 7.4600e+01]]---
Accuracy: 91.44 +- 1.31
---
class acc :
	Alfalfa: 40.49 +- 17.63
	Corn-notill: 90.18 +- 4.70
	Corn-mintill: 89.05 +- 3.49
	Corn: 76.90 +- 13.14
	Grass-pasture: 89.70 +- 3.21
	Grass-trees: 99.12 +- 0.66
	Grass-pasture-mowed: 68.00 +- 21.17
	Hay-windrowed: 98.70 +- 1.17
	Oats: 30.00 +- 13.43
	Soybean-notill: 85.83 +- 4.58
	Soybean-mintill: 94.52 +- 2.19
	Soybean-clean: 84.79 +- 2.64
	Wheat: 98.16 +- 1.47
	Woods: 97.98 +- 1.58
	Buildings-Grass-Trees-Drives: 80.17 +- 5.92
	Stone-Steel-Towers: 88.81 +- 4.16
---
AA: 82.02 +- 3.00
Kappa: 90.22 +- 1.51
