run 1 / 5
Best validation overall accuracy 0.99267578125
Confusion matrix :
[[  26    1    0    0    0    0    0    0    0    0    0    0    0    0
     0    0]
 [   0  855    2    0    0    0    0    0    0    0    0    0    0    0
     0    0]
 [   0    2  495    1    0    0    0    0    0    0    0    0    0    0
     0    0]
 [   0    0    0  142    0    0    0    0    0    0    0    0    0    0
     0    0]
 [   0    0    0    4  285    0    0    0    0    0    0    0    0    0
     1    0]
 [   0    0    0    0    0  438    0    0    0    0    0    0    0    0
     0    0]
 [   0    0    0    0    0    0   17    0    0    0    0    0    0    0
     0    0]
 [   0    0    0    0    0    0    0  287    0    0    0    0    0    0
     0    0]
 [   0    0    0    0    0    0    0    0   12    0    0    0    0    0
     0    0]
 [   0    0    0    0    0    0    0    0    0  567   14    2    0    0
     0    0]
 [   0    4    0    0    0    0    0    0    0    2 1467    0    0    0
     0    0]
 [   0    0    1    0    0    0    0    0    0    0    0  354    0    0
     0    1]
 [   0    0    0    0    0    0    0    0    0    0    0    0  123    0
     0    0]
 [   0    0    0    0    1    0    0    0    0    0    0    0    0  754
     4    0]
 [   0    0    0    0    0    0    0    0    0    0    0    0    0    9
   223    0]
 [   0    0    0    0    0    0    0    0    0    0    0    1    0    0
     0   55]]---
Accuracy : 99.19%
---
class acc :
	Alfalfa: 96.30
	Corn-notill: 99.77
	Corn-mintill: 99.40
	Corn: 100.00
	Grass-pasture: 98.28
	Grass-trees: 100.00
	Grass-pasture-mowed: 100.00
	Hay-windrowed: 100.00
	Oats: 100.00
	Soybean-notill: 97.26
	Soybean-mintill: 99.59
	Soybean-clean: 99.44
	Wheat: 100.00
	Woods: 99.34
	Buildings-Grass-Trees-Drives: 96.12
	Stone-Steel-Towers: 98.21
---
AA: 98.98%
Kappa: 99.07
run 2 / 5
Best validation overall accuracy 0.990234375
Confusion matrix :
[[  25    1    0    0    0    0    0    1    0    0    0    0    0    0
     0    0]
 [   0  851    0    0    0    0    0    0    0    1    4    0    0    1
     0    0]
 [   0    0  493    2    0    0    0    0    0    0    2    1    0    0
     0    0]
 [   0    0    2  140    0    0    0    0    0    0    0    0    0    0
     0    0]
 [   6    0    0    0  284    0    0    0    0    0    0    0    0    0
     0    0]
 [   0    0    0    0    0  437    0    0    0    0    0    0    0    0
     1    0]
 [   0    0    0    0    0    0   17    0    0    0    0    0    0    0
     0    0]
 [   0    0    0    0    0    0    0  287    0    0    0    0    0    0
     0    0]
 [   0    0    0    0    0    0    0    0   12    0    0    0    0    0
     0    0]
 [   0    0    0    0    0    0    0    0    0  577    5    0    0    1
     0    0]
 [   0    4    0    0    0    0    0    0    0    4 1465    0    0    0
     0    0]
 [   0    0    0    1    0    0    0    0    0    0    1  354    0    0
     0    0]
 [   0    0    0    0    0    0    0    0    0    0    0    0  123    0
     0    0]
 [   0    0    0    0    0    0    0    0    0    0    0    0    0  750
     9    0]
 [   0    0    0    0    0    1    0    0    0    0    0    0    0    8
   223    0]
 [   0    0    0    0    0    0    0    0    0    0    0    0    0    0
     0   56]]---
Accuracy : 99.09%
---
class acc :
	Alfalfa: 92.59
	Corn-notill: 99.30
	Corn-mintill: 99.00
	Corn: 98.59
	Grass-pasture: 97.93
	Grass-trees: 99.77
	Grass-pasture-mowed: 100.00
	Hay-windrowed: 100.00
	Oats: 100.00
	Soybean-notill: 98.97
	Soybean-mintill: 99.46
	Soybean-clean: 99.44
	Wheat: 100.00
	Woods: 98.81
	Buildings-Grass-Trees-Drives: 96.12
	Stone-Steel-Towers: 100.00
---
AA: 98.75%
Kappa: 98.96
run 3 / 5
Best validation overall accuracy 0.99609375
Confusion matrix :
[[  27    0    0    0    0    0    0    0    0    0    0    0    0    0
     0    0]
 [   0  853    1    1    0    0    0    0    0    1    1    0    0    0
     0    0]
 [   0    0  491    6    0    0    0    0    0    1    0    0    0    0
     0    0]
 [   0    0    0  142    0    0    0    0    0    0    0    0    0    0
     0    0]
 [   0    0    3    0  286    0    0    0    0    0    0    1    0    0
     0    0]
 [   0    0    0    0    0  438    0    0    0    0    0    0    0    0
     0    0]
 [   0    0    0    0    0    0   17    0    0    0    0    0    0    0
     0    0]
 [   0    0    0    0    0    0    0  287    0    0    0    0    0    0
     0    0]
 [   0    0    0    0    1    0    0    0   11    0    0    0    0    0
     0    0]
 [   0    0    0    0    0    0    0    0    0  579    4    0    0    0
     0    0]
 [   0    3    0    0    1    0    0    0    0   11 1457    0    0    0
     1    0]
 [   0    0    1    1    0    0    0    0    0    0    0  353    0    0
     0    1]
 [   0    0    0    0    0    0    0    0    0    0    0    0  123    0
     0    0]
 [   0    0    0    0    0    0    0    0    0    0    0    0    0  759
     0    0]
 [   0    0    0    0    0    0    0    0    0    0    0    0    0    1
   231    0]
 [   0    0    0    0    0    0    0    0    0    0    0    0    0    0
     0   56]]---
Accuracy : 99.35%
---
class acc :
	Alfalfa: 100.00
	Corn-notill: 99.53
	Corn-mintill: 98.59
	Corn: 100.00
	Grass-pasture: 98.62
	Grass-trees: 100.00
	Grass-pasture-mowed: 100.00
	Hay-windrowed: 100.00
	Oats: 91.67
	Soybean-notill: 99.31
	Soybean-mintill: 98.91
	Soybean-clean: 99.16
	Wheat: 100.00
	Woods: 100.00
	Buildings-Grass-Trees-Drives: 99.57
	Stone-Steel-Towers: 100.00
---
AA: 99.09%
Kappa: 99.26
run 4 / 5
Best validation overall accuracy 0.99267578125
Confusion matrix :
[[  20    0    0    0    2    0    0    0    0    2    0    1    0    0
     2    0]
 [   0  852    1    0    0    0    0    0    0    1    1    2    0    0
     0    0]
 [   0    0  497    0    0    0    0    0    0    0    0    1    0    0
     0    0]
 [   0    0    3  138    0    0    0    0    0    0    0    1    0    0
     0    0]
 [   0    0    0    0  277    0    0    0    0   12    0    1    0    0
     0    0]
 [   0    0    0    0    0  438    0    0    0    0    0    0    0    0
     0    0]
 [   0    0    0    0    2    0   15    0    0    0    0    0    0    0
     0    0]
 [   0    0    0    0    0    0    0  287    0    0    0    0    0    0
     0    0]
 [   0    0    0    1    0    0    0    0   11    0    0    0    0    0
     0    0]
 [   0    1    0    0    0    0    0    0    0  577    4    1    0    0
     0    0]
 [   0    8    0    0    0    0    0    0    0    9 1455    1    0    0
     0    0]
 [   0    0    2    0    0    0    0    0    0    0    0  354    0    0
     0    0]
 [   0    0    0    0    0    0    0    0    0    0    0    0  123    0
     0    0]
 [   0    0    0    0    0    0    0    0    0    0    0    0    0  744
    15    0]
 [   0    0    0    0    0    0    0    0    0    3    0    0    0    0
   229    0]
 [   0    0    0    0    0    0    0    0    0    0    0    2    0    0
     0   54]]---
Accuracy : 98.72%
---
class acc :
	Alfalfa: 74.07
	Corn-notill: 99.42
	Corn-mintill: 99.80
	Corn: 97.18
	Grass-pasture: 95.52
	Grass-trees: 100.00
	Grass-pasture-mowed: 88.24
	Hay-windrowed: 100.00
	Oats: 91.67
	Soybean-notill: 98.97
	Soybean-mintill: 98.78
	Soybean-clean: 99.44
	Wheat: 100.00
	Woods: 98.02
	Buildings-Grass-Trees-Drives: 98.71
	Stone-Steel-Towers: 96.43
---
AA: 96.01%
Kappa: 98.54
run 5 / 5
Best validation overall accuracy 0.99267578125
Confusion matrix :
[[  23    0    0    0    1    0    0    3    0    0    0    0    0    0
     0    0]
 [   0  853    0    0    0    0    0    0    0    0    4    0    0    0
     0    0]
 [   0    1  491    3    0    0    0    0    0    1    2    0    0    0
     0    0]
 [   0    0    2  139    0    0    0    0    0    0    0    1    0    0
     0    0]
 [   1    2    0    0  286    0    0    0    0    0    1    0    0    0
     0    0]
 [   0    0    0    0    0  433    0    0    0    0    0    0    0    3
     2    0]
 [   0    0    0    0    1    1   15    0    0    0    0    0    0    0
     0    0]
 [   0    0    0    0    0    0    0  287    0    0    0    0    0    0
     0    0]
 [   0    0    0    0    0    0    0    0   12    0    0    0    0    0
     0    0]
 [   0    2    0    0    0    0    0    0    0  570   10    1    0    0
     0    0]
 [   0    1    0    0    0    0    0    0    0    4 1466    1    0    0
     1    0]
 [   0    0    0    0    0    0    0    0    0    1    2  351    0    0
     1    1]
 [   0    0    0    0    0    0    0    0    0    0    0    0  123    0
     0    0]
 [   0    0    0    0    0    0    0    0    0    0    0    0    0  759
     0    0]
 [   0    0    0    0    0    0    0    0    0    0    0    0    0    5
   227    0]
 [   0    0    2    0    0    0    0    0    0    0    0    1    0    0
     0   53]]---
Accuracy : 98.99%
---
class acc :
	Alfalfa: 85.19
	Corn-notill: 99.53
	Corn-mintill: 98.59
	Corn: 97.89
	Grass-pasture: 98.62
	Grass-trees: 98.86
	Grass-pasture-mowed: 88.24
	Hay-windrowed: 100.00
	Oats: 100.00
	Soybean-notill: 97.77
	Soybean-mintill: 99.52
	Soybean-clean: 98.60
	Wheat: 100.00
	Woods: 100.00
	Buildings-Grass-Trees-Drives: 97.84
	Stone-Steel-Towers: 94.64
---
AA: 97.21%
Kappa: 98.85
Agregated results :
Confusion matrix :
[[2.420e+01 4.000e-01 0.000e+00 0.000e+00 6.000e-01 0.000e+00 0.000e+00
  8.000e-01 0.000e+00 4.000e-01 0.000e+00 2.000e-01 0.000e+00 0.000e+00
  4.000e-01 0.000e+00]
 [0.000e+00 8.528e+02 8.000e-01 2.000e-01 0.000e+00 0.000e+00 0.000e+00
  0.000e+00 0.000e+00 6.000e-01 2.000e+00 4.000e-01 0.000e+00 2.000e-01
  0.000e+00 0.000e+00]
 [0.000e+00 6.000e-01 4.934e+02 2.400e+00 0.000e+00 0.000e+00 0.000e+00
  0.000e+00 0.000e+00 4.000e-01 8.000e-01 4.000e-01 0.000e+00 0.000e+00
  0.000e+00 0.000e+00]
 [0.000e+00 0.000e+00 1.400e+00 1.402e+02 0.000e+00 0.000e+00 0.000e+00
  0.000e+00 0.000e+00 0.000e+00 0.000e+00 4.000e-01 0.000e+00 0.000e+00
  0.000e+00 0.000e+00]
 [1.400e+00 4.000e-01 6.000e-01 8.000e-01 2.836e+02 0.000e+00 0.000e+00
  0.000e+00 0.000e+00 2.400e+00 2.000e-01 4.000e-01 0.000e+00 0.000e+00
  2.000e-01 0.000e+00]
 [0.000e+00 0.000e+00 0.000e+00 0.000e+00 0.000e+00 4.368e+02 0.000e+00
  0.000e+00 0.000e+00 0.000e+00 0.000e+00 0.000e+00 0.000e+00 6.000e-01
  6.000e-01 0.000e+00]
 [0.000e+00 0.000e+00 0.000e+00 0.000e+00 6.000e-01 2.000e-01 1.620e+01
  0.000e+00 0.000e+00 0.000e+00 0.000e+00 0.000e+00 0.000e+00 0.000e+00
  0.000e+00 0.000e+00]
 [0.000e+00 0.000e+00 0.000e+00 0.000e+00 0.000e+00 0.000e+00 0.000e+00
  2.870e+02 0.000e+00 0.000e+00 0.000e+00 0.000e+00 0.000e+00 0.000e+00
  0.000e+00 0.000e+00]
 [0.000e+00 0.000e+00 0.000e+00 2.000e-01 2.000e-01 0.000e+00 0.000e+00
  0.000e+00 1.160e+01 0.000e+00 0.000e+00 0.000e+00 0.000e+00 0.000e+00
  0.000e+00 0.000e+00]
 [0.000e+00 6.000e-01 0.000e+00 0.000e+00 0.000e+00 0.000e+00 0.000e+00
  0.000e+00 0.000e+00 5.740e+02 7.400e+00 8.000e-01 0.000e+00 2.000e-01
  0.000e+00 0.000e+00]
 [0.000e+00 4.000e+00 0.000e+00 0.000e+00 2.000e-01 0.000e+00 0.000e+00
  0.000e+00 0.000e+00 6.000e+00 1.462e+03 4.000e-01 0.000e+00 0.000e+00
  4.000e-01 0.000e+00]
 [0.000e+00 0.000e+00 8.000e-01 4.000e-01 0.000e+00 0.000e+00 0.000e+00
  0.000e+00 0.000e+00 2.000e-01 6.000e-01 3.532e+02 0.000e+00 0.000e+00
  2.000e-01 6.000e-01]
 [0.000e+00 0.000e+00 0.000e+00 0.000e+00 0.000e+00 0.000e+00 0.000e+00
  0.000e+00 0.000e+00 0.000e+00 0.000e+00 0.000e+00 1.230e+02 0.000e+00
  0.000e+00 0.000e+00]
 [0.000e+00 0.000e+00 0.000e+00 0.000e+00 2.000e-01 0.000e+00 0.000e+00
  0.000e+00 0.000e+00 0.000e+00 0.000e+00 0.000e+00 0.000e+00 7.532e+02
  5.600e+00 0.000e+00]
 [0.000e+00 0.000e+00 0.000e+00 0.000e+00 0.000e+00 2.000e-01 0.000e+00
  0.000e+00 0.000e+00 6.000e-01 0.000e+00 0.000e+00 0.000e+00 4.600e+00
  2.266e+02 0.000e+00]
 [0.000e+00 0.000e+00 4.000e-01 0.000e+00 0.000e+00 0.000e+00 0.000e+00
  0.000e+00 0.000e+00 0.000e+00 0.000e+00 8.000e-01 0.000e+00 0.000e+00
  0.000e+00 5.480e+01]]---
Accuracy: 99.07 +- 0.21
---
class acc :
	Alfalfa: 89.63 +- 9.19
	Corn-notill: 99.51 +- 0.15
	Corn-mintill: 99.08 +- 0.47
	Corn: 98.73 +- 1.13
	Grass-pasture: 97.79 +- 1.17
	Grass-trees: 99.73 +- 0.44
	Grass-pasture-mowed: 95.29 +- 5.76
	Hay-windrowed: 100.00 +- 0.00
	Oats: 96.67 +- 4.08
	Soybean-notill: 98.46 +- 0.80
	Soybean-mintill: 99.25 +- 0.34
	Soybean-clean: 99.21 +- 0.33
	Wheat: 100.00 +- 0.00
	Woods: 99.24 +- 0.75
	Buildings-Grass-Trees-Drives: 97.67 +- 1.38
	Stone-Steel-Towers: 97.86 +- 2.08
---
AA: 98.01 +- 1.21
Kappa: 98.94 +- 0.24
