run 1 / 5
Best validation overall accuracy 0.88671875
Confusion matrix :
[[1157   11    0   21    0    0    0    1    0    0    0    0    8    0
     3]
 [  27 1176    0    0    0    0    0    0    0    0    0    0    1    0
     0]
 [   0    1  652    0    0    3    1    0    0    3    0    0    0    0
     9]
 [   8   17    0 1144    0    0   15    1    0    0    2    0    7    0
     0]
 [   0    3    0    0 1152    0   10    0   21    2    2    0    0    1
     1]
 [  13    5    1   12    0  228   40    5    6    0    2    0    0    0
     0]
 [   2   18    0    5    0    0 1114   16   14    2   35    4    0    6
     1]
 [   0    5    0    6   10    6    6  865   30   19   28  184    2   18
    15]
 [   4    7    0   12   32    1   18    1  919   44   56  104    1    2
     1]
 [   0    5    1    0    0    0    3    0    8 1117   36    8    0    0
     0]
 [   3    6    1   10   10    0   34    9   38   58 1005    1    0    2
     9]
 [   0    1    0    0   17    2    9    7   14   89    0 1045    0    0
     0]
 [  22   19    1   13    0   22   25   83    9    3    7   79  144   14
     9]
 [   0    5    0    8    0    0    3   19   13    0   16    4    0  330
    13]
 [   8   22    1    0    0    0    1    1    0    0    0    0    0    8
   593]]---
Accuracy : 87.61%
---
class acc :
	Healthy grass: 96.34
	Stressed grass: 97.67
	Synthetic grass: 97.46
	Trees: 95.81
	Soil: 96.64
	Water: 73.08
	Residential: 91.54
	Commercial: 72.45
	Road: 76.46
	Highway: 94.82
	Railway: 84.74
	Parking Lot 1: 88.26
	Parking Lot 2: 32.00
	Tennis Court: 80.29
	Running Track: 93.53
---
AA: 84.74%
Kappa: 86.59
run 2 / 5
Best validation overall accuracy 0.9375
Confusion matrix :
[[1151   37    0   10    0    0    0    0    0    0    0    0    0    3
     0]
 [  57 1124    0   20    1    0    1    0    0    1    0    0    0    0
     0]
 [   0    0  664    0    0    0    1    0    0    0    0    0    0    1
     3]
 [  89    1    0 1093    6    0    0    0    1    0    0    0    1    3
     0]
 [   0    0    0    0 1183    0    0    4    5    0    0    0    0    0
     0]
 [   2   20    0    5    0  187   51    0    3    4    0    0   19   13
     8]
 [   2    8    1    0    1   16 1123   33    2    3   14    1    3   10
     0]
 [   0    3    0    2    6    0    7 1032   21   17   31   55    2   10
     8]
 [   0    3    0    0    3    1   17    4 1054   46   50    7    6    2
     9]
 [   0    0    0    0   21    0    0    0   72 1032    3   41    1    0
     8]
 [   0    0    0    0    0    1   24   15   47  158  918    7   16    0
     0]
 [   0    0    1    1    0    0   23    1   52    5    4 1089    8    0
     0]
 [   0   21    1   12    0    6    4    4    9   24    2    9  351    7
     0]
 [   0    8    0    1    0    0    8    0    0    0    0    0    6  381
     7]
 [   4    4    0    0    0    0    0    1    0    0    0    0    0    0
   625]]---
Accuracy : 90.15%
---
class acc :
	Healthy grass: 95.84
	Stressed grass: 93.36
	Synthetic grass: 99.25
	Trees: 91.54
	Soil: 99.24
	Water: 59.94
	Residential: 92.28
	Commercial: 86.43
	Road: 87.69
	Highway: 87.61
	Railway: 77.40
	Parking Lot 1: 91.98
	Parking Lot 2: 78.00
	Tennis Court: 92.70
	Running Track: 98.58
---
AA: 88.79%
Kappa: 89.35
run 3 / 5
Best validation overall accuracy 0.9453125
Confusion matrix :
[[1032   55    0  109    0    0    4    0    0    0    0    0    1    0
     0]
 [  12 1162    0    0    0    0    1    0   20    3    0    0    2    4
     0]
 [   0    0  669    0    0    0    0    0    0    0    0    0    0    0
     0]
 [   0    1    0 1174    0    0    8    3    1    0    4    0    3    0
     0]
 [   0    0    0    0 1125    0    0    0   26    0    0    0    0    0
    41]
 [   4    0    0    6    0  166   82   25   10    1    0   14    3    1
     0]
 [   0   15    9    4    0    1 1117   14   20    1   29    0    0    7
     0]
 [   0    0   26    8   28    9    8  925   37   29   10   64   14   21
    15]
 [   0    1    9    0    0    0   30    2 1072   21   59    4    1    3
     0]
 [   0    0    0    0    0    0    0    0   47 1046   30   55    0    0
     0]
 [   0    0    4    0    0    6    5    0   47  102 1012    0    2    2
     6]
 [   0    0    0    1    5    0   54    8   37    8    0 1067    4    0
     0]
 [   2    0    0    9    0    0    3   39    2   21    0   80  288    6
     0]
 [   0    0    0    0    0    0    2    2    0    0    3    0   19  385
     0]
 [   0    0   31    0    0    0    1    1    1    0    0    1    0   17
   582]]---
Accuracy : 88.87%
---
class acc :
	Healthy grass: 85.93
	Stressed grass: 96.51
	Synthetic grass: 100.00
	Trees: 98.32
	Soil: 94.38
	Water: 53.21
	Residential: 91.78
	Commercial: 77.47
	Road: 89.18
	Highway: 88.79
	Railway: 85.33
	Parking Lot 1: 90.12
	Parking Lot 2: 64.00
	Tennis Court: 93.67
	Running Track: 91.80
---
AA: 86.70%
Kappa: 87.96
run 4 / 5
Best validation overall accuracy 0.7890625
Confusion matrix :
[[ 935  159    0  101    0    0    0    0    0    0    0    0    0    6
     0]
 [ 605  395    0  186    3    0    5    0    0    0    0    0    0   10
     0]
 [   0    0  628    0    0   11   25    4    0    0    0    0    0    0
     1]
 [ 260  171    1  724    1    0   12    0   16    1    0    1    0    7
     0]
 [   0    0    0    0 1185    0    0    5    0    1    1    0    0    0
     0]
 [   0    0    0    0    0  186   82   30   14    0    0    0    0    0
     0]
 [   0    2    7    0    0    1 1125   19   37    2   17    3    4    0
     0]
 [   0    0    1    0    5    0    7 1101   31    2    8   21    3    1
    14]
 [   0   26    0    0    0    0   20    7 1060   26   55    3    5    0
     0]
 [   0    0    0    0    0    0    0    0   18 1043  109    8    0    0
     0]
 [   0    0   15    0    0    0    8   39    2   84 1030    0    0    8
     0]
 [   0    0    0    0    0    0   23  139   99   60    0  857    6    0
     0]
 [   0    0    0    0    0    1    1  130   18   15    8   82  194    1
     0]
 [   0    0    0    0    0    0    0    8    0    0   14    2    2  379
     6]
 [   0    0    0    0   68    0    0    0    0    0    0    0    0    0
   566]]---
Accuracy : 79.07%
---
class acc :
	Healthy grass: 77.85
	Stressed grass: 32.81
	Synthetic grass: 93.87
	Trees: 60.64
	Soil: 99.41
	Water: 59.62
	Residential: 92.44
	Commercial: 92.21
	Road: 88.19
	Highway: 88.54
	Railway: 86.85
	Parking Lot 1: 72.38
	Parking Lot 2: 43.11
	Tennis Court: 92.21
	Running Track: 89.27
---
AA: 77.96%
Kappa: 77.34
run 5 / 5
Best validation overall accuracy 0.8828125
Confusion matrix :
[[1089   77    0   27    4    0    0    1    1    0    0    0    0    2
     0]
 [   7 1164    0    6    3    0    1    0   21    0    0    0    0    1
     1]
 [   0    0  664    0    0    0    0    0    0    0    0    0    0    0
     5]
 [  18    0    0 1166    0    0    0    0    3    0    0    0    6    0
     1]
 [   1    0    0    0 1189    0    0    0    0    0    2    0    0    0
     0]
 [   1    5    0    1    0  147  102    3    5    8    4    4   32    0
     0]
 [   2    2    1    1    3   25 1076    3   18    2   56    3    8    4
    13]
 [   4    0    7    2    4    0   45  922   34   16   36   79    8    4
    33]
 [   0   17    0    1   19    0    6   17  924   85   65   59    7    2
     0]
 [   0    0    0    0    5    2    7    6   13  908  208   28    1    0
     0]
 [   5   14    7   16    4    0   29    2   53   33  999    3   12    6
     3]
 [   0    0    0    0    8    2   37   10   22   29   29 1044    1    2
     0]
 [   8    7    1   46    0   20    9   40   24    9   37   24  224    0
     1]
 [   1    1    0   31    0    0    0    1    2    0    2    0    0  373
     0]
 [   0    1    4    0    0    0    2    1    0    0    0    0    0    0
   626]]---
Accuracy : 86.74%
---
class acc :
	Healthy grass: 90.67
	Stressed grass: 96.68
	Synthetic grass: 99.25
	Trees: 97.65
	Soil: 99.75
	Water: 47.12
	Residential: 88.41
	Commercial: 77.22
	Road: 76.87
	Highway: 77.08
	Railway: 84.23
	Parking Lot 1: 88.18
	Parking Lot 2: 49.78
	Tennis Court: 90.75
	Running Track: 98.74
---
AA: 84.16%
Kappa: 85.65
Agregated results :
Confusion matrix :
[[1.0728e+03 6.7800e+01 0.0000e+00 5.3600e+01 8.0000e-01 0.0000e+00
  8.0000e-01 4.0000e-01 2.0000e-01 0.0000e+00 0.0000e+00 0.0000e+00
  1.8000e+00 2.2000e+00 6.0000e-01]
 [1.4160e+02 1.0042e+03 0.0000e+00 4.2400e+01 1.4000e+00 0.0000e+00
  1.6000e+00 0.0000e+00 8.2000e+00 8.0000e-01 0.0000e+00 0.0000e+00
  6.0000e-01 3.0000e+00 2.0000e-01]
 [0.0000e+00 2.0000e-01 6.5540e+02 0.0000e+00 0.0000e+00 2.8000e+00
  5.4000e+00 8.0000e-01 0.0000e+00 6.0000e-01 0.0000e+00 0.0000e+00
  0.0000e+00 2.0000e-01 3.6000e+00]
 [7.5000e+01 3.8000e+01 2.0000e-01 1.0602e+03 1.4000e+00 0.0000e+00
  7.0000e+00 8.0000e-01 4.2000e+00 2.0000e-01 1.2000e+00 2.0000e-01
  3.4000e+00 2.0000e+00 2.0000e-01]
 [2.0000e-01 6.0000e-01 0.0000e+00 0.0000e+00 1.1668e+03 0.0000e+00
  2.0000e+00 1.8000e+00 1.0400e+01 6.0000e-01 1.0000e+00 0.0000e+00
  0.0000e+00 2.0000e-01 8.4000e+00]
 [4.0000e+00 6.0000e+00 2.0000e-01 4.8000e+00 0.0000e+00 1.8280e+02
  7.1400e+01 1.2600e+01 7.6000e+00 2.6000e+00 1.2000e+00 3.6000e+00
  1.0800e+01 2.8000e+00 1.6000e+00]
 [1.2000e+00 9.0000e+00 3.6000e+00 2.0000e+00 8.0000e-01 8.6000e+00
  1.1110e+03 1.7000e+01 1.8200e+01 2.0000e+00 3.0200e+01 2.2000e+00
  3.0000e+00 5.4000e+00 2.8000e+00]
 [8.0000e-01 1.6000e+00 6.8000e+00 3.6000e+00 1.0600e+01 3.0000e+00
  1.4600e+01 9.6900e+02 3.0600e+01 1.6600e+01 2.2600e+01 8.0600e+01
  5.8000e+00 1.0800e+01 1.7000e+01]
 [8.0000e-01 1.0800e+01 1.8000e+00 2.6000e+00 1.0800e+01 4.0000e-01
  1.8200e+01 6.2000e+00 1.0058e+03 4.4400e+01 5.7000e+01 3.5400e+01
  4.0000e+00 1.8000e+00 2.0000e+00]
 [0.0000e+00 1.0000e+00 2.0000e-01 0.0000e+00 5.2000e+00 4.0000e-01
  2.0000e+00 1.2000e+00 3.1600e+01 1.0292e+03 7.7200e+01 2.8000e+01
  4.0000e-01 0.0000e+00 1.6000e+00]
 [1.6000e+00 4.0000e+00 5.4000e+00 5.2000e+00 2.8000e+00 1.4000e+00
  2.0000e+01 1.3000e+01 3.7400e+01 8.7000e+01 9.9280e+02 2.2000e+00
  6.0000e+00 3.6000e+00 3.6000e+00]
 [0.0000e+00 2.0000e-01 2.0000e-01 4.0000e-01 6.0000e+00 8.0000e-01
  2.9200e+01 3.3000e+01 4.4800e+01 3.8200e+01 6.6000e+00 1.0204e+03
  3.8000e+00 4.0000e-01 0.0000e+00]
 [6.4000e+00 9.4000e+00 6.0000e-01 1.6000e+01 0.0000e+00 9.8000e+00
  8.4000e+00 5.9200e+01 1.2400e+01 1.4400e+01 1.0800e+01 5.4800e+01
  2.4020e+02 5.6000e+00 2.0000e+00]
 [2.0000e-01 2.8000e+00 0.0000e+00 8.0000e+00 0.0000e+00 0.0000e+00
  2.6000e+00 6.0000e+00 3.0000e+00 0.0000e+00 7.0000e+00 1.2000e+00
  5.4000e+00 3.6960e+02 5.2000e+00]
 [2.4000e+00 5.4000e+00 7.2000e+00 0.0000e+00 1.3600e+01 0.0000e+00
  8.0000e-01 8.0000e-01 2.0000e-01 0.0000e+00 0.0000e+00 2.0000e-01
  0.0000e+00 5.0000e+00 5.9840e+02]]---
Accuracy: 86.49 +- 3.89
---
class acc :
	Healthy grass: 89.33 +- 6.88
	Stressed grass: 83.41 +- 25.34
	Synthetic grass: 97.97 +- 2.21
	Trees: 88.79 +- 14.28
	Soil: 97.89 +- 2.07
	Water: 58.59 +- 8.64
	Residential: 91.29 +- 1.47
	Commercial: 81.16 +- 7.14
	Road: 83.68 +- 5.75
	Highway: 87.37 +- 5.74
	Railway: 83.71 +- 3.27
	Parking Lot 1: 86.18 +- 7.04
	Parking Lot 2: 53.38 +- 16.09
	Tennis Court: 89.93 +- 4.91
	Running Track: 94.38 +- 3.74
---
AA: 84.47 +- 3.64
Kappa: 85.38 +- 4.21
