run 1 / 5
Best validation overall accuracy 0.9801136363636364
Confusion matrix :
[[1125    0    0    1    0    0    0    0    0    0    0    0    0    0
     0]
 [   8 1120    0    1    0    0    0    0    0    0    0    0    0    0
     0]
 [   0    0  627    0    0    0    0    0    0    0    0    0    0    0
     0]
 [   0    0    0 1119    0    0    1    0    0    0    0    0    0    0
     0]
 [   0   10    0    0 1107    0    0    1    0    0    0    0    0    0
     0]
 [   0    0    1    0    0  291    0    0    0    0    0    0    0    0
     0]
 [   0    2    6    0    0    4 1109    3    7    1    4    4    1    0
     0]
 [   0    0    0    0   18    0    8 1005   10   17   28   24    1    0
     9]
 [   0    0    0    1    0    2   22    2 1029   26   29   16    0    0
     0]
 [   0    0    0    0    0    0    0    0   20 1078    3    3    0    0
     0]
 [   0    0    0    0    0    0    0    0    1   22 1088    0    1    0
     0]
 [   0    0    0    0    4    0    9    4    5    3    0 1085    0    0
     0]
 [   0    0    0    0    0    0    3    2    1    7   11   24  374    0
     0]
 [   0    0    0    0    0    0    0    1    1    0    0    0    0  383
     0]
 [   0    0    0    0    0    0    0    0    0    0    0    0    0    0
   594]]---
Accuracy : 97.09%
---
class acc :
	Healthy grass: 99.91
	Stressed grass: 99.20
	Synthetic grass: 100.00
	Trees: 99.91
	Soil: 99.02
	Water: 99.66
	Residential: 97.20
	Commercial: 89.73
	Road: 91.30
	Highway: 97.64
	Railway: 97.84
	Parking Lot 1: 97.75
	Parking Lot 2: 88.63
	Tennis Court: 99.48
	Running Track: 100.00
---
AA: 97.15%
Kappa: 96.86
run 2 / 5
Best validation overall accuracy 0.96875
Confusion matrix :
[[1111   10    0    0    0    0    0    0    0    0    0    0    0    0
     5]
 [  18 1111    0    0    0    0    0    0    0    0    0    0    0    0
     0]
 [   0    0  627    0    0    0    0    0    0    0    0    0    0    0
     0]
 [  73    3    0 1042    0    0    1    0    1    0    0    0    0    0
     0]
 [   0    3    0    0 1111    0    0    1    0    2    1    0    0    0
     0]
 [   3    1    0    0    0  275    8    4    0    1    0    0    0    0
     0]
 [   0    2    0    1    0    1 1095    7   14    0   17    0    2    0
     2]
 [   0    0    0    0    2    0    4 1028   16    1   11   55    1    1
     1]
 [   0    0    0    0    0    0    9    1 1035   19   22   41    0    0
     0]
 [   0    0    0    0    0    0    0    0   68 1024    8    4    0    0
     0]
 [   0    0    1    0    0    0    7    1   53    6 1040    0    4    0
     0]
 [   0    0    0    0    0    0   23    0   18    0    0 1067    2    0
     0]
 [   0    0    2    0    0    2    2    8    0    9   10    8  381    0
     0]
 [   0    0    0    0    0    0    0    0    0    0    2    0    0  383
     0]
 [   0    0    0    0    0    0    0    0    0    0    0    0    0   12
   582]]---
Accuracy : 95.45%
---
class acc :
	Healthy grass: 98.67
	Stressed grass: 98.41
	Synthetic grass: 100.00
	Trees: 93.04
	Soil: 99.37
	Water: 94.18
	Residential: 95.97
	Commercial: 91.79
	Road: 91.84
	Highway: 92.75
	Railway: 93.53
	Parking Lot 1: 96.13
	Parking Lot 2: 90.28
	Tennis Court: 99.48
	Running Track: 97.98
---
AA: 95.56%
Kappa: 95.08
run 3 / 5
Best validation overall accuracy 0.9659090909090909
Confusion matrix :
[[1034   65    0   27    0    0    0    0    0    0    0    0    0    0
     0]
 [   1 1117    0    0    0    0    1    0   10    0    0    0    0    0
     0]
 [   0    0  627    0    0    0    0    0    0    0    0    0    0    0
     0]
 [   7    3    0 1109    0    0    1    0    0    0    0    0    0    0
     0]
 [   0    0    0    0 1108    0    0    2    1    0    1    6    0    0
     0]
 [   4    0    0    1    1  249   26    4    4    0    0    0    3    0
     0]
 [   0    1    6    0    2    0 1085    2   14    2   25    1    2    0
     1]
 [   1    3    0    0   18    1    1 1012    6    1    3   41    2    2
    29]
 [   0    1    0    2    0    0    0    0 1080   18   22    4    0    0
     0]
 [   0    0    0    0    0    0    0    0   44 1054    6    0    0    0
     0]
 [   0    0    0    0    2    0    2    1   29   12 1061    0    2    3
     0]
 [   0    0    0    0    0    0   29    1    9    4    0 1067    0    0
     0]
 [   0    0    0    0    0    0    1    8    0   15    4   15  379    0
     0]
 [   0    0    0    0    0    0    0    1    0    0    0    0    1  383
     0]
 [   0    0    0    0    0    0    0    0    0    0    1    0    0    0
   593]]---
Accuracy : 95.79%
---
class acc :
	Healthy grass: 91.83
	Stressed grass: 98.94
	Synthetic grass: 100.00
	Trees: 99.02
	Soil: 99.11
	Water: 85.27
	Residential: 95.09
	Commercial: 90.36
	Road: 95.83
	Highway: 95.47
	Railway: 95.41
	Parking Lot 1: 96.13
	Parking Lot 2: 89.81
	Tennis Court: 99.48
	Running Track: 99.83
---
AA: 95.44%
Kappa: 95.45
run 4 / 5
Best validation overall accuracy 0.9474431818181818
Confusion matrix :
[[1097    7    0   20    0    1    1    0    0    0    0    0    0    0
     0]
 [   3 1121    0    0    1    0    0    0    0    0    0    0    0    3
     1]
 [   0    0  625    0    0    0    0    0    0    2    0    0    0    0
     0]
 [  18   10    0 1084    0    0    4    0    0    0    0    0    1    3
     0]
 [   0    0    0    0 1106    0    0    0    7    0    1    0    0    0
     4]
 [   0    0    0    1    1  248   34    1    0    0    0    0    7    0
     0]
 [   0    2    4    0    4    0 1076    4   16    2    9   16    3    1
     4]
 [   0    0    0    0   25    1   18 1009    9    0   17   22   11    0
     8]
 [   0    0    0    0   14    0    2    1  991   54   19   46    0    0
     0]
 [   0    0    0    0    0    0    0    0   60 1025    7   12    0    0
     0]
 [   0    0    0    0    0    1   24    1   44   73  963    0    6    0
     0]
 [   0    0    0    0    1    0   11    0   20    0    0 1076    2    0
     0]
 [   0    0    1    0    0    7    2    6    2   11   13    9  370    0
     1]
 [   2    0    0    0    0    0    1    0    0    0    0    0    0  382
     0]
 [   0    0    0    0    0    0    0    0    0    0    0    0    0    0
   594]]---
Accuracy : 94.38%
---
class acc :
	Healthy grass: 97.42
	Stressed grass: 99.29
	Synthetic grass: 99.68
	Trees: 96.79
	Soil: 98.93
	Water: 84.93
	Residential: 94.30
	Commercial: 90.09
	Road: 87.93
	Highway: 92.84
	Railway: 86.60
	Parking Lot 1: 96.94
	Parking Lot 2: 87.68
	Tennis Court: 99.22
	Running Track: 100.00
---
AA: 94.18%
Kappa: 93.93
run 5 / 5
Best validation overall accuracy 0.9715909090909091
Confusion matrix :
[[1096    3    0   27    0    0    0    0    0    0    0    0    0    0
     0]
 [   7 1122    0    0    0    0    0    0    0    0    0    0    0    0
     0]
 [   0    0  627    0    0    0    0    0    0    0    0    0    0    0
     0]
 [   1    3    0 1113    0    0    3    0    0    0    0    0    0    0
     0]
 [   1    0    0    0 1105    0    0    0    0    0   11    1    0    0
     0]
 [   2    0    4    0    0  256   11    1    7    0    0    0    8    0
     3]
 [   1    0    9    2    0    3 1004    7   28    9   12   44    7    3
    12]
 [   1    0    0    0    4    0   28 1004    8    0    9   33    0    2
    31]
 [   0    1    0    0    4    0    2    0 1084   13   11   12    0    0
     0]
 [   0    0    0    0    0    0    0    0   11 1048   14   31    0    0
     0]
 [   0    0    0    1    0    0    6    0   36    5 1058    3    2    0
     1]
 [   0    0    0    0    0    0    8   36   25    2    0 1039    0    0
     0]
 [   0    0    0    0    0    2    2    2    4    5   11   15  378    0
     3]
 [   0    0    0    0    0    0    0    0    0    0    0    0    0  385
     0]
 [   0    0    0    1    0    0    0    0    0    0    0    0    5    0
   588]]---
Accuracy : 95.42%
---
class acc :
	Healthy grass: 97.34
	Stressed grass: 99.38
	Synthetic grass: 100.00
	Trees: 99.38
	Soil: 98.84
	Water: 87.67
	Residential: 87.99
	Commercial: 89.64
	Road: 96.18
	Highway: 94.93
	Railway: 95.14
	Parking Lot 1: 93.60
	Parking Lot 2: 89.57
	Tennis Court: 100.00
	Running Track: 98.99
---
AA: 95.24%
Kappa: 95.04
Agregated results :
Confusion matrix :
[[1.0926e+03 1.7000e+01 0.0000e+00 1.5000e+01 0.0000e+00 2.0000e-01
  2.0000e-01 0.0000e+00 0.0000e+00 0.0000e+00 0.0000e+00 0.0000e+00
  0.0000e+00 0.0000e+00 1.0000e+00]
 [7.4000e+00 1.1182e+03 0.0000e+00 2.0000e-01 2.0000e-01 0.0000e+00
  2.0000e-01 0.0000e+00 2.0000e+00 0.0000e+00 0.0000e+00 0.0000e+00
  0.0000e+00 6.0000e-01 2.0000e-01]
 [0.0000e+00 0.0000e+00 6.2660e+02 0.0000e+00 0.0000e+00 0.0000e+00
  0.0000e+00 0.0000e+00 0.0000e+00 4.0000e-01 0.0000e+00 0.0000e+00
  0.0000e+00 0.0000e+00 0.0000e+00]
 [1.9800e+01 3.8000e+00 0.0000e+00 1.0934e+03 0.0000e+00 0.0000e+00
  2.0000e+00 0.0000e+00 2.0000e-01 0.0000e+00 0.0000e+00 0.0000e+00
  2.0000e-01 6.0000e-01 0.0000e+00]
 [2.0000e-01 2.6000e+00 0.0000e+00 0.0000e+00 1.1074e+03 0.0000e+00
  0.0000e+00 8.0000e-01 1.6000e+00 4.0000e-01 2.8000e+00 1.4000e+00
  0.0000e+00 0.0000e+00 8.0000e-01]
 [1.8000e+00 2.0000e-01 1.0000e+00 4.0000e-01 4.0000e-01 2.6380e+02
  1.5800e+01 2.0000e+00 2.2000e+00 2.0000e-01 0.0000e+00 0.0000e+00
  3.6000e+00 0.0000e+00 6.0000e-01]
 [2.0000e-01 1.4000e+00 5.0000e+00 6.0000e-01 1.2000e+00 1.6000e+00
  1.0738e+03 4.6000e+00 1.5800e+01 2.8000e+00 1.3400e+01 1.3000e+01
  3.0000e+00 8.0000e-01 3.8000e+00]
 [4.0000e-01 6.0000e-01 0.0000e+00 0.0000e+00 1.3400e+01 4.0000e-01
  1.1800e+01 1.0116e+03 9.8000e+00 3.8000e+00 1.3600e+01 3.5000e+01
  3.0000e+00 1.0000e+00 1.5600e+01]
 [0.0000e+00 4.0000e-01 0.0000e+00 6.0000e-01 3.6000e+00 4.0000e-01
  7.0000e+00 8.0000e-01 1.0438e+03 2.6000e+01 2.0600e+01 2.3800e+01
  0.0000e+00 0.0000e+00 0.0000e+00]
 [0.0000e+00 0.0000e+00 0.0000e+00 0.0000e+00 0.0000e+00 0.0000e+00
  0.0000e+00 0.0000e+00 4.0600e+01 1.0458e+03 7.6000e+00 1.0000e+01
  0.0000e+00 0.0000e+00 0.0000e+00]
 [0.0000e+00 0.0000e+00 2.0000e-01 2.0000e-01 4.0000e-01 2.0000e-01
  7.8000e+00 6.0000e-01 3.2600e+01 2.3600e+01 1.0420e+03 6.0000e-01
  3.0000e+00 6.0000e-01 2.0000e-01]
 [0.0000e+00 0.0000e+00 0.0000e+00 0.0000e+00 1.0000e+00 0.0000e+00
  1.6000e+01 8.2000e+00 1.5400e+01 1.8000e+00 0.0000e+00 1.0668e+03
  8.0000e-01 0.0000e+00 0.0000e+00]
 [0.0000e+00 0.0000e+00 6.0000e-01 0.0000e+00 0.0000e+00 2.2000e+00
  2.0000e+00 5.2000e+00 1.4000e+00 9.4000e+00 9.8000e+00 1.4200e+01
  3.7640e+02 0.0000e+00 8.0000e-01]
 [4.0000e-01 0.0000e+00 0.0000e+00 0.0000e+00 0.0000e+00 0.0000e+00
  2.0000e-01 4.0000e-01 2.0000e-01 0.0000e+00 4.0000e-01 0.0000e+00
  2.0000e-01 3.8320e+02 0.0000e+00]
 [0.0000e+00 0.0000e+00 0.0000e+00 2.0000e-01 0.0000e+00 0.0000e+00
  0.0000e+00 0.0000e+00 0.0000e+00 0.0000e+00 2.0000e-01 0.0000e+00
  1.0000e+00 2.4000e+00 5.9020e+02]]---
Accuracy: 95.63 +- 0.87
---
class acc :
	Healthy grass: 97.03 +- 2.77
	Stressed grass: 99.04 +- 0.35
	Synthetic grass: 99.94 +- 0.13
	Trees: 97.62 +- 2.53
	Soil: 99.05 +- 0.18
	Water: 90.34 +- 5.72
	Residential: 94.11 +- 3.21
	Commercial: 90.32 +- 0.78
	Road: 92.62 +- 3.08
	Highway: 94.73 +- 1.82
	Railway: 93.71 +- 3.81
	Parking Lot 1: 96.11 +- 1.39
	Parking Lot 2: 89.19 +- 0.93
	Tennis Court: 99.53 +- 0.25
	Running Track: 99.36 +- 0.79
---
AA: 95.51 +- 0.95
Kappa: 95.27 +- 0.94
