run 1 / 5
Best validation overall accuracy 0.9602272727272727
Confusion matrix :
[[1103    0    0   23    0    0    0    0    0    0    0    0    0    0
     0]
 [  14 1111    0    0    0    0    1    0    0    1    2    0    0    0
     0]
 [   0    0  627    0    0    0    0    0    0    0    0    0    0    0
     0]
 [  13    2    0 1102    0    0    3    0    0    0    0    0    0    0
     0]
 [   0    0    0    0 1116    0    0    0    0    0    0    2    0    0
     0]
 [   0    0    9    0    2  269   10    0    0    0    0    0    2    0
     0]
 [   0    2    4    1    0    0 1097    6    8    4   11    3    3    2
     0]
 [   0    0    0    0    8    0   24  971   29   23   18   34    3    0
    10]
 [   0    0    0    0    0    0   10    0 1062    9   19   21    6    0
     0]
 [   0    0    0    0    0    0    0    0   51 1047    6    0    0    0
     0]
 [   0    0    0    0    1    0    8    0   34    4 1065    0    0    0
     0]
 [   0    0    0    0    0    0   23    0    4    2    0 1079    2    0
     0]
 [   0    0    0    0    0    1    3    0    3   12    6   13  383    0
     1]
 [   0    0    0    0    0    0    6    0    0    0    0    0    7  365
     7]
 [   0    0    0    0    0    0    1    0    0    0    0    0    0    0
   593]]---
Accuracy : 96.03%
---
class acc :
	Healthy grass: 97.96
	Stressed grass: 98.41
	Synthetic grass: 100.00
	Trees: 98.39
	Soil: 99.82
	Water: 92.12
	Residential: 96.14
	Commercial: 86.70
	Road: 94.23
	Highway: 94.84
	Railway: 95.77
	Parking Lot 1: 97.21
	Parking Lot 2: 90.76
	Tennis Court: 94.81
	Running Track: 99.83
---
AA: 95.80%
Kappa: 95.71
run 2 / 5
Best validation overall accuracy 0.9502840909090909
Confusion matrix :
[[1101    3    0   22    0    0    0    0    0    0    0    0    0    0
     0]
 [   9 1115    0    0    0    0    0    0    0    0    0    0    5    0
     0]
 [   0    0  627    0    0    0    0    0    0    0    0    0    0    0
     0]
 [   5    0    0 1114    0    0    0    0    0    0    0    0    0    1
     0]
 [   0    0    0    0 1103    0    0   11    0    1    2    1    0    0
     0]
 [   0    2    2    0    0  272   10    4    1    0    0    0    1    0
     0]
 [   0    6    3    4    1    3 1055    4   25    0   36    0    0    4
     0]
 [   0    0    0    0    0    3   46  984   23    0   12   41    2    0
     9]
 [   0    1    1    0    1    0   17    5 1051   21   12   17    1    0
     0]
 [   0    0    0    0    0    0    0    1   22 1049   32    0    0    0
     0]
 [   0    0    0    0    2    0    1    2   42    7 1051    0    4    3
     0]
 [   0    0    0    0    0    0   54    1   12   32    1 1010    0    0
     0]
 [   0    0    1    0    0    0    0    3    5    6   14    3  389    0
     1]
 [   0    0    0    3    0    0    9    0   12    0    0    0    3  356
     2]
 [   0    0    0    0    0    0    1    0    0    0    0    0    0    0
   593]]---
Accuracy : 95.14%
---
class acc :
	Healthy grass: 97.78
	Stressed grass: 98.76
	Synthetic grass: 100.00
	Trees: 99.46
	Soil: 98.66
	Water: 93.15
	Residential: 92.46
	Commercial: 87.86
	Road: 93.26
	Highway: 95.02
	Railway: 94.51
	Parking Lot 1: 90.99
	Parking Lot 2: 92.18
	Tennis Court: 92.47
	Running Track: 99.83
---
AA: 95.09%
Kappa: 94.75
run 3 / 5
Best validation overall accuracy 0.9744318181818182
Confusion matrix :
[[1123    0    0    3    0    0    0    0    0    0    0    0    0    0
     0]
 [  10 1119    0    0    0    0    0    0    0    0    0    0    0    0
     0]
 [   0    0  627    0    0    0    0    0    0    0    0    0    0    0
     0]
 [   8    0    0 1109    0    0    0    0    0    0    1    0    2    0
     0]
 [   0    0    0    0 1118    0    0    0    0    0    0    0    0    0
     0]
 [   0    0    0    1    0  264   25    0    0    0    0    0    2    0
     0]
 [   0    0    0    0    0    1 1095    6   17    0   12    3    1    3
     3]
 [   0    2    5    1    4    0   33  997   12    0   33    5   23    2
     3]
 [   0    2    0    1    0    0    3   11 1055   31    5   15    4    0
     0]
 [   0    0    0    0    0    0    0    0   50 1044    8    2    0    0
     0]
 [   0    0    0    0    0    0    4    7   22   11 1066    0    1    0
     1]
 [   0    0    0    0    0    0   23   23    6    3    0 1055    0    0
     0]
 [   0    0    0    0    0    0    0    4    1   10    6   11  390    0
     0]
 [   0    3    0    0    0    0    2    0    4    0    0    0    0  375
     1]
 [   0    0    0    0    0    0    0    0    0    0    0    0    0    0
   594]]---
Accuracy : 96.33%
---
class acc :
	Healthy grass: 99.73
	Stressed grass: 99.11
	Synthetic grass: 100.00
	Trees: 99.02
	Soil: 100.00
	Water: 90.41
	Residential: 95.97
	Commercial: 89.02
	Road: 93.61
	Highway: 94.57
	Railway: 95.86
	Parking Lot 1: 95.05
	Parking Lot 2: 92.42
	Tennis Court: 97.40
	Running Track: 100.00
---
AA: 96.14%
Kappa: 96.04
run 4 / 5
Best validation overall accuracy 0.9644886363636364
Confusion matrix :
[[1063   34    1   27    0    0    1    0    0    0    0    0    0    0
     0]
 [   9 1120    0    0    0    0    0    0    0    0    0    0    0    0
     0]
 [   0    0  627    0    0    0    0    0    0    0    0    0    0    0
     0]
 [   1    1    1 1114    0    0    2    0    1    0    0    0    0    0
     0]
 [   0    0    0    0 1108    0    0    0    0    0   10    0    0    0
     0]
 [   1    0    0    0    0  245   42    0    1    0    0    0    3    0
     0]
 [   0    2    0    0    1    0 1103    0   20    6    8    0    0    0
     1]
 [   0    0    1    0   17    0   47  933   23   12   20   46    4    0
    17]
 [   0    5    2    0    0    0    2    0 1009   77    0   32    0    0
     0]
 [   0    0    0    0    0    0    0    0    0 1097    3    4    0    0
     0]
 [   0    0    0    0    0    0    3    0   34    8 1061    3    3    0
     0]
 [   0    0    0    0    0    0   17    3    8    0    2 1080    0    0
     0]
 [   0    0    2    0    0    1    0    7    4   11    4   20  370    0
     3]
 [   0    0    0    0    0    0    2    0    0    0    0    0    4  379
     0]
 [   0    0    0    0    0    0    0    0    0    0    0    0    0    0
   594]]---
Accuracy : 95.39%
---
class acc :
	Healthy grass: 94.40
	Stressed grass: 99.20
	Synthetic grass: 100.00
	Trees: 99.46
	Soil: 99.11
	Water: 83.90
	Residential: 96.67
	Commercial: 83.30
	Road: 89.53
	Highway: 99.37
	Railway: 95.41
	Parking Lot 1: 97.30
	Parking Lot 2: 87.68
	Tennis Court: 98.44
	Running Track: 100.00
---
AA: 94.92%
Kappa: 95.01
run 5 / 5
Best validation overall accuracy 0.9758522727272727
Confusion matrix :
[[1095   27    0    4    0    0    0    0    0    0    0    0    0    0
     0]
 [   3 1126    0    0    0    0    0    0    0    0    0    0    0    0
     0]
 [   0    0  624    0    0    0    3    0    0    0    0    0    0    0
     0]
 [  19    3    0 1098    0    0    0    0    0    0    0    0    0    0
     0]
 [   0    0    0    0 1115    0    0    1    0    0    0    2    0    0
     0]
 [   1    0    0    0    0  269   17    5    0    0    0    0    0    0
     0]
 [   0    5    0    0    0    1 1078    1    8    4   21   20    3    0
     0]
 [   0    0    7    0    6    0    2 1052    3    0   10   38    0    2
     0]
 [   1    0    0    0    3    0    9    0  995   66   44    8    0    0
     1]
 [   0    0    0    0    0    0    0    0   13 1081    9    1    0    0
     0]
 [   0    0    4    0    0    0    0    9    0    0 1093    2    0    0
     4]
 [   0    0    0    0    0    0    3   10   12    0    0 1085    0    0
     0]
 [   0    0    0    0    0    0    3    8    3    9   12   24  363    0
     0]
 [   0    0    0    0    0    1    0    8    0    0    0    0    2  374
     0]
 [   0    0    0    0    0    0    4    4    0    0    6    0    0    0
   580]]---
Accuracy : 96.31%
---
class acc :
	Healthy grass: 97.25
	Stressed grass: 99.73
	Synthetic grass: 99.52
	Trees: 98.04
	Soil: 99.73
	Water: 92.12
	Residential: 94.48
	Commercial: 93.93
	Road: 88.29
	Highway: 97.92
	Railway: 98.29
	Parking Lot 1: 97.75
	Parking Lot 2: 86.02
	Tennis Court: 97.14
	Running Track: 97.64
---
AA: 95.86%
Kappa: 96.01
Agregated results :
Confusion matrix :
[[1.0970e+03 1.2800e+01 2.0000e-01 1.5800e+01 0.0000e+00 0.0000e+00
  2.0000e-01 0.0000e+00 0.0000e+00 0.0000e+00 0.0000e+00 0.0000e+00
  0.0000e+00 0.0000e+00 0.0000e+00]
 [9.0000e+00 1.1182e+03 0.0000e+00 0.0000e+00 0.0000e+00 0.0000e+00
  2.0000e-01 0.0000e+00 0.0000e+00 2.0000e-01 4.0000e-01 0.0000e+00
  1.0000e+00 0.0000e+00 0.0000e+00]
 [0.0000e+00 0.0000e+00 6.2640e+02 0.0000e+00 0.0000e+00 0.0000e+00
  6.0000e-01 0.0000e+00 0.0000e+00 0.0000e+00 0.0000e+00 0.0000e+00
  0.0000e+00 0.0000e+00 0.0000e+00]
 [9.2000e+00 1.2000e+00 2.0000e-01 1.1074e+03 0.0000e+00 0.0000e+00
  1.0000e+00 0.0000e+00 2.0000e-01 0.0000e+00 2.0000e-01 0.0000e+00
  4.0000e-01 2.0000e-01 0.0000e+00]
 [0.0000e+00 0.0000e+00 0.0000e+00 0.0000e+00 1.1120e+03 0.0000e+00
  0.0000e+00 2.4000e+00 0.0000e+00 2.0000e-01 2.4000e+00 1.0000e+00
  0.0000e+00 0.0000e+00 0.0000e+00]
 [4.0000e-01 4.0000e-01 2.2000e+00 2.0000e-01 4.0000e-01 2.6380e+02
  2.0800e+01 1.8000e+00 4.0000e-01 0.0000e+00 0.0000e+00 0.0000e+00
  1.6000e+00 0.0000e+00 0.0000e+00]
 [0.0000e+00 3.0000e+00 1.4000e+00 1.0000e+00 4.0000e-01 1.0000e+00
  1.0856e+03 3.4000e+00 1.5600e+01 2.8000e+00 1.7600e+01 5.2000e+00
  1.4000e+00 1.8000e+00 8.0000e-01]
 [0.0000e+00 4.0000e-01 2.6000e+00 2.0000e-01 7.0000e+00 6.0000e-01
  3.0400e+01 9.8740e+02 1.8000e+01 7.0000e+00 1.8600e+01 3.2800e+01
  6.4000e+00 8.0000e-01 7.8000e+00]
 [2.0000e-01 1.6000e+00 6.0000e-01 2.0000e-01 8.0000e-01 0.0000e+00
  8.2000e+00 3.2000e+00 1.0344e+03 4.0800e+01 1.6000e+01 1.8600e+01
  2.2000e+00 0.0000e+00 2.0000e-01]
 [0.0000e+00 0.0000e+00 0.0000e+00 0.0000e+00 0.0000e+00 0.0000e+00
  0.0000e+00 2.0000e-01 2.7200e+01 1.0636e+03 1.1600e+01 1.4000e+00
  0.0000e+00 0.0000e+00 0.0000e+00]
 [0.0000e+00 0.0000e+00 8.0000e-01 0.0000e+00 6.0000e-01 0.0000e+00
  3.2000e+00 3.6000e+00 2.6400e+01 6.0000e+00 1.0672e+03 1.0000e+00
  1.6000e+00 6.0000e-01 1.0000e+00]
 [0.0000e+00 0.0000e+00 0.0000e+00 0.0000e+00 0.0000e+00 0.0000e+00
  2.4000e+01 7.4000e+00 8.4000e+00 7.4000e+00 6.0000e-01 1.0618e+03
  4.0000e-01 0.0000e+00 0.0000e+00]
 [0.0000e+00 0.0000e+00 6.0000e-01 0.0000e+00 0.0000e+00 4.0000e-01
  1.2000e+00 4.4000e+00 3.2000e+00 9.6000e+00 8.4000e+00 1.4200e+01
  3.7900e+02 0.0000e+00 1.0000e+00]
 [0.0000e+00 6.0000e-01 0.0000e+00 6.0000e-01 0.0000e+00 2.0000e-01
  3.8000e+00 1.6000e+00 3.2000e+00 0.0000e+00 0.0000e+00 0.0000e+00
  3.2000e+00 3.6980e+02 2.0000e+00]
 [0.0000e+00 0.0000e+00 0.0000e+00 0.0000e+00 0.0000e+00 0.0000e+00
  1.2000e+00 8.0000e-01 0.0000e+00 0.0000e+00 1.2000e+00 0.0000e+00
  0.0000e+00 0.0000e+00 5.9080e+02]]---
Accuracy: 95.84 +- 0.49
---
class acc :
	Healthy grass: 97.42 +- 1.73
	Stressed grass: 99.04 +- 0.45
	Synthetic grass: 99.90 +- 0.19
	Trees: 98.88 +- 0.57
	Soil: 99.46 +- 0.50
	Water: 90.34 +- 3.34
	Residential: 95.14 +- 1.53
	Commercial: 88.16 +- 3.46
	Road: 91.78 +- 2.40
	Highway: 96.34 +- 1.94
	Railway: 95.97 +- 1.25
	Parking Lot 1: 95.66 +- 2.51
	Parking Lot 2: 89.81 +- 2.54
	Tennis Court: 96.05 +- 2.15
	Running Track: 99.46 +- 0.91
---
AA: 95.56 +- 0.47
Kappa: 95.50 +- 0.53
