run 1 / 5
Best validation overall accuracy 0.9891304347826086
Confusion matrix :
[[ 992    0    0    9    0    0    0    0    0    0    0    0    0    0
     0]
 [   9  994    0    0    0    0    0    0    0    0    0    0    0    0
     0]
 [   0    0  558    0    0    0    0    0    0    0    0    0    0    0
     0]
 [   0    0    0  995    0    0    0    0    0    0    0    0    0    0
     0]
 [   0    0    0    0  994    0    0    0    0    0    0    0    0    0
     0]
 [   0    0    0    0    0  260    0    0    0    0    0    0    0    0
     0]
 [   0    0    0    0    0    0 1005    1    1    0    2    6    0    0
     0]
 [   0    0    0    0    2    0    0  918    2   17    0   37    0   11
     8]
 [   0    0    0    0    0    2    4    1  971   14    7    1    2    0
     0]
 [   0    0    0    0    0    0    0    0    0  970    7    5    0    0
     0]
 [   0    0    0    0    0    0    0    0    4    0  984    0    0    0
     0]
 [   0    0    0    0    0    0    9    1    2    0    0  974    0    0
     0]
 [   0    0    0    0    0    0    0    4    2    0   18    4  347    0
     0]
 [   0    0    0    0    0    0    0    0    0    0    0    0    0  342
     0]
 [   0    0    0    0    0    0    0    0    0    0    0    0    0    0
   528]]---
Accuracy : 98.40%
---
class acc :
	Healthy grass: 99.10
	Stressed grass: 99.10
	Synthetic grass: 100.00
	Trees: 100.00
	Soil: 100.00
	Water: 100.00
	Residential: 99.01
	Commercial: 92.26
	Road: 96.91
	Highway: 98.78
	Railway: 99.60
	Parking Lot 1: 98.78
	Parking Lot 2: 92.53
	Tennis Court: 100.00
	Running Track: 100.00
---
AA: 98.41%
Kappa: 98.27
run 2 / 5
Best validation overall accuracy 0.9775815217391305
Confusion matrix :
[[999   0   0   2   0   0   0   0   0   0   0   0   0   0   0]
 [  5 998   0   0   0   0   0   0   0   0   0   0   0   0   0]
 [  0   0 558   0   0   0   0   0   0   0   0   0   0   0   0]
 [  5   0   0 990   0   0   0   0   0   0   0   0   0   0   0]
 [  0   0   0   0 993   0   0   1   0   0   0   0   0   0   0]
 [  1   0   0   0   0 227  26   3   3   0   0   0   0   0   0]
 [  0   0   4   0   0   2 976   0   4   0  27   0   2   0   0]
 [  0   0   0   0   0   0   1 911   6   0   4  48   0   0  25]
 [  0   0   0   0   0   0   1   0 966  27   3   5   0   0   0]
 [  0   0   0   0   0   0   0   0   0 980   2   0   0   0   0]
 [  0   0   0   0   0   0   0   4   5   0 979   0   0   0   0]
 [  0   0   0   0   0   0   3   0   1   0   0 982   0   0   0]
 [  0   0   0   0   0   0   0   1   2   7   5   2 358   0   0]
 [  0   0   0   0   0   0   0   0   0   0   0   0   0 342   0]
 [  0   0   0   0   0   0   0   0   0   0   0   0   0   0 528]]---
Accuracy : 98.03%
---
class acc :
	Healthy grass: 99.80
	Stressed grass: 99.50
	Synthetic grass: 100.00
	Trees: 99.50
	Soil: 99.90
	Water: 87.31
	Residential: 96.16
	Commercial: 91.56
	Road: 96.41
	Highway: 99.80
	Railway: 99.09
	Parking Lot 1: 99.59
	Parking Lot 2: 95.47
	Tennis Court: 100.00
	Running Track: 100.00
---
AA: 97.61%
Kappa: 97.87
run 3 / 5
Best validation overall accuracy 0.985733695652174
Confusion matrix :
[[1000    0    0    1    0    0    0    0    0    0    0    0    0    0
     0]
 [   8  995    0    0    0    0    0    0    0    0    0    0    0    0
     0]
 [   0    0  556    0    0    1    1    0    0    0    0    0    0    0
     0]
 [   7    0    0  988    0    0    0    0    0    0    0    0    0    0
     0]
 [   0    0    0    0  994    0    0    0    0    0    0    0    0    0
     0]
 [   0    0    0    0    0  258    0    0    2    0    0    0    0    0
     0]
 [   0    0    0    0    0    0  961   16    5    0   29    3    1    0
     0]
 [   0    0    0    0    0    0    0  951    7   16    2   18    1    0
     0]
 [   0    0    0    0    0    0    8    0  956   11   18    9    0    0
     0]
 [   0    0    0    0    0    0    0    0    1  960   21    0    0    0
     0]
 [   0    0    0    0    0    0    1    0   22    5  960    0    0    0
     0]
 [   0    0    0    0    0    0   10    0    4    0    0  971    1    0
     0]
 [   0    0    0    0    0    0    0    1    0    0   17    2  355    0
     0]
 [   0    0    0    0    0    0    0    0    0    0    0    0    0  342
     0]
 [   0    0    0    0    0    0    0    0    0    0    0    0    0    0
   528]]---
Accuracy : 97.93%
---
class acc :
	Healthy grass: 99.90
	Stressed grass: 99.20
	Synthetic grass: 99.64
	Trees: 99.30
	Soil: 100.00
	Water: 99.23
	Residential: 94.68
	Commercial: 95.58
	Road: 95.41
	Highway: 97.76
	Railway: 97.17
	Parking Lot 1: 98.48
	Parking Lot 2: 94.67
	Tennis Court: 100.00
	Running Track: 100.00
---
AA: 98.07%
Kappa: 97.76
run 4 / 5
Best validation overall accuracy 0.984375
Confusion matrix :
[[ 976    2    0   23    0    0    0    0    0    0    0    0    0    0
     0]
 [   3 1000    0    0    0    0    0    0    0    0    0    0    0    0
     0]
 [   0    0  558    0    0    0    0    0    0    0    0    0    0    0
     0]
 [   0    0    0  993    0    0    0    0    1    0    0    0    0    1
     0]
 [   0    0    0    0  994    0    0    0    0    0    0    0    0    0
     0]
 [   0    0    0    0    0  251    1    0    0    0    0    0    1    7
     0]
 [   0    0    0    0    0    0  994    2   11    0    7    0    0    1
     0]
 [   0    0    0    0    6    0    7  952    2    0   11   17    0    0
     0]
 [   0    3    0    0    0    0    3    2  946   26    1   12    9    0
     0]
 [   0    0    0    0    0    0    0    0    8  959   11    4    0    0
     0]
 [   0    0    0    0    0    0    2    0    5    0  980    0    0    0
     1]
 [   0    0    0    0    0    0   18    4    0    0    0  964    0    0
     0]
 [   0    0    0    0    0    0    2    1    1    3    9    3  356    0
     0]
 [   0    0    0    0    0    0    0    0    0    0    0    0    0  342
     0]
 [   0    0    0    0    0    0    0    0    0    0    0    0    0    0
   528]]---
Accuracy : 98.08%
---
class acc :
	Healthy grass: 97.50
	Stressed grass: 99.70
	Synthetic grass: 100.00
	Trees: 99.80
	Soil: 100.00
	Water: 96.54
	Residential: 97.93
	Commercial: 95.68
	Road: 94.41
	Highway: 97.66
	Railway: 99.19
	Parking Lot 1: 97.77
	Parking Lot 2: 94.93
	Tennis Court: 100.00
	Running Track: 100.00
---
AA: 98.07%
Kappa: 97.92
run 5 / 5
Best validation overall accuracy 0.9816576086956522
Confusion matrix :
[[976   8   0  16   0   0   0   0   0   0   0   0   1   0   0]
 [  6 997   0   0   0   0   0   0   0   0   0   0   0   0   0]
 [  0   0 558   0   0   0   0   0   0   0   0   0   0   0   0]
 [  0   0   0 993   0   0   0   0   0   0   0   0   2   0   0]
 [  0   0   0   0 994   0   0   0   0   0   0   0   0   0   0]
 [  0   0   0   0   0 256   3   0   1   0   0   0   0   0   0]
 [  0   0   0   0   0   0 994   0   7   0  11   2   1   0   0]
 [  0   0   0   0   0   0   0 943   0   0   1  34   2  12   3]
 [  0   0   0   0   0   0   1   0 918  53  19  10   0   0   1]
 [  0   0   0   0   1   0   0   0   0 979   2   0   0   0   0]
 [  0   0   0   0   0   0   0   0   0   0 988   0   0   0   0]
 [  0   0   0   0   0   0  16   0   6   0   0 964   0   0   0]
 [  0   0   0   0   0   0   0   0   1   7  12   1 354   0   0]
 [  0   0   0   0   0   0   0   0   0   0   0   0   0 342   0]
 [  0   0   0   0   0   0   0   0   0   0   0   0   0   0 528]]---
Accuracy : 98.00%
---
class acc :
	Healthy grass: 97.50
	Stressed grass: 99.40
	Synthetic grass: 100.00
	Trees: 99.80
	Soil: 100.00
	Water: 98.46
	Residential: 97.93
	Commercial: 94.77
	Road: 91.62
	Highway: 99.69
	Railway: 100.00
	Parking Lot 1: 97.77
	Parking Lot 2: 94.40
	Tennis Court: 100.00
	Running Track: 100.00
---
AA: 98.09%
Kappa: 97.84
Agregated results :
Confusion matrix :
[[9.886e+02 2.000e+00 0.000e+00 1.020e+01 0.000e+00 0.000e+00 0.000e+00
  0.000e+00 0.000e+00 0.000e+00 0.000e+00 0.000e+00 2.000e-01 0.000e+00
  0.000e+00]
 [6.200e+00 9.968e+02 0.000e+00 0.000e+00 0.000e+00 0.000e+00 0.000e+00
  0.000e+00 0.000e+00 0.000e+00 0.000e+00 0.000e+00 0.000e+00 0.000e+00
  0.000e+00]
 [0.000e+00 0.000e+00 5.576e+02 0.000e+00 0.000e+00 2.000e-01 2.000e-01
  0.000e+00 0.000e+00 0.000e+00 0.000e+00 0.000e+00 0.000e+00 0.000e+00
  0.000e+00]
 [2.400e+00 0.000e+00 0.000e+00 9.918e+02 0.000e+00 0.000e+00 0.000e+00
  0.000e+00 2.000e-01 0.000e+00 0.000e+00 0.000e+00 4.000e-01 2.000e-01
  0.000e+00]
 [0.000e+00 0.000e+00 0.000e+00 0.000e+00 9.938e+02 0.000e+00 0.000e+00
  2.000e-01 0.000e+00 0.000e+00 0.000e+00 0.000e+00 0.000e+00 0.000e+00
  0.000e+00]
 [2.000e-01 0.000e+00 0.000e+00 0.000e+00 0.000e+00 2.504e+02 6.000e+00
  6.000e-01 1.200e+00 0.000e+00 0.000e+00 0.000e+00 2.000e-01 1.400e+00
  0.000e+00]
 [0.000e+00 0.000e+00 8.000e-01 0.000e+00 0.000e+00 4.000e-01 9.860e+02
  3.800e+00 5.600e+00 0.000e+00 1.520e+01 2.200e+00 8.000e-01 2.000e-01
  0.000e+00]
 [0.000e+00 0.000e+00 0.000e+00 0.000e+00 1.600e+00 0.000e+00 1.600e+00
  9.350e+02 3.400e+00 6.600e+00 3.600e+00 3.080e+01 6.000e-01 4.600e+00
  7.200e+00]
 [0.000e+00 6.000e-01 0.000e+00 0.000e+00 0.000e+00 4.000e-01 3.400e+00
  6.000e-01 9.514e+02 2.620e+01 9.600e+00 7.400e+00 2.200e+00 0.000e+00
  2.000e-01]
 [0.000e+00 0.000e+00 0.000e+00 0.000e+00 2.000e-01 0.000e+00 0.000e+00
  0.000e+00 1.800e+00 9.696e+02 8.600e+00 1.800e+00 0.000e+00 0.000e+00
  0.000e+00]
 [0.000e+00 0.000e+00 0.000e+00 0.000e+00 0.000e+00 0.000e+00 6.000e-01
  8.000e-01 7.200e+00 1.000e+00 9.782e+02 0.000e+00 0.000e+00 0.000e+00
  2.000e-01]
 [0.000e+00 0.000e+00 0.000e+00 0.000e+00 0.000e+00 0.000e+00 1.120e+01
  1.000e+00 2.600e+00 0.000e+00 0.000e+00 9.710e+02 2.000e-01 0.000e+00
  0.000e+00]
 [0.000e+00 0.000e+00 0.000e+00 0.000e+00 0.000e+00 0.000e+00 4.000e-01
  1.400e+00 1.200e+00 3.400e+00 1.220e+01 2.400e+00 3.540e+02 0.000e+00
  0.000e+00]
 [0.000e+00 0.000e+00 0.000e+00 0.000e+00 0.000e+00 0.000e+00 0.000e+00
  0.000e+00 0.000e+00 0.000e+00 0.000e+00 0.000e+00 0.000e+00 3.420e+02
  0.000e+00]
 [0.000e+00 0.000e+00 0.000e+00 0.000e+00 0.000e+00 0.000e+00 0.000e+00
  0.000e+00 0.000e+00 0.000e+00 0.000e+00 0.000e+00 0.000e+00 0.000e+00
  5.280e+02]]---
Accuracy: 98.09 +- 0.16
---
class acc :
	Healthy grass: 98.76 +- 1.06
	Stressed grass: 99.38 +- 0.21
	Synthetic grass: 99.93 +- 0.14
	Trees: 99.68 +- 0.25
	Soil: 99.98 +- 0.04
	Water: 96.31 +- 4.64
	Residential: 97.14 +- 1.54
	Commercial: 93.97 +- 1.73
	Road: 94.95 +- 1.87
	Highway: 98.74 +- 0.91
	Railway: 99.01 +- 0.98
	Parking Lot 1: 98.48 +- 0.68
	Parking Lot 2: 94.40 +- 1.00
	Tennis Court: 100.00 +- 0.00
	Running Track: 100.00 +- 0.00
---
AA: 98.05 +- 0.26
Kappa: 97.93 +- 0.18
