run 1 / 5
Best validation overall accuracy 1.0
Confusion matrix :
[[ 865  154    0   34    0    0    0    0    0    0    0    0    0    0
     0]
 [   0 1064    0    0    0    0    0    0    0    0    0    0    0    0
     0]
 [   0    0  501    0    0    0    4    0    0    0    0    0    0    0
     0]
 [   5   23    0 1027    0    0    0    0    0    0    0    1    0    0
     0]
 [   0    0    0    0 1037    0    0    4    1    0   13    0    1    0
     0]
 [   0    0    0    0    0  139    1    0    0    0    0    0    3    0
     0]
 [   0    3   24    0    1   22  996    6    4    0    3    5    0    1
     7]
 [   0    1   27    1    0    0   26  880   18   28    1   47    4   17
     3]
 [   0    2    6    0    1    0   44    6  869   68   40   23    0    0
     0]
 [   0    0   84    0    0    5    0   58  194  520  171    4    0    0
     0]
 [   0    0    5    0    2    0  107   30    8    6  894    0    2    0
     0]
 [   0    0    0    0    3    0    8   71   30    4   56  868    1    0
     0]
 [   0    0    0    0    0    4    2    3    3    4    7    5  257    0
     0]
 [   0    0    0    0    0    0   15    0    1    0    0    0    0  229
     2]
 [   0    0    0    0    1   49    2    0    0    0    0    0    2    0
   419]]---
Accuracy : 86.62%
---
class acc :
	Healthy grass: 82.15
	Stressed grass: 100.00
	Synthetic grass: 99.21
	Trees: 97.25
	Soil: 98.20
	Water: 97.20
	Residential: 92.91
	Commercial: 83.57
	Road: 82.06
	Highway: 50.19
	Railway: 84.82
	Parking Lot 1: 83.38
	Parking Lot 2: 90.18
	Tennis Court: 92.71
	Running Track: 88.58
---
AA: 88.16%
Kappa: 85.48
run 2 / 5
Best validation overall accuracy 0.99609375
Confusion matrix :
[[ 868  153    0   32    0    0    0    0    0    0    0    0    0    0
     0]
 [   4 1047    0    5    0    1    5    2    0    0    0    0    0    0
     0]
 [   0    0  504    0    0    0    1    0    0    0    0    0    0    0
     0]
 [   2    0    0 1036    0    0   18    0    0    0    0    0    0    0
     0]
 [   0    0    0    0 1053    0    0    1    1    1    0    0    0    0
     0]
 [   0    0    0    0    0  131    3    8    0    0    0    1    0    0
     0]
 [   0    4   43    0    2   58  855   91   10    0    1    7    0    0
     1]
 [   0    0    0    0   26    0   14  798  120   21   25   30    0    0
    19]
 [   0    0    0    2    3    0   40    5  903   51   19   36    0    0
     0]
 [   0    0    0    0    0    0    1    2  158  871    4    0    0    0
     0]
 [   0    0   19    0    0    0   16   31  117   75  783    0    1   12
     0]
 [   0    0    0    0    0    0    1   74   80   47   59  780    0    0
     0]
 [   0    0    0    0    0    0    1    6    3    4   16   10  245    0
     0]
 [   0    0    0    0    0    0    0    0    0    0    0    0    0  247
     0]
 [   0    0    0    0    0    0   18    2   30    1    8    0    0    3
   411]]---
Accuracy : 86.35%
---
class acc :
	Healthy grass: 82.43
	Stressed grass: 98.40
	Synthetic grass: 99.80
	Trees: 98.11
	Soil: 99.72
	Water: 91.61
	Residential: 79.76
	Commercial: 75.78
	Road: 85.27
	Highway: 84.07
	Railway: 74.29
	Parking Lot 1: 74.93
	Parking Lot 2: 85.96
	Tennis Court: 100.00
	Running Track: 86.89
---
AA: 87.80%
Kappa: 85.18
run 3 / 5
Best validation overall accuracy 1.0
Confusion matrix :
[[ 862  155    0   35    0    1    0    0    0    0    0    0    0    0
     0]
 [   0 1064    0    0    0    0    0    0    0    0    0    0    0    0
     0]
 [   0    0  502    0    0    1    2    0    0    0    0    0    0    0
     0]
 [   1   22    0 1017    0    1    6    5    0    0    0    0    0    4
     0]
 [   0    0    0    0 1052    0    0    3    1    0    0    0    0    0
     0]
 [   0    0    0    0    0  137    0    1    4    0    0    1    0    0
     0]
 [   0    0   23    0    0   44  885   97   12    1    0   10    0    0
     0]
 [   0    0   11    0    4    2    8  909   26   21    2   43    3   13
    11]
 [   0    0    0    0    0    0   25    4  885   72   25   46    0    2
     0]
 [   0    0    2    0    0  195    8    0  296  524    1    9    1    0
     0]
 [   0    1   18    0    1   12  120    7   26   21  846    0    2    0
     0]
 [   0    0    0    0    0    0    6   65   28    9   63  868    2    0
     0]
 [   0    0    0    0    0    2    2    0    0   15    1    7  258    0
     0]
 [   0    0    0    0    0    0    0    0    0    0    0    0    0  247
     0]
 [   0    0    0    0    3    0    2    4    0    0    0    0    0    0
   464]]---
Accuracy : 86.25%
---
class acc :
	Healthy grass: 81.86
	Stressed grass: 100.00
	Synthetic grass: 99.41
	Trees: 96.31
	Soil: 99.62
	Water: 95.80
	Residential: 82.56
	Commercial: 86.32
	Road: 83.57
	Highway: 50.58
	Railway: 80.27
	Parking Lot 1: 83.38
	Parking Lot 2: 90.53
	Tennis Court: 100.00
	Running Track: 98.10
---
AA: 88.55%
Kappa: 85.10
run 4 / 5
Best validation overall accuracy 1.0
Confusion matrix :
[[ 869  145    0   38    0    0    0    1    0    0    0    0    0    0
     0]
 [   0 1062    0    0    0    0    1    1    0    0    0    0    0    0
     0]
 [   0    0  501    0    0    0    1    0    1    0    2    0    0    0
     0]
 [   0    8    0 1048    0    0    0    0    0    0    0    0    0    0
     0]
 [   0    0    0    0 1049    0    0    6    1    0    0    0    0    0
     0]
 [   0    0    0    0    0  134    5    0    2    0    0    0    2    0
     0]
 [   0   11    3    0    5   12  946   62    4    0    0   14    0   15
     0]
 [   2    0   24    1    3    0   28  801   38   30    6   89   10   21
     0]
 [   0    0    0    0    3    2   50    2  831   92   46   28    0    3
     2]
 [   0    0   78    0    0    0   22    0  247  634   55    0    0    0
     0]
 [   0    0    0    0    0    0   66   22   28   22  904    0    3    9
     0]
 [   0    0    0    0    0    0   19   59   26   77   38  814    8    0
     0]
 [   0    0    0    0    0    0    5    2    2    8    5    8  255    0
     0]
 [   0    0    0    0    0    0    2    0    0    0    0    0    0  245
     0]
 [   0    0    0    0    0    0    3    0    0    0    0    0    0    0
   470]]---
Accuracy : 86.60%
---
class acc :
	Healthy grass: 82.53
	Stressed grass: 99.81
	Synthetic grass: 99.21
	Trees: 99.24
	Soil: 99.34
	Water: 93.71
	Residential: 88.25
	Commercial: 76.07
	Road: 78.47
	Highway: 61.20
	Railway: 85.77
	Parking Lot 1: 78.19
	Parking Lot 2: 89.47
	Tennis Court: 99.19
	Running Track: 99.37
---
AA: 88.65%
Kappa: 85.46
run 5 / 5
Best validation overall accuracy 1.0
Confusion matrix :
[[ 865  152    0   36    0    0    0    0    0    0    0    0    0    0
     0]
 [   4 1060    0    0    0    0    0    0    0    0    0    0    0    0
     0]
 [   0    0  505    0    0    0    0    0    0    0    0    0    0    0
     0]
 [   0    3    0 1046    0    0    0    0    3    4    0    0    0    0
     0]
 [   0    0    0    0 1056    0    0    0    0    0    0    0    0    0
     0]
 [   0    0    0    0    0  140    0    3    0    0    0    0    0    0
     0]
 [   0   13   10    0    0    8  973   50    8    0    4    5    0    0
     1]
 [   0    0   27    0   13    0    4  789   10   22   12  155    1   13
     7]
 [   2    0    0    0    4    0   38   13  850   59   57   36    0    0
     0]
 [   0    0   10    0    6    0    0  302  243  426   36   13    0    0
     0]
 [   0    0    0    0    0    0   55   24   38   11  920    1    4    0
     1]
 [   0    0    0    0    0    0    1  105   13   12   22  888    0    0
     0]
 [   0    0    0    0    0    0    0    3    0    0   17   20  245    0
     0]
 [   0    0    0    0    0    0    0    0    0    0    0    0    0  247
     0]
 [   0    0    7    0    0    0    0    0    0    0    0    0    0    0
   466]]---
Accuracy : 85.89%
---
class acc :
	Healthy grass: 82.15
	Stressed grass: 99.62
	Synthetic grass: 100.00
	Trees: 99.05
	Soil: 100.00
	Water: 97.90
	Residential: 90.76
	Commercial: 74.93
	Road: 80.26
	Highway: 41.12
	Railway: 87.29
	Parking Lot 1: 85.30
	Parking Lot 2: 85.96
	Tennis Court: 100.00
	Running Track: 98.52
---
AA: 88.19%
Kappa: 84.68
Agregated results :
Confusion matrix :
[[8.6580e+02 1.5180e+02 0.0000e+00 3.5000e+01 0.0000e+00 2.0000e-01
  0.0000e+00 2.0000e-01 0.0000e+00 0.0000e+00 0.0000e+00 0.0000e+00
  0.0000e+00 0.0000e+00 0.0000e+00]
 [1.6000e+00 1.0594e+03 0.0000e+00 1.0000e+00 0.0000e+00 2.0000e-01
  1.2000e+00 6.0000e-01 0.0000e+00 0.0000e+00 0.0000e+00 0.0000e+00
  0.0000e+00 0.0000e+00 0.0000e+00]
 [0.0000e+00 0.0000e+00 5.0260e+02 0.0000e+00 0.0000e+00 2.0000e-01
  1.6000e+00 0.0000e+00 2.0000e-01 0.0000e+00 4.0000e-01 0.0000e+00
  0.0000e+00 0.0000e+00 0.0000e+00]
 [1.6000e+00 1.1200e+01 0.0000e+00 1.0348e+03 0.0000e+00 2.0000e-01
  4.8000e+00 1.0000e+00 6.0000e-01 8.0000e-01 0.0000e+00 2.0000e-01
  0.0000e+00 8.0000e-01 0.0000e+00]
 [0.0000e+00 0.0000e+00 0.0000e+00 0.0000e+00 1.0494e+03 0.0000e+00
  0.0000e+00 2.8000e+00 8.0000e-01 2.0000e-01 2.6000e+00 0.0000e+00
  2.0000e-01 0.0000e+00 0.0000e+00]
 [0.0000e+00 0.0000e+00 0.0000e+00 0.0000e+00 0.0000e+00 1.3620e+02
  1.8000e+00 2.4000e+00 1.2000e+00 0.0000e+00 0.0000e+00 4.0000e-01
  1.0000e+00 0.0000e+00 0.0000e+00]
 [0.0000e+00 6.2000e+00 2.0600e+01 0.0000e+00 1.6000e+00 2.8800e+01
  9.3100e+02 6.1200e+01 7.6000e+00 2.0000e-01 1.6000e+00 8.2000e+00
  0.0000e+00 3.2000e+00 1.8000e+00]
 [4.0000e-01 2.0000e-01 1.7800e+01 4.0000e-01 9.2000e+00 4.0000e-01
  1.6000e+01 8.3540e+02 4.2400e+01 2.4400e+01 9.2000e+00 7.2800e+01
  3.6000e+00 1.2800e+01 8.0000e+00]
 [4.0000e-01 4.0000e-01 1.2000e+00 4.0000e-01 2.2000e+00 4.0000e-01
  3.9400e+01 6.0000e+00 8.6760e+02 6.8400e+01 3.7400e+01 3.3800e+01
  0.0000e+00 1.0000e+00 4.0000e-01]
 [0.0000e+00 0.0000e+00 3.4800e+01 0.0000e+00 1.2000e+00 4.0000e+01
  6.2000e+00 7.2400e+01 2.2760e+02 5.9500e+02 5.3400e+01 5.2000e+00
  2.0000e-01 0.0000e+00 0.0000e+00]
 [0.0000e+00 2.0000e-01 8.4000e+00 0.0000e+00 6.0000e-01 2.4000e+00
  7.2800e+01 2.2800e+01 4.3400e+01 2.7000e+01 8.6940e+02 2.0000e-01
  2.4000e+00 4.2000e+00 2.0000e-01]
 [0.0000e+00 0.0000e+00 0.0000e+00 0.0000e+00 6.0000e-01 0.0000e+00
  7.0000e+00 7.4800e+01 3.5400e+01 2.9800e+01 4.7600e+01 8.4360e+02
  2.2000e+00 0.0000e+00 0.0000e+00]
 [0.0000e+00 0.0000e+00 0.0000e+00 0.0000e+00 0.0000e+00 1.2000e+00
  2.0000e+00 2.8000e+00 1.6000e+00 6.2000e+00 9.2000e+00 1.0000e+01
  2.5200e+02 0.0000e+00 0.0000e+00]
 [0.0000e+00 0.0000e+00 0.0000e+00 0.0000e+00 0.0000e+00 0.0000e+00
  3.4000e+00 0.0000e+00 2.0000e-01 0.0000e+00 0.0000e+00 0.0000e+00
  0.0000e+00 2.4300e+02 4.0000e-01]
 [0.0000e+00 0.0000e+00 1.4000e+00 0.0000e+00 8.0000e-01 9.8000e+00
  5.0000e+00 1.2000e+00 6.0000e+00 2.0000e-01 1.6000e+00 0.0000e+00
  4.0000e-01 6.0000e-01 4.4600e+02]]---
Accuracy: 86.34 +- 0.27
---
class acc :
	Healthy grass: 82.22 +- 0.24
	Stressed grass: 99.57 +- 0.60
	Synthetic grass: 99.52 +- 0.32
	Trees: 97.99 +- 1.10
	Soil: 99.38 +- 0.62
	Water: 95.24 +- 2.32
	Residential: 86.85 +- 4.95
	Commercial: 79.34 +- 4.68
	Road: 81.93 +- 2.39
	Highway: 57.43 +- 14.76
	Railway: 82.49 +- 4.72
	Parking Lot 1: 81.04 +- 3.86
	Parking Lot 2: 88.42 +- 2.03
	Tennis Court: 98.38 +- 2.85
	Running Track: 94.29 +- 5.39
---
AA: 88.27 +- 0.30
Kappa: 85.18 +- 0.29
