run 1 / 5
Best validation overall accuracy 1.0
Confusion matrix :
[[243   0   0   0   0   0   0   0   0   0   0   0   0   0]
 [  0  91   0   0   0   0   0   0   0   0   0   0   0   0]
 [  0   0 226   0   0   0   0   0   0   0   0   0   0   0]
 [  0   0   0 194   0   0   0   0   0   0   0   0   0   0]
 [  0   0   0   3 235   3   0   0   0   0   0   0   1   0]
 [  0   0   0   0  13 223   0   0   6   0   0   0   0   0]
 [  0   0   0   0   0   0 233   0   0   0   0   0   0   0]
 [  0   0   0   0   0   0   0 183   0   0   0   0   0   0]
 [  0   0   0   0   0   3   0   0 280   0   0   0   0   0]
 [  0   0   0   0   0   0   0   3   0 220   0   0   0   0]
 [  0   0   0   0   0   0   0   3   0   9 263   0   0   0]
 [  0   0   0   0   0   0   0   0   0   0   0 163   0   0]
 [  0   0   0   0   0   0   0   0   0   0   0   0 241   0]
 [  0   0   0   0   0   0   0   0   0   0   0   0   0  85]]---
Accuracy : 98.50%
---
class acc :
	Water: 100.00
	Hippo grass: 100.00
	Floodplain grasses 1: 100.00
	Floodplain grasses 2: 100.00
	Reeds: 97.11
	Riparian: 92.15
	Firescar: 100.00
	Island interior: 100.00
	Acacia woodlands: 98.94
	Acacia shrublands: 98.65
	Acacia grasslands: 95.64
	Short mopane: 100.00
	Mixed mopane: 100.00
	Exposed soils: 100.00
---
AA: 98.75%
Kappa: 98.37
run 2 / 5
Best validation overall accuracy 1.0
Confusion matrix :
[[243   0   0   0   0   0   0   0   0   0   0   0   0   0]
 [  0  91   0   0   0   0   0   0   0   0   0   0   0   0]
 [  0   0 226   0   0   0   0   0   0   0   0   0   0   0]
 [  0   0  12 182   0   0   0   0   0   0   0   0   0   0]
 [  0   0   0  17 221   0   0   0   0   0   0   4   0   0]
 [  0   0   0   0   9 231   0   0   2   0   0   0   0   0]
 [  0   0   0   0   0   0 233   0   0   0   0   0   0   0]
 [  0   0   5   0   0   0   0 178   0   0   0   0   0   0]
 [  0   0   0   0   0   6   0   0 276   1   0   0   0   0]
 [  0   0   0   0   0   0   0   0   0 223   0   0   0   0]
 [  0   0   0   0   0   0   0   0   0   0 275   0   0   0]
 [  0   0   0   0   0   0   0   0   0   0   0 163   0   0]
 [  0   0   0   0   0   0   0   0   0   0   0   0 241   0]
 [  0   0   0   0   0   0   0   0   0   0   0   0   0  85]]---
Accuracy : 98.08%
---
class acc :
	Water: 100.00
	Hippo grass: 100.00
	Floodplain grasses 1: 100.00
	Floodplain grasses 2: 93.81
	Reeds: 91.32
	Riparian: 95.45
	Firescar: 100.00
	Island interior: 97.27
	Acacia woodlands: 97.53
	Acacia shrublands: 100.00
	Acacia grasslands: 100.00
	Short mopane: 100.00
	Mixed mopane: 100.00
	Exposed soils: 100.00
---
AA: 98.24%
Kappa: 97.93
run 3 / 5
Best validation overall accuracy 0.9921875
Confusion matrix :
[[243   0   0   0   0   0   0   0   0   0   0   0   0   0]
 [  0  91   0   0   0   0   0   0   0   0   0   0   0   0]
 [  0   0 226   0   0   0   0   0   0   0   0   0   0   0]
 [  0   0   0 194   0   0   0   0   0   0   0   0   0   0]
 [  0   1   0   4 216  21   0   0   0   0   0   0   0   0]
 [  0   0   0   0   2 239   0   0   0   0   0   0   1   0]
 [  0   0   0   0   0   0 233   0   0   0   0   0   0   0]
 [  0   0   0   0   0   0   0 183   0   0   0   0   0   0]
 [  0   0   0   0   0  11   0   0 272   0   0   0   0   0]
 [  0   0   0   0   0   0   0   0   0 215   8   0   0   0]
 [  0   0   0   0   0   0   0   0   0   0 275   0   0   0]
 [  0   0   0   0   0   0   0   0   0   0   0 163   0   0]
 [  0   0   0   0   0   0   0   0   0   0   0   0 241   0]
 [  0   0   0   0   0   0   0   0   0   0   4   0   0  81]]---
Accuracy : 98.22%
---
class acc :
	Water: 100.00
	Hippo grass: 100.00
	Floodplain grasses 1: 100.00
	Floodplain grasses 2: 100.00
	Reeds: 89.26
	Riparian: 98.76
	Firescar: 100.00
	Island interior: 100.00
	Acacia woodlands: 96.11
	Acacia shrublands: 96.41
	Acacia grasslands: 100.00
	Short mopane: 100.00
	Mixed mopane: 100.00
	Exposed soils: 95.29
---
AA: 98.27%
Kappa: 98.07
run 4 / 5
Best validation overall accuracy 0.984375
Confusion matrix :
[[243   0   0   0   0   0   0   0   0   0   0   0   0   0]
 [  0  91   0   0   0   0   0   0   0   0   0   0   0   0]
 [  0   0 223   1   0   0   0   0   0   2   0   0   0   0]
 [  0   0   0 194   0   0   0   0   0   0   0   0   0   0]
 [  0   0   0   5 224   3   0   0   0   0   0   0  10   0]
 [  0   0   0   0  28 209   0   0   4   0   0   0   1   0]
 [  0   0   0   0   0   0 233   0   0   0   0   0   0   0]
 [  0   0   0   0   0   0   0 161   0  20   0   0   2   0]
 [  0   0   0   0   0   0   0   0 283   0   0   0   0   0]
 [  0   0   0   0   0   0   0   0   0 223   0   0   0   0]
 [  0   0   0   0   0   0   0   0   0  10 265   0   0   0]
 [  0   0   0   0   0   0   0   0   0   0   0 160   3   0]
 [  0   0   0   0   0   0   0   0   0   0   0   0 241   0]
 [  0   0   0   0   2   0   0   0   0   0   0   0   0  83]]---
Accuracy : 96.89%
---
class acc :
	Water: 100.00
	Hippo grass: 100.00
	Floodplain grasses 1: 98.67
	Floodplain grasses 2: 100.00
	Reeds: 92.56
	Riparian: 86.36
	Firescar: 100.00
	Island interior: 87.98
	Acacia woodlands: 100.00
	Acacia shrublands: 100.00
	Acacia grasslands: 96.36
	Short mopane: 98.16
	Mixed mopane: 100.00
	Exposed soils: 97.65
---
AA: 96.98%
Kappa: 96.63
run 5 / 5
Best validation overall accuracy 0.9921875
Confusion matrix :
[[243   0   0   0   0   0   0   0   0   0   0   0   0   0]
 [  0  91   0   0   0   0   0   0   0   0   0   0   0   0]
 [  0   0 226   0   0   0   0   0   0   0   0   0   0   0]
 [  0   0   0 194   0   0   0   0   0   0   0   0   0   0]
 [  0   5   0  19 194  22   0   0   0   0   0   0   2   0]
 [  0   0   0   0   1 232   0   0   9   0   0   0   0   0]
 [  0   0   0   0   0   0 233   0   0   0   0   0   0   0]
 [  0   0   0   0   0   0   0 183   0   0   0   0   0   0]
 [  0   0   0   0   0   4   0   0 279   0   0   0   0   0]
 [  0   0   0   0   0   0   0   0   0 223   0   0   0   0]
 [  0   0   0   0   0   0   0  13   0  33 229   0   0   0]
 [  0   0   0   0   0   0   0   0   0   0   0 161   2   0]
 [  0   0   0   0   0   0   0   0   0   0   0   0 241   0]
 [  0   0   0   0   0   0   0   0   0   0   0   0   0  85]]---
Accuracy : 96.24%
---
class acc :
	Water: 100.00
	Hippo grass: 100.00
	Floodplain grasses 1: 100.00
	Floodplain grasses 2: 100.00
	Reeds: 80.17
	Riparian: 95.87
	Firescar: 100.00
	Island interior: 100.00
	Acacia woodlands: 98.59
	Acacia shrublands: 100.00
	Acacia grasslands: 83.27
	Short mopane: 98.77
	Mixed mopane: 100.00
	Exposed soils: 100.00
---
AA: 96.90%
Kappa: 95.93
Agregated results :
Confusion matrix :
[[2.430e+02 0.000e+00 0.000e+00 0.000e+00 0.000e+00 0.000e+00 0.000e+00
  0.000e+00 0.000e+00 0.000e+00 0.000e+00 0.000e+00 0.000e+00 0.000e+00]
 [0.000e+00 9.100e+01 0.000e+00 0.000e+00 0.000e+00 0.000e+00 0.000e+00
  0.000e+00 0.000e+00 0.000e+00 0.000e+00 0.000e+00 0.000e+00 0.000e+00]
 [0.000e+00 0.000e+00 2.254e+02 2.000e-01 0.000e+00 0.000e+00 0.000e+00
  0.000e+00 0.000e+00 4.000e-01 0.000e+00 0.000e+00 0.000e+00 0.000e+00]
 [0.000e+00 0.000e+00 2.400e+00 1.916e+02 0.000e+00 0.000e+00 0.000e+00
  0.000e+00 0.000e+00 0.000e+00 0.000e+00 0.000e+00 0.000e+00 0.000e+00]
 [0.000e+00 1.200e+00 0.000e+00 9.600e+00 2.180e+02 9.800e+00 0.000e+00
  0.000e+00 0.000e+00 0.000e+00 0.000e+00 8.000e-01 2.600e+00 0.000e+00]
 [0.000e+00 0.000e+00 0.000e+00 0.000e+00 1.060e+01 2.268e+02 0.000e+00
  0.000e+00 4.200e+00 0.000e+00 0.000e+00 0.000e+00 4.000e-01 0.000e+00]
 [0.000e+00 0.000e+00 0.000e+00 0.000e+00 0.000e+00 0.000e+00 2.330e+02
  0.000e+00 0.000e+00 0.000e+00 0.000e+00 0.000e+00 0.000e+00 0.000e+00]
 [0.000e+00 0.000e+00 1.000e+00 0.000e+00 0.000e+00 0.000e+00 0.000e+00
  1.776e+02 0.000e+00 4.000e+00 0.000e+00 0.000e+00 4.000e-01 0.000e+00]
 [0.000e+00 0.000e+00 0.000e+00 0.000e+00 0.000e+00 4.800e+00 0.000e+00
  0.000e+00 2.780e+02 2.000e-01 0.000e+00 0.000e+00 0.000e+00 0.000e+00]
 [0.000e+00 0.000e+00 0.000e+00 0.000e+00 0.000e+00 0.000e+00 0.000e+00
  6.000e-01 0.000e+00 2.208e+02 1.600e+00 0.000e+00 0.000e+00 0.000e+00]
 [0.000e+00 0.000e+00 0.000e+00 0.000e+00 0.000e+00 0.000e+00 0.000e+00
  3.200e+00 0.000e+00 1.040e+01 2.614e+02 0.000e+00 0.000e+00 0.000e+00]
 [0.000e+00 0.000e+00 0.000e+00 0.000e+00 0.000e+00 0.000e+00 0.000e+00
  0.000e+00 0.000e+00 0.000e+00 0.000e+00 1.620e+02 1.000e+00 0.000e+00]
 [0.000e+00 0.000e+00 0.000e+00 0.000e+00 0.000e+00 0.000e+00 0.000e+00
  0.000e+00 0.000e+00 0.000e+00 0.000e+00 0.000e+00 2.410e+02 0.000e+00]
 [0.000e+00 0.000e+00 0.000e+00 0.000e+00 4.000e-01 0.000e+00 0.000e+00
  0.000e+00 0.000e+00 0.000e+00 8.000e-01 0.000e+00 0.000e+00 8.380e+01]]---
Accuracy: 97.59 +- 0.87
---
class acc :
	Water: 100.00 +- 0.00
	Hippo grass: 100.00 +- 0.00
	Floodplain grasses 1: 99.73 +- 0.53
	Floodplain grasses 2: 98.76 +- 2.47
	Reeds: 90.08 +- 5.59
	Riparian: 93.72 +- 4.23
	Firescar: 100.00 +- 0.00
	Island interior: 97.05 +- 4.66
	Acacia woodlands: 98.23 +- 1.32
	Acacia shrublands: 99.01 +- 1.40
	Acacia grasslands: 95.05 +- 6.16
	Short mopane: 99.39 +- 0.78
	Mixed mopane: 100.00 +- 0.00
	Exposed soils: 98.59 +- 1.88
---
AA: 97.83 +- 0.75
Kappa: 97.38 +- 0.94
