run 1 / 5
Best validation overall accuracy 0.9140625
Confusion matrix :
[[1081   14    0  106    0    0    0    0    0    0    0    0    0    0
     0]
 [  23 1176    0    4    0    0    0    0    0    0    1    0    0    0
     0]
 [   0    0  668    0    0    0    1    0    0    0    0    0    0    0
     0]
 [   1    0    0 1187    0    0    6    0    0    0    0    0    0    0
     0]
 [   0    0    0    0 1186    0    1    2    2    0    1    0    0    0
     0]
 [   4    0    0    3    0  247   53    0    4    1    0    0    0    0
     0]
 [   0    0    0    2    1    0 1148   29    7    3   25    2    0    0
     0]
 [   0    0    0    1   62    0    7  819   27   56   92  106   11    0
    13]
 [   0    0    0    1    9    0   28    2 1071    9   54   28    0    0
     0]
 [   0    0    0    0    0    0    0    0   88  989   59   42    0    0
     0]
 [   0    0    0    0    0    0   51    4   45   76  977   33    0    0
     0]
 [   0    0    0    0   19    0   41    1   17   11   16 1079    0    0
     0]
 [   0    0    0   30    0    0   40   15   19   18   49   27  249    2
     1]
 [   0    0    0    0    0    0    2    1    0    0    3    0    0  405
     0]
 [   0    0    0    0    0    0   10    0    0    0    0    0    0    0
   624]]---
Accuracy : 89.45%
---
class acc :
	Healthy grass: 90.01
	Stressed grass: 97.67
	Synthetic grass: 99.85
	Trees: 99.41
	Soil: 99.50
	Water: 79.17
	Residential: 94.33
	Commercial: 68.59
	Road: 89.10
	Highway: 83.96
	Railway: 82.38
	Parking Lot 1: 91.13
	Parking Lot 2: 55.33
	Tennis Court: 98.54
	Running Track: 98.42
---
AA: 88.49%
Kappa: 88.58
run 2 / 5
Best validation overall accuracy 0.92578125
Confusion matrix :
[[1170   20    0    8    1    0    0    2    0    0    0    0    0    0
     0]
 [ 118 1086    0    0    0    0    0    0    0    0    0    0    0    0
     0]
 [   0    0  667    0    0    0    2    0    0    0    0    0    0    0
     0]
 [   5    8    0 1176    0    0    5    0    0    0    0    0    0    0
     0]
 [   0    0    0    0 1174    0    0    2    4    0   12    0    0    0
     0]
 [   6    0    0    0    2  251   46    0    4    0    3    0    0    0
     0]
 [   0    2    0    5    0    8 1139   18   11    1   31    0    2    0
     0]
 [   0    0    0    0   15    0   42  924   71   14   19   98    4    0
     7]
 [   0    0    0    0    3    0   46    0 1042   17   61   32    0    1
     0]
 [   0    0    0    0    0    0    0    0  125  937   13  103    0    0
     0]
 [   1    0    0    0    1    0   32   10   52  157  910   15    8    0
     0]
 [   0    0    0    0    5    0   37    1    6   36    6 1093    0    0
     0]
 [   0    0    0    0    1    1    9    1    2   24   16   29  366    0
     1]
 [   0    0    0    0    0    0    1    1    0    0    3    0    0  406
     0]
 [   0    0    0    0    1    0    0    0    0    0    4    0    1    0
   628]]---
Accuracy : 89.89%
---
class acc :
	Healthy grass: 97.42
	Stressed grass: 90.20
	Synthetic grass: 99.70
	Trees: 98.49
	Soil: 98.49
	Water: 80.45
	Residential: 93.59
	Commercial: 77.39
	Road: 86.69
	Highway: 79.54
	Railway: 76.73
	Parking Lot 1: 92.31
	Parking Lot 2: 81.33
	Tennis Court: 98.78
	Running Track: 99.05
---
AA: 90.01%
Kappa: 89.06
run 3 / 5
Best validation overall accuracy 0.94140625
Confusion matrix :
[[1136   38    0   27    0    0    0    0    0    0    0    0    0    0
     0]
 [  11 1193    0    0    0    0    0    0    0    0    0    0    0    0
     0]
 [   0    0  669    0    0    0    0    0    0    0    0    0    0    0
     0]
 [   0    0    0 1192    0    0    0    0    0    2    0    0    0    0
     0]
 [   0    0    0    0 1163    0    0   19    5    1    1    3    0    0
     0]
 [   2    0    0    6    6  198   76    3   11    3    0    6    1    0
     0]
 [   1    7    0    5    0    0 1127   33   11    9   23    0    1    0
     0]
 [   0    0    0    2   33    0    6  932   52   23   41   55   20    2
    28]
 [   0    0    0    0    5    0   21    1 1019   74   60   22    0    0
     0]
 [   0    0    0    0    0    0    0    0   22 1102    8   46    0    0
     0]
 [   0    0    0    0    0    0   25   12   36  103 1009    1    0    0
     0]
 [   0    0    8    0    4    0   47    0   22    7   75 1021    0    0
     0]
 [   2    0    0    1    0    0    3    3    4   26   36   15  360    0
     0]
 [   0    1    0    0    0    0    1    0    4    0    9    0    0  396
     0]
 [   0    0    0    0    0    0    0    0    0    0    1    0    3    0
   630]]---
Accuracy : 91.12%
---
class acc :
	Healthy grass: 94.59
	Stressed grass: 99.09
	Synthetic grass: 100.00
	Trees: 99.83
	Soil: 97.57
	Water: 63.46
	Residential: 92.60
	Commercial: 78.06
	Road: 84.78
	Highway: 93.55
	Railway: 85.08
	Parking Lot 1: 86.23
	Parking Lot 2: 80.00
	Tennis Court: 96.35
	Running Track: 99.37
---
AA: 90.04%
Kappa: 90.39
run 4 / 5
Best validation overall accuracy 0.8828125
Confusion matrix :
[[1105   65    0   30    0    0    0    0    0    0    0    1    0    0
     0]
 [   3 1198    0    3    0    0    0    0    0    0    0    0    0    0
     0]
 [   0    0  669    0    0    0    0    0    0    0    0    0    0    0
     0]
 [ 105    5    0 1083    0    0    0    0    0    0    0    0    0    1
     0]
 [   0    0    0    0 1167    0    0   18    3    0    4    0    0    0
     0]
 [   5    1    0    0    0  233   66    0    5    0    0    0    2    0
     0]
 [   0    0    0    1    0    0 1155    2    9    2   25   15    8    0
     0]
 [   0    2    0    0   10    0   17  891   61   15   96   86    4    4
     8]
 [   0    2    0    2    0    0    5    0 1001   76   70   41    5    0
     0]
 [   0    2    0    0    0    0    0    9   44 1072    4   47    0    0
     0]
 [   0    0    0    0    0    0   15   21   14  173  906   21   36    0
     0]
 [   0    0    0    0    0    0   22    0    4  202   44  912    0    0
     0]
 [   0    1    0    0    0    0    1    0    0   12    2   13  421    0
     0]
 [   0    5    0    0    0    0    2    0    3    0    0    0   13  388
     0]
 [   0    0    1    0    0    0    0    0    0    0    0    0    8    0
   625]]---
Accuracy : 88.90%
---
class acc :
	Healthy grass: 92.01
	Stressed grass: 99.50
	Synthetic grass: 100.00
	Trees: 90.70
	Soil: 97.90
	Water: 74.68
	Residential: 94.91
	Commercial: 74.62
	Road: 83.28
	Highway: 91.00
	Railway: 76.39
	Parking Lot 1: 77.03
	Parking Lot 2: 93.56
	Tennis Court: 94.40
	Running Track: 98.58
---
AA: 89.24%
Kappa: 87.99
run 5 / 5
Best validation overall accuracy 0.91015625
Confusion matrix :
[[1098   36    0   63    0    0    0    0    0    0    1    0    0    3
     0]
 [   6 1190    0    0    5    0    0    0    0    0    0    0    3    0
     0]
 [   0    0  668    0    0    0    1    0    0    0    0    0    0    0
     0]
 [  29    3    0 1157    0    0    4    0    0    0    0    0    0    1
     0]
 [   0    0    0    0 1181    0    0    0   10    0    0    0    1    0
     0]
 [   0    0    0    0    0  241   58    0   11    2    0    0    0    0
     0]
 [   0    0    0    0    0    0 1119   41   32    0   16    0    8    1
     0]
 [   0    0    0    1   23    0   38  920   24   15   36   57   48   21
    11]
 [   0    3    0    0    0    0    0    8 1132   16   37    6    0    0
     0]
 [   0    0    0    0    0    0    0    2   42 1083   40   10    1    0
     0]
 [   0    0    0    0    0    1   13   14   42   50 1026    0   40    0
     0]
 [   0    0    2    0   19    0   52   54   34   30   67  924    2    0
     0]
 [   0    0    0    2    0    5    3    7   25    9    4   27  342    0
    26]
 [   0    0    0    0    0    0    0    0    0    0    0    0   15  396
     0]
 [   0    0    0    0    0    0    0    0    0    0    0    0    1    0
   633]]---
Accuracy : 90.86%
---
class acc :
	Healthy grass: 91.42
	Stressed grass: 98.84
	Synthetic grass: 99.85
	Trees: 96.90
	Soil: 99.08
	Water: 77.24
	Residential: 91.95
	Commercial: 77.05
	Road: 94.18
	Highway: 91.94
	Railway: 86.51
	Parking Lot 1: 78.04
	Parking Lot 2: 76.00
	Tennis Court: 96.35
	Running Track: 99.84
---
AA: 90.35%
Kappa: 90.12
Agregated results :
Confusion matrix :
[[1.1180e+03 3.4600e+01 0.0000e+00 4.6800e+01 2.0000e-01 0.0000e+00
  0.0000e+00 4.0000e-01 0.0000e+00 0.0000e+00 2.0000e-01 2.0000e-01
  0.0000e+00 6.0000e-01 0.0000e+00]
 [3.2200e+01 1.1686e+03 0.0000e+00 1.4000e+00 1.0000e+00 0.0000e+00
  0.0000e+00 0.0000e+00 0.0000e+00 0.0000e+00 2.0000e-01 0.0000e+00
  6.0000e-01 0.0000e+00 0.0000e+00]
 [0.0000e+00 0.0000e+00 6.6820e+02 0.0000e+00 0.0000e+00 0.0000e+00
  8.0000e-01 0.0000e+00 0.0000e+00 0.0000e+00 0.0000e+00 0.0000e+00
  0.0000e+00 0.0000e+00 0.0000e+00]
 [2.8000e+01 3.2000e+00 0.0000e+00 1.1590e+03 0.0000e+00 0.0000e+00
  3.0000e+00 0.0000e+00 0.0000e+00 4.0000e-01 0.0000e+00 0.0000e+00
  0.0000e+00 4.0000e-01 0.0000e+00]
 [0.0000e+00 0.0000e+00 0.0000e+00 0.0000e+00 1.1742e+03 0.0000e+00
  2.0000e-01 8.2000e+00 4.8000e+00 2.0000e-01 3.6000e+00 6.0000e-01
  2.0000e-01 0.0000e+00 0.0000e+00]
 [3.4000e+00 2.0000e-01 0.0000e+00 1.8000e+00 1.6000e+00 2.3400e+02
  5.9800e+01 6.0000e-01 7.0000e+00 1.2000e+00 6.0000e-01 1.2000e+00
  6.0000e-01 0.0000e+00 0.0000e+00]
 [2.0000e-01 1.8000e+00 0.0000e+00 2.6000e+00 2.0000e-01 1.6000e+00
  1.1376e+03 2.4600e+01 1.4000e+01 3.0000e+00 2.4000e+01 3.4000e+00
  3.8000e+00 2.0000e-01 0.0000e+00]
 [0.0000e+00 4.0000e-01 0.0000e+00 8.0000e-01 2.8600e+01 0.0000e+00
  2.2000e+01 8.9720e+02 4.7000e+01 2.4600e+01 5.6800e+01 8.0400e+01
  1.7400e+01 5.4000e+00 1.3400e+01]
 [0.0000e+00 1.0000e+00 0.0000e+00 6.0000e-01 3.4000e+00 0.0000e+00
  2.0000e+01 2.2000e+00 1.0530e+03 3.8400e+01 5.6400e+01 2.5800e+01
  1.0000e+00 2.0000e-01 0.0000e+00]
 [0.0000e+00 4.0000e-01 0.0000e+00 0.0000e+00 0.0000e+00 0.0000e+00
  0.0000e+00 2.2000e+00 6.4200e+01 1.0366e+03 2.4800e+01 4.9600e+01
  2.0000e-01 0.0000e+00 0.0000e+00]
 [2.0000e-01 0.0000e+00 0.0000e+00 0.0000e+00 2.0000e-01 2.0000e-01
  2.7200e+01 1.2200e+01 3.7800e+01 1.1180e+02 9.6560e+02 1.4000e+01
  1.6800e+01 0.0000e+00 0.0000e+00]
 [0.0000e+00 0.0000e+00 2.0000e+00 0.0000e+00 9.4000e+00 0.0000e+00
  3.9800e+01 1.1200e+01 1.6600e+01 5.7200e+01 4.1600e+01 1.0058e+03
  4.0000e-01 0.0000e+00 0.0000e+00]
 [4.0000e-01 2.0000e-01 0.0000e+00 6.6000e+00 2.0000e-01 1.2000e+00
  1.1200e+01 5.2000e+00 1.0000e+01 1.7800e+01 2.1400e+01 2.2200e+01
  3.4760e+02 4.0000e-01 5.6000e+00]
 [0.0000e+00 1.2000e+00 0.0000e+00 0.0000e+00 0.0000e+00 0.0000e+00
  1.2000e+00 4.0000e-01 1.4000e+00 0.0000e+00 3.0000e+00 0.0000e+00
  5.6000e+00 3.9820e+02 0.0000e+00]
 [0.0000e+00 0.0000e+00 2.0000e-01 0.0000e+00 2.0000e-01 0.0000e+00
  2.0000e+00 0.0000e+00 0.0000e+00 0.0000e+00 1.0000e+00 0.0000e+00
  2.6000e+00 0.0000e+00 6.2800e+02]]---
Accuracy: 90.04 +- 0.84
---
class acc :
	Healthy grass: 93.09 +- 2.62
	Stressed grass: 97.06 +- 3.48
	Synthetic grass: 99.88 +- 0.11
	Trees: 97.07 +- 3.34
	Soil: 98.51 +- 0.71
	Water: 75.00 +- 6.09
	Residential: 93.48 +- 1.08
	Commercial: 75.14 +- 3.47
	Road: 87.60 +- 3.82
	Highway: 88.00 +- 5.35
	Railway: 81.42 +- 4.18
	Parking Lot 1: 84.95 +- 6.40
	Parking Lot 2: 77.24 +- 12.43
	Tennis Court: 96.89 +- 1.62
	Running Track: 99.05 +- 0.52
---
AA: 89.62 +- 0.67
Kappa: 89.23 +- 0.91
