run 1 / 5
Best validation overall accuracy 0.9659090909090909
Confusion matrix :
[[1090    6    0   29    0    0    0    0    0    0    0    0    1    0
     0]
 [  19 1108    0    1    0    0    1    0    0    0    0    0    0    0
     0]
 [   0    0  627    0    0    0    0    0    0    0    0    0    0    0
     0]
 [   3    0    0 1116    0    0    1    0    0    0    0    0    0    0
     0]
 [   0    0    0    0 1118    0    0    0    0    0    0    0    0    0
     0]
 [   0    0    0    0    0  291    1    0    0    0    0    0    0    0
     0]
 [   0    0    0    0    0    6 1081   18   21    0    7    6    1    1
     0]
 [   0    0    0    0   18    0    6 1014    4   19   35   14    1    0
     9]
 [   0    0    0    0    5    0   10    0 1001   44   36   31    0    0
     0]
 [   0    0    0    0    0    0    0    0   11 1061   17   15    0    0
     0]
 [   0    0    0    0    0    0    4    0   20   43 1043    0    2    0
     0]
 [   0    0    0    0    0    0    7    8   20    1   14 1060    0    0
     0]
 [   0    0    0    0    0    0    1    0   10    0   18   20  373    0
     0]
 [   0    0    0    0    0    0    0    0    0    0    0    0    0  385
     0]
 [   0    0    0    0    0    0    0    0    0    0    0    0    0    0
   594]]---
Accuracy : 95.82%
---
class acc :
	Healthy grass: 96.80
	Stressed grass: 98.14
	Synthetic grass: 100.00
	Trees: 99.64
	Soil: 100.00
	Water: 99.66
	Residential: 94.74
	Commercial: 90.54
	Road: 88.82
	Highway: 96.11
	Railway: 93.79
	Parking Lot 1: 95.50
	Parking Lot 2: 88.39
	Tennis Court: 100.00
	Running Track: 100.00
---
AA: 96.14%
Kappa: 95.48
run 2 / 5
Best validation overall accuracy 0.9460227272727273
Confusion matrix :
[[1033   64    0   29    0    0    0    0    0    0    0    0    0    0
     0]
 [   6 1123    0    0    0    0    0    0    0    0    0    0    0    0
     0]
 [   0    0  618    0    0    0    9    0    0    0    0    0    0    0
     0]
 [   9    1    0 1108    0    0    2    0    0    0    0    0    0    0
     0]
 [   0    0    0    0 1116    0    1    1    0    0    0    0    0    0
     0]
 [   0    0    0    0    0  261   30    0    1    0    0    0    0    0
     0]
 [   0    0    0    0    0    0 1104   10   13    0   10    1    0    3
     0]
 [   0    0    0    1    7    0    9 1001   37    1   34   30    0    0
     0]
 [   0    0    0    0    1    0    1    0 1047   30   27   21    0    0
     0]
 [   0    0    0    0    0    0    0    0   54 1010   23   17    0    0
     0]
 [   0    0    0    0    0    0   10    0   54   35 1013    0    0    0
     0]
 [   0    0    0    0    0    0   40    5    9    0    1 1055    0    0
     0]
 [   0    0    0    0    0    0    3    0    3    3   15    6  392    0
     0]
 [   0    0    0    0    0    0    0    0    0    0    0    0    0  385
     0]
 [   0    0    0    0    0    0    0    0    0    0    0    0    0    0
   594]]---
Accuracy : 95.07%
---
class acc :
	Healthy grass: 91.74
	Stressed grass: 99.47
	Synthetic grass: 98.56
	Trees: 98.93
	Soil: 99.82
	Water: 89.38
	Residential: 96.76
	Commercial: 89.38
	Road: 92.90
	Highway: 91.49
	Railway: 91.10
	Parking Lot 1: 95.05
	Parking Lot 2: 92.89
	Tennis Court: 100.00
	Running Track: 100.00
---
AA: 95.16%
Kappa: 94.67
run 3 / 5
Best validation overall accuracy 0.9616477272727273
Confusion matrix :
[[1065   39    0   22    0    0    0    0    0    0    0    0    0    0
     0]
 [   4 1125    0    0    0    0    0    0    0    0    0    0    0    0
     0]
 [   0    0  627    0    0    0    0    0    0    0    0    0    0    0
     0]
 [  25    7    0 1088    0    0    0    0    0    0    0    0    0    0
     0]
 [   0    0    0    0 1101    0    0    0    0    0    0   17    0    0
     0]
 [   1    0    0    0    1  261   24    0    3    0    0    0    2    0
     0]
 [   0    0    0    0    0    0 1125    0    7    0    8    0    1    0
     0]
 [   0    0    0    0   20    0   15  970   35    0    7   60    0    4
     9]
 [   0    0    0    0    0    0    1    0 1024   36   27   39    0    0
     0]
 [   0    0    0    0    0    0    0    0   39 1059    4    2    0    0
     0]
 [   0    0    0    0    0    0   13    1   22   45 1030    0    1    0
     0]
 [   0    0    0    0    0    0   58   17    7   11    1 1016    0    0
     0]
 [   0    0    0    0    0    0    0    0    0    3   20    5  394    0
     0]
 [   0    0    0    0    0    0    2    0    0    0    0    0    2  381
     0]
 [   0    0    0    0    0    0    0    1    0    0    0    0    0    0
   593]]---
Accuracy : 95.06%
---
class acc :
	Healthy grass: 94.58
	Stressed grass: 99.65
	Synthetic grass: 100.00
	Trees: 97.14
	Soil: 98.48
	Water: 89.38
	Residential: 98.60
	Commercial: 86.61
	Road: 90.86
	Highway: 95.92
	Railway: 92.63
	Parking Lot 1: 91.53
	Parking Lot 2: 93.36
	Tennis Court: 98.96
	Running Track: 99.83
---
AA: 95.17%
Kappa: 94.66
run 4 / 5
Best validation overall accuracy 0.9389204545454546
Confusion matrix :
[[1099    3    0   24    0    0    0    0    0    0    0    0    0    0
     0]
 [   9 1120    0    0    0    0    0    0    0    0    0    0    0    0
     0]
 [   0    0  626    0    0    0    1    0    0    0    0    0    0    0
     0]
 [   2    3    0 1112    0    0    0    0    0    0    0    0    2    1
     0]
 [   0    0    0    0 1117    0    0    0    0    0    1    0    0    0
     0]
 [   0    0    0    0    0  248   40    0    1    3    0    0    0    0
     0]
 [   0    0    0    0    0    0 1114   13    0    0   11    0    3    0
     0]
 [   0    0    0    0   10    0   19 1024    1    4   16   28   10    0
     8]
 [   0    0    0    0    0    0    3    8  957   85   29   45    0    0
     0]
 [   0    0    0    0    0    0    0    0   27 1057   16    4    0    0
     0]
 [   0    0    0    0    0    0   14    0    8    6 1084    0    0    0
     0]
 [   0    0    0    0    1    0   35    6    9   12    0 1047    0    0
     0]
 [   0    0    0    0    0    0    0    2    0    5    8   20  387    0
     0]
 [   0    0    0    0    0    0    0    0    0    0    0    0    0  385
     0]
 [   0    0    0    0    0    0    0    0    0    0    0    0    1    0
   593]]---
Accuracy : 95.88%
---
class acc :
	Healthy grass: 97.60
	Stressed grass: 99.20
	Synthetic grass: 99.84
	Trees: 99.29
	Soil: 99.91
	Water: 84.93
	Residential: 97.63
	Commercial: 91.43
	Road: 84.92
	Highway: 95.74
	Railway: 97.48
	Parking Lot 1: 94.32
	Parking Lot 2: 91.71
	Tennis Court: 100.00
	Running Track: 99.83
---
AA: 95.59%
Kappa: 95.55
run 5 / 5
Best validation overall accuracy 0.953125
Confusion matrix :
[[1081   20    0   23    0    0    0    2    0    0    0    0    0    0
     0]
 [   7 1122    0    0    0    0    0    0    0    0    0    0    0    0
     0]
 [   0    0  627    0    0    0    0    0    0    0    0    0    0    0
     0]
 [   1    0    0 1117    0    0    2    0    0    0    0    0    0    0
     0]
 [   0    0    0    0 1117    0    0    0    1    0    0    0    0    0
     0]
 [   0    0    0    0    0  272   13    3    1    0    0    0    3    0
     0]
 [   0    0    0    0    0    1 1073   24   10    0   29    0    3    1
     0]
 [   0    0    0    0   10    0   46  980   48    8   19    9    0    0
     0]
 [   0    0    0    0    9    0    1    6  993   39   57   20    2    0
     0]
 [   0    0    0    0    0    0    0    0    8 1056   32    8    0    0
     0]
 [   0    0    0    0    1    0   18    5   31   35 1003    0   19    0
     0]
 [   0    0    0    0    3    0   55    2   29   21    1  999    0    0
     0]
 [   0    0    0    0    0    0    0    0    0    0    7    4  411    0
     0]
 [   0    0    0    0    0    0    7    0    0    0    0    0    2  376
     0]
 [   0    0    0    0    0    0    0    0    0    0    0    0    0    0
   594]]---
Accuracy : 94.78%
---
class acc :
	Healthy grass: 96.00
	Stressed grass: 99.38
	Synthetic grass: 100.00
	Trees: 99.73
	Soil: 99.91
	Water: 93.15
	Residential: 94.04
	Commercial: 87.50
	Road: 88.11
	Highway: 95.65
	Railway: 90.20
	Parking Lot 1: 90.00
	Parking Lot 2: 97.39
	Tennis Court: 97.66
	Running Track: 100.00
---
AA: 95.25%
Kappa: 94.36
Agregated results :
Confusion matrix :
[[1.0736e+03 2.6400e+01 0.0000e+00 2.5400e+01 0.0000e+00 0.0000e+00
  0.0000e+00 4.0000e-01 0.0000e+00 0.0000e+00 0.0000e+00 0.0000e+00
  2.0000e-01 0.0000e+00 0.0000e+00]
 [9.0000e+00 1.1196e+03 0.0000e+00 2.0000e-01 0.0000e+00 0.0000e+00
  2.0000e-01 0.0000e+00 0.0000e+00 0.0000e+00 0.0000e+00 0.0000e+00
  0.0000e+00 0.0000e+00 0.0000e+00]
 [0.0000e+00 0.0000e+00 6.2500e+02 0.0000e+00 0.0000e+00 0.0000e+00
  2.0000e+00 0.0000e+00 0.0000e+00 0.0000e+00 0.0000e+00 0.0000e+00
  0.0000e+00 0.0000e+00 0.0000e+00]
 [8.0000e+00 2.2000e+00 0.0000e+00 1.1082e+03 0.0000e+00 0.0000e+00
  1.0000e+00 0.0000e+00 0.0000e+00 0.0000e+00 0.0000e+00 0.0000e+00
  4.0000e-01 2.0000e-01 0.0000e+00]
 [0.0000e+00 0.0000e+00 0.0000e+00 0.0000e+00 1.1138e+03 0.0000e+00
  2.0000e-01 2.0000e-01 2.0000e-01 0.0000e+00 2.0000e-01 3.4000e+00
  0.0000e+00 0.0000e+00 0.0000e+00]
 [2.0000e-01 0.0000e+00 0.0000e+00 0.0000e+00 2.0000e-01 2.6660e+02
  2.1600e+01 6.0000e-01 1.2000e+00 6.0000e-01 0.0000e+00 0.0000e+00
  1.0000e+00 0.0000e+00 0.0000e+00]
 [0.0000e+00 0.0000e+00 0.0000e+00 0.0000e+00 0.0000e+00 1.4000e+00
  1.0994e+03 1.3000e+01 1.0200e+01 0.0000e+00 1.3000e+01 1.4000e+00
  1.6000e+00 1.0000e+00 0.0000e+00]
 [0.0000e+00 0.0000e+00 0.0000e+00 2.0000e-01 1.3000e+01 0.0000e+00
  1.9000e+01 9.9780e+02 2.5000e+01 6.4000e+00 2.2200e+01 2.8200e+01
  2.2000e+00 8.0000e-01 5.2000e+00]
 [0.0000e+00 0.0000e+00 0.0000e+00 0.0000e+00 3.0000e+00 0.0000e+00
  3.2000e+00 2.8000e+00 1.0044e+03 4.6800e+01 3.5200e+01 3.1200e+01
  4.0000e-01 0.0000e+00 0.0000e+00]
 [0.0000e+00 0.0000e+00 0.0000e+00 0.0000e+00 0.0000e+00 0.0000e+00
  0.0000e+00 0.0000e+00 2.7800e+01 1.0486e+03 1.8400e+01 9.2000e+00
  0.0000e+00 0.0000e+00 0.0000e+00]
 [0.0000e+00 0.0000e+00 0.0000e+00 0.0000e+00 2.0000e-01 0.0000e+00
  1.1800e+01 1.2000e+00 2.7000e+01 3.2800e+01 1.0346e+03 0.0000e+00
  4.4000e+00 0.0000e+00 0.0000e+00]
 [0.0000e+00 0.0000e+00 0.0000e+00 0.0000e+00 8.0000e-01 0.0000e+00
  3.9000e+01 7.6000e+00 1.4800e+01 9.0000e+00 3.4000e+00 1.0354e+03
  0.0000e+00 0.0000e+00 0.0000e+00]
 [0.0000e+00 0.0000e+00 0.0000e+00 0.0000e+00 0.0000e+00 0.0000e+00
  8.0000e-01 4.0000e-01 2.6000e+00 2.2000e+00 1.3600e+01 1.1000e+01
  3.9140e+02 0.0000e+00 0.0000e+00]
 [0.0000e+00 0.0000e+00 0.0000e+00 0.0000e+00 0.0000e+00 0.0000e+00
  1.8000e+00 0.0000e+00 0.0000e+00 0.0000e+00 0.0000e+00 0.0000e+00
  8.0000e-01 3.8240e+02 0.0000e+00]
 [0.0000e+00 0.0000e+00 0.0000e+00 0.0000e+00 0.0000e+00 0.0000e+00
  0.0000e+00 2.0000e-01 0.0000e+00 0.0000e+00 0.0000e+00 0.0000e+00
  2.0000e-01 0.0000e+00 5.9360e+02]]---
Accuracy: 95.32 +- 0.44
---
class acc :
	Healthy grass: 95.35 +- 2.06
	Stressed grass: 99.17 +- 0.53
	Synthetic grass: 99.68 +- 0.56
	Trees: 98.95 +- 0.95
	Soil: 99.62 +- 0.58
	Water: 91.30 +- 4.92
	Residential: 96.35 +- 1.72
	Commercial: 89.09 +- 1.81
	Road: 89.12 +- 2.69
	Highway: 94.98 +- 1.76
	Railway: 93.04 +- 2.54
	Parking Lot 1: 93.28 +- 2.14
	Parking Lot 2: 92.75 +- 2.90
	Tennis Court: 99.32 +- 0.92
	Running Track: 99.93 +- 0.08
---
AA: 95.46 +- 0.37
Kappa: 94.94 +- 0.48
