run 1 / 5
Best validation overall accuracy 0.9728260869565217
Confusion matrix :
[[ 970    9    0   22    0    0    0    0    0    0    0    0    0    0
     0]
 [   0 1003    0    0    0    0    0    0    0    0    0    0    0    0
     0]
 [   0    0  558    0    0    0    0    0    0    0    0    0    0    0
     0]
 [   1    1    0  993    0    0    0    0    0    0    0    0    0    0
     0]
 [   0    0    0    0  994    0    0    0    0    0    0    0    0    0
     0]
 [   0    0    0    0    0  260    0    0    0    0    0    0    0    0
     0]
 [   0    0    0    0    0    1 1002    0    5    0    7    0    0    0
     0]
 [   0    0    0    0    2    0    0  893   10   30    4   37    0   16
     3]
 [   0    1    0    0    0    0   10    0  914   35   30   12    0    0
     0]
 [   0    0    0    0    0    0    0    0   22  937   23    0    0    0
     0]
 [   0    0    0    0    0    0   14    0   20   13  941    0    0    0
     0]
 [   0    0    0    0    0    0   34    0    2    0    0  950    0    0
     0]
 [   0    0    0    0    0    0    0    0    0    0   17    1  357    0
     0]
 [   0    0    0    0    0    0    1    0    0    0    0    0    0  341
     0]
 [   0    0    0    0    0    0    0    0    0    0    0    0    0    0
   528]]---
Accuracy : 96.81%
---
class acc :
	Healthy grass: 96.90
	Stressed grass: 100.00
	Synthetic grass: 100.00
	Trees: 99.80
	Soil: 100.00
	Water: 100.00
	Residential: 98.72
	Commercial: 89.75
	Road: 91.22
	Highway: 95.42
	Railway: 95.24
	Parking Lot 1: 96.35
	Parking Lot 2: 95.20
	Tennis Court: 99.71
	Running Track: 100.00
---
AA: 97.22%
Kappa: 96.56
run 2 / 5
Best validation overall accuracy 0.96875
Confusion matrix :
[[ 968   13    0   20    0    0    0    0    0    0    0    0    0    0
     0]
 [   3 1000    0    0    0    0    0    0    0    0    0    0    0    0
     0]
 [   0    0  558    0    0    0    0    0    0    0    0    0    0    0
     0]
 [   0    0    0  995    0    0    0    0    0    0    0    0    0    0
     0]
 [   0    0    0    0  994    0    0    0    0    0    0    0    0    0
     0]
 [   0    0    0    1    0  245    9    1    1    0    0    0    3    0
     0]
 [   0    0    0    1    0    0  989    0   16    0    8    0    1    0
     0]
 [   0    0    0    0    9    0    0  905   15    0    4   46    0    5
    11]
 [   0    0    0    0    0    0    0    0  950   29   12    9    2    0
     0]
 [   0    0    0    0    0    0    0    0   27  934   21    0    0    0
     0]
 [   0    0    0    0    0    0    2    1    3    5  977    0    0    0
     0]
 [   0    0    0    0    0    0   35    6    4    6    8  927    0    0
     0]
 [   0    0    0    0    0    0    0    1    1    6   11    1  355    0
     0]
 [   0    0    0    0    0    0    0    0    0    0    0    0    0  342
     0]
 [   0    0    0    0    0    0    0    0    0    0    0    0    0    0
   528]]---
Accuracy : 97.03%
---
class acc :
	Healthy grass: 96.70
	Stressed grass: 99.70
	Synthetic grass: 100.00
	Trees: 100.00
	Soil: 100.00
	Water: 94.23
	Residential: 97.44
	Commercial: 90.95
	Road: 94.81
	Highway: 95.11
	Railway: 98.89
	Parking Lot 1: 94.02
	Parking Lot 2: 94.67
	Tennis Court: 100.00
	Running Track: 100.00
---
AA: 97.10%
Kappa: 96.79
run 3 / 5
Best validation overall accuracy 0.9667119565217391
Confusion matrix :
[[973  10   0  18   0   0   0   0   0   0   0   0   0   0   0]
 [ 15 988   0   0   0   0   0   0   0   0   0   0   0   0   0]
 [  0   0 558   0   0   0   0   0   0   0   0   0   0   0   0]
 [  3   0   0 992   0   0   0   0   0   0   0   0   0   0   0]
 [  0   0   0   0 994   0   0   0   0   0   0   0   0   0   0]
 [  0   0   0   0   0 258   2   0   0   0   0   0   0   0   0]
 [  0   0   0   0   1   9 961  10  16   0  10   8   0   0   0]
 [  0   0   0   0   7   0   0 938   4  19   0  27   0   0   0]
 [  0   0   0   0   2   0   1   2 895  47  24  31   0   0   0]
 [  0   0   0   0   0   0   0   0  11 960   6   5   0   0   0]
 [  0   0   0   0   9   0   5   4  37  44 888   0   1   0   0]
 [  0   0   0   0   0   0   4   1   9   3   0 969   0   0   0]
 [  0   0   0   0   0   0   0   1   0   0  18  18 338   0   0]
 [  0   0   0   0   0   0   4   0   0   0   0   0   0 338   0]
 [  0   0   0   0   0   0   0   0   0   0   0   0   0   0 528]]---
Accuracy : 96.29%
---
class acc :
	Healthy grass: 97.20
	Stressed grass: 98.50
	Synthetic grass: 100.00
	Trees: 99.70
	Soil: 100.00
	Water: 99.23
	Residential: 94.68
	Commercial: 94.27
	Road: 89.32
	Highway: 97.76
	Railway: 89.88
	Parking Lot 1: 98.28
	Parking Lot 2: 90.13
	Tennis Court: 98.83
	Running Track: 100.00
---
AA: 96.52%
Kappa: 95.99
run 4 / 5
Best validation overall accuracy 0.96875
Confusion matrix :
[[959  10   0  32   0   0   0   0   0   0   0   0   0   0   0]
 [  6 997   0   0   0   0   0   0   0   0   0   0   0   0   0]
 [  0   0 558   0   0   0   0   0   0   0   0   0   0   0   0]
 [  0   0   0 995   0   0   0   0   0   0   0   0   0   0   0]
 [  0   0   0   0 994   0   0   0   0   0   0   0   0   0   0]
 [  0   0   0   0   0 255   1   0   0   1   0   0   3   0   0]
 [  0   0   0   0   0   0 983   0  23   0   8   0   1   0   0]
 [  0   0   0   0   3   0   0 922   6   3  13  48   0   0   0]
 [  0   0   0   0   0   0   1   1 927  39  22  12   0   0   0]
 [  0   0   0   0   1   0   0   0  19 944  10   8   0   0   0]
 [  0   0   0   0   0   0   5   0  17   1 965   0   0   0   0]
 [  0   0   0   0   0   0  30   0   1   0   0 955   0   0   0]
 [  0   0   0   0   0   0   0   0   0   3   8   5 359   0   0]
 [  0   0   0   0   0   0   0   0   0   0   0   0   0 342   0]
 [  0   0   0   0   0   0   0   0   0   0   0   0   0   0 528]]---
Accuracy : 97.16%
---
class acc :
	Healthy grass: 95.80
	Stressed grass: 99.40
	Synthetic grass: 100.00
	Trees: 100.00
	Soil: 100.00
	Water: 98.08
	Residential: 96.85
	Commercial: 92.66
	Road: 92.51
	Highway: 96.13
	Railway: 97.67
	Parking Lot 1: 96.86
	Parking Lot 2: 95.73
	Tennis Court: 100.00
	Running Track: 100.00
---
AA: 97.45%
Kappa: 96.93
run 5 / 5
Best validation overall accuracy 0.9667119565217391
Confusion matrix :
[[964  15   0  22   0   0   0   0   0   0   0   0   0   0   0]
 [  8 995   0   0   0   0   0   0   0   0   0   0   0   0   0]
 [  0   0 557   0   0   0   1   0   0   0   0   0   0   0   0]
 [  2   0   0 993   0   0   0   0   0   0   0   0   0   0   0]
 [  0   0   0   0 980   0   0  14   0   0   0   0   0   0   0]
 [  0   0   0   0   0 258   0   0   0   0   0   0   2   0   0]
 [  0   0   0   0   0   0 986   0  16   0  12   0   1   0   0]
 [  0   0   0   0   7   0  16 947  14   0   1   8   2   0   0]
 [  0   0   0   0   0   0   0   0 901  62  25  14   0   0   0]
 [  0   0   0   0   0   0   0   0  22 944  12   4   0   0   0]
 [  0   0   0   0   0   0   5   0   4   1 977   0   1   0   0]
 [  0   0   0   0   0   0  50   0  23  11   0 902   0   0   0]
 [  0   0   0   0   0   0   0   0   0   0  19   5 351   0   0]
 [  0   0   0   0   0   0   1   0   0   0   0   0   0 341   0]
 [  0   0   0   0   0   0   2   0   0   0   0   0   0   0 526]]---
Accuracy : 96.66%
---
class acc :
	Healthy grass: 96.30
	Stressed grass: 99.20
	Synthetic grass: 99.82
	Trees: 99.80
	Soil: 98.59
	Water: 99.23
	Residential: 97.14
	Commercial: 95.18
	Road: 89.92
	Highway: 96.13
	Railway: 98.89
	Parking Lot 1: 91.48
	Parking Lot 2: 93.60
	Tennis Court: 99.71
	Running Track: 99.62
---
AA: 96.97%
Kappa: 96.39
Agregated results :
Confusion matrix :
[[9.668e+02 1.140e+01 0.000e+00 2.280e+01 0.000e+00 0.000e+00 0.000e+00
  0.000e+00 0.000e+00 0.000e+00 0.000e+00 0.000e+00 0.000e+00 0.000e+00
  0.000e+00]
 [6.400e+00 9.966e+02 0.000e+00 0.000e+00 0.000e+00 0.000e+00 0.000e+00
  0.000e+00 0.000e+00 0.000e+00 0.000e+00 0.000e+00 0.000e+00 0.000e+00
  0.000e+00]
 [0.000e+00 0.000e+00 5.578e+02 0.000e+00 0.000e+00 0.000e+00 2.000e-01
  0.000e+00 0.000e+00 0.000e+00 0.000e+00 0.000e+00 0.000e+00 0.000e+00
  0.000e+00]
 [1.200e+00 2.000e-01 0.000e+00 9.936e+02 0.000e+00 0.000e+00 0.000e+00
  0.000e+00 0.000e+00 0.000e+00 0.000e+00 0.000e+00 0.000e+00 0.000e+00
  0.000e+00]
 [0.000e+00 0.000e+00 0.000e+00 0.000e+00 9.912e+02 0.000e+00 0.000e+00
  2.800e+00 0.000e+00 0.000e+00 0.000e+00 0.000e+00 0.000e+00 0.000e+00
  0.000e+00]
 [0.000e+00 0.000e+00 0.000e+00 2.000e-01 0.000e+00 2.552e+02 2.400e+00
  2.000e-01 2.000e-01 2.000e-01 0.000e+00 0.000e+00 1.600e+00 0.000e+00
  0.000e+00]
 [0.000e+00 0.000e+00 0.000e+00 2.000e-01 2.000e-01 2.000e+00 9.842e+02
  2.000e+00 1.520e+01 0.000e+00 9.000e+00 1.600e+00 6.000e-01 0.000e+00
  0.000e+00]
 [0.000e+00 0.000e+00 0.000e+00 0.000e+00 5.600e+00 0.000e+00 3.200e+00
  9.210e+02 9.800e+00 1.040e+01 4.400e+00 3.320e+01 4.000e-01 4.200e+00
  2.800e+00]
 [0.000e+00 2.000e-01 0.000e+00 0.000e+00 4.000e-01 0.000e+00 2.400e+00
  6.000e-01 9.174e+02 4.240e+01 2.260e+01 1.560e+01 4.000e-01 0.000e+00
  0.000e+00]
 [0.000e+00 0.000e+00 0.000e+00 0.000e+00 2.000e-01 0.000e+00 0.000e+00
  0.000e+00 2.020e+01 9.438e+02 1.440e+01 3.400e+00 0.000e+00 0.000e+00
  0.000e+00]
 [0.000e+00 0.000e+00 0.000e+00 0.000e+00 1.800e+00 0.000e+00 6.200e+00
  1.000e+00 1.620e+01 1.280e+01 9.496e+02 0.000e+00 4.000e-01 0.000e+00
  0.000e+00]
 [0.000e+00 0.000e+00 0.000e+00 0.000e+00 0.000e+00 0.000e+00 3.060e+01
  1.400e+00 7.800e+00 4.000e+00 1.600e+00 9.406e+02 0.000e+00 0.000e+00
  0.000e+00]
 [0.000e+00 0.000e+00 0.000e+00 0.000e+00 0.000e+00 0.000e+00 0.000e+00
  4.000e-01 2.000e-01 1.800e+00 1.460e+01 6.000e+00 3.520e+02 0.000e+00
  0.000e+00]
 [0.000e+00 0.000e+00 0.000e+00 0.000e+00 0.000e+00 0.000e+00 1.200e+00
  0.000e+00 0.000e+00 0.000e+00 0.000e+00 0.000e+00 0.000e+00 3.408e+02
  0.000e+00]
 [0.000e+00 0.000e+00 0.000e+00 0.000e+00 0.000e+00 0.000e+00 4.000e-01
  0.000e+00 0.000e+00 0.000e+00 0.000e+00 0.000e+00 0.000e+00 0.000e+00
  5.276e+02]]---
Accuracy: 96.79 +- 0.31
---
class acc :
	Healthy grass: 96.58 +- 0.49
	Stressed grass: 99.36 +- 0.51
	Synthetic grass: 99.96 +- 0.07
	Trees: 99.86 +- 0.12
	Soil: 99.72 +- 0.56
	Water: 98.15 +- 2.06
	Residential: 96.97 +- 1.31
	Commercial: 92.56 +- 2.01
	Road: 91.56 +- 1.96
	Highway: 96.11 +- 0.92
	Railway: 96.11 +- 3.39
	Parking Lot 1: 95.40 +- 2.39
	Parking Lot 2: 93.87 +- 2.00
	Tennis Court: 99.65 +- 0.43
	Running Track: 99.92 +- 0.15
---
AA: 97.05 +- 0.31
Kappa: 96.53 +- 0.33
