run 1 / 5
Best validation overall accuracy 0.998046875
Confusion matrix :
[[ 870   89    0   94    0    0    0    0    0    0    0    0    0    0
     0]
 [   0 1048    0    9    0    0    7    0    0    0    0    0    0    0
     0]
 [   0    0  504    0    0    0    1    0    0    0    0    0    0    0
     0]
 [   0   12    0 1041    0    0    3    0    0    0    0    0    0    0
     0]
 [   0    0    0    0 1049    0    0    0    0    0    7    0    0    0
     0]
 [   0    0    0    0    0  137    0    0    6    0    0    0    0    0
     0]
 [   0    0    0    0    0   33  966   61    7    0    0    0    1    4
     0]
 [   0    0    0    0    0    0   37  881   51   24   38    2    0   20
     0]
 [   0    0    0    0   21    2   30   27  902   43   24   10    0    0
     0]
 [   0    0    0    0    0    0    0    0   20  733  280    3    0    0
     0]
 [   0    0    0    0    0    0  107    0   35   36  872    0    4    0
     0]
 [   0    0    0    0    4    0    1   69   56   22   64  825    0    0
     0]
 [   0    0    0    0    0    0    0    0    0    0   20   13  252    0
     0]
 [   0    0    0    0    0    0    0    0    0    0    0    0    0  247
     0]
 [   0    0    0    0    0    0    6    0    0    0    0    0    0    2
   465]]---
Accuracy : 88.48%
---
class acc :
	Healthy grass: 82.62
	Stressed grass: 98.50
	Synthetic grass: 99.80
	Trees: 98.58
	Soil: 99.34
	Water: 95.80
	Residential: 90.11
	Commercial: 83.67
	Road: 85.17
	Highway: 70.75
	Railway: 82.73
	Parking Lot 1: 79.25
	Parking Lot 2: 88.42
	Tennis Court: 100.00
	Running Track: 98.31
---
AA: 90.20%
Kappa: 87.49
run 2 / 5
Best validation overall accuracy 0.998046875
Confusion matrix :
[[ 869   79    0  105    0    0    0    0    0    0    0    0    0    0
     0]
 [   1 1012    0    2    0    0    0   49    0    0    0    0    0    0
     0]
 [   0    0  505    0    0    0    0    0    0    0    0    0    0    0
     0]
 [   0    0    0 1055    0    0    1    0    0    0    0    0    0    0
     0]
 [   0    0    0    0 1049    0    0    7    0    0    0    0    0    0
     0]
 [   0    0    0    0    0  137    0    0    0    0    0    0    6    0
     0]
 [   0    1    0    0    0   49  950   55    0    0    0    0    0   17
     0]
 [   0    0    0    0    0    0   37  901   12   23   14   44    2   20
     0]
 [   0    0    0    0   24    2   29   10  865   52   58   14    4    1
     0]
 [   0    0    4    0    0    0    0   22   82  689  233    6    0    0
     0]
 [   0    0    0    0    0    0  111   15   16   65  820    0    6   21
     0]
 [   0    0    0    0   11    0    4   27   71   47   65  814    2    0
     0]
 [   0    0    0    0    0    0    0    0    0    6   18    3  258    0
     0]
 [   0    0    0    0    0    0    0    0    0    0    0    0    0  247
     0]
 [   0    0    0    0    0    0    0    1    0    0    0    0    0    0
   472]]---
Accuracy : 87.26%
---
class acc :
	Healthy grass: 82.53
	Stressed grass: 95.11
	Synthetic grass: 100.00
	Trees: 99.91
	Soil: 99.34
	Water: 95.80
	Residential: 88.62
	Commercial: 85.57
	Road: 81.68
	Highway: 66.51
	Railway: 77.80
	Parking Lot 1: 78.19
	Parking Lot 2: 90.53
	Tennis Court: 100.00
	Running Track: 99.79
---
AA: 89.42%
Kappa: 86.17
run 3 / 5
Best validation overall accuracy 1.0
Confusion matrix :
[[ 866   43    0  144    0    0    0    0    0    0    0    0    0    0
     0]
 [   4 1049    0   11    0    0    0    0    0    0    0    0    0    0
     0]
 [   0    0  499    0    0    0    5    0    0    0    0    0    1    0
     0]
 [   4    5    0 1045    0    0    1    0    1    0    0    0    0    0
     0]
 [   0    0    0    0 1056    0    0    0    0    0    0    0    0    0
     0]
 [   0    0    0    0    0  137    0    0    2    0    0    0    4    0
     0]
 [   0    0    0    1    2   58  927   65   12    0    0    1    2    4
     0]
 [   0    0   27    0    0    0   15  892    5   25   33   34    2   20
     0]
 [   0    0    0    0   21    2   51    6  878   59   18   21    3    0
     0]
 [   0    0    0    0    0    0    0   24   88  657  267    0    0    0
     0]
 [   0    0    0    0    0    0   82    1   27   16  921    2    5    0
     0]
 [   0    0    0    0    0    0    2  108    4   17   61  849    0    0
     0]
 [   0    0    0    0    0    0    0    0    0    0   20    8  257    0
     0]
 [   0    0    0    0    0    0    0    0    0    0    0    0    0  247
     0]
 [   0    0    0    0    0    0    6    1    0    0    0    0    0    2
   464]]---
Accuracy : 88.09%
---
class acc :
	Healthy grass: 82.24
	Stressed grass: 98.59
	Synthetic grass: 98.81
	Trees: 98.96
	Soil: 100.00
	Water: 95.80
	Residential: 86.47
	Commercial: 84.71
	Road: 82.91
	Highway: 63.42
	Railway: 87.38
	Parking Lot 1: 81.56
	Parking Lot 2: 90.18
	Tennis Court: 100.00
	Running Track: 98.10
---
AA: 89.94%
Kappa: 87.07
run 4 / 5
Best validation overall accuracy 0.994140625
Confusion matrix :
[[ 867   52    0  134    0    0    0    0    0    0    0    0    0    0
     0]
 [   0 1036    0   28    0    0    0    0    0    0    0    0    0    0
     0]
 [   0    0  498    0    0    0    6    1    0    0    0    0    0    0
     0]
 [   5    7    0 1043    0    0    1    0    0    0    0    0    0    0
     0]
 [   0    0    0    0 1039    0    0   12    1    3    1    0    0    0
     0]
 [   0    0    0    4    0  130    2    6    0    1    0    0    0    0
     0]
 [   0    0    0    7    0    4  988   48    5    0    0    0    0   20
     0]
 [   0    0    5    0    0    0  117  802    2   18   12   76    1   20
     0]
 [   0    0    0    0   21    0   61    2  849   86   14   26    0    0
     0]
 [   0    0    5    0    0    0    0    0  156  746  115   14    0    0
     0]
 [   0    0    0    0    0    0  119    8   31   42  816    0   10   28
     0]
 [   0    0    0    0    0    0    8    3  120   15   28  867    0    0
     0]
 [   0    0    0    0    0    0    0    2    6    0   14   17  246    0
     0]
 [   0    0    0    0    0    0    0    0    0    0    0    0    0  247
     0]
 [   0    0    0    0    0    0    0    0    0    0    0    0    0    0
   473]]---
Accuracy : 87.29%
---
class acc :
	Healthy grass: 82.34
	Stressed grass: 97.37
	Synthetic grass: 98.61
	Trees: 98.77
	Soil: 98.39
	Water: 90.91
	Residential: 92.16
	Commercial: 76.16
	Road: 80.17
	Highway: 72.01
	Railway: 77.42
	Parking Lot 1: 83.29
	Parking Lot 2: 86.32
	Tennis Court: 100.00
	Running Track: 100.00
---
AA: 88.93%
Kappa: 86.20
run 5 / 5
Best validation overall accuracy 1.0
Confusion matrix :
[[ 862   80    0  111    0    0    0    0    0    0    0    0    0    0
     0]
 [   6 1030    0   28    0    0    0    0    0    0    0    0    0    0
     0]
 [   0    0  497    0    0    0    8    0    0    0    0    0    0    0
     0]
 [   8    0    0 1047    0    0    1    0    0    0    0    0    0    0
     0]
 [   0    0    0    0 1047    0    0    4    0    0    5    0    0    0
     0]
 [   0    0    0    0    0  136    0    0    6    1    0    0    0    0
     0]
 [   0    0    0    1    0    2 1018   48    3    0    0    0    0    0
     0]
 [   0    0    2    0    6    0   39  934    7   18   12   26    0    9
     0]
 [   0    0    0    0   22    0   71   14  842   67   24   19    0    0
     0]
 [   0    0    0    0    0    0    0    0   55  690  282    9    0    0
     0]
 [   0    0    0    0    0    0  132    0   18   14  889    0    1    0
     0]
 [   0    0    0    0    6    0   13   30   13   52   53  872    2    0
     0]
 [   0    0    0    0    0    0    0    0    0    0   22   13  250    0
     0]
 [   0    0    0    0    0    0    0    0    0    0    0    0    1  246
     0]
 [   0    0    0    0    0    0   12    0    0    0    0    0    0    0
   461]]---
Accuracy : 88.72%
---
class acc :
	Healthy grass: 81.86
	Stressed grass: 96.80
	Synthetic grass: 98.42
	Trees: 99.15
	Soil: 99.15
	Water: 95.10
	Residential: 94.96
	Commercial: 88.70
	Road: 79.51
	Highway: 66.60
	Railway: 84.35
	Parking Lot 1: 83.77
	Parking Lot 2: 87.72
	Tennis Court: 99.60
	Running Track: 97.46
---
AA: 90.21%
Kappa: 87.75
Agregated results :
Confusion matrix :
[[8.6680e+02 6.8600e+01 0.0000e+00 1.1760e+02 0.0000e+00 0.0000e+00
  0.0000e+00 0.0000e+00 0.0000e+00 0.0000e+00 0.0000e+00 0.0000e+00
  0.0000e+00 0.0000e+00 0.0000e+00]
 [2.2000e+00 1.0350e+03 0.0000e+00 1.5600e+01 0.0000e+00 0.0000e+00
  1.4000e+00 9.8000e+00 0.0000e+00 0.0000e+00 0.0000e+00 0.0000e+00
  0.0000e+00 0.0000e+00 0.0000e+00]
 [0.0000e+00 0.0000e+00 5.0060e+02 0.0000e+00 0.0000e+00 0.0000e+00
  4.0000e+00 2.0000e-01 0.0000e+00 0.0000e+00 0.0000e+00 0.0000e+00
  2.0000e-01 0.0000e+00 0.0000e+00]
 [3.4000e+00 4.8000e+00 0.0000e+00 1.0462e+03 0.0000e+00 0.0000e+00
  1.4000e+00 0.0000e+00 2.0000e-01 0.0000e+00 0.0000e+00 0.0000e+00
  0.0000e+00 0.0000e+00 0.0000e+00]
 [0.0000e+00 0.0000e+00 0.0000e+00 0.0000e+00 1.0480e+03 0.0000e+00
  0.0000e+00 4.6000e+00 2.0000e-01 6.0000e-01 2.6000e+00 0.0000e+00
  0.0000e+00 0.0000e+00 0.0000e+00]
 [0.0000e+00 0.0000e+00 0.0000e+00 8.0000e-01 0.0000e+00 1.3540e+02
  4.0000e-01 1.2000e+00 2.8000e+00 4.0000e-01 0.0000e+00 0.0000e+00
  2.0000e+00 0.0000e+00 0.0000e+00]
 [0.0000e+00 2.0000e-01 0.0000e+00 1.8000e+00 4.0000e-01 2.9200e+01
  9.6980e+02 5.5400e+01 5.4000e+00 0.0000e+00 0.0000e+00 2.0000e-01
  6.0000e-01 9.0000e+00 0.0000e+00]
 [0.0000e+00 0.0000e+00 6.8000e+00 0.0000e+00 1.2000e+00 0.0000e+00
  4.9000e+01 8.8200e+02 1.5400e+01 2.1600e+01 2.1800e+01 3.6400e+01
  1.0000e+00 1.7800e+01 0.0000e+00]
 [0.0000e+00 0.0000e+00 0.0000e+00 0.0000e+00 2.1800e+01 1.2000e+00
  4.8400e+01 1.1800e+01 8.6720e+02 6.1400e+01 2.7600e+01 1.8000e+01
  1.4000e+00 2.0000e-01 0.0000e+00]
 [0.0000e+00 0.0000e+00 1.8000e+00 0.0000e+00 0.0000e+00 0.0000e+00
  0.0000e+00 9.2000e+00 8.0200e+01 7.0300e+02 2.3540e+02 6.4000e+00
  0.0000e+00 0.0000e+00 0.0000e+00]
 [0.0000e+00 0.0000e+00 0.0000e+00 0.0000e+00 0.0000e+00 0.0000e+00
  1.1020e+02 4.8000e+00 2.5400e+01 3.4600e+01 8.6360e+02 4.0000e-01
  5.2000e+00 9.8000e+00 0.0000e+00]
 [0.0000e+00 0.0000e+00 0.0000e+00 0.0000e+00 4.2000e+00 0.0000e+00
  5.6000e+00 4.7400e+01 5.2800e+01 3.0600e+01 5.4200e+01 8.4540e+02
  8.0000e-01 0.0000e+00 0.0000e+00]
 [0.0000e+00 0.0000e+00 0.0000e+00 0.0000e+00 0.0000e+00 0.0000e+00
  0.0000e+00 4.0000e-01 1.2000e+00 1.2000e+00 1.8800e+01 1.0800e+01
  2.5260e+02 0.0000e+00 0.0000e+00]
 [0.0000e+00 0.0000e+00 0.0000e+00 0.0000e+00 0.0000e+00 0.0000e+00
  0.0000e+00 0.0000e+00 0.0000e+00 0.0000e+00 0.0000e+00 0.0000e+00
  2.0000e-01 2.4680e+02 0.0000e+00]
 [0.0000e+00 0.0000e+00 0.0000e+00 0.0000e+00 0.0000e+00 0.0000e+00
  4.8000e+00 4.0000e-01 0.0000e+00 0.0000e+00 0.0000e+00 0.0000e+00
  0.0000e+00 8.0000e-01 4.6700e+02]]---
Accuracy: 87.97 +- 0.60
---
class acc :
	Healthy grass: 82.32 +- 0.26
	Stressed grass: 97.27 +- 1.27
	Synthetic grass: 99.13 +- 0.65
	Trees: 99.07 +- 0.46
	Soil: 99.24 +- 0.52
	Water: 94.69 +- 1.91
	Residential: 90.47 +- 2.92
	Commercial: 83.76 +- 4.15
	Road: 81.89 +- 2.02
	Highway: 67.86 +- 3.12
	Railway: 81.94 +- 3.84
	Parking Lot 1: 81.21 +- 2.19
	Parking Lot 2: 88.63 +- 1.56
	Tennis Court: 99.92 +- 0.16
	Running Track: 98.73 +- 0.99
---
AA: 89.74 +- 0.50
Kappa: 86.94 +- 0.65
