run 1 / 5
Best validation overall accuracy 0.8203125
Confusion matrix :
[[  20    0    1    1    0    0    0   18    0    0    0    1    0    0
     0    0]
 [   0  982   57    3    0    0    0    0    0   90  141   10    0    0
     1    1]
 [   0   17  545    7    0    0    0    0    0   10  153   15    0    0
     0    0]
 [   0   17   49  126    0    0    0    0    0    0    6   15    0    0
     0    0]
 [   0    0    1   22  349   34    0    0    0    3   17    2    0    7
     0    0]
 [   0    0    0    0    0  636    0    0    0    0    1    0    0    0
    20    0]
 [   1    0    0    0    0    0   22    0    0    0    2    0    0    0
     0    0]
 [   0    0    0    1    9    0    0  420    0    0    0    0    0    0
     0    0]
 [   0    0    0    0    2    7    0    0    8    0    0    1    0    0
     0    0]
 [   1   22   19    0    0    0    0    0    0  645  178   10    0    0
     0    0]
 [   0   97   78    7    0    0    0    0    0   48 1954   24    0    0
     2    0]
 [   0   90   28    3    0    1    0    0    0    4   74  331    0    0
     3    0]
 [   0    0    0    0    0    0    0    0    0    0    1    0  184    0
     0    0]
 [   0    0    0    1    0    3    0    0    0    0    0    0    1 1097
    37    0]
 [   0    0    0    0    0   23    0    0    0    0    3    1    1   51
   268    0]
 [   0    3    9    0    0    0    0    0    0    2    0    1    0    0
     0   69]]---
Accuracy : 82.99%
---
class acc :
	Alfalfa: 48.78
	Corn-notill: 76.42
	Corn-mintill: 72.96
	Corn: 59.15
	Grass-pasture: 80.23
	Grass-trees: 96.80
	Grass-pasture-mowed: 88.00
	Hay-windrowed: 97.67
	Oats: 44.44
	Soybean-notill: 73.71
	Soybean-mintill: 88.42
	Soybean-clean: 61.99
	Wheat: 99.46
	Woods: 96.31
	Buildings-Grass-Trees-Drives: 77.23
	Stone-Steel-Towers: 82.14
---
AA: 77.73%
Kappa: 80.47
run 2 / 5
Best validation overall accuracy 0.857421875
Confusion matrix :
[[  12    1    0    0    0    0    0   28    0    0    0    0    0    0
     0    0]
 [   0 1015   41    9    1    0    0    0    0   53  164    1    0    1
     0    0]
 [   0    7  562   15    2    0    0    0    0   16  133   11    0    0
     1    0]
 [   0   24   45  125    0    0    0    0    0    0   13    5    0    0
     1    0]
 [   3    0    0    5  400    5    1    2    0   10    4    0    0    5
     0    0]
 [   0    0    0    0    0  651    0    0    0    0    1    0    0    2
     3    0]
 [   0    0    0    0    0    0   20    0    0    0    5    0    0    0
     0    0]
 [   0    0    0    0    0    0    0  430    0    0    0    0    0    0
     0    0]
 [   0    0    1    0    0    9    0    0    8    0    0    0    0    0
     0    0]
 [   0   29   17    0    0    0    0    0    0  658  168    3    0    0
     0    0]
 [   0   67   43    4    0    0    0    0    0   79 2015    1    0    0
     1    0]
 [   0   64   30   15    0    0    0    0    0   11   24  384    0    0
     5    1]
 [   0    0    1    0    0    1    0    0    0    0    1    0  182    0
     0    0]
 [   0    0    0    0    1    1    0    0    0    0    0    0    0 1090
    47    0]
 [   0    0    3    1    0    7    0    0    0    0    0    0    1   32
   303    0]
 [   0    6    0    0    0    0    0    0    0    1    0    7    0    0
     0   70]]---
Accuracy : 85.91%
---
class acc :
	Alfalfa: 29.27
	Corn-notill: 78.99
	Corn-mintill: 75.23
	Corn: 58.69
	Grass-pasture: 91.95
	Grass-trees: 99.09
	Grass-pasture-mowed: 80.00
	Hay-windrowed: 100.00
	Oats: 44.44
	Soybean-notill: 75.20
	Soybean-mintill: 91.18
	Soybean-clean: 71.91
	Wheat: 98.38
	Woods: 95.70
	Buildings-Grass-Trees-Drives: 87.32
	Stone-Steel-Towers: 83.33
---
AA: 78.79%
Kappa: 83.83
run 3 / 5
Best validation overall accuracy 0.875
Confusion matrix :
[[  38    0    0    0    0    0    0    0    0    3    0    0    0    0
     0    0]
 [   0 1111   27    5    0    0    0    0    0   84   58    0    0    0
     0    0]
 [   0   46  552   13    0    0    0    0    0    2  132    2    0    0
     0    0]
 [   0    5   32  165    0    1    0    0    0    0    2    8    0    0
     0    0]
 [   0    5    0    0  404    5    0    0    0    3    0   14    0    4
     0    0]
 [   0    0    0    0    0  655    0    0    0    0    0    0    0    0
     2    0]
 [   0    0    0    0    3    0   18    4    0    0    0    0    0    0
     0    0]
 [  12    0    1    0    0    0    0  417    0    0    0    0    0    0
     0    0]
 [   0    0    0    3    1    0    0    0   14    0    0    0    0    0
     0    0]
 [   0   10    0    5    0    0    0    0    0  783   77    0    0    0
     0    0]
 [   0   94   55   12    1    0    0    0    0  118 1911   19    0    0
     0    0]
 [   0   13   17    1    1    0    0    0    0   10   29  461    0    0
     2    0]
 [   0    0    0    1    0    0    0    0    0    0    1    0  183    0
     0    0]
 [   0    0    0    0    0    0    0    0    0    0    0    0    0 1099
    40    0]
 [   0    1    0    0    0    0    0    0    0    1    1    0    0   53
   291    0]
 [   0    4    6    0    0    0    0    0    0    8    0    2    0    0
     0   64]]---
Accuracy : 88.52%
---
class acc :
	Alfalfa: 92.68
	Corn-notill: 86.46
	Corn-mintill: 73.90
	Corn: 77.46
	Grass-pasture: 92.87
	Grass-trees: 99.70
	Grass-pasture-mowed: 72.00
	Hay-windrowed: 96.98
	Oats: 77.78
	Soybean-notill: 89.49
	Soybean-mintill: 86.47
	Soybean-clean: 86.33
	Wheat: 98.92
	Woods: 96.49
	Buildings-Grass-Trees-Drives: 83.86
	Stone-Steel-Towers: 76.19
---
AA: 86.72%
Kappa: 86.90
run 4 / 5
Best validation overall accuracy 0.87890625
Confusion matrix :
[[  22    0    0    0    0    0    0   17    0    2    0    0    0    0
     0    0]
 [   0 1154    4    4    0    0    0    0    0   21  100    0    0    2
     0    0]
 [   0   38  520    0    0    0    0    0    0   10  128   51    0    0
     0    0]
 [   0   35   52  114    0    0    0    0    0    0    4    8    0    0
     0    0]
 [   2    9    0    0  371   14    2    0    0    0    0   17    0   20
     0    0]
 [   0    0    0    0    0  654    0    0    0    0    1    0    0    2
     0    0]
 [   0    0    0    0   10    0   13    1    0    1    0    0    0    0
     0    0]
 [   0    0    0    0    0    0    0  430    0    0    0    0    0    0
     0    0]
 [   0    0    0    0    5    7    0    0    6    0    0    0    0    0
     0    0]
 [   0   80    3    0    0    0    0    0    0  663  123    6    0    0
     0    0]
 [   0  126   24    0    4    0    0    0    0   37 1992   24    0    0
     3    0]
 [   0   89    9    1    0    0    0    0    0    2   58  372    0    0
     2    1]
 [   0    0    0    0    0    0    0    0    0    0    1    0  184    0
     0    0]
 [   0    0    0    0    1    1    0    0    0    0    0    0    0 1129
     8    0]
 [   0    0    0    0    1   33    0    0    0    0    0    4    1   47
   261    0]
 [   0    4    0    0    0    0    0    0    0    6    0    4    0    0
     0   70]]---
Accuracy : 86.23%
---
class acc :
	Alfalfa: 53.66
	Corn-notill: 89.81
	Corn-mintill: 69.61
	Corn: 53.52
	Grass-pasture: 85.29
	Grass-trees: 99.54
	Grass-pasture-mowed: 52.00
	Hay-windrowed: 100.00
	Oats: 33.33
	Soybean-notill: 75.77
	Soybean-mintill: 90.14
	Soybean-clean: 69.66
	Wheat: 99.46
	Woods: 99.12
	Buildings-Grass-Trees-Drives: 75.22
	Stone-Steel-Towers: 83.33
---
AA: 76.84%
Kappa: 84.19
run 5 / 5
Best validation overall accuracy 0.89453125
Confusion matrix :
[[  21    0    3    0    0    0    0   17    0    0    0    0    0    0
     0    0]
 [   0 1112   38    1    0    0    0    0    0   42   92    0    0    0
     0    0]
 [   0   29  594    0    0    0    0    0    0    0  118    6    0    0
     0    0]
 [   0   19   71  117    0    0    0    0    0    0    5    1    0    0
     0    0]
 [   1   15    2    4  372    3   21    0    0    0    5    0    0   12
     0    0]
 [   0    0    0    0    0  657    0    0    0    0    0    0    0    0
     0    0]
 [   0    0    0    0    0    0   25    0    0    0    0    0    0    0
     0    0]
 [   3    0    0    0    0    1    0  426    0    0    0    0    0    0
     0    0]
 [   0    0    1    0    3    3    0    0   11    0    0    0    0    0
     0    0]
 [   0   62    0    0    0    0    0    0    0  693  118    1    0    0
     1    0]
 [   0  124   47    3    0    0    0    0    0   42 1982   10    0    0
     2    0]
 [   0   81   19   19    0    0    0    0    0    3   65  343    0    0
     2    2]
 [   0    0    0    0    0    0    0    0    0    0    0    0  185    0
     0    0]
 [   0    0    0    1   16    0    0    0    0    0    0    0    0 1102
    20    0]
 [   0    1    4    0    0   33    0    0    0    0    0    0    0   55
   254    0]
 [   0    0    0    0    0    0    0    0    0    0    0    0    0    0
     0   84]]---
Accuracy : 86.48%
---
class acc :
	Alfalfa: 51.22
	Corn-notill: 86.54
	Corn-mintill: 79.52
	Corn: 54.93
	Grass-pasture: 85.52
	Grass-trees: 100.00
	Grass-pasture-mowed: 100.00
	Hay-windrowed: 99.07
	Oats: 61.11
	Soybean-notill: 79.20
	Soybean-mintill: 89.68
	Soybean-clean: 64.23
	Wheat: 100.00
	Woods: 96.75
	Buildings-Grass-Trees-Drives: 73.20
	Stone-Steel-Towers: 100.00
---
AA: 82.56%
Kappa: 84.50
Agregated results :
Confusion matrix :
[[2.2600e+01 2.0000e-01 8.0000e-01 2.0000e-01 0.0000e+00 0.0000e+00
  0.0000e+00 1.6000e+01 0.0000e+00 1.0000e+00 0.0000e+00 2.0000e-01
  0.0000e+00 0.0000e+00 0.0000e+00 0.0000e+00]
 [0.0000e+00 1.0748e+03 3.3400e+01 4.4000e+00 2.0000e-01 0.0000e+00
  0.0000e+00 0.0000e+00 0.0000e+00 5.8000e+01 1.1100e+02 2.2000e+00
  0.0000e+00 6.0000e-01 2.0000e-01 2.0000e-01]
 [0.0000e+00 2.7400e+01 5.5460e+02 7.0000e+00 4.0000e-01 0.0000e+00
  0.0000e+00 0.0000e+00 0.0000e+00 7.6000e+00 1.3280e+02 1.7000e+01
  0.0000e+00 0.0000e+00 2.0000e-01 0.0000e+00]
 [0.0000e+00 2.0000e+01 4.9800e+01 1.2940e+02 0.0000e+00 2.0000e-01
  0.0000e+00 0.0000e+00 0.0000e+00 0.0000e+00 6.0000e+00 7.4000e+00
  0.0000e+00 0.0000e+00 2.0000e-01 0.0000e+00]
 [1.2000e+00 5.8000e+00 6.0000e-01 6.2000e+00 3.7920e+02 1.2200e+01
  4.8000e+00 4.0000e-01 0.0000e+00 3.2000e+00 5.2000e+00 6.6000e+00
  0.0000e+00 9.6000e+00 0.0000e+00 0.0000e+00]
 [0.0000e+00 0.0000e+00 0.0000e+00 0.0000e+00 0.0000e+00 6.5060e+02
  0.0000e+00 0.0000e+00 0.0000e+00 0.0000e+00 6.0000e-01 0.0000e+00
  0.0000e+00 8.0000e-01 5.0000e+00 0.0000e+00]
 [2.0000e-01 0.0000e+00 0.0000e+00 0.0000e+00 2.6000e+00 0.0000e+00
  1.9600e+01 1.0000e+00 0.0000e+00 2.0000e-01 1.4000e+00 0.0000e+00
  0.0000e+00 0.0000e+00 0.0000e+00 0.0000e+00]
 [3.0000e+00 0.0000e+00 2.0000e-01 2.0000e-01 1.8000e+00 2.0000e-01
  0.0000e+00 4.2460e+02 0.0000e+00 0.0000e+00 0.0000e+00 0.0000e+00
  0.0000e+00 0.0000e+00 0.0000e+00 0.0000e+00]
 [0.0000e+00 0.0000e+00 4.0000e-01 6.0000e-01 2.2000e+00 5.2000e+00
  0.0000e+00 0.0000e+00 9.4000e+00 0.0000e+00 0.0000e+00 2.0000e-01
  0.0000e+00 0.0000e+00 0.0000e+00 0.0000e+00]
 [2.0000e-01 4.0600e+01 7.8000e+00 1.0000e+00 0.0000e+00 0.0000e+00
  0.0000e+00 0.0000e+00 0.0000e+00 6.8840e+02 1.3280e+02 4.0000e+00
  0.0000e+00 0.0000e+00 2.0000e-01 0.0000e+00]
 [0.0000e+00 1.0160e+02 4.9400e+01 5.2000e+00 1.0000e+00 0.0000e+00
  0.0000e+00 0.0000e+00 0.0000e+00 6.4800e+01 1.9708e+03 1.5600e+01
  0.0000e+00 0.0000e+00 1.6000e+00 0.0000e+00]
 [0.0000e+00 6.7400e+01 2.0600e+01 7.8000e+00 2.0000e-01 2.0000e-01
  0.0000e+00 0.0000e+00 0.0000e+00 6.0000e+00 5.0000e+01 3.7820e+02
  0.0000e+00 0.0000e+00 2.8000e+00 8.0000e-01]
 [0.0000e+00 0.0000e+00 2.0000e-01 2.0000e-01 0.0000e+00 2.0000e-01
  0.0000e+00 0.0000e+00 0.0000e+00 0.0000e+00 8.0000e-01 0.0000e+00
  1.8360e+02 0.0000e+00 0.0000e+00 0.0000e+00]
 [0.0000e+00 0.0000e+00 0.0000e+00 4.0000e-01 3.6000e+00 1.0000e+00
  0.0000e+00 0.0000e+00 0.0000e+00 0.0000e+00 0.0000e+00 0.0000e+00
  2.0000e-01 1.1034e+03 3.0400e+01 0.0000e+00]
 [0.0000e+00 4.0000e-01 1.4000e+00 2.0000e-01 2.0000e-01 1.9200e+01
  0.0000e+00 0.0000e+00 0.0000e+00 2.0000e-01 8.0000e-01 1.0000e+00
  6.0000e-01 4.7600e+01 2.7540e+02 0.0000e+00]
 [0.0000e+00 3.4000e+00 3.0000e+00 0.0000e+00 0.0000e+00 0.0000e+00
  0.0000e+00 0.0000e+00 0.0000e+00 3.4000e+00 0.0000e+00 2.8000e+00
  0.0000e+00 0.0000e+00 0.0000e+00 7.1400e+01]]---
Accuracy: 86.03 +- 1.77
---
class acc :
	Alfalfa: 55.12 +- 20.67
	Corn-notill: 83.64 +- 5.06
	Corn-mintill: 74.24 +- 3.23
	Corn: 60.75 +- 8.63
	Grass-pasture: 87.17 +- 4.69
	Grass-trees: 99.03 +- 1.15
	Grass-pasture-mowed: 78.40 +- 16.12
	Hay-windrowed: 98.74 +- 1.23
	Oats: 52.22 +- 15.56
	Soybean-notill: 78.67 +- 5.70
	Soybean-mintill: 89.18 +- 1.62
	Soybean-clean: 70.82 +- 8.54
	Wheat: 99.24 +- 0.55
	Woods: 96.87 +- 1.18
	Buildings-Grass-Trees-Drives: 79.37 +- 5.35
	Stone-Steel-Towers: 85.00 +- 7.95
---
AA: 80.53 +- 3.66
Kappa: 83.98 +- 2.06
