run 1 / 5
Best validation overall accuracy 0.97119140625
Confusion matrix :
[[  27    0    0    0    0    0    0    0    0    0    0    0    0    0
     0    0]
 [   0  840    0    0    0    0    0    0    0    4   13    0    0    0
     0    0]
 [   0    4  479    3    0    0    0    0    0    0   12    0    0    0
     0    0]
 [   0    1    2  139    0    0    0    0    0    0    0    0    0    0
     0    0]
 [   0    2    1    1  281    0    0    0    0    0    3    2    0    0
     0    0]
 [   0    0    0    0    2  436    0    0    0    0    0    0    0    0
     0    0]
 [   0    0    0    0    0    0   16    1    0    0    0    0    0    0
     0    0]
 [   0    0    0    0    0    0    0  287    0    0    0    0    0    0
     0    0]
 [   0    0    0    0    0    0    0    0   12    0    0    0    0    0
     0    0]
 [   0    1    0    0    0    0    0    0    0  532   44    6    0    0
     0    0]
 [   0   11    3    0    0    0    0    0    0    5 1451    2    0    0
     1    0]
 [   0    4    7    0    1    0    0    0    0    0    2  338    0    0
     2    2]
 [   0    0    0    0    0    0    0    0    0    0    0    0  123    0
     0    0]
 [   0    0    0    0    0    0    0    0    0    0    0    0    0  737
    22    0]
 [   0    0    0    0    0    0    0    0    0    0    0    0    0   12
   220    0]
 [   0    0    0    0    0    0    0    0    0    0    0    0    0    0
     0   56]]---
Accuracy : 97.14%
---
class acc :
	Alfalfa: 100.00
	Corn-notill: 98.02
	Corn-mintill: 96.18
	Corn: 97.89
	Grass-pasture: 96.90
	Grass-trees: 99.54
	Grass-pasture-mowed: 94.12
	Hay-windrowed: 100.00
	Oats: 100.00
	Soybean-notill: 91.25
	Soybean-mintill: 98.51
	Soybean-clean: 94.94
	Wheat: 100.00
	Woods: 97.10
	Buildings-Grass-Trees-Drives: 94.83
	Stone-Steel-Towers: 100.00
---
AA: 97.45%
Kappa: 96.73
run 2 / 5
Best validation overall accuracy 0.9697265625
Confusion matrix :
[[  27    0    0    0    0    0    0    0    0    0    0    0    0    0
     0    0]
 [   0  828   11    5    0    0    0    0    0    6    7    0    0    0
     0    0]
 [   0    5  485    5    0    0    0    0    0    3    0    0    0    0
     0    0]
 [   0    0    3  139    0    0    0    0    0    0    0    0    0    0
     0    0]
 [   0    1    0    1  287    0    0    0    0    0    1    0    0    0
     0    0]
 [   0    0    0    0    0  438    0    0    0    0    0    0    0    0
     0    0]
 [   0    0    0    0    0    0   17    0    0    0    0    0    0    0
     0    0]
 [   0    0    0    0    0    0    0  287    0    0    0    0    0    0
     0    0]
 [   0    0    0    0    1    0    0    0   11    0    0    0    0    0
     0    0]
 [   0    6    0    0    0    0    0    0    0  528   49    0    0    0
     0    0]
 [   0   11    0    0    0    0    0    0    0   17 1441    4    0    0
     0    0]
 [   0    1    2    0    0    0    0    0    0    0    0  353    0    0
     0    0]
 [   0    0    0    1    0    0    0    0    0    0    0    0  122    0
     0    0]
 [   0    0    0    0    0    0    0    0    0    0    0    0    0  737
    22    0]
 [   0    0    0    0    0    0    0    0    0    0    0    0    0   11
   221    0]
 [   0    0    0    0    0    0    0    0    0    0    0    0    0    0
     0   56]]---
Accuracy : 97.19%
---
class acc :
	Alfalfa: 100.00
	Corn-notill: 96.62
	Corn-mintill: 97.39
	Corn: 97.89
	Grass-pasture: 98.97
	Grass-trees: 100.00
	Grass-pasture-mowed: 100.00
	Hay-windrowed: 100.00
	Oats: 91.67
	Soybean-notill: 90.57
	Soybean-mintill: 97.83
	Soybean-clean: 99.16
	Wheat: 99.19
	Woods: 97.10
	Buildings-Grass-Trees-Drives: 95.26
	Stone-Steel-Towers: 100.00
---
AA: 97.60%
Kappa: 96.79
run 3 / 5
Best validation overall accuracy 0.97705078125
Confusion matrix :
[[  25    0    0    0    0    0    0    2    0    0    0    0    0    0
     0    0]
 [   0  838    4    1    0    0    0    0    0    0   14    0    0    0
     0    0]
 [   0   26  451    2    0    0    0    0    0    0   17    2    0    0
     0    0]
 [   0    0    3  139    0    0    0    0    0    0    0    0    0    0
     0    0]
 [   0    0    0    0  284    3    0    0    0    0    0    3    0    0
     0    0]
 [   0    0    0    0    0  438    0    0    0    0    0    0    0    0
     0    0]
 [   0    0    0    0    0    0   17    0    0    0    0    0    0    0
     0    0]
 [   0    0    0    0    0    0    0  287    0    0    0    0    0    0
     0    0]
 [   0    0    2    0    1    1    0    0    8    0    0    0    0    0
     0    0]
 [   0    4    2    0    0    0    0    0    0  563   13    1    0    0
     0    0]
 [   0   19    0    0    0    0    0    0    0   36 1417    0    0    0
     1    0]
 [   0    1    3    0    0    0    0    0    0    2    1  347    0    0
     1    1]
 [   0    0    0    0    0    0    0    0    0    0    0    0  123    0
     0    0]
 [   0    0    0    0    0    0    0    0    0    0    0    0    0  753
     6    0]
 [   0    0    0    0    0    0    0    0    0    0    1    0    0   11
   220    0]
 [   0    0    0    0    0    0    0    0    0    1    0    0    0    0
     0   55]]---
Accuracy : 96.99%
---
class acc :
	Alfalfa: 92.59
	Corn-notill: 97.78
	Corn-mintill: 90.56
	Corn: 97.89
	Grass-pasture: 97.93
	Grass-trees: 100.00
	Grass-pasture-mowed: 100.00
	Hay-windrowed: 100.00
	Oats: 66.67
	Soybean-notill: 96.57
	Soybean-mintill: 96.20
	Soybean-clean: 97.47
	Wheat: 100.00
	Woods: 99.21
	Buildings-Grass-Trees-Drives: 94.83
	Stone-Steel-Towers: 98.21
---
AA: 95.37%
Kappa: 96.57
run 4 / 5
Best validation overall accuracy 0.9638671875
Confusion matrix :
[[  20    0    1    0    0    0    0    5    0    1    0    0    0    0
     0    0]
 [   0  817    3    1    0    0    0    0    0    5   31    0    0    0
     0    0]
 [   0    5  471    3    0    0    0    0    0    1   13    5    0    0
     0    0]
 [   0    0    4  136    0    0    0    0    0    0    0    2    0    0
     0    0]
 [   0    3    0    0  277    0    0    0    0    7    1    2    0    0
     0    0]
 [   0    0    0    0    0  436    0    0    0    0    0    0    0    2
     0    0]
 [   0    0    0    0    0    0   17    0    0    0    0    0    0    0
     0    0]
 [   0    0    0    0    0    0    0  287    0    0    0    0    0    0
     0    0]
 [   0    0    0    0    1    0    0    0   11    0    0    0    0    0
     0    0]
 [   0   11    1    0    0    0    0    0    0  521   49    1    0    0
     0    0]
 [   0   22    0    2    0    0    0    0    0   16 1430    1    0    0
     2    0]
 [   0    3    2    0    0    0    0    0    0    0    4  346    0    0
     1    0]
 [   0    0    0    0    0    0    0    0    0    0    0    0  123    0
     0    0]
 [   0    0    0    0    0    1    0    0    0    0    0    0    0  737
    21    0]
 [   0    0    0    0    0    6    0    0    0    0    0    0    0   17
   209    0]
 [   0    0    0    0    0    0    0    0    0    0    0    0    0    0
     0   56]]---
Accuracy : 95.84%
---
class acc :
	Alfalfa: 74.07
	Corn-notill: 95.33
	Corn-mintill: 94.58
	Corn: 95.77
	Grass-pasture: 95.52
	Grass-trees: 99.54
	Grass-pasture-mowed: 100.00
	Hay-windrowed: 100.00
	Oats: 91.67
	Soybean-notill: 89.37
	Soybean-mintill: 97.08
	Soybean-clean: 97.19
	Wheat: 100.00
	Woods: 97.10
	Buildings-Grass-Trees-Drives: 90.09
	Stone-Steel-Towers: 100.00
---
AA: 94.83%
Kappa: 95.25
run 5 / 5
Best validation overall accuracy 0.97265625
Confusion matrix :
[[  26    0    0    0    0    0    0    1    0    0    0    0    0    0
     0    0]
 [   0  845    2    0    0    0    0    0    0    4    6    0    0    0
     0    0]
 [   0    5  486    1    0    0    0    0    0    2    4    0    0    0
     0    0]
 [   0    2   12  128    0    0    0    0    0    0    0    0    0    0
     0    0]
 [   0    7    0    0  277    1    0    0    0    0    1    4    0    0
     0    0]
 [   0    0    0    0    0  436    0    0    0    0    0    0    0    2
     0    0]
 [   0    0    0    0    1    0   16    0    0    0    0    0    0    0
     0    0]
 [   1    0    0    0    0    0    0  286    0    0    0    0    0    0
     0    0]
 [   0    0    0    0    0    0    0    0   12    0    0    0    0    0
     0    0]
 [   0    5    0    0    1    0    0    0    0  552   24    1    0    0
     0    0]
 [   0   15    3    0    1    0    0    0    0   32 1421    0    0    0
     1    0]
 [   0   14    2    0    1    0    0    0    0    8    1  326    0    0
     2    2]
 [   0    0    0    0    0    0    0    0    0    0    0    0  123    0
     0    0]
 [   0    0    0    0    0    0    0    0    0    0    0    0    0  754
     5    0]
 [   0    0    0    0    0    5    0    0    0    0    0    0    0   17
   210    0]
 [   0    0    0    0    0    0    0    0    0    0    0    7    0    0
     0   49]]---
Accuracy : 96.70%
---
class acc :
	Alfalfa: 96.30
	Corn-notill: 98.60
	Corn-mintill: 97.59
	Corn: 90.14
	Grass-pasture: 95.52
	Grass-trees: 99.54
	Grass-pasture-mowed: 94.12
	Hay-windrowed: 99.65
	Oats: 100.00
	Soybean-notill: 94.68
	Soybean-mintill: 96.47
	Soybean-clean: 91.57
	Wheat: 100.00
	Woods: 99.34
	Buildings-Grass-Trees-Drives: 90.52
	Stone-Steel-Towers: 87.50
---
AA: 95.72%
Kappa: 96.23
Agregated results :
Confusion matrix :
[[2.500e+01 0.000e+00 2.000e-01 0.000e+00 0.000e+00 0.000e+00 0.000e+00
  1.600e+00 0.000e+00 2.000e-01 0.000e+00 0.000e+00 0.000e+00 0.000e+00
  0.000e+00 0.000e+00]
 [0.000e+00 8.336e+02 4.000e+00 1.400e+00 0.000e+00 0.000e+00 0.000e+00
  0.000e+00 0.000e+00 3.800e+00 1.420e+01 0.000e+00 0.000e+00 0.000e+00
  0.000e+00 0.000e+00]
 [0.000e+00 9.000e+00 4.744e+02 2.800e+00 0.000e+00 0.000e+00 0.000e+00
  0.000e+00 0.000e+00 1.200e+00 9.200e+00 1.400e+00 0.000e+00 0.000e+00
  0.000e+00 0.000e+00]
 [0.000e+00 6.000e-01 4.800e+00 1.362e+02 0.000e+00 0.000e+00 0.000e+00
  0.000e+00 0.000e+00 0.000e+00 0.000e+00 4.000e-01 0.000e+00 0.000e+00
  0.000e+00 0.000e+00]
 [0.000e+00 2.600e+00 2.000e-01 4.000e-01 2.812e+02 8.000e-01 0.000e+00
  0.000e+00 0.000e+00 1.400e+00 1.200e+00 2.200e+00 0.000e+00 0.000e+00
  0.000e+00 0.000e+00]
 [0.000e+00 0.000e+00 0.000e+00 0.000e+00 4.000e-01 4.368e+02 0.000e+00
  0.000e+00 0.000e+00 0.000e+00 0.000e+00 0.000e+00 0.000e+00 8.000e-01
  0.000e+00 0.000e+00]
 [0.000e+00 0.000e+00 0.000e+00 0.000e+00 2.000e-01 0.000e+00 1.660e+01
  2.000e-01 0.000e+00 0.000e+00 0.000e+00 0.000e+00 0.000e+00 0.000e+00
  0.000e+00 0.000e+00]
 [2.000e-01 0.000e+00 0.000e+00 0.000e+00 0.000e+00 0.000e+00 0.000e+00
  2.868e+02 0.000e+00 0.000e+00 0.000e+00 0.000e+00 0.000e+00 0.000e+00
  0.000e+00 0.000e+00]
 [0.000e+00 0.000e+00 4.000e-01 0.000e+00 6.000e-01 2.000e-01 0.000e+00
  0.000e+00 1.080e+01 0.000e+00 0.000e+00 0.000e+00 0.000e+00 0.000e+00
  0.000e+00 0.000e+00]
 [0.000e+00 5.400e+00 6.000e-01 0.000e+00 2.000e-01 0.000e+00 0.000e+00
  0.000e+00 0.000e+00 5.392e+02 3.580e+01 1.800e+00 0.000e+00 0.000e+00
  0.000e+00 0.000e+00]
 [0.000e+00 1.560e+01 1.200e+00 4.000e-01 2.000e-01 0.000e+00 0.000e+00
  0.000e+00 0.000e+00 2.120e+01 1.432e+03 1.400e+00 0.000e+00 0.000e+00
  1.000e+00 0.000e+00]
 [0.000e+00 4.600e+00 3.200e+00 0.000e+00 4.000e-01 0.000e+00 0.000e+00
  0.000e+00 0.000e+00 2.000e+00 1.600e+00 3.420e+02 0.000e+00 0.000e+00
  1.200e+00 1.000e+00]
 [0.000e+00 0.000e+00 0.000e+00 2.000e-01 0.000e+00 0.000e+00 0.000e+00
  0.000e+00 0.000e+00 0.000e+00 0.000e+00 0.000e+00 1.228e+02 0.000e+00
  0.000e+00 0.000e+00]
 [0.000e+00 0.000e+00 0.000e+00 0.000e+00 0.000e+00 2.000e-01 0.000e+00
  0.000e+00 0.000e+00 0.000e+00 0.000e+00 0.000e+00 0.000e+00 7.436e+02
  1.520e+01 0.000e+00]
 [0.000e+00 0.000e+00 0.000e+00 0.000e+00 0.000e+00 2.200e+00 0.000e+00
  0.000e+00 0.000e+00 0.000e+00 2.000e-01 0.000e+00 0.000e+00 1.360e+01
  2.160e+02 0.000e+00]
 [0.000e+00 0.000e+00 0.000e+00 0.000e+00 0.000e+00 0.000e+00 0.000e+00
  0.000e+00 0.000e+00 2.000e-01 0.000e+00 1.400e+00 0.000e+00 0.000e+00
  0.000e+00 5.440e+01]]---
Accuracy: 96.77 +- 0.50
---
class acc :
	Alfalfa: 92.59 +- 9.66
	Corn-notill: 97.27 +- 1.16
	Corn-mintill: 95.26 +- 2.58
	Corn: 95.92 +- 3.00
	Grass-pasture: 96.97 +- 1.35
	Grass-trees: 99.73 +- 0.22
	Grass-pasture-mowed: 97.65 +- 2.88
	Hay-windrowed: 99.93 +- 0.14
	Oats: 90.00 +- 12.25
	Soybean-notill: 92.49 +- 2.70
	Soybean-mintill: 97.22 +- 0.85
	Soybean-clean: 96.07 +- 2.62
	Wheat: 99.84 +- 0.33
	Woods: 97.97 +- 1.07
	Buildings-Grass-Trees-Drives: 93.10 +- 2.30
	Stone-Steel-Towers: 97.14 +- 4.87
---
AA: 96.20 +- 1.13
Kappa: 96.32 +- 0.57
