run 1 / 5
Best validation overall accuracy 0.984375
Confusion matrix :
[[230   2   0   5   0   0   1   4   0   0   0   0   1   0]
 [  0  73   0  11   3   4   0   0   0   0   0   0   0   0]
 [  0   0 222   0   0   0   0   1   3   0   0   0   0   0]
 [  0   0   2 169  11   5   0   0   2   0   0   0   5   0]
 [  1   0   0   9 223   9   0   0   0   0   0   0   0   0]
 [  0   0   0   0  12 229   0   0   0   0   0   0   1   0]
 [  0   0   5   0   0   0 228   0   0   0   0   0   0   0]
 [  0   0   0   0   0   0   0 182   0   0   0   0   1   0]
 [  0   0   0   0   0   8   0   0 273   1   0   0   1   0]
 [  0   0   0   0   0   0   0   0   0 220   3   0   0   0]
 [  0   0   0   0   0   0   0   1   0   7 267   0   0   0]
 [  0   0   0   0   2   0   0   0   0   0   0 156   5   0]
 [  0   0   0   0   0   0   0   0   0   0   0   0 241   0]
 [  0   0   0   0   0   0   0   0   0   1   0   0   0  84]]---
Accuracy : 95.66%
---
class acc :
	Water: 94.65
	Hippo grass: 80.22
	Floodplain grasses 1: 98.23
	Floodplain grasses 2: 87.11
	Reeds: 92.15
	Riparian: 94.63
	Firescar: 97.85
	Island interior: 99.45
	Acacia woodlands: 96.47
	Acacia shrublands: 98.65
	Acacia grasslands: 97.09
	Short mopane: 95.71
	Mixed mopane: 100.00
	Exposed soils: 98.82
---
AA: 95.07%
Kappa: 95.29
run 2 / 5
Best validation overall accuracy 0.9765625
Confusion matrix :
[[242   1   0   0   0   0   0   0   0   0   0   0   0   0]
 [  1  85   0   0   5   0   0   0   0   0   0   0   0   0]
 [  0   0 226   0   0   0   0   0   0   0   0   0   0   0]
 [  0   0   2 184   0   0   8   0   0   0   0   0   0   0]
 [  0   0   0  15 209  16   1   0   1   0   0   0   0   0]
 [  0   0   0   0  15 227   0   0   0   0   0   0   0   0]
 [  0   0   0   0   0   0 233   0   0   0   0   0   0   0]
 [  0   0   0   0   0   0   0 183   0   0   0   0   0   0]
 [  0   0   2   0   0   3   0   0 270   4   0   0   4   0]
 [  0   0   0   0   0   0   0   0   0 223   0   0   0   0]
 [  0   0   0   0   0   0   0   0   0  12 263   0   0   0]
 [  0   0   0   0   0   0   0   0   0   0   0 147  16   0]
 [  0   0   0   0   0   0   0   0   0   0   0   0 241   0]
 [  0   0   0   1   0   0   0   6   0   0   0   0   0  78]]---
Accuracy : 96.14%
---
class acc :
	Water: 99.59
	Hippo grass: 93.41
	Floodplain grasses 1: 100.00
	Floodplain grasses 2: 94.85
	Reeds: 86.36
	Riparian: 93.80
	Firescar: 100.00
	Island interior: 100.00
	Acacia woodlands: 95.41
	Acacia shrublands: 100.00
	Acacia grasslands: 95.64
	Short mopane: 90.18
	Mixed mopane: 100.00
	Exposed soils: 91.76
---
AA: 95.79%
Kappa: 95.81
run 3 / 5
Best validation overall accuracy 0.9921875
Confusion matrix :
[[243   0   0   0   0   0   0   0   0   0   0   0   0   0]
 [  0  90   0   0   1   0   0   0   0   0   0   0   0   0]
 [  0   0 226   0   0   0   0   0   0   0   0   0   0   0]
 [  0   0   0 193   0   0   0   0   1   0   0   0   0   0]
 [  0   0   0   0 239   0   0   0   3   0   0   0   0   0]
 [  0   0   0   0  12 230   0   0   0   0   0   0   0   0]
 [  0   0   4   0   0   0 229   0   0   0   0   0   0   0]
 [  0   0   0   0   0   0   0 183   0   0   0   0   0   0]
 [  0   0   0   0   0  15   0   0 268   0   0   0   0   0]
 [  0   0   0   0   0   0   0   0   0 215   8   0   0   0]
 [  0   0   0   0   0   0   0   1   0  11 263   0   0   0]
 [  0   0   0   0   0   0   0   0   0   0   0 160   1   2]
 [  0   0   0   0   0   0   0   0   0   0   0   0 241   0]
 [  0   0   0   0   0   0   0   0   0   0   0   0   0  85]]---
Accuracy : 97.98%
---
class acc :
	Water: 100.00
	Hippo grass: 98.90
	Floodplain grasses 1: 100.00
	Floodplain grasses 2: 99.48
	Reeds: 98.76
	Riparian: 95.04
	Firescar: 98.28
	Island interior: 100.00
	Acacia woodlands: 94.70
	Acacia shrublands: 96.41
	Acacia grasslands: 95.64
	Short mopane: 98.16
	Mixed mopane: 100.00
	Exposed soils: 100.00
---
AA: 98.24%
Kappa: 97.81
run 4 / 5
Best validation overall accuracy 0.9765625
Confusion matrix :
[[235   8   0   0   0   0   0   0   0   0   0   0   0   0]
 [  0  88   0   1   2   0   0   0   0   0   0   0   0   0]
 [  0   0 220   0   0   0   0   0   6   0   0   0   0   0]
 [  0   0   0 192   0   0   0   0   2   0   0   0   0   0]
 [  0   0   0  11 224   7   0   0   0   0   0   0   0   0]
 [  0   0   0   1  22 205   0   0  14   0   0   0   0   0]
 [  0   0   0   0   0   0 233   0   0   0   0   0   0   0]
 [  0   0   0   0   0   0   0 181   0   2   0   0   0   0]
 [  0   0   0   0   0   2   0   0 281   0   0   0   0   0]
 [  0   0   0   0   0   0   0   0   0 223   0   0   0   0]
 [  0   0   0   0   0   0   0   0   0  10 265   0   0   0]
 [  0   0   0   0   0   0   0   1   0   0   0 161   1   0]
 [  0   0   0   0   0   0   0   1   0   0   0   0 240   0]
 [  0   0   0   2   0   0   0   7   0   0   6   0   0  70]]---
Accuracy : 96.37%
---
class acc :
	Water: 96.71
	Hippo grass: 96.70
	Floodplain grasses 1: 97.35
	Floodplain grasses 2: 98.97
	Reeds: 92.56
	Riparian: 84.71
	Firescar: 100.00
	Island interior: 98.91
	Acacia woodlands: 99.29
	Acacia shrublands: 100.00
	Acacia grasslands: 96.36
	Short mopane: 98.77
	Mixed mopane: 99.59
	Exposed soils: 82.35
---
AA: 95.88%
Kappa: 96.07
run 5 / 5
Best validation overall accuracy 1.0
Confusion matrix :
[[243   0   0   0   0   0   0   0   0   0   0   0   0   0]
 [  0  91   0   0   0   0   0   0   0   0   0   0   0   0]
 [  0   0 226   0   0   0   0   0   0   0   0   0   0   0]
 [  0   0   0 194   0   0   0   0   0   0   0   0   0   0]
 [  1   2   0  25 202  11   0   1   0   0   0   0   0   0]
 [  0   0   0   0   7 235   0   0   0   0   0   0   0   0]
 [  0   0   0   0   0   0 233   0   0   0   0   0   0   0]
 [  0   0   0   0   0   0   0 183   0   0   0   0   0   0]
 [  0   0   1   0   0  15   0   0 267   0   0   0   0   0]
 [  0   0   0   0   0   0   0   0   0 222   1   0   0   0]
 [  0   0   0   0   0   0   0   0   0  13 262   0   0   0]
 [  0   0   0   0   0   0   0   0   0   0   2 156   5   0]
 [  0   0   0   0   0   0   0   0   0   0   0   0 241   0]
 [  0   0   0   0   8   0   0   1   0   0   0   0   0  76]]---
Accuracy : 96.82%
---
class acc :
	Water: 100.00
	Hippo grass: 100.00
	Floodplain grasses 1: 100.00
	Floodplain grasses 2: 100.00
	Reeds: 83.47
	Riparian: 97.11
	Firescar: 100.00
	Island interior: 100.00
	Acacia woodlands: 94.35
	Acacia shrublands: 99.55
	Acacia grasslands: 95.27
	Short mopane: 95.71
	Mixed mopane: 100.00
	Exposed soils: 89.41
---
AA: 96.78%
Kappa: 96.55
Agregated results :
Confusion matrix :
[[2.386e+02 2.200e+00 0.000e+00 1.000e+00 0.000e+00 0.000e+00 2.000e-01
  8.000e-01 0.000e+00 0.000e+00 0.000e+00 0.000e+00 2.000e-01 0.000e+00]
 [2.000e-01 8.540e+01 0.000e+00 2.400e+00 2.200e+00 8.000e-01 0.000e+00
  0.000e+00 0.000e+00 0.000e+00 0.000e+00 0.000e+00 0.000e+00 0.000e+00]
 [0.000e+00 0.000e+00 2.240e+02 0.000e+00 0.000e+00 0.000e+00 0.000e+00
  2.000e-01 1.800e+00 0.000e+00 0.000e+00 0.000e+00 0.000e+00 0.000e+00]
 [0.000e+00 0.000e+00 8.000e-01 1.864e+02 2.200e+00 1.000e+00 1.600e+00
  0.000e+00 1.000e+00 0.000e+00 0.000e+00 0.000e+00 1.000e+00 0.000e+00]
 [4.000e-01 4.000e-01 0.000e+00 1.200e+01 2.194e+02 8.600e+00 2.000e-01
  2.000e-01 8.000e-01 0.000e+00 0.000e+00 0.000e+00 0.000e+00 0.000e+00]
 [0.000e+00 0.000e+00 0.000e+00 2.000e-01 1.360e+01 2.252e+02 0.000e+00
  0.000e+00 2.800e+00 0.000e+00 0.000e+00 0.000e+00 2.000e-01 0.000e+00]
 [0.000e+00 0.000e+00 1.800e+00 0.000e+00 0.000e+00 0.000e+00 2.312e+02
  0.000e+00 0.000e+00 0.000e+00 0.000e+00 0.000e+00 0.000e+00 0.000e+00]
 [0.000e+00 0.000e+00 0.000e+00 0.000e+00 0.000e+00 0.000e+00 0.000e+00
  1.824e+02 0.000e+00 4.000e-01 0.000e+00 0.000e+00 2.000e-01 0.000e+00]
 [0.000e+00 0.000e+00 6.000e-01 0.000e+00 0.000e+00 8.600e+00 0.000e+00
  0.000e+00 2.718e+02 1.000e+00 0.000e+00 0.000e+00 1.000e+00 0.000e+00]
 [0.000e+00 0.000e+00 0.000e+00 0.000e+00 0.000e+00 0.000e+00 0.000e+00
  0.000e+00 0.000e+00 2.206e+02 2.400e+00 0.000e+00 0.000e+00 0.000e+00]
 [0.000e+00 0.000e+00 0.000e+00 0.000e+00 0.000e+00 0.000e+00 0.000e+00
  4.000e-01 0.000e+00 1.060e+01 2.640e+02 0.000e+00 0.000e+00 0.000e+00]
 [0.000e+00 0.000e+00 0.000e+00 0.000e+00 4.000e-01 0.000e+00 0.000e+00
  2.000e-01 0.000e+00 0.000e+00 4.000e-01 1.560e+02 5.600e+00 4.000e-01]
 [0.000e+00 0.000e+00 0.000e+00 0.000e+00 0.000e+00 0.000e+00 0.000e+00
  2.000e-01 0.000e+00 0.000e+00 0.000e+00 0.000e+00 2.408e+02 0.000e+00]
 [0.000e+00 0.000e+00 0.000e+00 6.000e-01 1.600e+00 0.000e+00 0.000e+00
  2.800e+00 0.000e+00 2.000e-01 1.200e+00 0.000e+00 0.000e+00 7.860e+01]]---
Accuracy: 96.59 +- 0.79
---
class acc :
	Water: 98.19 +- 2.16
	Hippo grass: 93.85 +- 7.18
	Floodplain grasses 1: 99.12 +- 1.12
	Floodplain grasses 2: 96.08 +- 4.84
	Reeds: 90.66 +- 5.32
	Riparian: 93.06 +- 4.31
	Firescar: 99.23 +- 0.96
	Island interior: 99.67 +- 0.44
	Acacia woodlands: 96.04 +- 1.78
	Acacia shrublands: 98.92 +- 1.35
	Acacia grasslands: 96.00 +- 0.65
	Short mopane: 95.71 +- 3.03
	Mixed mopane: 99.92 +- 0.17
	Exposed soils: 92.47 +- 6.47
---
AA: 96.35 +- 1.09
Kappa: 96.31 +- 0.86
