run 1 / 5
Best validation overall accuracy 0.9572172619047619
Confusion matrix :
[[1808    0    0    0    0    0    0    0    0    0    0    0    0    0
     0    0]
 [   0 3354    0    0    0    0    0    0    0    0    0    0    0    0
     0    0]
 [   0    0 1769    0    0    0    0    0    8    2    0    0    0    0
     0    0]
 [   0    0    0 1247    8    0    0    0    0    0    0    0    0    0
     0    0]
 [   0    0    0   29 2377    0    0    0    3    1    0    0    0    0
     0    0]
 [   0    0    0    0    1 3562    0    0    0    0    0    0    0    0
     0    0]
 [   0    0    0    0    1    0 3220    0    0    0    0    0    0    0
     0    0]
 [   0    0    0    0    0    1    0 8960    1   68    0    0    0    4
  1110    0]
 [   0    0    0    0    0    0    0    0 5579    4    0    0    0    0
     0    0]
 [   0    0   39    0    0    0    0    8   21 2842   22    3    0   15
     0    0]
 [   0    0    0    0    0    0    0    0    0    1  952    8    0    0
     0    0]
 [   0    0    0    0    0    0    0    0    0    0    0 1734    0    0
     0    0]
 [   0    0    0    0    0    0    0    0    0    2    0    0  822    1
     0    0]
 [   0    0    0    0    0    0    0    0    0   12    0    0    0  951
     0    0]
 [   0    0    0    0   13    0    0  684    0    0    0    0    0    0
  5841    3]
 [   0    0    0    0    0    0    8    0    0    0    0    0    0    0
     0 1618]]---
Accuracy : 95.73%
---
class acc :
	Brocoli_green_weeds_1: 100.00
	Brocoli_green_weeds_2: 100.00
	Fallow: 99.44
	Fallow_rough_plow: 99.36
	Fallow_smooth: 98.63
	Stubble: 99.97
	Celery: 99.97
	Grapes_untrained: 88.33
	Soil_vinyard_develop: 99.93
	Corn_senesced_green_weeds: 96.34
	Lettuce_romaine_4wk: 99.06
	Lettuce_romaine_5wk: 100.00
	Lettuce_romaine_6wk: 99.64
	Lettuce_romaine_7wk: 98.75
	Vinyard_untrained: 89.30
	Vinyard_vertical_trellis: 99.51
---
AA: 98.01%
Kappa: 95.25
run 2 / 5
Best validation overall accuracy 0.9561011904761905
Confusion matrix :
[[1797   11    0    0    0    0    0    0    0    0    0    0    0    0
     0    0]
 [   0 3354    0    0    0    0    0    0    0    0    0    0    0    0
     0    0]
 [   0    0 1765    0    6    0    0    0    8    0    0    0    0    0
     0    0]
 [   0    0    0 1250    5    0    0    0    0    0    0    0    0    0
     0    0]
 [   0    0   24   14 2370    0    0    0    0    2    0    0    0    0
     0    0]
 [   0    0    0    0    0 3563    0    0    0    0    0    0    0    0
     0    0]
 [   0    0    0    0    0    0 3221    0    0    0    0    0    0    0
     0    0]
 [   0    0    0    0    0    0    0 9378    1   18    0    0    0    0
   747    0]
 [   0    0    0    0    0    0    0    0 5582    1    0    0    0    0
     0    0]
 [   0    0   42    0    0    0    2    6   52 2817   19    1    0   11
     0    0]
 [   0    0    0    0    0    0    0    0    0    0  958    3    0    0
     0    0]
 [   0    0    0    0    0    0    0    0    0    0    0 1734    0    0
     0    0]
 [   0    0    0    0    0    0    0    0    0    0    0    0  819    6
     0    0]
 [   0    0    0    0    0    0    0    1    0   10    0    0    5  947
     0    0]
 [   0    0    0    0    7    0    0  961    0    0    0    0    0    0
  5566    7]
 [   0    0    0    4    0    0   13    1    0    0    0    0    0    0
     5 1603]]---
Accuracy : 95.91%
---
class acc :
	Brocoli_green_weeds_1: 99.39
	Brocoli_green_weeds_2: 100.00
	Fallow: 99.21
	Fallow_rough_plow: 99.60
	Fallow_smooth: 98.34
	Stubble: 100.00
	Celery: 100.00
	Grapes_untrained: 92.45
	Soil_vinyard_develop: 99.98
	Corn_senesced_green_weeds: 95.49
	Lettuce_romaine_4wk: 99.69
	Lettuce_romaine_5wk: 100.00
	Lettuce_romaine_6wk: 99.27
	Lettuce_romaine_7wk: 98.34
	Vinyard_untrained: 85.09
	Vinyard_vertical_trellis: 98.59
---
AA: 97.84%
Kappa: 95.44
run 3 / 5
Best validation overall accuracy 0.9654017857142857
Confusion matrix :
[[1788   20    0    0    0    0    0    0    0    0    0    0    0    0
     0    0]
 [   0 3354    0    0    0    0    0    0    0    0    0    0    0    0
     0    0]
 [   0    0 1765    0    6    0    0    0    8    0    0    0    0    0
     0    0]
 [   0    0    0 1232   23    0    0    0    0    0    0    0    0    0
     0    0]
 [   0    0    6    5 2392    0    0    0    1    6    0    0    0    0
     0    0]
 [   0    0    0    0    0 3563    0    0    0    0    0    0    0    0
     0    0]
 [   0    0    0    0    0    0 3212    2    0    0    0    0    0    0
     0    7]
 [   0    0    0    0    0    0    0 9424    0   41    0    0    0    3
   676    0]
 [   0    0    0    0    0    0    0    0 5582    1    0    0    0    0
     0    0]
 [   0    0   24    0    0    0    0    1   13 2864   24    0    0   24
     0    0]
 [   0    0    0    1    2    0    0    0    0    0  955    3    0    0
     0    0]
 [   0    0    0    0    0    0    0    0    0    0    0 1734    0    0
     0    0]
 [   0    0    0    0    0    0    0    0    0    0    0    0  823    2
     0    0]
 [   0    0    0    0    0    2    0    0    0    8    0    0    9  944
     0    0]
 [   0    0    0    0    4    0    0  930    0    0    0    0    0    0
  5607    0]
 [   0    0    0    0    1    0    0    0    0    0    0    1    0    0
     6 1618]]---
Accuracy : 96.18%
---
class acc :
	Brocoli_green_weeds_1: 98.89
	Brocoli_green_weeds_2: 100.00
	Fallow: 99.21
	Fallow_rough_plow: 98.17
	Fallow_smooth: 99.25
	Stubble: 100.00
	Celery: 99.72
	Grapes_untrained: 92.90
	Soil_vinyard_develop: 99.98
	Corn_senesced_green_weeds: 97.08
	Lettuce_romaine_4wk: 99.38
	Lettuce_romaine_5wk: 100.00
	Lettuce_romaine_6wk: 99.76
	Lettuce_romaine_7wk: 98.03
	Vinyard_untrained: 85.72
	Vinyard_vertical_trellis: 99.51
---
AA: 97.98%
Kappa: 95.75
run 4 / 5
Best validation overall accuracy 0.9620535714285714
Confusion matrix :
[[1808    0    0    0    0    0    0    0    0    0    0    0    0    0
     0    0]
 [   0 3354    0    0    0    0    0    0    0    0    0    0    0    0
     0    0]
 [   0    0 1777    0    2    0    0    0    0    0    0    0    0    0
     0    0]
 [   0    0    0 1250    5    0    0    0    0    0    0    0    0    0
     0    0]
 [   0    0   12   19 2378    0    0    0    0    1    0    0    0    0
     0    0]
 [   0    0    0    0    0 3563    0    0    0    0    0    0    0    0
     0    0]
 [   0    0    0    0    0    0 3218    2    0    0    0    0    1    0
     0    0]
 [   0    0    1    0    0    0    3 9007    0   81    0    0    0    3
  1049    0]
 [   0    0    0    0    0    0    0    0 5574    9    0    0    0    0
     0    0]
 [   0    0   40    0    0    0    0   10   25 2853   12    0    0   10
     0    0]
 [   0    0    1    1    0    0    0    0    0    1  951    7    0    0
     0    0]
 [   0    0    0    0    0    0    0    0    0    0    0 1734    0    0
     0    0]
 [   0    0    0    0    0    0    0    7    0    0    0    0  816    2
     0    0]
 [   0    0    0    0    0    0    0    0    0   19    0    0   30  914
     0    0]
 [   0    0    0    0   17    0    0  726    0    0    0    0    0    0
  5798    0]
 [   0    0    0    0    4    0   10    2    0    0    0    0    0    0
    28 1582]]---
Accuracy : 95.61%
---
class acc :
	Brocoli_green_weeds_1: 100.00
	Brocoli_green_weeds_2: 100.00
	Fallow: 99.89
	Fallow_rough_plow: 99.60
	Fallow_smooth: 98.67
	Stubble: 100.00
	Celery: 99.91
	Grapes_untrained: 88.79
	Soil_vinyard_develop: 99.84
	Corn_senesced_green_weeds: 96.71
	Lettuce_romaine_4wk: 98.96
	Lettuce_romaine_5wk: 100.00
	Lettuce_romaine_6wk: 98.91
	Lettuce_romaine_7wk: 94.91
	Vinyard_untrained: 88.64
	Vinyard_vertical_trellis: 97.29
---
AA: 97.63%
Kappa: 95.11
run 5 / 5
Best validation overall accuracy 0.9654017857142857
Confusion matrix :
[[1784   24    0    0    0    0    0    0    0    0    0    0    0    0
     0    0]
 [   0 3354    0    0    0    0    0    0    0    0    0    0    0    0
     0    0]
 [   0    0 1776    0    1    0    0    0    2    0    0    0    0    0
     0    0]
 [   0    0    0 1253    2    0    0    0    0    0    0    0    0    0
     0    0]
 [   0    0   27   10 2368    0    0    0    3    2    0    0    0    0
     0    0]
 [   0    0    0    0    0 3563    0    0    0    0    0    0    0    0
     0    0]
 [   0    0    0    0    0    0 3221    0    0    0    0    0    0    0
     0    0]
 [   0    0    0    0    3    0    1 9301   10   25    0    0    0    7
   797    0]
 [   0    0    0    0    0    0    0    0 5583    0    0    0    0    0
     0    0]
 [   0    0   43    0    0    0    0   23   39 2794   32    1    0   18
     0    0]
 [   0    0    0    0    0    0    0    0    0    0  956    5    0    0
     0    0]
 [   0    0    0    0    0    0    0    0    0    0    0 1734    0    0
     0    0]
 [   0    0    0    0    0    0    0    0    0    0    0    0  825    0
     0    0]
 [   0    0    0    0    0    2    0    3    0    7    0    0    0  951
     0    0]
 [   0    0    0    0    0    0    0  782    0    0    0    0    0    0
  5755    4]
 [   0    0    0    0    9    0   14    0    0    0    0    0    0    0
    10 1593]]---
Accuracy : 96.09%
---
class acc :
	Brocoli_green_weeds_1: 98.67
	Brocoli_green_weeds_2: 100.00
	Fallow: 99.83
	Fallow_rough_plow: 99.84
	Fallow_smooth: 98.26
	Stubble: 100.00
	Celery: 100.00
	Grapes_untrained: 91.69
	Soil_vinyard_develop: 100.00
	Corn_senesced_green_weeds: 94.71
	Lettuce_romaine_4wk: 99.48
	Lettuce_romaine_5wk: 100.00
	Lettuce_romaine_6wk: 100.00
	Lettuce_romaine_7wk: 98.75
	Vinyard_untrained: 87.98
	Vinyard_vertical_trellis: 97.97
---
AA: 97.95%
Kappa: 95.64
Agregated results :
Confusion matrix :
[[1.7970e+03 1.1000e+01 0.0000e+00 0.0000e+00 0.0000e+00 0.0000e+00
  0.0000e+00 0.0000e+00 0.0000e+00 0.0000e+00 0.0000e+00 0.0000e+00
  0.0000e+00 0.0000e+00 0.0000e+00 0.0000e+00]
 [0.0000e+00 3.3540e+03 0.0000e+00 0.0000e+00 0.0000e+00 0.0000e+00
  0.0000e+00 0.0000e+00 0.0000e+00 0.0000e+00 0.0000e+00 0.0000e+00
  0.0000e+00 0.0000e+00 0.0000e+00 0.0000e+00]
 [0.0000e+00 0.0000e+00 1.7704e+03 0.0000e+00 3.0000e+00 0.0000e+00
  0.0000e+00 0.0000e+00 5.2000e+00 4.0000e-01 0.0000e+00 0.0000e+00
  0.0000e+00 0.0000e+00 0.0000e+00 0.0000e+00]
 [0.0000e+00 0.0000e+00 0.0000e+00 1.2464e+03 8.6000e+00 0.0000e+00
  0.0000e+00 0.0000e+00 0.0000e+00 0.0000e+00 0.0000e+00 0.0000e+00
  0.0000e+00 0.0000e+00 0.0000e+00 0.0000e+00]
 [0.0000e+00 0.0000e+00 1.3800e+01 1.5400e+01 2.3770e+03 0.0000e+00
  0.0000e+00 0.0000e+00 1.4000e+00 2.4000e+00 0.0000e+00 0.0000e+00
  0.0000e+00 0.0000e+00 0.0000e+00 0.0000e+00]
 [0.0000e+00 0.0000e+00 0.0000e+00 0.0000e+00 2.0000e-01 3.5628e+03
  0.0000e+00 0.0000e+00 0.0000e+00 0.0000e+00 0.0000e+00 0.0000e+00
  0.0000e+00 0.0000e+00 0.0000e+00 0.0000e+00]
 [0.0000e+00 0.0000e+00 0.0000e+00 0.0000e+00 2.0000e-01 0.0000e+00
  3.2184e+03 8.0000e-01 0.0000e+00 0.0000e+00 0.0000e+00 0.0000e+00
  2.0000e-01 0.0000e+00 0.0000e+00 1.4000e+00]
 [0.0000e+00 0.0000e+00 2.0000e-01 0.0000e+00 6.0000e-01 2.0000e-01
  8.0000e-01 9.2140e+03 2.4000e+00 4.6600e+01 0.0000e+00 0.0000e+00
  0.0000e+00 3.4000e+00 8.7580e+02 0.0000e+00]
 [0.0000e+00 0.0000e+00 0.0000e+00 0.0000e+00 0.0000e+00 0.0000e+00
  0.0000e+00 0.0000e+00 5.5800e+03 3.0000e+00 0.0000e+00 0.0000e+00
  0.0000e+00 0.0000e+00 0.0000e+00 0.0000e+00]
 [0.0000e+00 0.0000e+00 3.7600e+01 0.0000e+00 0.0000e+00 0.0000e+00
  4.0000e-01 9.6000e+00 3.0000e+01 2.8340e+03 2.1800e+01 1.0000e+00
  0.0000e+00 1.5600e+01 0.0000e+00 0.0000e+00]
 [0.0000e+00 0.0000e+00 2.0000e-01 4.0000e-01 4.0000e-01 0.0000e+00
  0.0000e+00 0.0000e+00 0.0000e+00 4.0000e-01 9.5440e+02 5.2000e+00
  0.0000e+00 0.0000e+00 0.0000e+00 0.0000e+00]
 [0.0000e+00 0.0000e+00 0.0000e+00 0.0000e+00 0.0000e+00 0.0000e+00
  0.0000e+00 0.0000e+00 0.0000e+00 0.0000e+00 0.0000e+00 1.7340e+03
  0.0000e+00 0.0000e+00 0.0000e+00 0.0000e+00]
 [0.0000e+00 0.0000e+00 0.0000e+00 0.0000e+00 0.0000e+00 0.0000e+00
  0.0000e+00 1.4000e+00 0.0000e+00 4.0000e-01 0.0000e+00 0.0000e+00
  8.2100e+02 2.2000e+00 0.0000e+00 0.0000e+00]
 [0.0000e+00 0.0000e+00 0.0000e+00 0.0000e+00 0.0000e+00 8.0000e-01
  0.0000e+00 8.0000e-01 0.0000e+00 1.1200e+01 0.0000e+00 0.0000e+00
  8.8000e+00 9.4140e+02 0.0000e+00 0.0000e+00]
 [0.0000e+00 0.0000e+00 0.0000e+00 0.0000e+00 8.2000e+00 0.0000e+00
  0.0000e+00 8.1660e+02 0.0000e+00 0.0000e+00 0.0000e+00 0.0000e+00
  0.0000e+00 0.0000e+00 5.7134e+03 2.8000e+00]
 [0.0000e+00 0.0000e+00 0.0000e+00 8.0000e-01 2.8000e+00 0.0000e+00
  9.0000e+00 6.0000e-01 0.0000e+00 0.0000e+00 0.0000e+00 2.0000e-01
  0.0000e+00 0.0000e+00 9.8000e+00 1.6028e+03]]---
Accuracy: 95.90 +- 0.21
---
class acc :
	Brocoli_green_weeds_1: 99.39 +- 0.55
	Brocoli_green_weeds_2: 100.00 +- 0.00
	Fallow: 99.52 +- 0.29
	Fallow_rough_plow: 99.31 +- 0.59
	Fallow_smooth: 98.63 +- 0.35
	Stubble: 99.99 +- 0.01
	Celery: 99.92 +- 0.11
	Grapes_untrained: 90.83 +- 1.90
	Soil_vinyard_develop: 99.95 +- 0.06
	Corn_senesced_green_weeds: 96.07 +- 0.86
	Lettuce_romaine_4wk: 99.31 +- 0.27
	Lettuce_romaine_5wk: 100.00 +- 0.00
	Lettuce_romaine_6wk: 99.52 +- 0.38
	Lettuce_romaine_7wk: 97.76 +- 1.45
	Vinyard_untrained: 87.35 +- 1.65
	Vinyard_vertical_trellis: 98.57 +- 0.87
---
AA: 97.88 +- 0.14
Kappa: 95.44 +- 0.24
