run 1 / 5
Best validation overall accuracy 0.9579613095238095
Confusion matrix :
[[1599    8    0    0    0    0    0    0    0    0    0    0    0    0
     0    0]
 [   0 2981    0    0    0    0    0    0    0    0    0    0    0    0
     0    0]
 [   0    0 1580    0    1    0    0    0    0    0    0    0    0    0
     0    0]
 [   0    0    0 1112    3    0    0    0    0    0    0    0    0    0
     0    0]
 [   0    0   11    3 2128    0    0    0    0    0    0    0    0    0
     0    0]
 [   0    0    0    0    0 3167    0    0    0    0    0    0    0    0
     0    0]
 [   0    0    0    0    0    0 2859    4    0    0    0    0    0    0
     0    0]
 [   0    0    0    0    0    0    0 7931    4   22    0    0    0    1
  1059    0]
 [   0    0    0    0    0    0    0    0 4959    4    0    0    0    0
     0    0]
 [   0    0   52    0    0    0    0    0   14 2528   24    0    0    4
     0    0]
 [   0    0    0    0    0    0    0    0    0    0  848    6    0    0
     0    0]
 [   0    0    0    0    0    0    0    0    0    0    0 1542    0    0
     0    0]
 [   0    0    0    0    0    0    0    0    0    0    0    0  731    2
     0    0]
 [   0    0    0    0    0    0    0    0    0   15    0    0    0  841
     0    0]
 [   0    0    0    0    0    0    0  431    0    0    0    0    0    0
  5384    0]
 [   0    0    0    0    0    0    9    0    0    0    0    0    0    0
    13 1424]]---
Accuracy : 96.10%
---
class acc :
	Brocoli_green_weeds_1: 99.50
	Brocoli_green_weeds_2: 100.00
	Fallow: 99.94
	Fallow_rough_plow: 99.73
	Fallow_smooth: 99.35
	Stubble: 100.00
	Celery: 99.86
	Grapes_untrained: 87.96
	Soil_vinyard_develop: 99.92
	Corn_senesced_green_weeds: 96.41
	Lettuce_romaine_4wk: 99.30
	Lettuce_romaine_5wk: 100.00
	Lettuce_romaine_6wk: 99.73
	Lettuce_romaine_7wk: 98.25
	Vinyard_untrained: 92.59
	Vinyard_vertical_trellis: 98.48
---
AA: 98.19%
Kappa: 95.66
run 2 / 5
Best validation overall accuracy 0.9663318452380952
Confusion matrix :
[[1601    6    0    0    0    0    0    0    0    0    0    0    0    0
     0    0]
 [   0 2981    0    0    0    0    0    0    0    0    0    0    0    0
     0    0]
 [   0    0 1576    0    3    0    0    0    2    0    0    0    0    0
     0    0]
 [   0    0    0 1108    7    0    0    0    0    0    0    0    0    0
     0    0]
 [   0    0    4   11 2124    0    0    0    0    0    2    1    0    0
     0    0]
 [   0    0    0    0    0 3167    0    0    0    0    0    0    0    0
     0    0]
 [   0    0    0    0    0    0 2858    4    0    0    0    0    0    0
     1    0]
 [   0    0    0    0    0    0    0 8372    1   15    0    0    0    0
   629    0]
 [   0    0    0    0    0    0    0    0 4963    0    0    0    0    0
     0    0]
 [   0    0   14    0    0    0    0    0   23 2530   36    7    0   12
     0    0]
 [   0    0    0    0    0    0    0    0    0    1  849    4    0    0
     0    0]
 [   0    0    0    0    0    0    0    0    0    2    0 1540    0    0
     0    0]
 [   0    0    0    0    0    0    0    0    0    0    0    0  733    0
     0    0]
 [   0    0    0    0    0    0    0    0    0   15    0    0    0  841
     0    0]
 [   0    0    0    0    5    0    0  875    0    0    0    0    0    0
  4935    0]
 [   0    0    0    0    3    0    1    4    0    0    0    0    0    0
     7 1431]]---
Accuracy : 96.09%
---
class acc :
	Brocoli_green_weeds_1: 99.63
	Brocoli_green_weeds_2: 100.00
	Fallow: 99.68
	Fallow_rough_plow: 99.37
	Fallow_smooth: 99.16
	Stubble: 100.00
	Celery: 99.83
	Grapes_untrained: 92.85
	Soil_vinyard_develop: 100.00
	Corn_senesced_green_weeds: 96.49
	Lettuce_romaine_4wk: 99.41
	Lettuce_romaine_5wk: 99.87
	Lettuce_romaine_6wk: 100.00
	Lettuce_romaine_7wk: 98.25
	Vinyard_untrained: 84.87
	Vinyard_vertical_trellis: 98.96
---
AA: 98.02%
Kappa: 95.64
run 3 / 5
Best validation overall accuracy 0.9655877976190477
Confusion matrix :
[[1601    6    0    0    0    0    0    0    0    0    0    0    0    0
     0    0]
 [   0 2981    0    0    0    0    0    0    0    0    0    0    0    0
     0    0]
 [   0    0 1581    0    0    0    0    0    0    0    0    0    0    0
     0    0]
 [   0    0    0 1105   10    0    0    0    0    0    0    0    0    0
     0    0]
 [   0    0    4    5 2130    0    0    0    2    0    1    0    0    0
     0    0]
 [   0    0    0    0    1 3166    0    0    0    0    0    0    0    0
     0    0]
 [   0    0    0    0    1    0 2861    1    0    0    0    0    0    0
     0    0]
 [   0    0    0    0    0    0    0 8290    1    5    0    0    0    2
   719    0]
 [   0    0    0    0    0    0    0    4 4955    2    2    0    0    0
     0    0]
 [   0    0   42    0    0    0    0    7   33 2510   20    4    0    6
     0    0]
 [   0    0    1    1    0    0    0    0    0    4  842    6    0    0
     0    0]
 [   0    0    0    0    0    0    0    0    0    0    0 1542    0    0
     0    0]
 [   0    0    0    0    0    0    0    0    0    0    0    0  730    3
     0    0]
 [   0    0    0    0    0    0    0    0    0    3    0    0    0  853
     0    0]
 [   0    0    0    0    1    0    0  565    0    0    0    0    0    0
  5249    0]
 [   0    2    0    0    9    0    5    0    0    0    0    0    0    0
     2 1428]]---
Accuracy : 96.58%
---
class acc :
	Brocoli_green_weeds_1: 99.63
	Brocoli_green_weeds_2: 100.00
	Fallow: 100.00
	Fallow_rough_plow: 99.10
	Fallow_smooth: 99.44
	Stubble: 99.97
	Celery: 99.93
	Grapes_untrained: 91.94
	Soil_vinyard_develop: 99.84
	Corn_senesced_green_weeds: 95.73
	Lettuce_romaine_4wk: 98.59
	Lettuce_romaine_5wk: 100.00
	Lettuce_romaine_6wk: 99.59
	Lettuce_romaine_7wk: 99.65
	Vinyard_untrained: 90.27
	Vinyard_vertical_trellis: 98.76
---
AA: 98.28%
Kappa: 96.20
run 4 / 5
Best validation overall accuracy 0.9614955357142857
Confusion matrix :
[[1607    0    0    0    0    0    0    0    0    0    0    0    0    0
     0    0]
 [   0 2981    0    0    0    0    0    0    0    0    0    0    0    0
     0    0]
 [   0    0 1575    0    0    0    0    0    6    0    0    0    0    0
     0    0]
 [   0    0    0 1112    3    0    0    0    0    0    0    0    0    0
     0    0]
 [   0    0   12    0 2125    0    0    0    4    1    0    0    0    0
     0    0]
 [   0    0    0    0    0 3167    0    0    0    0    0    0    0    0
     0    0]
 [   0    0    0    0    0    0 2859    4    0    0    0    0    0    0
     0    0]
 [   0    0    0    0    0    0    0 8380    3   45    0    0    0    0
   589    0]
 [   0    0    0    0    0    0    0    0 4962    1    0    0    0    0
     0    0]
 [   0    0   37    0    0    0    0    3   28 2526   24    0    0    4
     0    0]
 [   0    0    0    1    1    0    0    0    0    0  849    3    0    0
     0    0]
 [   0    0    0    0    0    0    0    0    0    0    0 1542    0    0
     0    0]
 [   0    0    0    0    0    0    0    0    0    0    0    0  727    6
     0    0]
 [   0    0    0    0    0    1    0    0    0    5    0    0    0  850
     0    0]
 [   0    0    0    0    0    0    0  843    0    0    0    0    0    0
  4972    0]
 [   0    0    0    0    3    0   10    0    0    0    0    0    0    0
     5 1428]]---
Accuracy : 96.21%
---
class acc :
	Brocoli_green_weeds_1: 100.00
	Brocoli_green_weeds_2: 100.00
	Fallow: 99.62
	Fallow_rough_plow: 99.73
	Fallow_smooth: 99.21
	Stubble: 100.00
	Celery: 99.86
	Grapes_untrained: 92.94
	Soil_vinyard_develop: 99.98
	Corn_senesced_green_weeds: 96.34
	Lettuce_romaine_4wk: 99.41
	Lettuce_romaine_5wk: 100.00
	Lettuce_romaine_6wk: 99.18
	Lettuce_romaine_7wk: 99.30
	Vinyard_untrained: 85.50
	Vinyard_vertical_trellis: 98.76
---
AA: 98.11%
Kappa: 95.78
run 5 / 5
Best validation overall accuracy 0.9637276785714286
Confusion matrix :
[[1606    1    0    0    0    0    0    0    0    0    0    0    0    0
     0    0]
 [   1 2980    0    0    0    0    0    0    0    0    0    0    0    0
     0    0]
 [   0    0 1576    0    2    0    0    0    0    3    0    0    0    0
     0    0]
 [   0    0    0 1113    2    0    0    0    0    0    0    0    0    0
     0    0]
 [   0    0    8    7 2123    0    0    0    0    3    1    0    0    0
     0    0]
 [   0    0    0    0    0 3167    0    0    0    0    0    0    0    0
     0    0]
 [   0    0    0    0    0    0 2860    3    0    0    0    0    0    0
     0    0]
 [   0    0    0    0    0    0    0 8096    3   23    0    0    0    2
   893    0]
 [   0    0    0    0    0    0    0    1 4959    3    0    0    0    0
     0    0]
 [   0    0   39    0    0    0    0    6   11 2539   23    0    0    4
     0    0]
 [   0    0    0    4    0    0    0    0    0    2  842    6    0    0
     0    0]
 [   0    0    0    0    0    0    0    0    0    0    0 1542    0    0
     0    0]
 [   0    0    0    0    0    0    0    0    0    0    0    0  732    1
     0    0]
 [   0    0    0    0    0    1    0    0    0    7    0    0    9  839
     0    0]
 [   0    0    0    0    0    0    0  531    0    0    0    0    0    0
  5271   13]
 [   0    0    0    0    0    0    7    0    0    0    0    0    0    0
     8 1431]]---
Accuracy : 96.24%
---
class acc :
	Brocoli_green_weeds_1: 99.94
	Brocoli_green_weeds_2: 99.97
	Fallow: 99.68
	Fallow_rough_plow: 99.82
	Fallow_smooth: 99.11
	Stubble: 100.00
	Celery: 99.90
	Grapes_untrained: 89.79
	Soil_vinyard_develop: 99.92
	Corn_senesced_green_weeds: 96.83
	Lettuce_romaine_4wk: 98.59
	Lettuce_romaine_5wk: 100.00
	Lettuce_romaine_6wk: 99.86
	Lettuce_romaine_7wk: 98.01
	Vinyard_untrained: 90.64
	Vinyard_vertical_trellis: 98.96
---
AA: 98.19%
Kappa: 95.82
Agregated results :
Confusion matrix :
[[1.6028e+03 4.2000e+00 0.0000e+00 0.0000e+00 0.0000e+00 0.0000e+00
  0.0000e+00 0.0000e+00 0.0000e+00 0.0000e+00 0.0000e+00 0.0000e+00
  0.0000e+00 0.0000e+00 0.0000e+00 0.0000e+00]
 [2.0000e-01 2.9808e+03 0.0000e+00 0.0000e+00 0.0000e+00 0.0000e+00
  0.0000e+00 0.0000e+00 0.0000e+00 0.0000e+00 0.0000e+00 0.0000e+00
  0.0000e+00 0.0000e+00 0.0000e+00 0.0000e+00]
 [0.0000e+00 0.0000e+00 1.5776e+03 0.0000e+00 1.2000e+00 0.0000e+00
  0.0000e+00 0.0000e+00 1.6000e+00 6.0000e-01 0.0000e+00 0.0000e+00
  0.0000e+00 0.0000e+00 0.0000e+00 0.0000e+00]
 [0.0000e+00 0.0000e+00 0.0000e+00 1.1100e+03 5.0000e+00 0.0000e+00
  0.0000e+00 0.0000e+00 0.0000e+00 0.0000e+00 0.0000e+00 0.0000e+00
  0.0000e+00 0.0000e+00 0.0000e+00 0.0000e+00]
 [0.0000e+00 0.0000e+00 7.8000e+00 5.2000e+00 2.1260e+03 0.0000e+00
  0.0000e+00 0.0000e+00 1.2000e+00 8.0000e-01 8.0000e-01 2.0000e-01
  0.0000e+00 0.0000e+00 0.0000e+00 0.0000e+00]
 [0.0000e+00 0.0000e+00 0.0000e+00 0.0000e+00 2.0000e-01 3.1668e+03
  0.0000e+00 0.0000e+00 0.0000e+00 0.0000e+00 0.0000e+00 0.0000e+00
  0.0000e+00 0.0000e+00 0.0000e+00 0.0000e+00]
 [0.0000e+00 0.0000e+00 0.0000e+00 0.0000e+00 2.0000e-01 0.0000e+00
  2.8594e+03 3.2000e+00 0.0000e+00 0.0000e+00 0.0000e+00 0.0000e+00
  0.0000e+00 0.0000e+00 2.0000e-01 0.0000e+00]
 [0.0000e+00 0.0000e+00 0.0000e+00 0.0000e+00 0.0000e+00 0.0000e+00
  0.0000e+00 8.2138e+03 2.4000e+00 2.2000e+01 0.0000e+00 0.0000e+00
  0.0000e+00 1.0000e+00 7.7780e+02 0.0000e+00]
 [0.0000e+00 0.0000e+00 0.0000e+00 0.0000e+00 0.0000e+00 0.0000e+00
  0.0000e+00 1.0000e+00 4.9596e+03 2.0000e+00 4.0000e-01 0.0000e+00
  0.0000e+00 0.0000e+00 0.0000e+00 0.0000e+00]
 [0.0000e+00 0.0000e+00 3.6800e+01 0.0000e+00 0.0000e+00 0.0000e+00
  0.0000e+00 3.2000e+00 2.1800e+01 2.5266e+03 2.5400e+01 2.2000e+00
  0.0000e+00 6.0000e+00 0.0000e+00 0.0000e+00]
 [0.0000e+00 0.0000e+00 2.0000e-01 1.2000e+00 2.0000e-01 0.0000e+00
  0.0000e+00 0.0000e+00 0.0000e+00 1.4000e+00 8.4600e+02 5.0000e+00
  0.0000e+00 0.0000e+00 0.0000e+00 0.0000e+00]
 [0.0000e+00 0.0000e+00 0.0000e+00 0.0000e+00 0.0000e+00 0.0000e+00
  0.0000e+00 0.0000e+00 0.0000e+00 4.0000e-01 0.0000e+00 1.5416e+03
  0.0000e+00 0.0000e+00 0.0000e+00 0.0000e+00]
 [0.0000e+00 0.0000e+00 0.0000e+00 0.0000e+00 0.0000e+00 0.0000e+00
  0.0000e+00 0.0000e+00 0.0000e+00 0.0000e+00 0.0000e+00 0.0000e+00
  7.3060e+02 2.4000e+00 0.0000e+00 0.0000e+00]
 [0.0000e+00 0.0000e+00 0.0000e+00 0.0000e+00 0.0000e+00 4.0000e-01
  0.0000e+00 0.0000e+00 0.0000e+00 9.0000e+00 0.0000e+00 0.0000e+00
  1.8000e+00 8.4480e+02 0.0000e+00 0.0000e+00]
 [0.0000e+00 0.0000e+00 0.0000e+00 0.0000e+00 1.2000e+00 0.0000e+00
  0.0000e+00 6.4900e+02 0.0000e+00 0.0000e+00 0.0000e+00 0.0000e+00
  0.0000e+00 0.0000e+00 5.1622e+03 2.6000e+00]
 [0.0000e+00 4.0000e-01 0.0000e+00 0.0000e+00 3.0000e+00 0.0000e+00
  6.4000e+00 8.0000e-01 0.0000e+00 0.0000e+00 0.0000e+00 0.0000e+00
  0.0000e+00 0.0000e+00 7.0000e+00 1.4284e+03]]---
Accuracy: 96.24 +- 0.18
---
class acc :
	Brocoli_green_weeds_1: 99.74 +- 0.19
	Brocoli_green_weeds_2: 99.99 +- 0.01
	Fallow: 99.78 +- 0.15
	Fallow_rough_plow: 99.55 +- 0.27
	Fallow_smooth: 99.25 +- 0.12
	Stubble: 99.99 +- 0.01
	Celery: 99.87 +- 0.04
	Grapes_untrained: 91.09 +- 1.94
	Soil_vinyard_develop: 99.93 +- 0.06
	Corn_senesced_green_weeds: 96.36 +- 0.36
	Lettuce_romaine_4wk: 99.06 +- 0.38
	Lettuce_romaine_5wk: 99.97 +- 0.05
	Lettuce_romaine_6wk: 99.67 +- 0.28
	Lettuce_romaine_7wk: 98.69 +- 0.65
	Vinyard_untrained: 88.77 +- 3.04
	Vinyard_vertical_trellis: 98.78 +- 0.18
---
AA: 98.16 +- 0.09
Kappa: 95.82 +- 0.20
