run 1 / 5
Best validation overall accuracy 0.935546875
Confusion matrix :
[[  20    0    0    0    0    1    0   17    0    1    2    0    0    0
     0    0]
 [   0 1080   25   11    0    0    0    0    0   39   90   37    0    3
     0    0]
 [   0    3  729    4    0    0    0    0    0    5    5    1    0    0
     0    0]
 [   0    3    6  198    0    0    0    0    0    0    0    6    0    0
     0    0]
 [   0    0    0    2  388   23    1   16    0    0    0    1    0    0
     4    0]
 [   0    0    0    0    0  653    0    0    0    0    0    0    0    0
     4    0]
 [   0    0    0    0    4    0   21    0    0    0    0    0    0    0
     0    0]
 [   0    0    0    0    0    0    0  430    0    0    0    0    0    0
     0    0]
 [   0    0    0    1    0    5    0    0    5    4    3    0    0    0
     0    0]
 [   0   10   10    0    1    1    0    0    0  780   60    8    0    2
     3    0]
 [   0   46    3    0    0    0    0    0    0   20 2135    4    0    0
     2    0]
 [   0    6    5    0    0    0    0    0    0   13    7  494    0    0
     8    1]
 [   0    0    0    0    0    0    0    0    0    0    0    0  185    0
     0    0]
 [   0    0    0    1    0    1    0    0    0    0    0    0    0 1122
    15    0]
 [   0    0    0    0    0   30    0    0    0    0    0    0    0   33
   284    0]
 [   0    0    0    0    0    0    0    0    0    0    0    4    0    0
     0   80]]---
Accuracy : 93.27%
---
class acc :
	Alfalfa: 48.78
	Corn-notill: 84.05
	Corn-mintill: 97.59
	Corn: 92.96
	Grass-pasture: 89.20
	Grass-trees: 99.39
	Grass-pasture-mowed: 84.00
	Hay-windrowed: 100.00
	Oats: 27.78
	Soybean-notill: 89.14
	Soybean-mintill: 96.61
	Soybean-clean: 92.51
	Wheat: 100.00
	Woods: 98.51
	Buildings-Grass-Trees-Drives: 81.84
	Stone-Steel-Towers: 95.24
---
AA: 86.10%
Kappa: 92.32
run 2 / 5
Best validation overall accuracy 0.955078125
Confusion matrix :
[[  13    0    0    0    0    0    0   28    0    0    0    0    0    0
     0    0]
 [   0 1160   36    6    0    0    0    0    0   24   52    7    0    0
     0    0]
 [   0   48  676    5    0    0    0    0    0    2    8    2    5    0
     1    0]
 [   0   33    0  180    0    0    0    0    0    0    0    0    0    0
     0    0]
 [   1    0    0    4  418    0    2    0    0    2    0    0    0    3
     5    0]
 [   0    0    0    0    0  642    0    0    0    0    3    0    0    2
    10    0]
 [   0    0    0    0    0    0   18    7    0    0    0    0    0    0
     0    0]
 [   0    0    0    0    0    0    0  430    0    0    0    0    0    0
     0    0]
 [   0    0    0    0    0    0    0    0    2    0    0    0    9    0
     7    0]
 [   0    7    0    0    0    0    0    0    0  815   52    1    0    0
     0    0]
 [   0   43    0    0    0    0    0    0    0   12 2144   10    0    0
     1    0]
 [   0   50    0    0    4    0    0    0    0    1   11  466    0    0
     2    0]
 [   0    0    0    0    0    0    0    0    0    0    0    0  184    0
     1    0]
 [   0    1    0    0   11    0    0    0    0    0    0    0    0 1109
    18    0]
 [   0    4    0    2    3    0    0    0    0    0    2    0    0   24
   312    0]
 [   0    0    0    0    0    0    0    0    0    0    0    0    0    0
     0   84]]---
Accuracy : 93.80%
---
class acc :
	Alfalfa: 31.71
	Corn-notill: 90.27
	Corn-mintill: 90.50
	Corn: 84.51
	Grass-pasture: 96.09
	Grass-trees: 97.72
	Grass-pasture-mowed: 72.00
	Hay-windrowed: 100.00
	Oats: 11.11
	Soybean-notill: 93.14
	Soybean-mintill: 97.01
	Soybean-clean: 87.27
	Wheat: 99.46
	Woods: 97.37
	Buildings-Grass-Trees-Drives: 89.91
	Stone-Steel-Towers: 100.00
---
AA: 83.63%
Kappa: 92.92
run 3 / 5
Best validation overall accuracy 0.927734375
Confusion matrix :
[[  36    0    0    0    3    0    0    0    0    2    0    0    0    0
     0    0]
 [   0 1146   39    2    1    0    0    0    0   48   35   11    0    3
     0    0]
 [   0    3  665    8    0    0    0    0    0    2   66    3    0    0
     0    0]
 [   0    0    6  207    0    0    0    0    0    0    0    0    0    0
     0    0]
 [   0   11    1    0  417    0    0    0    0    0    5    1    0    0
     0    0]
 [   0    0    0    0    0  654    0    0    0    0    0    0    0    0
     3    0]
 [  19    0    0    0    5    0    0    1    0    0    0    0    0    0
     0    0]
 [   1    0    0    0    0    0    0  428    0    0    0    0    0    0
     1    0]
 [   0    0    0    0    8    0    0    0    0    0    0    0    0    0
    10    0]
 [   0    7    0    0    0    0    0    0    0  824   40    0    0    0
     4    0]
 [   0   27    5    0    0    0    0    0    0   31 2132    5    0    0
    10    0]
 [   0   40   36    0    0    0    0    0    0   21   19  411    0    0
     7    0]
 [   0    0    1    0    1    0    0    0    0    0    0    0  183    0
     0    0]
 [   0    0    1    0    0    0    0    0    0    0    0    0    0 1134
     4    0]
 [   0    0    0    0    5    3    0    0    0    0    0    1    0   64
   274    0]
 [   0    0    0    0    0    0    0    0    0    0    0    8    0    0
     0   76]]---
Accuracy : 93.08%
---
class acc :
	Alfalfa: 87.80
	Corn-notill: 89.18
	Corn-mintill: 89.02
	Corn: 97.18
	Grass-pasture: 95.86
	Grass-trees: 99.54
	Grass-pasture-mowed: 0.00
	Hay-windrowed: 99.53
	Oats: 0.00
	Soybean-notill: 94.17
	Soybean-mintill: 96.47
	Soybean-clean: 76.97
	Wheat: 98.92
	Woods: 99.56
	Buildings-Grass-Trees-Drives: 78.96
	Stone-Steel-Towers: 90.48
---
AA: 80.85%
Kappa: 92.10
run 4 / 5
Best validation overall accuracy 0.9453125
Confusion matrix :
[[  39    1    0    0    0    0    0    1    0    0    0    0    0    0
     0    0]
 [   0 1204   12    1    0    0    1    0    0   27   25   15    0    0
     0    0]
 [   0   14  711    0    0    0    0    0    0    2   10    4    5    0
     1    0]
 [   0    1   11  199    0    0    0    0    0    0    2    0    0    0
     0    0]
 [   0   11    3    0  395    6    1    0    0    3    0    9    0    3
     4    0]
 [   0    0    0    0    0  653    1    0    0    0    0    0    0    2
     1    0]
 [   0    0    0    0    6    0   15    0    0    0    4    0    0    0
     0    0]
 [   0    0    0    0    0    0    5  425    0    0    0    0    0    0
     0    0]
 [   0    0    3    3    3    0    0    0    2    1    0    0    0    0
     6    0]
 [   0   46    0    0    0    0    0    0    0  764   52   11    0    2
     0    0]
 [   0   39   13    0    6    0    0    0    0   63 2080    6    0    0
     3    0]
 [   0   62   11    1    0    0    0    0    0    1   11  446    0    0
     2    0]
 [   0    0    0    0    0    0    0    0    0    0    0    0  182    0
     3    0]
 [   0    0    0    0    0    0    0    0    0    0    0    1    0 1135
     3    0]
 [   0    0    0    0    0    2    0    0    0    0    4    0    0   45
   296    0]
 [   0    0    0    0    0    0    0    0    0    0    0    2    0    0
     0   82]]---
Accuracy : 93.53%
---
class acc :
	Alfalfa: 95.12
	Corn-notill: 93.70
	Corn-mintill: 95.18
	Corn: 93.43
	Grass-pasture: 90.80
	Grass-trees: 99.39
	Grass-pasture-mowed: 60.00
	Hay-windrowed: 98.84
	Oats: 11.11
	Soybean-notill: 87.31
	Soybean-mintill: 94.12
	Soybean-clean: 83.52
	Wheat: 98.38
	Woods: 99.65
	Buildings-Grass-Trees-Drives: 85.30
	Stone-Steel-Towers: 97.62
---
AA: 86.47%
Kappa: 92.61
run 5 / 5
Best validation overall accuracy 0.94140625
Confusion matrix :
[[  14    3    0    0    0    0    4   20    0    0    0    0    0    0
     0    0]
 [   0 1224    7    0    0    0    0    0    0   25   16   13    0    0
     0    0]
 [   0   11  678    0    0    0    0    0    0    0   23   35    0    0
     0    0]
 [   0   34    0  177    0    0    0    0    0    0    0    1    0    0
     1    0]
 [  20   12    0    0  395    0    8    0    0    0    0    0    0    0
     0    0]
 [   0    0    0    0    0  649    0    0    0    0    1    0    0    2
     5    0]
 [   0    0    0    0    4    0   21    0    0    0    0    0    0    0
     0    0]
 [   5    0    0    0    0    0    5  417    0    0    0    0    0    0
     3    0]
 [   0    0    0    0    1    0    0    0    2    0    0    0    0    0
    15    0]
 [   0   27    6    0    0    0    0    0    0  797   39    4    0    0
     2    0]
 [   0   69    3    0    0    0    0    0    0   35 2102    1    0    0
     0    0]
 [   0    1   12   19   11    0    0    0    0    5    5  477    0    0
     4    0]
 [   0    0    0    0    0    0    0    0    0    0    0    0  183    0
     2    0]
 [   0    0    0    0    0    1    0    0    0    0    0    0    0 1115
    23    0]
 [   0    3    0    0    0    3    3    0    1    0    0    0    0   25
   312    0]
 [   0    0    0    0    0    0    0    0    0    0    0    3    0    0
     0   81]]---
Accuracy : 93.70%
---
class acc :
	Alfalfa: 34.15
	Corn-notill: 95.25
	Corn-mintill: 90.76
	Corn: 83.10
	Grass-pasture: 90.80
	Grass-trees: 98.78
	Grass-pasture-mowed: 84.00
	Hay-windrowed: 96.98
	Oats: 11.11
	Soybean-notill: 91.09
	Soybean-mintill: 95.11
	Soybean-clean: 89.33
	Wheat: 98.92
	Woods: 97.89
	Buildings-Grass-Trees-Drives: 89.91
	Stone-Steel-Towers: 96.43
---
AA: 83.98%
Kappa: 92.82
Agregated results :
Confusion matrix :
[[2.4400e+01 8.0000e-01 0.0000e+00 0.0000e+00 6.0000e-01 2.0000e-01
  8.0000e-01 1.3200e+01 0.0000e+00 6.0000e-01 4.0000e-01 0.0000e+00
  0.0000e+00 0.0000e+00 0.0000e+00 0.0000e+00]
 [0.0000e+00 1.1628e+03 2.3800e+01 4.0000e+00 2.0000e-01 0.0000e+00
  2.0000e-01 0.0000e+00 0.0000e+00 3.2600e+01 4.3600e+01 1.6600e+01
  0.0000e+00 1.2000e+00 0.0000e+00 0.0000e+00]
 [0.0000e+00 1.5800e+01 6.9180e+02 3.4000e+00 0.0000e+00 0.0000e+00
  0.0000e+00 0.0000e+00 0.0000e+00 2.2000e+00 2.2400e+01 9.0000e+00
  2.0000e+00 0.0000e+00 4.0000e-01 0.0000e+00]
 [0.0000e+00 1.4200e+01 4.6000e+00 1.9220e+02 0.0000e+00 0.0000e+00
  0.0000e+00 0.0000e+00 0.0000e+00 0.0000e+00 4.0000e-01 1.4000e+00
  0.0000e+00 0.0000e+00 2.0000e-01 0.0000e+00]
 [4.2000e+00 6.8000e+00 8.0000e-01 1.2000e+00 4.0260e+02 5.8000e+00
  2.4000e+00 3.2000e+00 0.0000e+00 1.0000e+00 1.0000e+00 2.2000e+00
  0.0000e+00 1.2000e+00 2.6000e+00 0.0000e+00]
 [0.0000e+00 0.0000e+00 0.0000e+00 0.0000e+00 0.0000e+00 6.5020e+02
  2.0000e-01 0.0000e+00 0.0000e+00 0.0000e+00 8.0000e-01 0.0000e+00
  0.0000e+00 1.2000e+00 4.6000e+00 0.0000e+00]
 [3.8000e+00 0.0000e+00 0.0000e+00 0.0000e+00 3.8000e+00 0.0000e+00
  1.5000e+01 1.6000e+00 0.0000e+00 0.0000e+00 8.0000e-01 0.0000e+00
  0.0000e+00 0.0000e+00 0.0000e+00 0.0000e+00]
 [1.2000e+00 0.0000e+00 0.0000e+00 0.0000e+00 0.0000e+00 0.0000e+00
  2.0000e+00 4.2600e+02 0.0000e+00 0.0000e+00 0.0000e+00 0.0000e+00
  0.0000e+00 0.0000e+00 8.0000e-01 0.0000e+00]
 [0.0000e+00 0.0000e+00 6.0000e-01 8.0000e-01 2.4000e+00 1.0000e+00
  0.0000e+00 0.0000e+00 2.2000e+00 1.0000e+00 6.0000e-01 0.0000e+00
  1.8000e+00 0.0000e+00 7.6000e+00 0.0000e+00]
 [0.0000e+00 1.9400e+01 3.2000e+00 0.0000e+00 2.0000e-01 2.0000e-01
  0.0000e+00 0.0000e+00 0.0000e+00 7.9600e+02 4.8600e+01 4.8000e+00
  0.0000e+00 8.0000e-01 1.8000e+00 0.0000e+00]
 [0.0000e+00 4.4800e+01 4.8000e+00 0.0000e+00 1.2000e+00 0.0000e+00
  0.0000e+00 0.0000e+00 0.0000e+00 3.2200e+01 2.1186e+03 5.2000e+00
  0.0000e+00 0.0000e+00 3.2000e+00 0.0000e+00]
 [0.0000e+00 3.1800e+01 1.2800e+01 4.0000e+00 3.0000e+00 0.0000e+00
  0.0000e+00 0.0000e+00 0.0000e+00 8.2000e+00 1.0600e+01 4.5880e+02
  0.0000e+00 0.0000e+00 4.6000e+00 2.0000e-01]
 [0.0000e+00 0.0000e+00 2.0000e-01 0.0000e+00 2.0000e-01 0.0000e+00
  0.0000e+00 0.0000e+00 0.0000e+00 0.0000e+00 0.0000e+00 0.0000e+00
  1.8340e+02 0.0000e+00 1.2000e+00 0.0000e+00]
 [0.0000e+00 2.0000e-01 2.0000e-01 2.0000e-01 2.2000e+00 4.0000e-01
  0.0000e+00 0.0000e+00 0.0000e+00 0.0000e+00 0.0000e+00 2.0000e-01
  0.0000e+00 1.1230e+03 1.2600e+01 0.0000e+00]
 [0.0000e+00 1.4000e+00 0.0000e+00 4.0000e-01 1.6000e+00 7.6000e+00
  6.0000e-01 0.0000e+00 2.0000e-01 0.0000e+00 1.2000e+00 2.0000e-01
  0.0000e+00 3.8200e+01 2.9560e+02 0.0000e+00]
 [0.0000e+00 0.0000e+00 0.0000e+00 0.0000e+00 0.0000e+00 0.0000e+00
  0.0000e+00 0.0000e+00 0.0000e+00 0.0000e+00 0.0000e+00 3.4000e+00
  0.0000e+00 0.0000e+00 0.0000e+00 8.0600e+01]]---
Accuracy: 93.48 +- 0.27
---
class acc :
	Alfalfa: 59.51 +- 26.83
	Corn-notill: 90.49 +- 3.90
	Corn-mintill: 92.61 +- 3.23
	Corn: 90.23 +- 5.47
	Grass-pasture: 92.55 +- 2.86
	Grass-trees: 98.96 +- 0.68
	Grass-pasture-mowed: 60.00 +- 31.29
	Hay-windrowed: 99.07 +- 1.13
	Oats: 12.22 +- 8.89
	Soybean-notill: 90.97 +- 2.52
	Soybean-mintill: 95.86 +- 1.08
	Soybean-clean: 85.92 +- 5.34
	Wheat: 99.14 +- 0.55
	Woods: 98.60 +- 0.90
	Buildings-Grass-Trees-Drives: 85.19 +- 4.35
	Stone-Steel-Towers: 95.95 +- 3.16
---
AA: 84.20 +- 2.02
Kappa: 92.55 +- 0.31
