run 1 / 5
Best validation overall accuracy 0.994140625
Confusion matrix :
[[  26    0    0    0    1    0    0    0    0    0    0    0    0    0
     0    0]
 [   0  849    1    0    0    0    0    0    0    0    2    0    0    5
     0    0]
 [   0    0  492    4    0    0    0    0    0    0    2    0    0    0
     0    0]
 [   0    0    0  142    0    0    0    0    0    0    0    0    0    0
     0    0]
 [   0    0    1    1  286    0    0    0    0    0    1    1    0    0
     0    0]
 [   0    0    0    0    0  438    0    0    0    0    0    0    0    0
     0    0]
 [   0    0    0    0    0    0   17    0    0    0    0    0    0    0
     0    0]
 [   0    0    0    0    0    0    0  287    0    0    0    0    0    0
     0    0]
 [   0    0    0    0    0    0    0    0   12    0    0    0    0    0
     0    0]
 [   0    0    0    0    0    0    0    0    0  562   19    2    0    0
     0    0]
 [   0    2    0    0    0    0    0    0    0    4 1467    0    0    0
     0    0]
 [   0    0    0    1    0    0    0    0    0    3    0  349    0    0
     2    1]
 [   0    0    0    0    0    0    0    0    0    0    0    0  123    0
     0    0]
 [   0    0    0    0    0    1    0    0    0    0    0    0    0  757
     1    0]
 [   0    0    0    0    0    0    0    0    0    0    0    0    0   13
   219    0]
 [   0    0    0    0    0    0    0    0    0    0    0    1    0    0
     0   55]]---
Accuracy : 98.88%
---
class acc :
	Alfalfa: 96.30
	Corn-notill: 99.07
	Corn-mintill: 98.80
	Corn: 100.00
	Grass-pasture: 98.62
	Grass-trees: 100.00
	Grass-pasture-mowed: 100.00
	Hay-windrowed: 100.00
	Oats: 100.00
	Soybean-notill: 96.40
	Soybean-mintill: 99.59
	Soybean-clean: 98.03
	Wheat: 100.00
	Woods: 99.74
	Buildings-Grass-Trees-Drives: 94.40
	Stone-Steel-Towers: 98.21
---
AA: 98.70%
Kappa: 98.72
run 2 / 5
Best validation overall accuracy 0.99365234375
Confusion matrix :
[[  26    1    0    0    0    0    0    0    0    0    0    0    0    0
     0    0]
 [   0  849    3    0    0    0    0    0    0    0    4    1    0    0
     0    0]
 [   0    0  498    0    0    0    0    0    0    0    0    0    0    0
     0    0]
 [   0    0    0  142    0    0    0    0    0    0    0    0    0    0
     0    0]
 [   0    0    0    0  288    0    0    0    0    0    2    0    0    0
     0    0]
 [   0    0    0    0    0  438    0    0    0    0    0    0    0    0
     0    0]
 [   0    0    0    0    0    0   17    0    0    0    0    0    0    0
     0    0]
 [   0    0    0    0    0    0    0  287    0    0    0    0    0    0
     0    0]
 [   0    0    0    0    0    0    0    0   12    0    0    0    0    0
     0    0]
 [   0    2    1    0    0    0    0    0    0  579    1    0    0    0
     0    0]
 [   0    6    0    0    0    0    0    0    0   12 1454    0    0    0
     1    0]
 [   0    0    0    0    0    0    0    0    0    1    0  354    0    0
     0    1]
 [   0    0    0    0    0    0    0    0    0    0    0    0  123    0
     0    0]
 [   0    0    0    0    0    0    0    0    0    0    0    0    0  755
     4    0]
 [   0    0    0    0    0    0    0    0    0    0    0    0    0    9
   223    0]
 [   0    0    0    0    0    0    0    0    0    0    0    0    0    0
     0   56]]---
Accuracy : 99.20%
---
class acc :
	Alfalfa: 96.30
	Corn-notill: 99.07
	Corn-mintill: 100.00
	Corn: 100.00
	Grass-pasture: 99.31
	Grass-trees: 100.00
	Grass-pasture-mowed: 100.00
	Hay-windrowed: 100.00
	Oats: 100.00
	Soybean-notill: 99.31
	Soybean-mintill: 98.71
	Soybean-clean: 99.44
	Wheat: 100.00
	Woods: 99.47
	Buildings-Grass-Trees-Drives: 96.12
	Stone-Steel-Towers: 100.00
---
AA: 99.23%
Kappa: 99.09
run 3 / 5
Best validation overall accuracy 0.99462890625
Confusion matrix :
[[  27    0    0    0    0    0    0    0    0    0    0    0    0    0
     0    0]
 [   0  851    1    0    0    0    0    0    0    2    3    0    0    0
     0    0]
 [   0    0  497    1    0    0    0    0    0    0    0    0    0    0
     0    0]
 [   0    0    0  142    0    0    0    0    0    0    0    0    0    0
     0    0]
 [   0    0    3    0  287    0    0    0    0    0    0    0    0    0
     0    0]
 [   0    0    0    0    0  438    0    0    0    0    0    0    0    0
     0    0]
 [   0    0    0    0    0    0   17    0    0    0    0    0    0    0
     0    0]
 [   0    0    0    0    0    0    0  287    0    0    0    0    0    0
     0    0]
 [   0    0    0    0    0    0    0    0   11    0    0    0    0    0
     1    0]
 [   0    0    0    0    0    0    0    0    0  583    0    0    0    0
     0    0]
 [   0    5    0    0    0    0    0    0    0    7 1461    0    0    0
     0    0]
 [   0    0    1    0    0    0    0    0    0    0    0  352    0    0
     0    3]
 [   0    0    0    0    0    0    0    0    0    0    0    0  123    0
     0    0]
 [   0    0    0    0    1    0    0    0    0    0    0    0    0  757
     1    0]
 [   0    0    0    0    0    0    0    0    0    3    0    3    0    0
   226    0]
 [   0    0    0    0    0    0    0    0    0    0    0    0    0    0
     0   56]]---
Accuracy : 99.43%
---
class acc :
	Alfalfa: 100.00
	Corn-notill: 99.30
	Corn-mintill: 99.80
	Corn: 100.00
	Grass-pasture: 98.97
	Grass-trees: 100.00
	Grass-pasture-mowed: 100.00
	Hay-windrowed: 100.00
	Oats: 91.67
	Soybean-notill: 100.00
	Soybean-mintill: 99.19
	Soybean-clean: 98.88
	Wheat: 100.00
	Woods: 99.74
	Buildings-Grass-Trees-Drives: 97.41
	Stone-Steel-Towers: 100.00
---
AA: 99.06%
Kappa: 99.35
run 4 / 5
Best validation overall accuracy 0.990234375
Confusion matrix :
[[  26    0    0    0    0    0    0    0    0    1    0    0    0    0
     0    0]
 [   0  856    0    0    0    0    0    0    0    0    1    0    0    0
     0    0]
 [   0    0  497    0    0    0    0    0    0    0    0    1    0    0
     0    0]
 [   0    0    2  139    0    0    0    0    0    0    0    1    0    0
     0    0]
 [   0    1    5    0  278    0    0    0    0    5    0    1    0    0
     0    0]
 [   0    0    0    0    0  438    0    0    0    0    0    0    0    0
     0    0]
 [   0    0    0    0    0    0   17    0    0    0    0    0    0    0
     0    0]
 [   0    0    0    0    0    0    0  287    0    0    0    0    0    0
     0    0]
 [   0    0    0    0    0    0    0    0   12    0    0    0    0    0
     0    0]
 [   0    0    0    0    0    0    0    0    0  579    3    1    0    0
     0    0]
 [   0    5    0    0    0    0    0    0    0    7 1461    0    0    0
     0    0]
 [   0    0    2    0    0    0    0    0    0    0    0  353    0    0
     0    1]
 [   0    0    0    0    0    0    0    0    0    0    0    0  123    0
     0    0]
 [   0    0    0    0    0    0    0    0    0    0    0    0    0  748
    11    0]
 [   0    0    0    0    0    0    0    0    0    0    0    0    0    8
   224    0]
 [   0    0    0    0    0    0    0    0    0    0    0    0    0    0
     0   56]]---
Accuracy : 99.09%
---
class acc :
	Alfalfa: 96.30
	Corn-notill: 99.88
	Corn-mintill: 99.80
	Corn: 97.89
	Grass-pasture: 95.86
	Grass-trees: 100.00
	Grass-pasture-mowed: 100.00
	Hay-windrowed: 100.00
	Oats: 100.00
	Soybean-notill: 99.31
	Soybean-mintill: 99.19
	Soybean-clean: 99.16
	Wheat: 100.00
	Woods: 98.55
	Buildings-Grass-Trees-Drives: 96.55
	Stone-Steel-Towers: 100.00
---
AA: 98.91%
Kappa: 98.96
run 5 / 5
Best validation overall accuracy 0.99365234375
Confusion matrix :
[[  25    1    0    0    0    0    0    0    0    0    0    1    0    0
     0    0]
 [   0  851    0    0    0    0    0    0    0    2    4    0    0    0
     0    0]
 [   0    1  497    0    0    0    0    0    0    0    0    0    0    0
     0    0]
 [   0    0    2  139    0    0    0    0    0    1    0    0    0    0
     0    0]
 [   0    0    2    0  280    0    0    0    0    2    5    0    0    0
     1    0]
 [   0    0    0    0    0  436    0    0    0    0    0    0    0    2
     0    0]
 [   0    0    0    0    2    0   15    0    0    0    0    0    0    0
     0    0]
 [   0    0    0    0    0    0    0  287    0    0    0    0    0    0
     0    0]
 [   0    0    0    0    0    0    0    0   12    0    0    0    0    0
     0    0]
 [   0    3    0    0    0    0    0    0    0  575    5    0    0    0
     0    0]
 [   0    3    0    0    0    0    0    0    0    3 1467    0    0    0
     0    0]
 [   0    0    1    0    0    0    0    0    0    0    1  354    0    0
     0    0]
 [   0    0    0    0    0    0    0    0    0    0    0    0  123    0
     0    0]
 [   0    1    0    0    0    0    0    0    0    0    0    0    0  757
     1    0]
 [   0    0    0    0    0    0    0    0    0    0    0    0    0    0
   232    0]
 [   0    0    0    0    0    0    0    0    0    0    0    1    0    0
     0   55]]---
Accuracy : 99.27%
---
class acc :
	Alfalfa: 92.59
	Corn-notill: 99.30
	Corn-mintill: 99.80
	Corn: 97.89
	Grass-pasture: 96.55
	Grass-trees: 99.54
	Grass-pasture-mowed: 88.24
	Hay-windrowed: 100.00
	Oats: 100.00
	Soybean-notill: 98.63
	Soybean-mintill: 99.59
	Soybean-clean: 99.44
	Wheat: 100.00
	Woods: 99.74
	Buildings-Grass-Trees-Drives: 100.00
	Stone-Steel-Towers: 98.21
---
AA: 98.09%
Kappa: 99.17
Agregated results :
Confusion matrix :
[[2.600e+01 4.000e-01 0.000e+00 0.000e+00 2.000e-01 0.000e+00 0.000e+00
  0.000e+00 0.000e+00 2.000e-01 0.000e+00 2.000e-01 0.000e+00 0.000e+00
  0.000e+00 0.000e+00]
 [0.000e+00 8.512e+02 1.000e+00 0.000e+00 0.000e+00 0.000e+00 0.000e+00
  0.000e+00 0.000e+00 8.000e-01 2.800e+00 2.000e-01 0.000e+00 1.000e+00
  0.000e+00 0.000e+00]
 [0.000e+00 2.000e-01 4.962e+02 1.000e+00 0.000e+00 0.000e+00 0.000e+00
  0.000e+00 0.000e+00 0.000e+00 4.000e-01 2.000e-01 0.000e+00 0.000e+00
  0.000e+00 0.000e+00]
 [0.000e+00 0.000e+00 8.000e-01 1.408e+02 0.000e+00 0.000e+00 0.000e+00
  0.000e+00 0.000e+00 2.000e-01 0.000e+00 2.000e-01 0.000e+00 0.000e+00
  0.000e+00 0.000e+00]
 [0.000e+00 2.000e-01 2.200e+00 2.000e-01 2.838e+02 0.000e+00 0.000e+00
  0.000e+00 0.000e+00 1.400e+00 1.600e+00 4.000e-01 0.000e+00 0.000e+00
  2.000e-01 0.000e+00]
 [0.000e+00 0.000e+00 0.000e+00 0.000e+00 0.000e+00 4.376e+02 0.000e+00
  0.000e+00 0.000e+00 0.000e+00 0.000e+00 0.000e+00 0.000e+00 4.000e-01
  0.000e+00 0.000e+00]
 [0.000e+00 0.000e+00 0.000e+00 0.000e+00 4.000e-01 0.000e+00 1.660e+01
  0.000e+00 0.000e+00 0.000e+00 0.000e+00 0.000e+00 0.000e+00 0.000e+00
  0.000e+00 0.000e+00]
 [0.000e+00 0.000e+00 0.000e+00 0.000e+00 0.000e+00 0.000e+00 0.000e+00
  2.870e+02 0.000e+00 0.000e+00 0.000e+00 0.000e+00 0.000e+00 0.000e+00
  0.000e+00 0.000e+00]
 [0.000e+00 0.000e+00 0.000e+00 0.000e+00 0.000e+00 0.000e+00 0.000e+00
  0.000e+00 1.180e+01 0.000e+00 0.000e+00 0.000e+00 0.000e+00 0.000e+00
  2.000e-01 0.000e+00]
 [0.000e+00 1.000e+00 2.000e-01 0.000e+00 0.000e+00 0.000e+00 0.000e+00
  0.000e+00 0.000e+00 5.756e+02 5.600e+00 6.000e-01 0.000e+00 0.000e+00
  0.000e+00 0.000e+00]
 [0.000e+00 4.200e+00 0.000e+00 0.000e+00 0.000e+00 0.000e+00 0.000e+00
  0.000e+00 0.000e+00 6.600e+00 1.462e+03 0.000e+00 0.000e+00 0.000e+00
  2.000e-01 0.000e+00]
 [0.000e+00 0.000e+00 8.000e-01 2.000e-01 0.000e+00 0.000e+00 0.000e+00
  0.000e+00 0.000e+00 8.000e-01 2.000e-01 3.524e+02 0.000e+00 0.000e+00
  4.000e-01 1.200e+00]
 [0.000e+00 0.000e+00 0.000e+00 0.000e+00 0.000e+00 0.000e+00 0.000e+00
  0.000e+00 0.000e+00 0.000e+00 0.000e+00 0.000e+00 1.230e+02 0.000e+00
  0.000e+00 0.000e+00]
 [0.000e+00 2.000e-01 0.000e+00 0.000e+00 2.000e-01 2.000e-01 0.000e+00
  0.000e+00 0.000e+00 0.000e+00 0.000e+00 0.000e+00 0.000e+00 7.548e+02
  3.600e+00 0.000e+00]
 [0.000e+00 0.000e+00 0.000e+00 0.000e+00 0.000e+00 0.000e+00 0.000e+00
  0.000e+00 0.000e+00 6.000e-01 0.000e+00 6.000e-01 0.000e+00 6.000e+00
  2.248e+02 0.000e+00]
 [0.000e+00 0.000e+00 0.000e+00 0.000e+00 0.000e+00 0.000e+00 0.000e+00
  0.000e+00 0.000e+00 0.000e+00 0.000e+00 4.000e-01 0.000e+00 0.000e+00
  0.000e+00 5.560e+01]]---
Accuracy: 99.17 +- 0.18
---
class acc :
	Alfalfa: 96.30 +- 2.34
	Corn-notill: 99.32 +- 0.30
	Corn-mintill: 99.64 +- 0.43
	Corn: 99.15 +- 1.03
	Grass-pasture: 97.86 +- 1.39
	Grass-trees: 99.91 +- 0.18
	Grass-pasture-mowed: 97.65 +- 4.71
	Hay-windrowed: 100.00 +- 0.00
	Oats: 98.33 +- 3.33
	Soybean-notill: 98.73 +- 1.24
	Soybean-mintill: 99.25 +- 0.33
	Soybean-clean: 98.99 +- 0.52
	Wheat: 100.00 +- 0.00
	Woods: 99.45 +- 0.46
	Buildings-Grass-Trees-Drives: 96.90 +- 1.84
	Stone-Steel-Towers: 99.29 +- 0.87
---
AA: 98.80 +- 0.39
Kappa: 99.06 +- 0.21
