run 1 / 5
Best validation overall accuracy 0.859375
Confusion matrix :
[[259   0   0   0   0   0   0   0   0   0   0   0   0   0]
 [ 14  14   0  63   6   0   0   0   0   0   0   0   0   0]
 [  0   0 241   0   0   0   0   0   0   0   0   0   0   0]
 [  0   0   0 197   8   0   0   0   2   0   0   0   0   0]
 [  0   0   0   0 233  17   0   0   0   0   0   8   0   0]
 [  0   0   0   0   1 121   0   0 136   0   0   0   0   0]
 [  0   0   0   0   0   0 249   0   0   0   0   0   0   0]
 [  0   0   0   0   0   0   0 141   0  11  43   0   0   0]
 [  0   0   0   1   0   0   0   0 301   0   0   0   0   0]
 [  0   0  16   0   0   0   0   0   0 217   5   0   0   0]
 [  0   0   0   0   0   0   0   0   0   6 287   0   0   0]
 [  0   0   0   0   0   0   0   0   0   0   0 172   2   0]
 [  0   0   0   0   0   0   0   0   0   0   0   2 255   0]
 [  0   0   0   0   0   0   0  76   0   0   0   8   0   7]]---
Accuracy : 86.37%
---
class acc :
	Water: 100.00
	Hippo grass: 14.43
	Floodplain grasses 1: 100.00
	Floodplain grasses 2: 95.17
	Reeds: 90.31
	Riparian: 46.90
	Firescar: 100.00
	Island interior: 72.31
	Acacia woodlands: 99.67
	Acacia shrublands: 91.18
	Acacia grasslands: 97.95
	Short mopane: 98.85
	Mixed mopane: 99.22
	Exposed soils: 7.69
---
AA: 79.55%
Kappa: 85.19
run 2 / 5
Best validation overall accuracy 0.90625
Confusion matrix :
[[259   0   0   0   0   0   0   0   0   0   0   0   0   0]
 [  3  41   0   0  53   0   0   0   0   0   0   0   0   0]
 [  0   0 241   0   0   0   0   0   0   0   0   0   0   0]
 [  0   0   2 201   0   0   4   0   0   0   0   0   0   0]
 [  0   0   0   2 251   5   0   0   0   0   0   0   0   0]
 [  0   0   0   0  48 178   0   0  32   0   0   0   0   0]
 [  0   0   0   0   0   0 249   0   0   0   0   0   0   0]
 [  0   0   0   0   0   0   0 139   0  14  42   0   0   0]
 [  0   0   0   0   0   0   0   0 301   1   0   0   0   0]
 [  0   0   0   0   0   0   0   0   0 235   3   0   0   0]
 [  0   0   0   0   0   0   0   0   0  26 267   0   0   0]
 [  0   0   0   0   0   0   0   0   0   0   0 174   0   0]
 [  0   0   0   0   0   0   0   0   0   0   0   0 257   0]
 [  0   0   0   0   0   0   0   7   0   0  14   3   0  67]]---
Accuracy : 91.70%
---
class acc :
	Water: 100.00
	Hippo grass: 42.27
	Floodplain grasses 1: 100.00
	Floodplain grasses 2: 97.10
	Reeds: 97.29
	Riparian: 68.99
	Firescar: 100.00
	Island interior: 71.28
	Acacia woodlands: 99.67
	Acacia shrublands: 98.74
	Acacia grasslands: 91.13
	Short mopane: 100.00
	Mixed mopane: 100.00
	Exposed soils: 73.63
---
AA: 88.58%
Kappa: 90.99
run 3 / 5
Best validation overall accuracy 0.921875
Confusion matrix :
[[259   0   0   0   0   0   0   0   0   0   0   0   0   0]
 [  1  57   0   0  23  16   0   0   0   0   0   0   0   0]
 [  0   0 225   0   0   0   0   0   2  14   0   0   0   0]
 [  0   0   1 186   4   0  13   0   3   0   0   0   0   0]
 [  2   0   0   0 241  14   0   0   1   0   0   0   0   0]
 [  0   0   0   0  20 157   0   0  81   0   0   0   0   0]
 [  0   0   0   0   0   0 249   0   0   0   0   0   0   0]
 [  0   0   0   0   0   0   0 194   0   1   0   0   0   0]
 [  0   0   0   0   0  13   0   0 289   0   0   0   0   0]
 [  0   0   0   0   0   0   0   0   0 238   0   0   0   0]
 [  0   0   0   0   0   0   0   0   0  30 263   0   0   0]
 [  0   0   0   0   1   0   0   0   0   0   0 172   1   0]
 [  0   0   0   0   0   0   0   0   0   0   0   0 257   0]
 [  0   0   0   0   2   0   0   0   0   0  20  15   0  54]]---
Accuracy : 91.09%
---
class acc :
	Water: 100.00
	Hippo grass: 58.76
	Floodplain grasses 1: 93.36
	Floodplain grasses 2: 89.86
	Reeds: 93.41
	Riparian: 60.85
	Firescar: 100.00
	Island interior: 99.49
	Acacia woodlands: 95.70
	Acacia shrublands: 100.00
	Acacia grasslands: 89.76
	Short mopane: 98.85
	Mixed mopane: 100.00
	Exposed soils: 59.34
---
AA: 88.53%
Kappa: 90.33
run 4 / 5
Best validation overall accuracy 0.921875
Confusion matrix :
[[259   0   0   0   0   0   0   0   0   0   0   0   0   0]
 [  1  40   0   0  51   5   0   0   0   0   0   0   0   0]
 [  0   0 241   0   0   0   0   0   0   0   0   0   0   0]
 [  0   0   0 206   0   0   0   0   1   0   0   0   0   0]
 [  0   0   0   2 240  15   0   0   0   0   0   0   1   0]
 [  0   0   0   0  34 141   0   0  83   0   0   0   0   0]
 [  0   0   0   0   0   0 249   0   0   0   0   0   0   0]
 [  0   0   0   0   0   0   0 163   0  32   0   0   0   0]
 [  0   0   0   2   0   0   0   0 300   0   0   0   0   0]
 [  0   0   0   3   0   0   0   0   0 235   0   0   0   0]
 [  0   0   0   0   0   0   0   0   0   2 291   0   0   0]
 [  0   0   0   0   0   0   0   0   0   0   0 174   0   0]
 [  0   0   0   0   0   0   0   0   0   0   0   2 255   0]
 [  0   0   0   0  12   0   0   2   0   0  13   0   0  64]]---
Accuracy : 91.63%
---
class acc :
	Water: 100.00
	Hippo grass: 41.24
	Floodplain grasses 1: 100.00
	Floodplain grasses 2: 99.52
	Reeds: 93.02
	Riparian: 54.65
	Firescar: 100.00
	Island interior: 83.59
	Acacia woodlands: 99.34
	Acacia shrublands: 98.74
	Acacia grasslands: 99.32
	Short mopane: 100.00
	Mixed mopane: 99.22
	Exposed soils: 70.33
---
AA: 88.50%
Kappa: 90.92
run 5 / 5
Best validation overall accuracy 0.90625
Confusion matrix :
[[259   0   0   0   0   0   0   0   0   0   0   0   0   0]
 [  0   4   0   0   2  74  17   0   0   0   0   0   0   0]
 [  0   0 240   0   0   0   0   0   1   0   0   0   0   0]
 [  0   0   7 200   0   0   0   0   0   0   0   0   0   0]
 [  0   0   0   8 240  10   0   0   0   0   0   0   0   0]
 [  0   0   0   0  19 236   0   0   3   0   0   0   0   0]
 [  0   0   0   0   0   0 249   0   0   0   0   0   0   0]
 [  0   0   0   0   0   0   0 169   0  26   0   0   0   0]
 [  0   0   0   0   2  19   0   0 281   0   0   0   0   0]
 [  0   0  24   0   0   0   0   0   0 212   2   0   0   0]
 [  0   0   0   0   0   0   0   0   0   1 292   0   0   0]
 [  0   0   0   0   0   0   0   0   0   0   0 173   1   0]
 [  0   0   0   0   0   0   0   0   2   0   0   0 255   0]
 [  0   0   0   0   4   0   0  78   0   0   7   1   0   1]]---
Accuracy : 90.13%
---
class acc :
	Water: 100.00
	Hippo grass: 4.12
	Floodplain grasses 1: 99.59
	Floodplain grasses 2: 96.62
	Reeds: 93.02
	Riparian: 91.47
	Firescar: 100.00
	Island interior: 86.67
	Acacia woodlands: 93.05
	Acacia shrublands: 89.08
	Acacia grasslands: 99.66
	Short mopane: 99.43
	Mixed mopane: 99.22
	Exposed soils: 1.10
---
AA: 82.36%
Kappa: 89.27
Agregated results :
Confusion matrix :
[[2.590e+02 0.000e+00 0.000e+00 0.000e+00 0.000e+00 0.000e+00 0.000e+00
  0.000e+00 0.000e+00 0.000e+00 0.000e+00 0.000e+00 0.000e+00 0.000e+00]
 [3.800e+00 3.120e+01 0.000e+00 1.260e+01 2.700e+01 1.900e+01 3.400e+00
  0.000e+00 0.000e+00 0.000e+00 0.000e+00 0.000e+00 0.000e+00 0.000e+00]
 [0.000e+00 0.000e+00 2.376e+02 0.000e+00 0.000e+00 0.000e+00 0.000e+00
  0.000e+00 6.000e-01 2.800e+00 0.000e+00 0.000e+00 0.000e+00 0.000e+00]
 [0.000e+00 0.000e+00 2.000e+00 1.980e+02 2.400e+00 0.000e+00 3.400e+00
  0.000e+00 1.200e+00 0.000e+00 0.000e+00 0.000e+00 0.000e+00 0.000e+00]
 [4.000e-01 0.000e+00 0.000e+00 2.400e+00 2.410e+02 1.220e+01 0.000e+00
  0.000e+00 2.000e-01 0.000e+00 0.000e+00 1.600e+00 2.000e-01 0.000e+00]
 [0.000e+00 0.000e+00 0.000e+00 0.000e+00 2.440e+01 1.666e+02 0.000e+00
  0.000e+00 6.700e+01 0.000e+00 0.000e+00 0.000e+00 0.000e+00 0.000e+00]
 [0.000e+00 0.000e+00 0.000e+00 0.000e+00 0.000e+00 0.000e+00 2.490e+02
  0.000e+00 0.000e+00 0.000e+00 0.000e+00 0.000e+00 0.000e+00 0.000e+00]
 [0.000e+00 0.000e+00 0.000e+00 0.000e+00 0.000e+00 0.000e+00 0.000e+00
  1.612e+02 0.000e+00 1.680e+01 1.700e+01 0.000e+00 0.000e+00 0.000e+00]
 [0.000e+00 0.000e+00 0.000e+00 6.000e-01 4.000e-01 6.400e+00 0.000e+00
  0.000e+00 2.944e+02 2.000e-01 0.000e+00 0.000e+00 0.000e+00 0.000e+00]
 [0.000e+00 0.000e+00 8.000e+00 6.000e-01 0.000e+00 0.000e+00 0.000e+00
  0.000e+00 0.000e+00 2.274e+02 2.000e+00 0.000e+00 0.000e+00 0.000e+00]
 [0.000e+00 0.000e+00 0.000e+00 0.000e+00 0.000e+00 0.000e+00 0.000e+00
  0.000e+00 0.000e+00 1.300e+01 2.800e+02 0.000e+00 0.000e+00 0.000e+00]
 [0.000e+00 0.000e+00 0.000e+00 0.000e+00 2.000e-01 0.000e+00 0.000e+00
  0.000e+00 0.000e+00 0.000e+00 0.000e+00 1.730e+02 8.000e-01 0.000e+00]
 [0.000e+00 0.000e+00 0.000e+00 0.000e+00 0.000e+00 0.000e+00 0.000e+00
  0.000e+00 4.000e-01 0.000e+00 0.000e+00 8.000e-01 2.558e+02 0.000e+00]
 [0.000e+00 0.000e+00 0.000e+00 0.000e+00 3.600e+00 0.000e+00 0.000e+00
  3.260e+01 0.000e+00 0.000e+00 1.080e+01 5.400e+00 0.000e+00 3.860e+01]]---
Accuracy: 90.18 +- 1.99
---
class acc :
	Water: 100.00 +- 0.00
	Hippo grass: 32.16 +- 19.96
	Floodplain grasses 1: 98.59 +- 2.62
	Floodplain grasses 2: 95.65 +- 3.22
	Reeds: 93.41 +- 2.23
	Riparian: 64.57 +- 15.28
	Firescar: 100.00 +- 0.00
	Island interior: 82.67 +- 10.36
	Acacia woodlands: 97.48 +- 2.68
	Acacia shrublands: 95.55 +- 4.50
	Acacia grasslands: 95.56 +- 4.24
	Short mopane: 99.43 +- 0.51
	Mixed mopane: 99.53 +- 0.38
	Exposed soils: 42.42 +- 31.47
---
AA: 85.50 +- 3.82
Kappa: 89.34 +- 2.16
