run 1 / 5
Best validation overall accuracy 0.84375
Confusion matrix :
[[259   0   0   0   0   0   0   0   0   0   0   0   0   0]
 [  0   0   0   2  14   3   0   0  78   0   0   0   0   0]
 [  0   0 239   2   0   0   0   0   0   0   0   0   0   0]
 [  0   0   0 194  13   0   0   0   0   0   0   0   0   0]
 [  0   0   0   0 155 101   0   0   2   0   0   0   0   0]
 [  0   0   0   0   0 124   0   0 134   0   0   0   0   0]
 [  0   0   0   0   0   0 249   0   0   0   0   0   0   0]
 [  0   0   0   0   0   0   0 146   0   3  46   0   0   0]
 [  0   0   0   0   0   0   0   0 302   0   0   0   0   0]
 [  0   0  15   0   0   0   0   0   0 219   4   0   0   0]
 [  0   0   0   0   0   0   0   0   0   2 291   0   0   0]
 [  0   0   0   0   0   0   0   0   0   0   0 174   0   0]
 [  0   0   0   0   0   0   0   0   0   0   0   1 256   0]
 [  0   0   0   0   5   0   0   1   0   0   0   0   0  85]]---
Accuracy : 86.34%
---
class acc :
	Water: 100.00
	Hippo grass: 0.00
	Floodplain grasses 1: 99.17
	Floodplain grasses 2: 93.72
	Reeds: 60.08
	Riparian: 48.06
	Firescar: 100.00
	Island interior: 74.87
	Acacia woodlands: 100.00
	Acacia shrublands: 92.02
	Acacia grasslands: 99.32
	Short mopane: 100.00
	Mixed mopane: 99.61
	Exposed soils: 93.41
---
AA: 82.88%
Kappa: 85.15
run 2 / 5
Best validation overall accuracy 0.890625
Confusion matrix :
[[259   0   0   0   0   0   0   0   0   0   0   0   0   0]
 [  0  24   0   0  73   0   0   0   0   0   0   0   0   0]
 [  0   0 233   0   0   0   0   0   0   8   0   0   0   0]
 [  0   0  12 195   0   0   0   0   0   0   0   0   0   0]
 [  0   0   0  16 242   0   0   0   0   0   0   0   0   0]
 [  0   0   0   0 125 126   0   0   7   0   0   0   0   0]
 [  0   0   0   0   0   0 249   0   0   0   0   0   0   0]
 [  0   0   0   0   0   0   0 135   0  23  37   0   0   0]
 [  0   0   0   0   0   1   0   0 276   0   0   0  25   0]
 [  0   0   0   0   0   0   0   0   0 238   0   0   0   0]
 [  0   0   0   0   0   0   0   0   0  24 269   0   0   0]
 [  0   0   0   0   0   0   0   0   0   0   0 174   0   0]
 [  0   0   0   0   0   0   0   0   0   0   0   0 257   0]
 [  0   0   1   0  13   0  10   6   2   0   0   2   0  57]]---
Accuracy : 87.66%
---
class acc :
	Water: 100.00
	Hippo grass: 24.74
	Floodplain grasses 1: 96.68
	Floodplain grasses 2: 94.20
	Reeds: 93.80
	Riparian: 48.84
	Firescar: 100.00
	Island interior: 69.23
	Acacia woodlands: 91.39
	Acacia shrublands: 100.00
	Acacia grasslands: 91.81
	Short mopane: 100.00
	Mixed mopane: 100.00
	Exposed soils: 62.64
---
AA: 83.81%
Kappa: 86.60
run 3 / 5
Best validation overall accuracy 0.875
Confusion matrix :
[[259   0   0   0   0   0   0   0   0   0   0   0   0   0]
 [ 38  24   0   0   0  35   0   0   0   0   0   0   0   0]
 [  0   0 235   0   0   0   0   0   0   6   0   0   0   0]
 [  0   0  16 191   0   0   0   0   0   0   0   0   0   0]
 [  5   0   0   2  52 199   0   0   0   0   0   0   0   0]
 [  0   0   0   0   0 186   0   0  72   0   0   0   0   0]
 [  0   0   0   0   0   0 249   0   0   0   0   0   0   0]
 [  0   0   0   0   0   0   0 186   0   1   8   0   0   0]
 [  0   0   0   0   0   0   0   0 301   1   0   0   0   0]
 [  0   0   0   0   0   0   0   0   0 238   0   0   0   0]
 [  0   0   0   0   0   0   0   0   0  22 271   0   0   0]
 [  0   0   0   0   0   0   0   0   0   0   0 173   1   0]
 [  0   0   0   0   0   0   0   0   0   0   0   0 257   0]
 [  0   0   0   0   0   0   0   0   0   0   0   3   0  88]]---
Accuracy : 86.89%
---
class acc :
	Water: 100.00
	Hippo grass: 24.74
	Floodplain grasses 1: 97.51
	Floodplain grasses 2: 92.27
	Reeds: 20.16
	Riparian: 72.09
	Firescar: 100.00
	Island interior: 95.38
	Acacia woodlands: 99.67
	Acacia shrublands: 100.00
	Acacia grasslands: 92.49
	Short mopane: 99.43
	Mixed mopane: 100.00
	Exposed soils: 96.70
---
AA: 85.03%
Kappa: 85.77
run 4 / 5
Best validation overall accuracy 0.796875
Confusion matrix :
[[259   0   0   0   0   0   0   0   0   0   0   0   0   0]
 [  0   0   0   4  93   0   0   0   0   0   0   0   0   0]
 [  0   0 240   1   0   0   0   0   0   0   0   0   0   0]
 [  0   0   1 205   0   0   0   0   1   0   0   0   0   0]
 [  0   0   0   1 248   9   0   0   0   0   0   0   0   0]
 [  0   0   0   0  40 136   0   0  82   0   0   0   0   0]
 [  0   0   0   0   0   0 249   0   0   0   0   0   0   0]
 [  0   0   0   0   0   0   0 102   0   1  92   0   0   0]
 [  0   0   0   0   0   0   0   0 302   0   0   0   0   0]
 [  0   0   5   1   0   0   0   0   0 230   2   0   0   0]
 [  0   0   0   0   0   0   0   0   0  15 278   0   0   0]
 [  0   0   0   0   0   0   0   0   0   0   0 173   1   0]
 [  0   0   0   0   0   0   0   0   0   0   0   0 257   0]
 [  0   0   0   0   7   0   0  71   0   0   3   0   0  10]]---
Accuracy : 86.21%
---
class acc :
	Water: 100.00
	Hippo grass: 0.00
	Floodplain grasses 1: 99.59
	Floodplain grasses 2: 99.03
	Reeds: 96.12
	Riparian: 52.71
	Firescar: 100.00
	Island interior: 52.31
	Acacia woodlands: 100.00
	Acacia shrublands: 96.64
	Acacia grasslands: 94.88
	Short mopane: 99.43
	Mixed mopane: 100.00
	Exposed soils: 10.99
---
AA: 78.69%
Kappa: 85.00
run 5 / 5
Best validation overall accuracy 0.953125
Confusion matrix :
[[259   0   0   0   0   0   0   0   0   0   0   0   0   0]
 [ 54   0   0   0  34   9   0   0   0   0   0   0   0   0]
 [  0   0 241   0   0   0   0   0   0   0   0   0   0   0]
 [  0   0   9 198   0   0   0   0   0   0   0   0   0   0]
 [  0   0   0  11 240   7   0   0   0   0   0   0   0   0]
 [  0   0   0   0   3 231   0   0  24   0   0   0   0   0]
 [  7   0   0   0   0   0 242   0   0   0   0   0   0   0]
 [  0   0   0   0   0   0   0 150   0   7  38   0   0   0]
 [  0   0   0   0   0  11   0   0 291   0   0   0   0   0]
 [  0   0   0   0   0   0   0   0   0 225   9   0   4   0]
 [  0   0   0   0   0   0   0   0   0   0 293   0   0   0]
 [  0   0   0   0   0   0   0   0   0   0   0 174   0   0]
 [  0   0   0   0   0   0   0   0   0   0   0   1 256   0]
 [  0   0   0   0  16   0   7   0   0   0   1   0   0  67]]---
Accuracy : 91.92%
---
class acc :
	Water: 100.00
	Hippo grass: 0.00
	Floodplain grasses 1: 100.00
	Floodplain grasses 2: 95.65
	Reeds: 93.02
	Riparian: 89.53
	Firescar: 97.19
	Island interior: 76.92
	Acacia woodlands: 96.36
	Acacia shrublands: 94.54
	Acacia grasslands: 100.00
	Short mopane: 100.00
	Mixed mopane: 99.61
	Exposed soils: 73.63
---
AA: 86.89%
Kappa: 91.22
Agregated results :
Confusion matrix :
[[2.590e+02 0.000e+00 0.000e+00 0.000e+00 0.000e+00 0.000e+00 0.000e+00
  0.000e+00 0.000e+00 0.000e+00 0.000e+00 0.000e+00 0.000e+00 0.000e+00]
 [1.840e+01 9.600e+00 0.000e+00 1.200e+00 4.280e+01 9.400e+00 0.000e+00
  0.000e+00 1.560e+01 0.000e+00 0.000e+00 0.000e+00 0.000e+00 0.000e+00]
 [0.000e+00 0.000e+00 2.376e+02 6.000e-01 0.000e+00 0.000e+00 0.000e+00
  0.000e+00 0.000e+00 2.800e+00 0.000e+00 0.000e+00 0.000e+00 0.000e+00]
 [0.000e+00 0.000e+00 7.600e+00 1.966e+02 2.600e+00 0.000e+00 0.000e+00
  0.000e+00 2.000e-01 0.000e+00 0.000e+00 0.000e+00 0.000e+00 0.000e+00]
 [1.000e+00 0.000e+00 0.000e+00 6.000e+00 1.874e+02 6.320e+01 0.000e+00
  0.000e+00 4.000e-01 0.000e+00 0.000e+00 0.000e+00 0.000e+00 0.000e+00]
 [0.000e+00 0.000e+00 0.000e+00 0.000e+00 3.360e+01 1.606e+02 0.000e+00
  0.000e+00 6.380e+01 0.000e+00 0.000e+00 0.000e+00 0.000e+00 0.000e+00]
 [1.400e+00 0.000e+00 0.000e+00 0.000e+00 0.000e+00 0.000e+00 2.476e+02
  0.000e+00 0.000e+00 0.000e+00 0.000e+00 0.000e+00 0.000e+00 0.000e+00]
 [0.000e+00 0.000e+00 0.000e+00 0.000e+00 0.000e+00 0.000e+00 0.000e+00
  1.438e+02 0.000e+00 7.000e+00 4.420e+01 0.000e+00 0.000e+00 0.000e+00]
 [0.000e+00 0.000e+00 0.000e+00 0.000e+00 0.000e+00 2.400e+00 0.000e+00
  0.000e+00 2.944e+02 2.000e-01 0.000e+00 0.000e+00 5.000e+00 0.000e+00]
 [0.000e+00 0.000e+00 4.000e+00 2.000e-01 0.000e+00 0.000e+00 0.000e+00
  0.000e+00 0.000e+00 2.300e+02 3.000e+00 0.000e+00 8.000e-01 0.000e+00]
 [0.000e+00 0.000e+00 0.000e+00 0.000e+00 0.000e+00 0.000e+00 0.000e+00
  0.000e+00 0.000e+00 1.260e+01 2.804e+02 0.000e+00 0.000e+00 0.000e+00]
 [0.000e+00 0.000e+00 0.000e+00 0.000e+00 0.000e+00 0.000e+00 0.000e+00
  0.000e+00 0.000e+00 0.000e+00 0.000e+00 1.736e+02 4.000e-01 0.000e+00]
 [0.000e+00 0.000e+00 0.000e+00 0.000e+00 0.000e+00 0.000e+00 0.000e+00
  0.000e+00 0.000e+00 0.000e+00 0.000e+00 4.000e-01 2.566e+02 0.000e+00]
 [0.000e+00 0.000e+00 2.000e-01 0.000e+00 8.200e+00 0.000e+00 3.400e+00
  1.560e+01 4.000e-01 0.000e+00 8.000e-01 1.000e+00 0.000e+00 6.140e+01]]---
Accuracy: 87.80 +- 2.12
---
class acc :
	Water: 100.00 +- 0.00
	Hippo grass: 9.90 +- 12.12
	Floodplain grasses 1: 98.59 +- 1.27
	Floodplain grasses 2: 94.98 +- 2.30
	Reeds: 72.64 +- 29.42
	Riparian: 62.25 +- 16.21
	Firescar: 99.44 +- 1.12
	Island interior: 73.74 +- 13.85
	Acacia woodlands: 97.48 +- 3.34
	Acacia shrublands: 96.64 +- 3.11
	Acacia grasslands: 95.70 +- 3.40
	Short mopane: 99.77 +- 0.28
	Mixed mopane: 99.84 +- 0.19
	Exposed soils: 67.47 +- 30.91
---
AA: 83.46 +- 2.74
Kappa: 86.75 +- 2.31
