run 1 / 5
Best validation overall accuracy 0.875
Confusion matrix :
[[259   0   0   0   0   0   0   0   0   0   0   0   0   0]
 [  1  92   0   0   4   0   0   0   0   0   0   0   0   0]
 [  0   0 241   0   0   0   0   0   0   0   0   0   0   0]
 [  0   0   0 179  28   0   0   0   0   0   0   0   0   0]
 [  0   0   0   0 236  22   0   0   0   0   0   0   0   0]
 [  0   0   0   0   0 176   0   0  82   0   0   0   0   0]
 [  2   0   0   0   0   0 247   0   0   0   0   0   0   0]
 [  0   0   0   0   0   0   0 161   0   0  34   0   0   0]
 [  0   0   0   0   0   0   0   0 302   0   0   0   0   0]
 [  0   0   3   0   0   0   0   0   0 205  17   0  13   0]
 [  0   0   0   0   0   0   0   0   0   1 292   0   0   0]
 [  0   0   0   0   0   0   0   0   0   0   0 174   0   0]
 [  0   0   0   0   0   0   0   0   0   0   0   4 253   0]
 [  0   0   0   0   1   0   0  90   0   0   0   0   0   0]]---
Accuracy : 90.32%
---
class acc :
	Water: 100.00
	Hippo grass: 94.85
	Floodplain grasses 1: 100.00
	Floodplain grasses 2: 86.47
	Reeds: 91.47
	Riparian: 68.22
	Firescar: 99.20
	Island interior: 82.56
	Acacia woodlands: 100.00
	Acacia shrublands: 86.13
	Acacia grasslands: 99.66
	Short mopane: 100.00
	Mixed mopane: 98.44
	Exposed soils: 0.00
---
AA: 86.21%
Kappa: 89.49
run 2 / 5
Best validation overall accuracy 0.859375
Confusion matrix :
[[259   0   0   0   0   0   0   0   0   0   0   0   0   0]
 [  0   0   0   0  97   0   0   0   0   0   0   0   0   0]
 [  0   0 237   0   0   0   0   0   0   4   0   0   0   0]
 [  0   0   0 195   0   0  12   0   0   0   0   0   0   0]
 [  0   0   0   6 252   0   0   0   0   0   0   0   0   0]
 [  0   0   0   0  80 166   0   0  12   0   0   0   0   0]
 [  1   0   0   0   0   0 248   0   0   0   0   0   0   0]
 [  0   0   0   0   0   0   0 138   0   0  57   0   0   0]
 [  0   0   0   0   0   0   0   0 302   0   0   0   0   0]
 [  0   0   0   0   0   0   0   0   0 195  43   0   0   0]
 [  0   0   0   0   0   0   0   0   0  15 278   0   0   0]
 [  0   0   0   0   0   0   0   0   0   0   0 173   1   0]
 [  0   0   0   0   0   0   0   0   0   0   0   0 257   0]
 [  0   0   0   0   0   0  15  32   0   0  42   2   0   0]]---
Accuracy : 86.57%
---
class acc :
	Water: 100.00
	Hippo grass: 0.00
	Floodplain grasses 1: 98.34
	Floodplain grasses 2: 94.20
	Reeds: 97.67
	Riparian: 64.34
	Firescar: 99.60
	Island interior: 70.77
	Acacia woodlands: 100.00
	Acacia shrublands: 81.93
	Acacia grasslands: 94.88
	Short mopane: 99.43
	Mixed mopane: 100.00
	Exposed soils: 0.00
---
AA: 78.65%
Kappa: 85.38
run 3 / 5
Best validation overall accuracy 0.890625
Confusion matrix :
[[259   0   0   0   0   0   0   0   0   0   0   0   0   0]
 [  4  70   0   0  16   7   0   0   0   0   0   0   0   0]
 [  0   0 241   0   0   0   0   0   0   0   0   0   0   0]
 [  0   0  20 185   2   0   0   0   0   0   0   0   0   0]
 [  2   1   0   1 237  17   0   0   0   0   0   0   0   0]
 [  0   0   0   0  27 170   0   0  61   0   0   0   0   0]
 [  0   0   0   0   0   0 249   0   0   0   0   0   0   0]
 [  0   0   0   0   0   0   0 189   0   0   6   0   0   0]
 [  0   0   0   0   0   0   0   0 302   0   0   0   0   0]
 [  0   0   0   0   0   0   0   0   0 201  37   0   0   0]
 [  0   0   0   0   0   0   0   0   0  19 274   0   0   0]
 [  0   0   0   0   0   0   0   0   0   0   0 174   0   0]
 [  0   0   0   0   0   0   0   0   0   0   0   0 257   0]
 [  0   0   0   0   0   0   0  72   0   0  14   3   1   1]]---
Accuracy : 90.06%
---
class acc :
	Water: 100.00
	Hippo grass: 72.16
	Floodplain grasses 1: 100.00
	Floodplain grasses 2: 89.37
	Reeds: 91.86
	Riparian: 65.89
	Firescar: 100.00
	Island interior: 96.92
	Acacia woodlands: 100.00
	Acacia shrublands: 84.45
	Acacia grasslands: 93.52
	Short mopane: 100.00
	Mixed mopane: 100.00
	Exposed soils: 1.10
---
AA: 85.38%
Kappa: 89.21
run 4 / 5
Best validation overall accuracy 0.890625
Confusion matrix :
[[259   0   0   0   0   0   0   0   0   0   0   0   0   0]
 [  0   0   0   0   2  95   0   0   0   0   0   0   0   0]
 [  0   0 241   0   0   0   0   0   0   0   0   0   0   0]
 [  0   0   0 207   0   0   0   0   0   0   0   0   0   0]
 [  0   0   0   3 243  12   0   0   0   0   0   0   0   0]
 [  0   0   0   0  49 137   0   0  72   0   0   0   0   0]
 [  0   0   0   0   0   0 249   0   0   0   0   0   0   0]
 [  0   0   0   0   0   0   0 187   0   0   8   0   0   0]
 [  0   0   1   0   0   0   0   0 301   0   0   0   0   0]
 [  0   0   6   0   0   0   0   0   0 206  26   0   0   0]
 [  0   0   0   0   0   0   0   0   0   8 285   0   0   0]
 [  0   0   0   0   0   0   0   0   0   0   0 171   3   0]
 [  0   0   0   0   0   0   0   0   0   0   0   6 251   0]
 [  0   0   0   0   3   0   0  56   0   0  14  15   2   1]]---
Accuracy : 87.78%
---
class acc :
	Water: 100.00
	Hippo grass: 0.00
	Floodplain grasses 1: 100.00
	Floodplain grasses 2: 100.00
	Reeds: 94.19
	Riparian: 53.10
	Firescar: 100.00
	Island interior: 95.90
	Acacia woodlands: 99.67
	Acacia shrublands: 86.55
	Acacia grasslands: 97.27
	Short mopane: 98.28
	Mixed mopane: 97.67
	Exposed soils: 1.10
---
AA: 80.27%
Kappa: 86.72
run 5 / 5
Best validation overall accuracy 0.921875
Confusion matrix :
[[259   0   0   0   0   0   0   0   0   0   0   0   0   0]
 [  5  65   0   0  27   0   0   0   0   0   0   0   0   0]
 [  0   0 241   0   0   0   0   0   0   0   0   0   0   0]
 [  0   0   3 192   0   0  12   0   0   0   0   0   0   0]
 [  0   0   0   3 255   0   0   0   0   0   0   0   0   0]
 [  0   0   0   0  21 235   0   0   1   0   0   0   1   0]
 [  6   0   0   0   0   0 243   0   0   0   0   0   0   0]
 [  0   0   0   0   0   0   0 168   0   0  27   0   0   0]
 [  0   0   0   0   0  11   0   0 291   0   0   0   0   0]
 [  0   0  26   0   0   0   0   0   1 194  17   0   0   0]
 [  0   0   0   0   0   0   0   0   0   7 286   0   0   0]
 [  0   0   0   0   0   0   0   0   0   0   0 169   5   0]
 [  0   0   0   0   0   0   0   0   0   0   0  23 234   0]
 [  0   0   0   0   6   0   0  85   0   0   0   0   0   0]]---
Accuracy : 90.80%
---
class acc :
	Water: 100.00
	Hippo grass: 67.01
	Floodplain grasses 1: 100.00
	Floodplain grasses 2: 92.75
	Reeds: 98.84
	Riparian: 91.09
	Firescar: 97.59
	Island interior: 86.15
	Acacia woodlands: 96.36
	Acacia shrublands: 81.51
	Acacia grasslands: 97.61
	Short mopane: 97.13
	Mixed mopane: 91.05
	Exposed soils: 0.00
---
AA: 85.51%
Kappa: 90.01
Agregated results :
Confusion matrix :
[[2.590e+02 0.000e+00 0.000e+00 0.000e+00 0.000e+00 0.000e+00 0.000e+00
  0.000e+00 0.000e+00 0.000e+00 0.000e+00 0.000e+00 0.000e+00 0.000e+00]
 [2.000e+00 4.540e+01 0.000e+00 0.000e+00 2.920e+01 2.040e+01 0.000e+00
  0.000e+00 0.000e+00 0.000e+00 0.000e+00 0.000e+00 0.000e+00 0.000e+00]
 [0.000e+00 0.000e+00 2.402e+02 0.000e+00 0.000e+00 0.000e+00 0.000e+00
  0.000e+00 0.000e+00 8.000e-01 0.000e+00 0.000e+00 0.000e+00 0.000e+00]
 [0.000e+00 0.000e+00 4.600e+00 1.916e+02 6.000e+00 0.000e+00 4.800e+00
  0.000e+00 0.000e+00 0.000e+00 0.000e+00 0.000e+00 0.000e+00 0.000e+00]
 [4.000e-01 2.000e-01 0.000e+00 2.600e+00 2.446e+02 1.020e+01 0.000e+00
  0.000e+00 0.000e+00 0.000e+00 0.000e+00 0.000e+00 0.000e+00 0.000e+00]
 [0.000e+00 0.000e+00 0.000e+00 0.000e+00 3.540e+01 1.768e+02 0.000e+00
  0.000e+00 4.560e+01 0.000e+00 0.000e+00 0.000e+00 2.000e-01 0.000e+00]
 [1.800e+00 0.000e+00 0.000e+00 0.000e+00 0.000e+00 0.000e+00 2.472e+02
  0.000e+00 0.000e+00 0.000e+00 0.000e+00 0.000e+00 0.000e+00 0.000e+00]
 [0.000e+00 0.000e+00 0.000e+00 0.000e+00 0.000e+00 0.000e+00 0.000e+00
  1.686e+02 0.000e+00 0.000e+00 2.640e+01 0.000e+00 0.000e+00 0.000e+00]
 [0.000e+00 0.000e+00 2.000e-01 0.000e+00 0.000e+00 2.200e+00 0.000e+00
  0.000e+00 2.996e+02 0.000e+00 0.000e+00 0.000e+00 0.000e+00 0.000e+00]
 [0.000e+00 0.000e+00 7.000e+00 0.000e+00 0.000e+00 0.000e+00 0.000e+00
  0.000e+00 2.000e-01 2.002e+02 2.800e+01 0.000e+00 2.600e+00 0.000e+00]
 [0.000e+00 0.000e+00 0.000e+00 0.000e+00 0.000e+00 0.000e+00 0.000e+00
  0.000e+00 0.000e+00 1.000e+01 2.830e+02 0.000e+00 0.000e+00 0.000e+00]
 [0.000e+00 0.000e+00 0.000e+00 0.000e+00 0.000e+00 0.000e+00 0.000e+00
  0.000e+00 0.000e+00 0.000e+00 0.000e+00 1.722e+02 1.800e+00 0.000e+00]
 [0.000e+00 0.000e+00 0.000e+00 0.000e+00 0.000e+00 0.000e+00 0.000e+00
  0.000e+00 0.000e+00 0.000e+00 0.000e+00 6.600e+00 2.504e+02 0.000e+00]
 [0.000e+00 0.000e+00 0.000e+00 0.000e+00 2.000e+00 0.000e+00 3.000e+00
  6.700e+01 0.000e+00 0.000e+00 1.400e+01 4.000e+00 6.000e-01 4.000e-01]]---
Accuracy: 89.11 +- 1.64
---
class acc :
	Water: 100.00 +- 0.00
	Hippo grass: 46.80 +- 39.35
	Floodplain grasses 1: 99.67 +- 0.66
	Floodplain grasses 2: 92.56 +- 4.59
	Reeds: 94.81 +- 2.99
	Riparian: 68.53 +- 12.42
	Firescar: 99.28 +- 0.89
	Island interior: 86.46 +- 9.59
	Acacia woodlands: 99.21 +- 1.43
	Acacia shrublands: 84.12 +- 2.08
	Acacia grasslands: 96.59 +- 2.16
	Short mopane: 98.97 +- 1.11
	Mixed mopane: 97.43 +- 3.32
	Exposed soils: 0.44 +- 0.54
---
AA: 83.20 +- 3.11
Kappa: 88.16 +- 1.79
