run 1 / 5
Best validation overall accuracy 0.875
Confusion matrix :
[[259   0   0   0   0   0   0   0   0   0   0   0   0   0]
 [  5   0   0   0  92   0   0   0   0   0   0   0   0   0]
 [  0   0 241   0   0   0   0   0   0   0   0   0   0   0]
 [  0   0   0 195  12   0   0   0   0   0   0   0   0   0]
 [  0   0   0   0 230  24   0   0   0   0   0   4   0   0]
 [  0   0   0   0   1 173   0   0  84   0   0   0   0   0]
 [  0   0   0   0   0   0 249   0   0   0   0   0   0   0]
 [  0   0   0   0   0   0   0 163   0   7  25   0   0   0]
 [  0   0   0   1   0   0   0   0 300   0   0   0   1   0]
 [  0   0  36   0   0   0   0   0   0 191  11   0   0   0]
 [  0   0   0   0   0   0   0   0   0   0 293   0   0   0]
 [  0   0   0   0   0   0   0   0   0   0   0 173   1   0]
 [  0   0   0   0   0   0   0   0   0   0   0   1 256   0]
 [  0   0   0   0   0   0   0  21   0   0  10   4   0  56]]---
Accuracy : 89.10%
---
class acc :
	Water: 100.00
	Hippo grass: 0.00
	Floodplain grasses 1: 100.00
	Floodplain grasses 2: 94.20
	Reeds: 89.15
	Riparian: 67.05
	Firescar: 100.00
	Island interior: 83.59
	Acacia woodlands: 99.34
	Acacia shrublands: 80.25
	Acacia grasslands: 100.00
	Short mopane: 99.43
	Mixed mopane: 99.61
	Exposed soils: 61.54
---
AA: 83.87%
Kappa: 88.15
run 2 / 5
Best validation overall accuracy 0.875
Confusion matrix :
[[259   0   0   0   0   0   0   0   0   0   0   0   0   0]
 [  9  24   0   0  64   0   0   0   0   0   0   0   0   0]
 [  0   0 235   0   0   0   0   0   0   6   0   0   0   0]
 [  0   0  15 191   0   0   0   0   0   1   0   0   0   0]
 [  0   0   0   4 254   0   0   0   0   0   0   0   0   0]
 [  0   0   0   0  86 166   0   0   6   0   0   0   0   0]
 [  0   0   0   0   0   0 249   0   0   0   0   0   0   0]
 [  0   0   0   0   0   0   0 139   0   2  54   0   0   0]
 [  0   0   0   5   0  11   0   0 284   0   0   0   2   0]
 [  0   0   0   0   0   0   0   0   0 232   6   0   0   0]
 [  0   0   0   0   0   0   0   0   0  18 275   0   0   0]
 [  0   0   0   0   0   0   0   0   0   0   0 174   0   0]
 [  0   0   0   0   0   0   0   0   0   0   0   0 257   0]
 [  0   0   0   0  12   0   0   1   0   0  15  11   0  52]]---
Accuracy : 89.48%
---
class acc :
	Water: 100.00
	Hippo grass: 24.74
	Floodplain grasses 1: 97.51
	Floodplain grasses 2: 92.27
	Reeds: 98.45
	Riparian: 64.34
	Firescar: 100.00
	Island interior: 71.28
	Acacia woodlands: 94.04
	Acacia shrublands: 97.48
	Acacia grasslands: 93.86
	Short mopane: 100.00
	Mixed mopane: 100.00
	Exposed soils: 57.14
---
AA: 85.08%
Kappa: 88.58
run 3 / 5
Best validation overall accuracy 0.921875
Confusion matrix :
[[259   0   0   0   0   0   0   0   0   0   0   0   0   0]
 [  0  59   0   0  22  16   0   0   0   0   0   0   0   0]
 [  0   0 234   0   0   0   4   0   0   3   0   0   0   0]
 [  0   0  16 189   0   0   0   0   0   0   0   0   2   0]
 [  0   0   0   1 228  13  16   0   0   0   0   0   0   0]
 [  0   0   0   0   8 184   0   0  66   0   0   0   0   0]
 [  0   0   0   0   0   0 249   0   0   0   0   0   0   0]
 [  0   0   0   0   0   0   0 188   0   5   2   0   0   0]
 [  0   0   1   0   0   1   0   0 300   0   0   0   0   0]
 [  0   0   0   0   0   0   0   0   0 238   0   0   0   0]
 [  0   0   0   0   0   0   0   0   0  26 267   0   0   0]
 [  0   0   0   0   0   0   0   0   0   0   0 174   0   0]
 [  0   0   0   0   0   0   0   0   0   0   0   3 254   0]
 [  0   0   0   0   0   0   0   0   0   0   0  91   0   0]]---
Accuracy : 90.51%
---
class acc :
	Water: 100.00
	Hippo grass: 60.82
	Floodplain grasses 1: 97.10
	Floodplain grasses 2: 91.30
	Reeds: 88.37
	Riparian: 71.32
	Firescar: 100.00
	Island interior: 96.41
	Acacia woodlands: 99.34
	Acacia shrublands: 100.00
	Acacia grasslands: 91.13
	Short mopane: 100.00
	Mixed mopane: 98.83
	Exposed soils: 0.00
---
AA: 85.33%
Kappa: 89.70
run 4 / 5
Best validation overall accuracy 0.875
Confusion matrix :
[[259   0   0   0   0   0   0   0   0   0   0   0   0   0]
 [  0   0   0   0  66  31   0   0   0   0   0   0   0   0]
 [  0   0 241   0   0   0   0   0   0   0   0   0   0   0]
 [  0   0   0 207   0   0   0   0   0   0   0   0   0   0]
 [  0   0   0   2 248   8   0   0   0   0   0   0   0   0]
 [  0   0   0   0  29 139   0   0  90   0   0   0   0   0]
 [  0   0   0   0   0   0 249   0   0   0   0   0   0   0]
 [  0   0   0   0   0   0   0 179   0  14   2   0   0   0]
 [  0   0   3   0   0   0   0   0 299   0   0   0   0   0]
 [  0   0  15   0   0   0   0   0   0 222   1   0   0   0]
 [  0   0   0   0   0   0   0   0   0  11 282   0   0   0]
 [  0   0   0   0   0   0   0   0   0   0   0 174   0   0]
 [  0   0   0   0   0   0   0   0   0   0   0   0 257   0]
 [  0   0   0   0   5   0   0   0   0   0   3   0   0  83]]---
Accuracy : 91.02%
---
class acc :
	Water: 100.00
	Hippo grass: 0.00
	Floodplain grasses 1: 100.00
	Floodplain grasses 2: 100.00
	Reeds: 96.12
	Riparian: 53.88
	Firescar: 100.00
	Island interior: 91.79
	Acacia woodlands: 99.01
	Acacia shrublands: 93.28
	Acacia grasslands: 96.25
	Short mopane: 100.00
	Mixed mopane: 100.00
	Exposed soils: 91.21
---
AA: 87.25%
Kappa: 90.25
run 5 / 5
Best validation overall accuracy 0.828125
Confusion matrix :
[[259   0   0   0   0   0   0   0   0   0   0   0   0   0]
 [  8   0   0   0  33  56   0   0   0   0   0   0   0   0]
 [  0   0 241   0   0   0   0   0   0   0   0   0   0   0]
 [  0   0   6 200   0   0   1   0   0   0   0   0   0   0]
 [  0   0   0   3 253   2   0   0   0   0   0   0   0   0]
 [  0   0   0   0  17 208   0   0  33   0   0   0   0   0]
 [  0   0   0   0   0   0 249   0   0   0   0   0   0   0]
 [  0   0   0   0   0   0   0 139   0  42  14   0   0   0]
 [  0   0   0   0   0  16   0   0 286   0   0   0   0   0]
 [  0   0  30   0   0   0   0   0   0 208   0   0   0   0]
 [  0   0   0   0   0   0   0   0   0   5 288   0   0   0]
 [  0   0   0   0   0   0   0   0   0   0   0 173   1   0]
 [  0   0   0   0   0   0   0   0   0   0   0   3 254   0]
 [  0   0   0   0   1   0   0   5   0   0  85   0   0   0]]---
Accuracy : 88.43%
---
class acc :
	Water: 100.00
	Hippo grass: 0.00
	Floodplain grasses 1: 100.00
	Floodplain grasses 2: 96.62
	Reeds: 98.06
	Riparian: 80.62
	Firescar: 100.00
	Island interior: 71.28
	Acacia woodlands: 94.70
	Acacia shrublands: 87.39
	Acacia grasslands: 98.29
	Short mopane: 99.43
	Mixed mopane: 98.83
	Exposed soils: 0.00
---
AA: 80.37%
Kappa: 87.41
Agregated results :
Confusion matrix :
[[2.590e+02 0.000e+00 0.000e+00 0.000e+00 0.000e+00 0.000e+00 0.000e+00
  0.000e+00 0.000e+00 0.000e+00 0.000e+00 0.000e+00 0.000e+00 0.000e+00]
 [4.400e+00 1.660e+01 0.000e+00 0.000e+00 5.540e+01 2.060e+01 0.000e+00
  0.000e+00 0.000e+00 0.000e+00 0.000e+00 0.000e+00 0.000e+00 0.000e+00]
 [0.000e+00 0.000e+00 2.384e+02 0.000e+00 0.000e+00 0.000e+00 8.000e-01
  0.000e+00 0.000e+00 1.800e+00 0.000e+00 0.000e+00 0.000e+00 0.000e+00]
 [0.000e+00 0.000e+00 7.400e+00 1.964e+02 2.400e+00 0.000e+00 2.000e-01
  0.000e+00 0.000e+00 2.000e-01 0.000e+00 0.000e+00 4.000e-01 0.000e+00]
 [0.000e+00 0.000e+00 0.000e+00 2.000e+00 2.426e+02 9.400e+00 3.200e+00
  0.000e+00 0.000e+00 0.000e+00 0.000e+00 8.000e-01 0.000e+00 0.000e+00]
 [0.000e+00 0.000e+00 0.000e+00 0.000e+00 2.820e+01 1.740e+02 0.000e+00
  0.000e+00 5.580e+01 0.000e+00 0.000e+00 0.000e+00 0.000e+00 0.000e+00]
 [0.000e+00 0.000e+00 0.000e+00 0.000e+00 0.000e+00 0.000e+00 2.490e+02
  0.000e+00 0.000e+00 0.000e+00 0.000e+00 0.000e+00 0.000e+00 0.000e+00]
 [0.000e+00 0.000e+00 0.000e+00 0.000e+00 0.000e+00 0.000e+00 0.000e+00
  1.616e+02 0.000e+00 1.400e+01 1.940e+01 0.000e+00 0.000e+00 0.000e+00]
 [0.000e+00 0.000e+00 8.000e-01 1.200e+00 0.000e+00 5.600e+00 0.000e+00
  0.000e+00 2.938e+02 0.000e+00 0.000e+00 0.000e+00 6.000e-01 0.000e+00]
 [0.000e+00 0.000e+00 1.620e+01 0.000e+00 0.000e+00 0.000e+00 0.000e+00
  0.000e+00 0.000e+00 2.182e+02 3.600e+00 0.000e+00 0.000e+00 0.000e+00]
 [0.000e+00 0.000e+00 0.000e+00 0.000e+00 0.000e+00 0.000e+00 0.000e+00
  0.000e+00 0.000e+00 1.200e+01 2.810e+02 0.000e+00 0.000e+00 0.000e+00]
 [0.000e+00 0.000e+00 0.000e+00 0.000e+00 0.000e+00 0.000e+00 0.000e+00
  0.000e+00 0.000e+00 0.000e+00 0.000e+00 1.736e+02 4.000e-01 0.000e+00]
 [0.000e+00 0.000e+00 0.000e+00 0.000e+00 0.000e+00 0.000e+00 0.000e+00
  0.000e+00 0.000e+00 0.000e+00 0.000e+00 1.400e+00 2.556e+02 0.000e+00]
 [0.000e+00 0.000e+00 0.000e+00 0.000e+00 3.600e+00 0.000e+00 0.000e+00
  5.400e+00 0.000e+00 0.000e+00 2.260e+01 2.120e+01 0.000e+00 3.820e+01]]---
Accuracy: 89.71 +- 0.94
---
class acc :
	Water: 100.00 +- 0.00
	Hippo grass: 17.11 +- 23.86
	Floodplain grasses 1: 98.92 +- 1.33
	Floodplain grasses 2: 94.88 +- 3.14
	Reeds: 94.03 +- 4.38
	Riparian: 67.44 +- 8.75
	Firescar: 100.00 +- 0.00
	Island interior: 82.87 +- 10.32
	Acacia woodlands: 97.28 +- 2.39
	Acacia shrublands: 91.68 +- 7.13
	Acacia grasslands: 95.90 +- 3.15
	Short mopane: 99.77 +- 0.28
	Mixed mopane: 99.46 +- 0.53
	Exposed soils: 41.98 +- 36.22
---
AA: 84.38 +- 2.28
Kappa: 88.82 +- 1.03
