run 1 / 5
Best validation overall accuracy 0.890625
Confusion matrix :
[[259   0   0   0   0   0   0   0   0   0   0   0   0   0]
 [  0  86   0   0  11   0   0   0   0   0   0   0   0   0]
 [  0   0 241   0   0   0   0   0   0   0   0   0   0   0]
 [  0   0   0 203   4   0   0   0   0   0   0   0   0   0]
 [  0   0   0   0 232  26   0   0   0   0   0   0   0   0]
 [  0   0   0   0   0 180   0   0  78   0   0   0   0   0]
 [ 10   0   0   0   0   0 239   0   0   0   0   0   0   0]
 [  0   0   0   0   0   0   0 175   0   0  20   0   0   0]
 [  0   0   0   0   0   0   0   0 302   0   0   0   0   0]
 [  0   0  14   0   0   0   0   0   0 219   5   0   0   0]
 [  0   0   0   0   0   0   0   0   0   8 285   0   0   0]
 [  0   0   0   0   0   0   0   0   0   0   0 173   1   0]
 [  0   0   0   0   0   0   0   0   0   0   0  10 247   0]
 [  0   0   0   0   0   0   0  52   0   0  34   5   0   0]]---
Accuracy : 91.09%
---
class acc :
	Water: 100.00
	Hippo grass: 88.66
	Floodplain grasses 1: 100.00
	Floodplain grasses 2: 98.07
	Reeds: 89.92
	Riparian: 69.77
	Firescar: 95.98
	Island interior: 89.74
	Acacia woodlands: 100.00
	Acacia shrublands: 92.02
	Acacia grasslands: 97.27
	Short mopane: 99.43
	Mixed mopane: 96.11
	Exposed soils: 0.00
---
AA: 86.93%
Kappa: 90.32
run 2 / 5
Best validation overall accuracy 0.875
Confusion matrix :
[[259   0   0   0   0   0   0   0   0   0   0   0   0   0]
 [  0   0   0   0  97   0   0   0   0   0   0   0   0   0]
 [  0   0 236   0   0   0   0   0   0   5   0   0   0   0]
 [  0   0   3 198   0   0   6   0   0   0   0   0   0   0]
 [  0   0   0   2 251   5   0   0   0   0   0   0   0   0]
 [  0   0   0   0  56 197   0   0   5   0   0   0   0   0]
 [  9   0   0   0   0   0 240   0   0   0   0   0   0   0]
 [  0   0   0   0   0   0   0 139   0   0  56   0   0   0]
 [  0   0   1   0   0   2   0   0 299   0   0   0   0   0]
 [  0   0   0   0   0   0   0   0   0 210  28   0   0   0]
 [  0   0   0   0   0   0   0   0   0  11 282   0   0   0]
 [  0   0   0   0   0   0   0   0   0   0   0 174   0   0]
 [  0   0   0   0   0   0   0   0   0   0   0   9 248   0]
 [  0   0   0   0   0   0   0  64   0   0  25   2   0   0]]---
Accuracy : 87.62%
---
class acc :
	Water: 100.00
	Hippo grass: 0.00
	Floodplain grasses 1: 97.93
	Floodplain grasses 2: 95.65
	Reeds: 97.29
	Riparian: 76.36
	Firescar: 96.39
	Island interior: 71.28
	Acacia woodlands: 99.01
	Acacia shrublands: 88.24
	Acacia grasslands: 96.25
	Short mopane: 100.00
	Mixed mopane: 96.50
	Exposed soils: 0.00
---
AA: 79.63%
Kappa: 86.54
run 3 / 5
Best validation overall accuracy 0.9375
Confusion matrix :
[[259   0   0   0   0   0   0   0   0   0   0   0   0   0]
 [  3  44   0  40   9   1   0   0   0   0   0   0   0   0]
 [  0   0 241   0   0   0   0   0   0   0   0   0   0   0]
 [  0   0   0 194   0   0  13   0   0   0   0   0   0   0]
 [  0   0   0   7 242   9   0   0   0   0   0   0   0   0]
 [  0   0   0   0  17 179   0   0  62   0   0   0   0   0]
 [  0   0   0   0   0   0 249   0   0   0   0   0   0   0]
 [  0   0   1   0   0   0   0 194   0   0   0   0   0   0]
 [  0   0   0   0   0   0   0   0 302   0   0   0   0   0]
 [  0   0   0   0   0   0   0   0   0 237   1   0   0   0]
 [  0   0   0   0   0   0   0   0   0  19 274   0   0   0]
 [  0   0   0   0   0   0   0   0   0   0   0 174   0   0]
 [  0   0   0   0   0   0   0   0   0   0   0   0 257   0]
 [  0   0   0   0   2   0   0  66   0   0  17   0   0   6]]---
Accuracy : 91.44%
---
class acc :
	Water: 100.00
	Hippo grass: 45.36
	Floodplain grasses 1: 100.00
	Floodplain grasses 2: 93.72
	Reeds: 93.80
	Riparian: 69.38
	Firescar: 100.00
	Island interior: 99.49
	Acacia woodlands: 100.00
	Acacia shrublands: 99.58
	Acacia grasslands: 93.52
	Short mopane: 100.00
	Mixed mopane: 100.00
	Exposed soils: 6.59
---
AA: 85.82%
Kappa: 90.71
run 4 / 5
Best validation overall accuracy 0.875
Confusion matrix :
[[259   0   0   0   0   0   0   0   0   0   0   0   0   0]
 [  0   0   0   0  88   9   0   0   0   0   0   0   0   0]
 [  0   0 241   0   0   0   0   0   0   0   0   0   0   0]
 [  0   0   0 207   0   0   0   0   0   0   0   0   0   0]
 [  0   0   0   2 242  14   0   0   0   0   0   0   0   0]
 [  0   0   0   0  31 155   0   0  72   0   0   0   0   0]
 [  0   0   0   0   0   0 249   0   0   0   0   0   0   0]
 [  0   0   0   0   0   0   0 188   0   0   7   0   0   0]
 [  0   0   0   0   0   0   0   0 302   0   0   0   0   0]
 [  0   0   5   0   0   0   0   0   0 221  12   0   0   0]
 [  0   0   0   0   0   0   0   0   0  11 282   0   0   0]
 [  0   0   0   0   0   0   0   0   0   0   0 173   1   0]
 [  0   0   0   0   0   0   0   0   0   0   0   0 257   0]
 [  0   0   0   0   4   0   0  83   0   0   4   0   0   0]]---
Accuracy : 89.00%
---
class acc :
	Water: 100.00
	Hippo grass: 0.00
	Floodplain grasses 1: 100.00
	Floodplain grasses 2: 100.00
	Reeds: 93.80
	Riparian: 60.08
	Firescar: 100.00
	Island interior: 96.41
	Acacia woodlands: 100.00
	Acacia shrublands: 92.86
	Acacia grasslands: 96.25
	Short mopane: 99.43
	Mixed mopane: 100.00
	Exposed soils: 0.00
---
AA: 81.34%
Kappa: 88.05
run 5 / 5
Best validation overall accuracy 0.9375
Confusion matrix :
[[259   0   0   0   0   0   0   0   0   0   0   0   0   0]
 [  2  75   0   0  20   0   0   0   0   0   0   0   0   0]
 [  0   0 241   0   0   0   0   0   0   0   0   0   0   0]
 [  0   0  12 191   0   0   4   0   0   0   0   0   0   0]
 [  2   0   0  11 243   2   0   0   0   0   0   0   0   0]
 [  0   0   0   0  24 231   0   0   3   0   0   0   0   0]
 [  8   0   0   0   0   0 241   0   0   0   0   0   0   0]
 [  0   0   0   0   0   0   0 139   0   1  55   0   0   0]
 [  0   0   0   0   0   4   0   0 298   0   0   0   0   0]
 [  0   0   9   0   0   0   0   0   0 216  13   0   0   0]
 [  0   0   0   0   0   0   0   0   0   5 288   0   0   0]
 [  0   0   0   0   0   0   0   0   0   0   0 173   1   0]
 [  0   0   0   0   0   0   0   0   3   1   1  11 241   0]
 [  0   0   0   0   3   0   0  88   0   0   0   0   0   0]]---
Accuracy : 90.93%
---
class acc :
	Water: 100.00
	Hippo grass: 77.32
	Floodplain grasses 1: 100.00
	Floodplain grasses 2: 92.27
	Reeds: 94.19
	Riparian: 89.53
	Firescar: 96.79
	Island interior: 71.28
	Acacia woodlands: 98.68
	Acacia shrublands: 90.76
	Acacia grasslands: 98.29
	Short mopane: 99.43
	Mixed mopane: 93.77
	Exposed soils: 0.00
---
AA: 85.88%
Kappa: 90.15
Agregated results :
Confusion matrix :
[[2.590e+02 0.000e+00 0.000e+00 0.000e+00 0.000e+00 0.000e+00 0.000e+00
  0.000e+00 0.000e+00 0.000e+00 0.000e+00 0.000e+00 0.000e+00 0.000e+00]
 [1.000e+00 4.100e+01 0.000e+00 8.000e+00 4.500e+01 2.000e+00 0.000e+00
  0.000e+00 0.000e+00 0.000e+00 0.000e+00 0.000e+00 0.000e+00 0.000e+00]
 [0.000e+00 0.000e+00 2.400e+02 0.000e+00 0.000e+00 0.000e+00 0.000e+00
  0.000e+00 0.000e+00 1.000e+00 0.000e+00 0.000e+00 0.000e+00 0.000e+00]
 [0.000e+00 0.000e+00 3.000e+00 1.986e+02 8.000e-01 0.000e+00 4.600e+00
  0.000e+00 0.000e+00 0.000e+00 0.000e+00 0.000e+00 0.000e+00 0.000e+00]
 [4.000e-01 0.000e+00 0.000e+00 4.400e+00 2.420e+02 1.120e+01 0.000e+00
  0.000e+00 0.000e+00 0.000e+00 0.000e+00 0.000e+00 0.000e+00 0.000e+00]
 [0.000e+00 0.000e+00 0.000e+00 0.000e+00 2.560e+01 1.884e+02 0.000e+00
  0.000e+00 4.400e+01 0.000e+00 0.000e+00 0.000e+00 0.000e+00 0.000e+00]
 [5.400e+00 0.000e+00 0.000e+00 0.000e+00 0.000e+00 0.000e+00 2.436e+02
  0.000e+00 0.000e+00 0.000e+00 0.000e+00 0.000e+00 0.000e+00 0.000e+00]
 [0.000e+00 0.000e+00 2.000e-01 0.000e+00 0.000e+00 0.000e+00 0.000e+00
  1.670e+02 0.000e+00 2.000e-01 2.760e+01 0.000e+00 0.000e+00 0.000e+00]
 [0.000e+00 0.000e+00 2.000e-01 0.000e+00 0.000e+00 1.200e+00 0.000e+00
  0.000e+00 3.006e+02 0.000e+00 0.000e+00 0.000e+00 0.000e+00 0.000e+00]
 [0.000e+00 0.000e+00 5.600e+00 0.000e+00 0.000e+00 0.000e+00 0.000e+00
  0.000e+00 0.000e+00 2.206e+02 1.180e+01 0.000e+00 0.000e+00 0.000e+00]
 [0.000e+00 0.000e+00 0.000e+00 0.000e+00 0.000e+00 0.000e+00 0.000e+00
  0.000e+00 0.000e+00 1.080e+01 2.822e+02 0.000e+00 0.000e+00 0.000e+00]
 [0.000e+00 0.000e+00 0.000e+00 0.000e+00 0.000e+00 0.000e+00 0.000e+00
  0.000e+00 0.000e+00 0.000e+00 0.000e+00 1.734e+02 6.000e-01 0.000e+00]
 [0.000e+00 0.000e+00 0.000e+00 0.000e+00 0.000e+00 0.000e+00 0.000e+00
  0.000e+00 6.000e-01 2.000e-01 2.000e-01 6.000e+00 2.500e+02 0.000e+00]
 [0.000e+00 0.000e+00 0.000e+00 0.000e+00 1.800e+00 0.000e+00 0.000e+00
  7.060e+01 0.000e+00 0.000e+00 1.600e+01 1.400e+00 0.000e+00 1.200e+00]]---
Accuracy: 90.02 +- 1.47
---
class acc :
	Water: 100.00 +- 0.00
	Hippo grass: 42.27 +- 37.32
	Floodplain grasses 1: 99.59 +- 0.83
	Floodplain grasses 2: 95.94 +- 2.81
	Reeds: 93.80 +- 2.34
	Riparian: 73.02 +- 9.75
	Firescar: 97.83 +- 1.79
	Island interior: 85.64 +- 12.14
	Acacia woodlands: 99.54 +- 0.58
	Acacia shrublands: 92.69 +- 3.78
	Acacia grasslands: 96.31 +- 1.59
	Short mopane: 99.66 +- 0.28
	Mixed mopane: 97.28 +- 2.41
	Exposed soils: 1.32 +- 2.64
---
AA: 83.92 +- 2.88
Kappa: 89.15 +- 1.60
