run 1 / 5
Best validation overall accuracy 0.890625
Confusion matrix :
[[259   0   0   0   0   0   0   0   0   0   0   0   0   0]
 [  0   0   0   0  97   0   0   0   0   0   0   0   0   0]
 [  0   0 241   0   0   0   0   0   0   0   0   0   0   0]
 [  0   0   0 207   0   0   0   0   0   0   0   0   0   0]
 [  5   0   0   4 247   0   0   2   0   0   0   0   0   0]
 [  0   0   0   0   8 198   0   0  52   0   0   0   0   0]
 [  0   0   0   0   0   0 249   0   0   0   0   0   0   0]
 [  0   0   0   0   0   0   0 157   0  36   2   0   0   0]
 [  0   0   0   0   0   0   0   0 302   0   0   0   0   0]
 [  0   0   0   0   0   0   0   0   0 238   0   0   0   0]
 [  0   0   0   0   0   0   0   0   0   3 290   0   0   0]
 [  0   0   0   0   0   0   0   0   0   0   0 174   0   0]
 [  0   0   0   0   0   0   0   0   0   0   0  28 229   0]
 [  0   0   0   0  15   1   0   0   0   0   0   0   0  75]]---
Accuracy : 91.89%
---
class acc :
	Water: 100.00
	Hippo grass: 0.00
	Floodplain grasses 1: 100.00
	Floodplain grasses 2: 100.00
	Reeds: 95.74
	Riparian: 76.74
	Firescar: 100.00
	Island interior: 80.51
	Acacia woodlands: 100.00
	Acacia shrublands: 100.00
	Acacia grasslands: 98.98
	Short mopane: 100.00
	Mixed mopane: 89.11
	Exposed soils: 82.42
---
AA: 87.39%
Kappa: 91.19
run 2 / 5
Best validation overall accuracy 0.9375
Confusion matrix :
[[259   0   0   0   0   0   0   0   0   0   0   0   0   0]
 [  0   0   0   0  84  13   0   0   0   0   0   0   0   0]
 [  0   0 241   0   0   0   0   0   0   0   0   0   0   0]
 [  0   0   0 207   0   0   0   0   0   0   0   0   0   0]
 [  3   0   0  17 238   0   0   0   0   0   0   0   0   0]
 [  0   0   0   0  72 186   0   0   0   0   0   0   0   0]
 [  0   0   0   0   0   0 249   0   0   0   0   0   0   0]
 [  0   0   0   0   1   0   0 138   0  22  34   0   0   0]
 [  0   0   0   0   0   0   0   0 301   0   1   0   0   0]
 [  0   0   0   0   0   0   0   0   0 238   0   0   0   0]
 [  0   0   0   0   0   0   0   0   0   6 287   0   0   0]
 [  0   0   0   0   0   0   0   0   0   0   0 173   1   0]
 [  0   0   0   0   0   0   0   0   0   0   0   0 257   0]
 [  1   0   0   0  15   0   0   0   0   0   0   0   0  75]]---
Accuracy : 91.34%
---
class acc :
	Water: 100.00
	Hippo grass: 0.00
	Floodplain grasses 1: 100.00
	Floodplain grasses 2: 100.00
	Reeds: 92.25
	Riparian: 72.09
	Firescar: 100.00
	Island interior: 70.77
	Acacia woodlands: 99.67
	Acacia shrublands: 100.00
	Acacia grasslands: 97.95
	Short mopane: 99.43
	Mixed mopane: 100.00
	Exposed soils: 82.42
---
AA: 86.76%
Kappa: 90.60
run 3 / 5
Best validation overall accuracy 0.953125
Confusion matrix :
[[259   0   0   0   0   0   0   0   0   0   0   0   0   0]
 [  0   0   0   0  97   0   0   0   0   0   0   0   0   0]
 [  0   0 232   0   0   0   9   0   0   0   0   0   0   0]
 [  0   0   0 207   0   0   0   0   0   0   0   0   0   0]
 [ 28   0   0   0 199  30   1   0   0   0   0   0   0   0]
 [  0   0   0   0   0 216   0   0  42   0   0   0   0   0]
 [  0   0   0   0   0   0 249   0   0   0   0   0   0   0]
 [  0   0   0   0   0   0   0 183   0   0   9   3   0   0]
 [  0   0   0   0   0   0   0   0 302   0   0   0   0   0]
 [  0   0   0   0   0   0   0   0   0 238   0   0   0   0]
 [  0   0   0   0   0   0   0   0   0   3 290   0   0   0]
 [  0   0   0   0   0   0   0   0   0   0   0 174   0   0]
 [  0   0   0   0   0   0   0   0   0   0   0   1 256   0]
 [  9   0   0   0  15   0   0   0   0   0   0   0   0  67]]---
Accuracy : 92.08%
---
class acc :
	Water: 100.00
	Hippo grass: 0.00
	Floodplain grasses 1: 96.27
	Floodplain grasses 2: 100.00
	Reeds: 77.13
	Riparian: 83.72
	Firescar: 100.00
	Island interior: 93.85
	Acacia woodlands: 100.00
	Acacia shrublands: 100.00
	Acacia grasslands: 98.98
	Short mopane: 100.00
	Mixed mopane: 99.61
	Exposed soils: 73.63
---
AA: 87.37%
Kappa: 91.40
run 4 / 5
Best validation overall accuracy 0.953125
Confusion matrix :
[[259   0   0   0   0   0   0   0   0   0   0   0   0   0]
 [  0   0   0   0  91   6   0   0   0   0   0   0   0   0]
 [  0   0 237   0   0   0   4   0   0   0   0   0   0   0]
 [  0   0   0 207   0   0   0   0   0   0   0   0   0   0]
 [  5   0   0  14 227   5   0   7   0   0   0   0   0   0]
 [  0   0   0   0  31 164   0   0  63   0   0   0   0   0]
 [  0   0   0   0   0   0 249   0   0   0   0   0   0   0]
 [  0   0   0   0   0   0   0 195   0   0   0   0   0   0]
 [  0   0   0   0   0   0   0   0 300   0   2   0   0   0]
 [  0   0   0   0   0   0   0   0   0 238   0   0   0   0]
 [  0   0   0   0   0   0   0   0   0   0 293   0   0   0]
 [  0   0   0   0   2   0   0   0   0   0   0 172   0   0]
 [  0   0   0   0   0   0   0   0   0   0   0   1 256   0]
 [  0   0   0   0  14   0   0   0   0   0   0   2   0  75]]---
Accuracy : 92.08%
---
class acc :
	Water: 100.00
	Hippo grass: 0.00
	Floodplain grasses 1: 98.34
	Floodplain grasses 2: 100.00
	Reeds: 87.98
	Riparian: 63.57
	Firescar: 100.00
	Island interior: 100.00
	Acacia woodlands: 99.34
	Acacia shrublands: 100.00
	Acacia grasslands: 100.00
	Short mopane: 98.85
	Mixed mopane: 99.61
	Exposed soils: 82.42
---
AA: 87.86%
Kappa: 91.40
run 5 / 5
Best validation overall accuracy 0.9375
Confusion matrix :
[[259   0   0   0   0   0   0   0   0   0   0   0   0   0]
 [  0   0   0   0  29  68   0   0   0   0   0   0   0   0]
 [  3   0 238   0   0   0   0   0   0   0   0   0   0   0]
 [  0   0   0 207   0   0   0   0   0   0   0   0   0   0]
 [  3   0   0   4 251   0   0   0   0   0   0   0   0   0]
 [  0   0   0   0   8 250   0   0   0   0   0   0   0   0]
 [  1   0   0   0   0   0 248   0   0   0   0   0   0   0]
 [  0   0   0   0   0   0   0 153   0   0  42   0   0   0]
 [  0   0   0   0   0   0   0   0 302   0   0   0   0   0]
 [  0   0   0   0   0   0   0   0   0 238   0   0   0   0]
 [  0   0   0   0   0   0   0   0   0   0 293   0   0   0]
 [  0   0   0   0   0   0   0   0   0   0   0 172   2   0]
 [  0   0   0   0   0   0   0   0   0   0   0   0 257   0]
 [  0   0   0   0   9   3   0   0   0   0   0   3   0  76]]---
Accuracy : 94.39%
---
class acc :
	Water: 100.00
	Hippo grass: 0.00
	Floodplain grasses 1: 98.76
	Floodplain grasses 2: 100.00
	Reeds: 97.29
	Riparian: 96.90
	Firescar: 99.60
	Island interior: 78.46
	Acacia woodlands: 100.00
	Acacia shrublands: 100.00
	Acacia grasslands: 100.00
	Short mopane: 98.85
	Mixed mopane: 100.00
	Exposed soils: 83.52
---
AA: 89.53%
Kappa: 93.91
Agregated results :
Confusion matrix :
[[2.590e+02 0.000e+00 0.000e+00 0.000e+00 0.000e+00 0.000e+00 0.000e+00
  0.000e+00 0.000e+00 0.000e+00 0.000e+00 0.000e+00 0.000e+00 0.000e+00]
 [0.000e+00 0.000e+00 0.000e+00 0.000e+00 7.960e+01 1.740e+01 0.000e+00
  0.000e+00 0.000e+00 0.000e+00 0.000e+00 0.000e+00 0.000e+00 0.000e+00]
 [6.000e-01 0.000e+00 2.378e+02 0.000e+00 0.000e+00 0.000e+00 2.600e+00
  0.000e+00 0.000e+00 0.000e+00 0.000e+00 0.000e+00 0.000e+00 0.000e+00]
 [0.000e+00 0.000e+00 0.000e+00 2.070e+02 0.000e+00 0.000e+00 0.000e+00
  0.000e+00 0.000e+00 0.000e+00 0.000e+00 0.000e+00 0.000e+00 0.000e+00]
 [8.800e+00 0.000e+00 0.000e+00 7.800e+00 2.324e+02 7.000e+00 2.000e-01
  1.800e+00 0.000e+00 0.000e+00 0.000e+00 0.000e+00 0.000e+00 0.000e+00]
 [0.000e+00 0.000e+00 0.000e+00 0.000e+00 2.380e+01 2.028e+02 0.000e+00
  0.000e+00 3.140e+01 0.000e+00 0.000e+00 0.000e+00 0.000e+00 0.000e+00]
 [2.000e-01 0.000e+00 0.000e+00 0.000e+00 0.000e+00 0.000e+00 2.488e+02
  0.000e+00 0.000e+00 0.000e+00 0.000e+00 0.000e+00 0.000e+00 0.000e+00]
 [0.000e+00 0.000e+00 0.000e+00 0.000e+00 2.000e-01 0.000e+00 0.000e+00
  1.652e+02 0.000e+00 1.160e+01 1.740e+01 6.000e-01 0.000e+00 0.000e+00]
 [0.000e+00 0.000e+00 0.000e+00 0.000e+00 0.000e+00 0.000e+00 0.000e+00
  0.000e+00 3.014e+02 0.000e+00 6.000e-01 0.000e+00 0.000e+00 0.000e+00]
 [0.000e+00 0.000e+00 0.000e+00 0.000e+00 0.000e+00 0.000e+00 0.000e+00
  0.000e+00 0.000e+00 2.380e+02 0.000e+00 0.000e+00 0.000e+00 0.000e+00]
 [0.000e+00 0.000e+00 0.000e+00 0.000e+00 0.000e+00 0.000e+00 0.000e+00
  0.000e+00 0.000e+00 2.400e+00 2.906e+02 0.000e+00 0.000e+00 0.000e+00]
 [0.000e+00 0.000e+00 0.000e+00 0.000e+00 4.000e-01 0.000e+00 0.000e+00
  0.000e+00 0.000e+00 0.000e+00 0.000e+00 1.730e+02 6.000e-01 0.000e+00]
 [0.000e+00 0.000e+00 0.000e+00 0.000e+00 0.000e+00 0.000e+00 0.000e+00
  0.000e+00 0.000e+00 0.000e+00 0.000e+00 6.000e+00 2.510e+02 0.000e+00]
 [2.000e+00 0.000e+00 0.000e+00 0.000e+00 1.360e+01 8.000e-01 0.000e+00
  0.000e+00 0.000e+00 0.000e+00 0.000e+00 1.000e+00 0.000e+00 7.360e+01]]---
Accuracy: 92.36 +- 1.05
---
class acc :
	Water: 100.00 +- 0.00
	Hippo grass: 0.00 +- 0.00
	Floodplain grasses 1: 98.67 +- 1.37
	Floodplain grasses 2: 100.00 +- 0.00
	Reeds: 90.08 +- 7.22
	Riparian: 78.60 +- 11.25
	Firescar: 99.92 +- 0.16
	Island interior: 84.72 +- 10.66
	Acacia woodlands: 99.80 +- 0.26
	Acacia shrublands: 100.00 +- 0.00
	Acacia grasslands: 99.18 +- 0.77
	Short mopane: 99.43 +- 0.51
	Mixed mopane: 97.67 +- 4.28
	Exposed soils: 80.88 +- 3.65
---
AA: 87.78 +- 0.94
Kappa: 91.70 +- 1.14
