run 1 / 5
Best validation overall accuracy 0.859375
Confusion matrix :
[[259   0   0   0   0   0   0   0   0   0   0   0   0   0]
 [  0  24   0   0  73   0   0   0   0   0   0   0   0   0]
 [  0   0 241   0   0   0   0   0   0   0   0   0   0   0]
 [  0   0   0 207   0   0   0   0   0   0   0   0   0   0]
 [  9   0   0  12 222   5   0  10   0   0   0   0   0   0]
 [  0   0   0   0  12 196   0   0  50   0   0   0   0   0]
 [  6   0   0   0   0   0 243   0   0   0   0   0   0   0]
 [  0   0   0   0   0   0   0 143   0  19  32   0   0   1]
 [  0   0   0   0   0   0   0   0 302   0   0   0   0   0]
 [  0   0   0   0   0   0   0   0   0 238   0   0   0   0]
 [  0   0   0   0   0   0   0   0   0   7 286   0   0   0]
 [  0   0   0   0   0   0   0   0   0   0   0 174   0   0]
 [  0   0   0   0   0   0   0   0   0   0   0  22 235   0]
 [  0   0   0   0   9   7   0   0   0   0   0   0   0  75]]---
Accuracy : 91.22%
---
class acc :
	Water: 100.00
	Hippo grass: 24.74
	Floodplain grasses 1: 100.00
	Floodplain grasses 2: 100.00
	Reeds: 86.05
	Riparian: 75.97
	Firescar: 97.59
	Island interior: 73.33
	Acacia woodlands: 100.00
	Acacia shrublands: 100.00
	Acacia grasslands: 97.61
	Short mopane: 100.00
	Mixed mopane: 91.44
	Exposed soils: 82.42
---
AA: 87.80%
Kappa: 90.46
run 2 / 5
Best validation overall accuracy 0.90625
Confusion matrix :
[[258   0   0   0   1   0   0   0   0   0   0   0   0   0]
 [  0  39   0   3  55   0   0   0   0   0   0   0   0   0]
 [  0   0 240   0   0   0   1   0   0   0   0   0   0   0]
 [  0   0   0 207   0   0   0   0   0   0   0   0   0   0]
 [  4   0   0  22 232   0   0   0   0   0   0   0   0   0]
 [  0   0   0   1  92 164   0   1   0   0   0   0   0   0]
 [  0   0   0   0   0   0 249   0   0   0   0   0   0   0]
 [  0   0   0   0   0   0   0 141   0   0  54   0   0   0]
 [  0   0   0   0   0   0   0   0 298   1   3   0   0   0]
 [  0   0   0   0   0   0   0   0   0 238   0   0   0   0]
 [  0   0   0   0   0   0   0   0   0   5 288   0   0   0]
 [  0   0   0   0   0   0   0   0   0   0   0 135  39   0]
 [  0   0   0   0   0   0   0   0   0   0   0   0 257   0]
 [  2   0   0   0  14   0   0   0   0   0   0  51   0  24]]---
Accuracy : 88.81%
---
class acc :
	Water: 99.61
	Hippo grass: 40.21
	Floodplain grasses 1: 99.59
	Floodplain grasses 2: 100.00
	Reeds: 89.92
	Riparian: 63.57
	Firescar: 100.00
	Island interior: 72.31
	Acacia woodlands: 98.68
	Acacia shrublands: 100.00
	Acacia grasslands: 98.29
	Short mopane: 77.59
	Mixed mopane: 100.00
	Exposed soils: 26.37
---
AA: 83.30%
Kappa: 87.85
run 3 / 5
Best validation overall accuracy 0.921875
Confusion matrix :
[[259   0   0   0   0   0   0   0   0   0   0   0   0   0]
 [  6   0   0   0  91   0   0   0   0   0   0   0   0   0]
 [  1   0 240   0   0   0   0   0   0   0   0   0   0   0]
 [  0   0   0 207   0   0   0   0   0   0   0   0   0   0]
 [ 12   0   0   8 238   0   0   0   0   0   0   0   0   0]
 [  0   0   0   0   2 227   0   0  29   0   0   0   0   0]
 [  0   0   0   0   0   0 249   0   0   0   0   0   0   0]
 [  0   0   0   0   0   0   0 195   0   0   0   0   0   0]
 [  0   0   0   0   0   0   0   0 302   0   0   0   0   0]
 [  0   0   0   0   0   0   0   0   0 238   0   0   0   0]
 [  0   0   0   0   0   0   0   0   0  26 267   0   0   0]
 [  0   0   0   0   0   0   0   0   0   0   0 173   1   0]
 [  0   0   0   0   0   0   0   0   0   0   0   3 254   0]
 [  0   0   0   0   0  16   0   0   0   0  75   0   0   0]]---
Accuracy : 91.34%
---
class acc :
	Water: 100.00
	Hippo grass: 0.00
	Floodplain grasses 1: 99.59
	Floodplain grasses 2: 100.00
	Reeds: 92.25
	Riparian: 87.98
	Firescar: 100.00
	Island interior: 100.00
	Acacia woodlands: 100.00
	Acacia shrublands: 100.00
	Acacia grasslands: 91.13
	Short mopane: 99.43
	Mixed mopane: 98.83
	Exposed soils: 0.00
---
AA: 83.51%
Kappa: 90.59
run 4 / 5
Best validation overall accuracy 0.921875
Confusion matrix :
[[259   0   0   0   0   0   0   0   0   0   0   0   0   0]
 [  0   2   0   0  85   8   0   0   2   0   0   0   0   0]
 [  0   0 241   0   0   0   0   0   0   0   0   0   0   0]
 [  0   0   0 207   0   0   0   0   0   0   0   0   0   0]
 [  5   0   0  13 240   0   0   0   0   0   0   0   0   0]
 [  0   0   0   0  60 103   0   0  95   0   0   0   0   0]
 [  0   0   0   0   0   0 249   0   0   0   0   0   0   0]
 [  0   0   0   0   0   0   0 195   0   0   0   0   0   0]
 [  0   0   0   0   0   0   0   0 300   0   2   0   0   0]
 [  0   0   0   0   0   0   0   0   0 238   0   0   0   0]
 [  0   0   0   0   0   0   0   0   0   1 292   0   0   0]
 [  0   0   0   0   0   0   0   0   0   0   0 174   0   0]
 [  0   0   0   0   0   0   0   0   0   0   0   5 252   0]
 [  0   0   0   0  16   0   0   0   0   0   0   0   0  75]]---
Accuracy : 90.64%
---
class acc :
	Water: 100.00
	Hippo grass: 2.06
	Floodplain grasses 1: 100.00
	Floodplain grasses 2: 100.00
	Reeds: 93.02
	Riparian: 39.92
	Firescar: 100.00
	Island interior: 100.00
	Acacia woodlands: 99.34
	Acacia shrublands: 100.00
	Acacia grasslands: 99.66
	Short mopane: 100.00
	Mixed mopane: 98.05
	Exposed soils: 82.42
---
AA: 86.75%
Kappa: 89.83
run 5 / 5
Best validation overall accuracy 0.9375
Confusion matrix :
[[259   0   0   0   0   0   0   0   0   0   0   0   0   0]
 [  0   0   0   0  20  77   0   0   0   0   0   0   0   0]
 [  1   0 239   0   0   0   0   0   1   0   0   0   0   0]
 [  0   0   0 205   2   0   0   0   0   0   0   0   0   0]
 [  5   0   0  10 221  22   0   0   0   0   0   0   0   0]
 [  0   0   0   0   0 258   0   0   0   0   0   0   0   0]
 [  0   0   0   0   0   0 249   0   0   0   0   0   0   0]
 [  0   0   0   0   0   0   0 139   0   0  56   0   0   0]
 [  0   0   0   0   0   0   0   0 302   0   0   0   0   0]
 [  0   0   0   0   0   0   0   0   0 238   0   0   0   0]
 [  0   0   0   0   0   0   0   0   0   4 289   0   0   0]
 [  0   0   0   0   0   0   0   0   0   0   0 174   0   0]
 [  0   0   0   0   0   0   0   0   0   0   0   0 257   0]
 [  0   0   0   0   4  11   0   0   0   0   0   2   0  74]]---
Accuracy : 93.11%
---
class acc :
	Water: 100.00
	Hippo grass: 0.00
	Floodplain grasses 1: 99.17
	Floodplain grasses 2: 99.03
	Reeds: 85.66
	Riparian: 100.00
	Firescar: 100.00
	Island interior: 71.28
	Acacia woodlands: 100.00
	Acacia shrublands: 100.00
	Acacia grasslands: 98.63
	Short mopane: 100.00
	Mixed mopane: 100.00
	Exposed soils: 81.32
---
AA: 88.22%
Kappa: 92.51
Agregated results :
Confusion matrix :
[[2.588e+02 0.000e+00 0.000e+00 0.000e+00 2.000e-01 0.000e+00 0.000e+00
  0.000e+00 0.000e+00 0.000e+00 0.000e+00 0.000e+00 0.000e+00 0.000e+00]
 [1.200e+00 1.300e+01 0.000e+00 6.000e-01 6.480e+01 1.700e+01 0.000e+00
  0.000e+00 4.000e-01 0.000e+00 0.000e+00 0.000e+00 0.000e+00 0.000e+00]
 [4.000e-01 0.000e+00 2.402e+02 0.000e+00 0.000e+00 0.000e+00 2.000e-01
  0.000e+00 2.000e-01 0.000e+00 0.000e+00 0.000e+00 0.000e+00 0.000e+00]
 [0.000e+00 0.000e+00 0.000e+00 2.066e+02 4.000e-01 0.000e+00 0.000e+00
  0.000e+00 0.000e+00 0.000e+00 0.000e+00 0.000e+00 0.000e+00 0.000e+00]
 [7.000e+00 0.000e+00 0.000e+00 1.300e+01 2.306e+02 5.400e+00 0.000e+00
  2.000e+00 0.000e+00 0.000e+00 0.000e+00 0.000e+00 0.000e+00 0.000e+00]
 [0.000e+00 0.000e+00 0.000e+00 2.000e-01 3.320e+01 1.896e+02 0.000e+00
  2.000e-01 3.480e+01 0.000e+00 0.000e+00 0.000e+00 0.000e+00 0.000e+00]
 [1.200e+00 0.000e+00 0.000e+00 0.000e+00 0.000e+00 0.000e+00 2.478e+02
  0.000e+00 0.000e+00 0.000e+00 0.000e+00 0.000e+00 0.000e+00 0.000e+00]
 [0.000e+00 0.000e+00 0.000e+00 0.000e+00 0.000e+00 0.000e+00 0.000e+00
  1.626e+02 0.000e+00 3.800e+00 2.840e+01 0.000e+00 0.000e+00 2.000e-01]
 [0.000e+00 0.000e+00 0.000e+00 0.000e+00 0.000e+00 0.000e+00 0.000e+00
  0.000e+00 3.008e+02 2.000e-01 1.000e+00 0.000e+00 0.000e+00 0.000e+00]
 [0.000e+00 0.000e+00 0.000e+00 0.000e+00 0.000e+00 0.000e+00 0.000e+00
  0.000e+00 0.000e+00 2.380e+02 0.000e+00 0.000e+00 0.000e+00 0.000e+00]
 [0.000e+00 0.000e+00 0.000e+00 0.000e+00 0.000e+00 0.000e+00 0.000e+00
  0.000e+00 0.000e+00 8.600e+00 2.844e+02 0.000e+00 0.000e+00 0.000e+00]
 [0.000e+00 0.000e+00 0.000e+00 0.000e+00 0.000e+00 0.000e+00 0.000e+00
  0.000e+00 0.000e+00 0.000e+00 0.000e+00 1.660e+02 8.000e+00 0.000e+00]
 [0.000e+00 0.000e+00 0.000e+00 0.000e+00 0.000e+00 0.000e+00 0.000e+00
  0.000e+00 0.000e+00 0.000e+00 0.000e+00 6.000e+00 2.510e+02 0.000e+00]
 [4.000e-01 0.000e+00 0.000e+00 0.000e+00 8.600e+00 6.800e+00 0.000e+00
  0.000e+00 0.000e+00 0.000e+00 1.500e+01 1.060e+01 0.000e+00 4.960e+01]]---
Accuracy: 91.02 +- 1.38
---
class acc :
	Water: 99.92 +- 0.15
	Hippo grass: 13.40 +- 16.34
	Floodplain grasses 1: 99.67 +- 0.31
	Floodplain grasses 2: 99.81 +- 0.39
	Reeds: 89.38 +- 3.06
	Riparian: 73.49 +- 20.71
	Firescar: 99.52 +- 0.96
	Island interior: 83.38 +- 13.58
	Acacia woodlands: 99.60 +- 0.53
	Acacia shrublands: 100.00 +- 0.00
	Acacia grasslands: 97.06 +- 3.04
	Short mopane: 95.40 +- 8.91
	Mixed mopane: 97.67 +- 3.20
	Exposed soils: 54.51 +- 34.75
---
AA: 85.92 +- 2.11
Kappa: 90.25 +- 1.50
