run 1 / 5
Best validation overall accuracy 0.921875
Confusion matrix :
[[259   0   0   0   0   0   0   0   0   0   0   0   0   0]
 [  0  71   0   0  26   0   0   0   0   0   0   0   0   0]
 [  0   0 241   0   0   0   0   0   0   0   0   0   0   0]
 [  0   0   0 207   0   0   0   0   0   0   0   0   0   0]
 [  4   0   0  13 223  16   0   2   0   0   0   0   0   0]
 [  0   0   0   0   2 171   0   0  85   0   0   0   0   0]
 [  0   0   0   0   0   0 249   0   0   0   0   0   0   0]
 [  0   0   2   0   0   0   0 155   0  38   0   0   0   0]
 [  0   0   0   0   0   0   0   0 302   0   0   0   0   0]
 [  0   0   0   0   0   0   0   0   0 238   0   0   0   0]
 [  0   0   0   0   0   0   0   0   0   0 293   0   0   0]
 [  0   0   0   0   0   0   0   0   0   0   0 174   0   0]
 [  0   0   0   0   0   0   0   0   0   0   0   6 251   0]
 [  0   0   0   0   0  16   0   0   0   0   0   6   0  69]]---
Accuracy : 93.07%
---
class acc :
	Water: 100.00
	Hippo grass: 73.20
	Floodplain grasses 1: 100.00
	Floodplain grasses 2: 100.00
	Reeds: 86.43
	Riparian: 66.28
	Firescar: 100.00
	Island interior: 79.49
	Acacia woodlands: 100.00
	Acacia shrublands: 100.00
	Acacia grasslands: 100.00
	Short mopane: 100.00
	Mixed mopane: 97.67
	Exposed soils: 75.82
---
AA: 91.35%
Kappa: 92.49
run 2 / 5
Best validation overall accuracy 0.90625
Confusion matrix :
[[259   0   0   0   0   0   0   0   0   0   0   0   0   0]
 [  0   0   0  38  58   1   0   0   0   0   0   0   0   0]
 [  0   0 233   0   0   0   8   0   0   0   0   0   0   0]
 [  0   0   0 207   0   0   0   0   0   0   0   0   0   0]
 [  2   0   0  28 228   0   0   0   0   0   0   0   0   0]
 [  0   0   0   0 110 148   0   0   0   0   0   0   0   0]
 [  0   0   0   0   0   0 249   0   0   0   0   0   0   0]
 [  0   0   9   0   0   0   0 139   0   0  47   0   0   0]
 [  0   0   0   0   0   0   0   0 291   3   8   0   0   0]
 [  0   0   0   0   0   0   0   0   0 236   2   0   0   0]
 [  0   0   0   0   0   0   0   0   0  10 283   0   0   0]
 [  0   0   0   0   0   0   0   0   0   0   0 174   0   0]
 [  0   0   0   0   0   0   0   0   0   0   0   0 257   0]
 [  0   0   0   0  16   0   0   0   0   0   0   0   0  75]]---
Accuracy : 89.10%
---
class acc :
	Water: 100.00
	Hippo grass: 0.00
	Floodplain grasses 1: 96.68
	Floodplain grasses 2: 100.00
	Reeds: 88.37
	Riparian: 57.36
	Firescar: 100.00
	Island interior: 71.28
	Acacia woodlands: 96.36
	Acacia shrublands: 99.16
	Acacia grasslands: 96.59
	Short mopane: 100.00
	Mixed mopane: 100.00
	Exposed soils: 82.42
---
AA: 84.87%
Kappa: 88.16
run 3 / 5
Best validation overall accuracy 0.96875
Confusion matrix :
[[259   0   0   0   0   0   0   0   0   0   0   0   0   0]
 [  8  17   0   0  61  11   0   0   0   0   0   0   0   0]
 [  0   0 236   0   0   0   5   0   0   0   0   0   0   0]
 [  0   0   0 207   0   0   0   0   0   0   0   0   0   0]
 [  7   0   0   0 250   0   1   0   0   0   0   0   0   0]
 [  0   0   0   0   2 196   0   0  60   0   0   0   0   0]
 [  0   0   0   0   0   0 249   0   0   0   0   0   0   0]
 [  0   0   0   0   0   0   0 195   0   0   0   0   0   0]
 [  0   0   0   0   0   0   0   0 302   0   0   0   0   0]
 [  0   0   0   0   0   0   0   0   0 238   0   0   0   0]
 [  0   0   0   0   0   0   0   0   0   1 292   0   0   0]
 [  0   0   0   0   1   0   0   0   0   0   0 166   7   0]
 [  0   0   0   0   0   0   0   0   0   0   0   0 257   0]
 [  0   0   0   0  16   0   0   0   0   0   0   0   0  75]]---
Accuracy : 94.23%
---
class acc :
	Water: 100.00
	Hippo grass: 17.53
	Floodplain grasses 1: 97.93
	Floodplain grasses 2: 100.00
	Reeds: 96.90
	Riparian: 75.97
	Firescar: 100.00
	Island interior: 100.00
	Acacia woodlands: 100.00
	Acacia shrublands: 100.00
	Acacia grasslands: 99.66
	Short mopane: 95.40
	Mixed mopane: 100.00
	Exposed soils: 82.42
---
AA: 90.41%
Kappa: 93.73
run 4 / 5
Best validation overall accuracy 0.921875
Confusion matrix :
[[259   0   0   0   0   0   0   0   0   0   0   0   0   0]
 [  0   0   0   0  74  23   0   0   0   0   0   0   0   0]
 [  0   0 236   0   0   0   5   0   0   0   0   0   0   0]
 [  0   0   0 204   0   0   0   0   3   0   0   0   0   0]
 [  3   0   0  10 227  18   0   0   0   0   0   0   0   0]
 [  0   0   0   0  15 180   0   1  62   0   0   0   0   0]
 [  0   0   0   0   0   0 249   0   0   0   0   0   0   0]
 [  0   0   0   0   0   0   0 195   0   0   0   0   0   0]
 [  0   0   0   0   0   0   0   0 302   0   0   0   0   0]
 [  0   0   0   0   0   0   0   0   0 238   0   0   0   0]
 [  0   0   0   0   0   0   0   0   0   4 289   0   0   0]
 [  0   0   0   0   0   0   0   0   0   0   0 174   0   0]
 [  0   0   0   0   0   0   0   0   0   0   0   0 257   0]
 [  0   0   0   0  16   0   0   0   0   0   0   0   0  75]]---
Accuracy : 92.50%
---
class acc :
	Water: 100.00
	Hippo grass: 0.00
	Floodplain grasses 1: 97.93
	Floodplain grasses 2: 98.55
	Reeds: 87.98
	Riparian: 69.77
	Firescar: 100.00
	Island interior: 100.00
	Acacia woodlands: 100.00
	Acacia shrublands: 100.00
	Acacia grasslands: 98.63
	Short mopane: 100.00
	Mixed mopane: 100.00
	Exposed soils: 82.42
---
AA: 88.23%
Kappa: 91.85
run 5 / 5
Best validation overall accuracy 0.9375
Confusion matrix :
[[259   0   0   0   0   0   0   0   0   0   0   0   0   0]
 [  0   0   0   0  97   0   0   0   0   0   0   0   0   0]
 [  0   0 229   3   0   0   9   0   0   0   0   0   0   0]
 [  0   0   0 173  34   0   0   0   0   0   0   0   0   0]
 [  6   0   0   0 252   0   0   0   0   0   0   0   0   0]
 [  0   0   0   0   1 254   0   0   3   0   0   0   0   0]
 [  0   0   0   0   0   0 249   0   0   0   0   0   0   0]
 [  0   0   0   0   0   0   0 139   0  55   1   0   0   0]
 [  0   0   0   0   0   0   0   0 302   0   0   0   0   0]
 [  0   0   0   0   0   0   0   0   0 238   0   0   0   0]
 [  0   0   0   0   0   0   0   0   0   0 293   0   0   0]
 [  0   0   0   0   0   0   0   0   0   0   0 173   1   0]
 [  0   0   0   0   0   0   0   0   0   0   0   0 257   0]
 [  0   0   0   0  15   0   0   0   0   0   0   0   0  76]]---
Accuracy : 92.79%
---
class acc :
	Water: 100.00
	Hippo grass: 0.00
	Floodplain grasses 1: 95.02
	Floodplain grasses 2: 83.57
	Reeds: 97.67
	Riparian: 98.45
	Firescar: 100.00
	Island interior: 71.28
	Acacia woodlands: 100.00
	Acacia shrublands: 100.00
	Acacia grasslands: 100.00
	Short mopane: 99.43
	Mixed mopane: 100.00
	Exposed soils: 83.52
---
AA: 87.78%
Kappa: 92.16
Agregated results :
Confusion matrix :
[[2.590e+02 0.000e+00 0.000e+00 0.000e+00 0.000e+00 0.000e+00 0.000e+00
  0.000e+00 0.000e+00 0.000e+00 0.000e+00 0.000e+00 0.000e+00 0.000e+00]
 [1.600e+00 1.760e+01 0.000e+00 7.600e+00 6.320e+01 7.000e+00 0.000e+00
  0.000e+00 0.000e+00 0.000e+00 0.000e+00 0.000e+00 0.000e+00 0.000e+00]
 [0.000e+00 0.000e+00 2.350e+02 6.000e-01 0.000e+00 0.000e+00 5.400e+00
  0.000e+00 0.000e+00 0.000e+00 0.000e+00 0.000e+00 0.000e+00 0.000e+00]
 [0.000e+00 0.000e+00 0.000e+00 1.996e+02 6.800e+00 0.000e+00 0.000e+00
  0.000e+00 6.000e-01 0.000e+00 0.000e+00 0.000e+00 0.000e+00 0.000e+00]
 [4.400e+00 0.000e+00 0.000e+00 1.020e+01 2.360e+02 6.800e+00 2.000e-01
  4.000e-01 0.000e+00 0.000e+00 0.000e+00 0.000e+00 0.000e+00 0.000e+00]
 [0.000e+00 0.000e+00 0.000e+00 0.000e+00 2.600e+01 1.898e+02 0.000e+00
  2.000e-01 4.200e+01 0.000e+00 0.000e+00 0.000e+00 0.000e+00 0.000e+00]
 [0.000e+00 0.000e+00 0.000e+00 0.000e+00 0.000e+00 0.000e+00 2.490e+02
  0.000e+00 0.000e+00 0.000e+00 0.000e+00 0.000e+00 0.000e+00 0.000e+00]
 [0.000e+00 0.000e+00 2.200e+00 0.000e+00 0.000e+00 0.000e+00 0.000e+00
  1.646e+02 0.000e+00 1.860e+01 9.600e+00 0.000e+00 0.000e+00 0.000e+00]
 [0.000e+00 0.000e+00 0.000e+00 0.000e+00 0.000e+00 0.000e+00 0.000e+00
  0.000e+00 2.998e+02 6.000e-01 1.600e+00 0.000e+00 0.000e+00 0.000e+00]
 [0.000e+00 0.000e+00 0.000e+00 0.000e+00 0.000e+00 0.000e+00 0.000e+00
  0.000e+00 0.000e+00 2.376e+02 4.000e-01 0.000e+00 0.000e+00 0.000e+00]
 [0.000e+00 0.000e+00 0.000e+00 0.000e+00 0.000e+00 0.000e+00 0.000e+00
  0.000e+00 0.000e+00 3.000e+00 2.900e+02 0.000e+00 0.000e+00 0.000e+00]
 [0.000e+00 0.000e+00 0.000e+00 0.000e+00 2.000e-01 0.000e+00 0.000e+00
  0.000e+00 0.000e+00 0.000e+00 0.000e+00 1.722e+02 1.600e+00 0.000e+00]
 [0.000e+00 0.000e+00 0.000e+00 0.000e+00 0.000e+00 0.000e+00 0.000e+00
  0.000e+00 0.000e+00 0.000e+00 0.000e+00 1.200e+00 2.558e+02 0.000e+00]
 [0.000e+00 0.000e+00 0.000e+00 0.000e+00 1.260e+01 3.200e+00 0.000e+00
  0.000e+00 0.000e+00 0.000e+00 0.000e+00 1.200e+00 0.000e+00 7.400e+01]]---
Accuracy: 92.34 +- 1.72
---
class acc :
	Water: 100.00 +- 0.00
	Hippo grass: 18.14 +- 28.35
	Floodplain grasses 1: 97.51 +- 1.64
	Floodplain grasses 2: 96.43 +- 6.45
	Reeds: 91.47 +- 4.80
	Riparian: 73.57 +- 13.82
	Firescar: 100.00 +- 0.00
	Island interior: 84.41 +- 13.08
	Acacia woodlands: 99.27 +- 1.46
	Acacia shrublands: 99.83 +- 0.34
	Acacia grasslands: 98.98 +- 1.30
	Short mopane: 98.97 +- 1.80
	Mixed mopane: 99.53 +- 0.93
	Exposed soils: 81.32 +- 2.78
---
AA: 88.53 +- 2.26
Kappa: 91.68 +- 1.87
