run 1 / 5
Best validation overall accuracy 0.875
Confusion matrix :
[[259   0   0   0   0   0   0   0   0   0   0   0   0   0]
 [  0  93   0   0   4   0   0   0   0   0   0   0   0   0]
 [  0   0 241   0   0   0   0   0   0   0   0   0   0   0]
 [  0   0   0 207   0   0   0   0   0   0   0   0   0   0]
 [  3   0   0  11 230   3   0  11   0   0   0   0   0   0]
 [  0   0   0   0   4 160   0   0  94   0   0   0   0   0]
 [  2   0   0   0   0   0 247   0   0   0   0   0   0   0]
 [  0   0   0   0   0   0   0 141   0   1  53   0   0   0]
 [  0   0   0   0   0   0   0   0 302   0   0   0   0   0]
 [  0   0   0   0   0   0   0   0   0 238   0   0   0   0]
 [  0   0   0   0   0   0   0   0   0   0 293   0   0   0]
 [  0   0   0   0   0   0   0   0   0   0   0 174   0   0]
 [  0   0   0   0   0   0   0   0   0   0   0  14 243   0]
 [  0   0   0   0  16   0   0  28   0   0  43   0   0   4]]---
Accuracy : 90.80%
---
class acc :
	Water: 100.00
	Hippo grass: 95.88
	Floodplain grasses 1: 100.00
	Floodplain grasses 2: 100.00
	Reeds: 89.15
	Riparian: 62.02
	Firescar: 99.20
	Island interior: 72.31
	Acacia woodlands: 100.00
	Acacia shrublands: 100.00
	Acacia grasslands: 100.00
	Short mopane: 100.00
	Mixed mopane: 94.55
	Exposed soils: 4.40
---
AA: 86.96%
Kappa: 90.01
run 2 / 5
Best validation overall accuracy 0.890625
Confusion matrix :
[[258   0   0   0   1   0   0   0   0   0   0   0   0   0]
 [  0  64   0   0  33   0   0   0   0   0   0   0   0   0]
 [  0   0 241   0   0   0   0   0   0   0   0   0   0   0]
 [  0   0   2 205   0   0   0   0   0   0   0   0   0   0]
 [  0   0   5  29 224   0   0   0   0   0   0   0   0   0]
 [  0   1   0   1  87 169   0   0   0   0   0   0   0   0]
 [  0   0   0   0   0   0 249   0   0   0   0   0   0   0]
 [  0   0   0   0   5   0   0 104   0  35  20  30   1   0]
 [  0   0   0   0   0   0   0   0 299   0   3   0   0   0]
 [  0   0   0   0   0   0   0   0   0 238   0   0   0   0]
 [  0   0   0   0   0   0   0   0   0  19 274   0   0   0]
 [  0   0   0   0   0   0   0   0   0   0   0 174   0   0]
 [  0   0   0   0   0   0   0   0   0   0   0   0 257   0]
 [  3   0   0   0  13   0   0   0   0   0  13   0   0  62]]---
Accuracy : 90.35%
---
class acc :
	Water: 99.61
	Hippo grass: 65.98
	Floodplain grasses 1: 100.00
	Floodplain grasses 2: 99.03
	Reeds: 86.82
	Riparian: 65.50
	Firescar: 100.00
	Island interior: 53.33
	Acacia woodlands: 99.01
	Acacia shrublands: 100.00
	Acacia grasslands: 93.52
	Short mopane: 100.00
	Mixed mopane: 100.00
	Exposed soils: 68.13
---
AA: 87.92%
Kappa: 89.53
run 3 / 5
Best validation overall accuracy 0.953125
Confusion matrix :
[[259   0   0   0   0   0   0   0   0   0   0   0   0   0]
 [  3  23   0   0  71   0   0   0   0   0   0   0   0   0]
 [  0   0 230   0   0   0  11   0   0   0   0   0   0   0]
 [  0   0   0 207   0   0   0   0   0   0   0   0   0   0]
 [  9   0   0   1 243   3   2   0   0   0   0   0   0   0]
 [  0   0   0   0   0 193   0   0  65   0   0   0   0   0]
 [  0   0   0   0   0   0 249   0   0   0   0   0   0   0]
 [  0   0   0   0   0   0   0 195   0   0   0   0   0   0]
 [  0   0   0   0   0   0   0   0 302   0   0   0   0   0]
 [  0   0   0   0   0   0   0   0   0 238   0   0   0   0]
 [  0   0   0   0   0   0   0   0   0  10 283   0   0   0]
 [  0   0   0   0   0   0   0   0   0   0   0 174   0   0]
 [  0   0   0   0   0   0   0   0   0   0   0   6 251   0]
 [  0   0   0   0   2   8   0   6   0   0   0   0   0  75]]---
Accuracy : 93.68%
---
class acc :
	Water: 100.00
	Hippo grass: 23.71
	Floodplain grasses 1: 95.44
	Floodplain grasses 2: 100.00
	Reeds: 94.19
	Riparian: 74.81
	Firescar: 100.00
	Island interior: 100.00
	Acacia woodlands: 100.00
	Acacia shrublands: 100.00
	Acacia grasslands: 96.59
	Short mopane: 100.00
	Mixed mopane: 97.67
	Exposed soils: 82.42
---
AA: 90.34%
Kappa: 93.14
run 4 / 5
Best validation overall accuracy 0.921875
Confusion matrix :
[[259   0   0   0   0   0   0   0   0   0   0   0   0   0]
 [  0   0   0   0  69  28   0   0   0   0   0   0   0   0]
 [  0   0 238   0   0   0   3   0   0   0   0   0   0   0]
 [  0   0   0 207   0   0   0   0   0   0   0   0   0   0]
 [  3   0   0  12 241   2   0   0   0   0   0   0   0   0]
 [  0   0   0   0  30 175   0   0  53   0   0   0   0   0]
 [  0   0   0   0   0   0 249   0   0   0   0   0   0   0]
 [  0   0   0   0   0   0   0 195   0   0   0   0   0   0]
 [  0   0   0   0   0   0   0   0 300   0   2   0   0   0]
 [  0   0   4   0   0   0   0   0   0 234   0   0   0   0]
 [  0   0   0   0   0   0   0   0   0   0 293   0   0   0]
 [  0   0   0   0   0   0   0   0   0   0   0 174   0   0]
 [  0   0   0   0   0   0   0   0   0   0   0   3 254   0]
 [  0   0   0   0  16   0   0   0   0   0   0   0   0  75]]---
Accuracy : 92.79%
---
class acc :
	Water: 100.00
	Hippo grass: 0.00
	Floodplain grasses 1: 98.76
	Floodplain grasses 2: 100.00
	Reeds: 93.41
	Riparian: 67.83
	Firescar: 100.00
	Island interior: 100.00
	Acacia woodlands: 99.34
	Acacia shrublands: 98.32
	Acacia grasslands: 100.00
	Short mopane: 100.00
	Mixed mopane: 98.83
	Exposed soils: 82.42
---
AA: 88.49%
Kappa: 92.17
run 5 / 5
Best validation overall accuracy 0.9375
Confusion matrix :
[[259   0   0   0   0   0   0   0   0   0   0   0   0   0]
 [  0   0   0   0  55  42   0   0   0   0   0   0   0   0]
 [  0   0 231   0   0   0   8   0   2   0   0   0   0   0]
 [  0   0   0 207   0   0   0   0   0   0   0   0   0   0]
 [  9   0   0   2 195  52   0   0   0   0   0   0   0   0]
 [  0   0   0   0   0 258   0   0   0   0   0   0   0   0]
 [  0   0   0   0   0   0 249   0   0   0   0   0   0   0]
 [  0   0   0   0   0   0   0 142   0  24  29   0   0   0]
 [  0   0   0   0   0   0   0   0 302   0   0   0   0   0]
 [  0   0   0   0   0   0   0   0   0 238   0   0   0   0]
 [  0   0   0   0   0   0   0   0   0   0 293   0   0   0]
 [  0   0   0   0   0   0   0   0   0   0   0 174   0   0]
 [  0   0   0   0   0   0   0   0   0   0   0   0 257   0]
 [  0   0   0   0  11   4   0   1   0   0   0   0   0  75]]---
Accuracy : 92.34%
---
class acc :
	Water: 100.00
	Hippo grass: 0.00
	Floodplain grasses 1: 95.85
	Floodplain grasses 2: 100.00
	Reeds: 75.58
	Riparian: 100.00
	Firescar: 100.00
	Island interior: 72.82
	Acacia woodlands: 100.00
	Acacia shrublands: 100.00
	Acacia grasslands: 100.00
	Short mopane: 100.00
	Mixed mopane: 100.00
	Exposed soils: 82.42
---
AA: 87.62%
Kappa: 91.68
Agregated results :
Confusion matrix :
[[2.588e+02 0.000e+00 0.000e+00 0.000e+00 2.000e-01 0.000e+00 0.000e+00
  0.000e+00 0.000e+00 0.000e+00 0.000e+00 0.000e+00 0.000e+00 0.000e+00]
 [6.000e-01 3.600e+01 0.000e+00 0.000e+00 4.640e+01 1.400e+01 0.000e+00
  0.000e+00 0.000e+00 0.000e+00 0.000e+00 0.000e+00 0.000e+00 0.000e+00]
 [0.000e+00 0.000e+00 2.362e+02 0.000e+00 0.000e+00 0.000e+00 4.400e+00
  0.000e+00 4.000e-01 0.000e+00 0.000e+00 0.000e+00 0.000e+00 0.000e+00]
 [0.000e+00 0.000e+00 4.000e-01 2.066e+02 0.000e+00 0.000e+00 0.000e+00
  0.000e+00 0.000e+00 0.000e+00 0.000e+00 0.000e+00 0.000e+00 0.000e+00]
 [4.800e+00 0.000e+00 1.000e+00 1.100e+01 2.266e+02 1.200e+01 4.000e-01
  2.200e+00 0.000e+00 0.000e+00 0.000e+00 0.000e+00 0.000e+00 0.000e+00]
 [0.000e+00 2.000e-01 0.000e+00 2.000e-01 2.420e+01 1.910e+02 0.000e+00
  0.000e+00 4.240e+01 0.000e+00 0.000e+00 0.000e+00 0.000e+00 0.000e+00]
 [4.000e-01 0.000e+00 0.000e+00 0.000e+00 0.000e+00 0.000e+00 2.486e+02
  0.000e+00 0.000e+00 0.000e+00 0.000e+00 0.000e+00 0.000e+00 0.000e+00]
 [0.000e+00 0.000e+00 0.000e+00 0.000e+00 1.000e+00 0.000e+00 0.000e+00
  1.554e+02 0.000e+00 1.200e+01 2.040e+01 6.000e+00 2.000e-01 0.000e+00]
 [0.000e+00 0.000e+00 0.000e+00 0.000e+00 0.000e+00 0.000e+00 0.000e+00
  0.000e+00 3.010e+02 0.000e+00 1.000e+00 0.000e+00 0.000e+00 0.000e+00]
 [0.000e+00 0.000e+00 8.000e-01 0.000e+00 0.000e+00 0.000e+00 0.000e+00
  0.000e+00 0.000e+00 2.372e+02 0.000e+00 0.000e+00 0.000e+00 0.000e+00]
 [0.000e+00 0.000e+00 0.000e+00 0.000e+00 0.000e+00 0.000e+00 0.000e+00
  0.000e+00 0.000e+00 5.800e+00 2.872e+02 0.000e+00 0.000e+00 0.000e+00]
 [0.000e+00 0.000e+00 0.000e+00 0.000e+00 0.000e+00 0.000e+00 0.000e+00
  0.000e+00 0.000e+00 0.000e+00 0.000e+00 1.740e+02 0.000e+00 0.000e+00]
 [0.000e+00 0.000e+00 0.000e+00 0.000e+00 0.000e+00 0.000e+00 0.000e+00
  0.000e+00 0.000e+00 0.000e+00 0.000e+00 4.600e+00 2.524e+02 0.000e+00]
 [6.000e-01 0.000e+00 0.000e+00 0.000e+00 1.160e+01 2.400e+00 0.000e+00
  7.000e+00 0.000e+00 0.000e+00 1.120e+01 0.000e+00 0.000e+00 5.820e+01]]---
Accuracy: 91.99 +- 1.24
---
class acc :
	Water: 99.92 +- 0.15
	Hippo grass: 37.11 +- 38.00
	Floodplain grasses 1: 98.01 +- 1.99
	Floodplain grasses 2: 99.81 +- 0.39
	Reeds: 87.83 +- 6.70
	Riparian: 74.03 +- 13.64
	Firescar: 99.84 +- 0.32
	Island interior: 79.69 +- 18.01
	Acacia woodlands: 99.67 +- 0.42
	Acacia shrublands: 99.66 +- 0.67
	Acacia grasslands: 98.02 +- 2.61
	Short mopane: 100.00 +- 0.00
	Mixed mopane: 98.21 +- 2.02
	Exposed soils: 63.96 +- 30.29
---
AA: 88.27 +- 1.15
Kappa: 91.31 +- 1.35
