run 1 / 5
Best validation overall accuracy 1.0
Confusion matrix :
[[248   0   0   0   0   0   0   0   0   0   0   0   0   0]
 [  0  93   0   0   0   0   0   0   0   0   0   0   0   0]
 [  0   0 231   0   0   0   0   0   0   0   0   0   0   0]
 [  0   0   3 194   0   0   1   0   0   0   0   0   0   0]
 [  0   0   0   0 239   8   0   0   0   0   0   0   0   0]
 [  0   0   0   0   5 236   0   0   7   0   0   0   0   0]
 [  0   0   0   0   0   0 238   0   0   0   0   0   0   0]
 [  0   0   0   0   0   0   0 187   0   0   0   0   0   0]
 [  0   0   0   0   0   0   0   0 288   1   0   0   0   0]
 [  0   0   0   0   0   0   0   0   0 228   0   0   0   0]
 [  0   0   0   0   0   0   0   0   0  11 270   0   0   0]
 [  0   0   0   0   0   0   0   0   0   0   0 167   0   0]
 [  0   0   0   0   0   0   0   0   0   0   0   0 247   0]
 [  0   0   0   0   3   0   0   0   0   0   0   0   0  84]]---
Accuracy : 98.70%
---
class acc :
	Water: 100.00
	Hippo grass: 100.00
	Floodplain grasses 1: 100.00
	Floodplain grasses 2: 97.98
	Reeds: 96.76
	Riparian: 95.16
	Firescar: 100.00
	Island interior: 100.00
	Acacia woodlands: 99.65
	Acacia shrublands: 100.00
	Acacia grasslands: 96.09
	Short mopane: 100.00
	Mixed mopane: 100.00
	Exposed soils: 96.55
---
AA: 98.73%
Kappa: 98.59
run 2 / 5
Best validation overall accuracy 0.9921875
Confusion matrix :
[[248   0   0   0   0   0   0   0   0   0   0   0   0   0]
 [  0  93   0   0   0   0   0   0   0   0   0   0   0   0]
 [  0   0 231   0   0   0   0   0   0   0   0   0   0   0]
 [  0   0   0 195   0   0   3   0   0   0   0   0   0   0]
 [  0   0   0   0 237  10   0   0   0   0   0   0   0   0]
 [  0   0   0   0   6 242   0   0   0   0   0   0   0   0]
 [  2   0   0   0   0   0 236   0   0   0   0   0   0   0]
 [  0   0   0   0   0   0   0 187   0   0   0   0   0   0]
 [  0   0   0   0   0  14   0   0 274   1   0   0   0   0]
 [  0   0   0   0   0   0   0   0   0 211  17   0   0   0]
 [  0   0   0   0   0   0   0   0   0   0 281   0   0   0]
 [  0   0   0   0   0   0   0   0   0   0   0 166   1   0]
 [  0   0   0   0   0   0   0   0   0   0   0   0 247   0]
 [  0   0   0   0   3   0   0   0   0   0   0   0   0  84]]---
Accuracy : 98.09%
---
class acc :
	Water: 100.00
	Hippo grass: 100.00
	Floodplain grasses 1: 100.00
	Floodplain grasses 2: 98.48
	Reeds: 95.95
	Riparian: 97.58
	Firescar: 99.16
	Island interior: 100.00
	Acacia woodlands: 94.81
	Acacia shrublands: 92.54
	Acacia grasslands: 100.00
	Short mopane: 99.40
	Mixed mopane: 100.00
	Exposed soils: 96.55
---
AA: 98.18%
Kappa: 97.93
run 3 / 5
Best validation overall accuracy 0.9921875
Confusion matrix :
[[248   0   0   0   0   0   0   0   0   0   0   0   0   0]
 [  0  93   0   0   0   0   0   0   0   0   0   0   0   0]
 [  0   0 231   0   0   0   0   0   0   0   0   0   0   0]
 [  0   0   0 193   0   0   5   0   0   0   0   0   0   0]
 [  0   0   0   0 240   7   0   0   0   0   0   0   0   0]
 [  0   0   0   0   4 244   0   0   0   0   0   0   0   0]
 [  0   0   0   0   0   0 238   0   0   0   0   0   0   0]
 [  0   0   0   0   0   0   0 187   0   0   0   0   0   0]
 [  0   0   0   0   0   4   0   0 285   0   0   0   0   0]
 [  0   0   0   0   0   0   0   0   0 228   0   0   0   0]
 [  0   0   0   0   0   0   0   0   0  10 271   0   0   0]
 [  0   0   0   0   0   0   0   0   0   0   0 166   1   0]
 [  0   0   0   0   0   0   0   0   0   0   0   0 247   0]
 [  0   0   0   0   8   0   0   0   0   0   0   0   0  79]]---
Accuracy : 98.70%
---
class acc :
	Water: 100.00
	Hippo grass: 100.00
	Floodplain grasses 1: 100.00
	Floodplain grasses 2: 97.47
	Reeds: 97.17
	Riparian: 98.39
	Firescar: 100.00
	Island interior: 100.00
	Acacia woodlands: 98.62
	Acacia shrublands: 100.00
	Acacia grasslands: 96.44
	Short mopane: 99.40
	Mixed mopane: 100.00
	Exposed soils: 90.80
---
AA: 98.45%
Kappa: 98.59
run 4 / 5
Best validation overall accuracy 0.984375
Confusion matrix :
[[248   0   0   0   0   0   0   0   0   0   0   0   0   0]
 [  0  93   0   0   0   0   0   0   0   0   0   0   0   0]
 [  0   0 231   0   0   0   0   0   0   0   0   0   0   0]
 [  0   0   0 198   0   0   0   0   0   0   0   0   0   0]
 [  0   3   0   0 238   7   0   0   0   0   0   0   0   0]
 [  0   0   0   0   5 242   0   0   0   0   0   0   0   0]
 [  0   0   0   0   0   0 238   0   0   0   0   0   0   0]
 [  0   0   0   0   0   0   0 187   0   0   0   0   0   0]
 [  0   0   0   0   0  11   0   0 278   0   0   0   0   0]
 [  0   0   0   0   0   0   0   0   0 219   9   0   0   0]
 [  0   0   0   0   0   0   0   0   0  20 261   0   0   0]
 [  0   0   0   0   0   0   0   0   0   0   0 167   0   0]
 [  0   0   0   0   0   0   0   0   0   0   0   3 244   0]
 [  0   0   0   0   2   0   0   0   0   0   1   0   0  84]]---
Accuracy : 97.96%
---
class acc :
	Water: 100.00
	Hippo grass: 100.00
	Floodplain grasses 1: 100.00
	Floodplain grasses 2: 100.00
	Reeds: 95.97
	Riparian: 97.98
	Firescar: 100.00
	Island interior: 100.00
	Acacia woodlands: 96.19
	Acacia shrublands: 96.05
	Acacia grasslands: 92.88
	Short mopane: 100.00
	Mixed mopane: 98.79
	Exposed soils: 96.55
---
AA: 98.17%
Kappa: 97.79
run 5 / 5
Best validation overall accuracy 0.9765625
Confusion matrix :
[[248   0   0   0   0   0   0   0   0   0   0   0   0   0]
 [  0  93   0   0   0   0   0   0   0   0   0   0   0   0]
 [  0   0 231   0   0   0   0   0   0   0   0   0   0   0]
 [  0   0   0 198   0   0   0   0   0   0   0   0   0   0]
 [  0   0   0   4 242   2   0   0   0   0   0   0   0   0]
 [  0   0   0   0  18 182   0   0  47   0   0   0   0   0]
 [  0   0   0   0   0   0 238   0   0   0   0   0   0   0]
 [  0   0   0   0   0   0   0 187   0   0   0   0   0   0]
 [  0   0   0   0   0   0   0   0 289   0   0   0   0   0]
 [  0   0   0   0   0   0   0   0   0 228   0   0   0   0]
 [  0   0   0   0   0   0   0   0   0   0 281   0   0   0]
 [  0   0   0   0   0   0   0   0   0   0   0 165   2   0]
 [  0   0   0   0   0   0   0   0   0   0   0   0 247   0]
 [  0   0   0   0   0   0   0   0   0   0   0   0   0  87]]---
Accuracy : 97.56%
---
class acc :
	Water: 100.00
	Hippo grass: 100.00
	Floodplain grasses 1: 100.00
	Floodplain grasses 2: 100.00
	Reeds: 97.58
	Riparian: 73.68
	Firescar: 100.00
	Island interior: 100.00
	Acacia woodlands: 100.00
	Acacia shrublands: 100.00
	Acacia grasslands: 100.00
	Short mopane: 98.80
	Mixed mopane: 100.00
	Exposed soils: 100.00
---
AA: 97.86%
Kappa: 97.35
Agregated results :
Confusion matrix :
[[2.480e+02 0.000e+00 0.000e+00 0.000e+00 0.000e+00 0.000e+00 0.000e+00
  0.000e+00 0.000e+00 0.000e+00 0.000e+00 0.000e+00 0.000e+00 0.000e+00]
 [0.000e+00 9.300e+01 0.000e+00 0.000e+00 0.000e+00 0.000e+00 0.000e+00
  0.000e+00 0.000e+00 0.000e+00 0.000e+00 0.000e+00 0.000e+00 0.000e+00]
 [0.000e+00 0.000e+00 2.310e+02 0.000e+00 0.000e+00 0.000e+00 0.000e+00
  0.000e+00 0.000e+00 0.000e+00 0.000e+00 0.000e+00 0.000e+00 0.000e+00]
 [0.000e+00 0.000e+00 6.000e-01 1.956e+02 0.000e+00 0.000e+00 1.800e+00
  0.000e+00 0.000e+00 0.000e+00 0.000e+00 0.000e+00 0.000e+00 0.000e+00]
 [0.000e+00 6.000e-01 0.000e+00 8.000e-01 2.392e+02 6.800e+00 0.000e+00
  0.000e+00 0.000e+00 0.000e+00 0.000e+00 0.000e+00 0.000e+00 0.000e+00]
 [0.000e+00 0.000e+00 0.000e+00 0.000e+00 7.600e+00 2.292e+02 0.000e+00
  0.000e+00 1.080e+01 0.000e+00 0.000e+00 0.000e+00 0.000e+00 0.000e+00]
 [4.000e-01 0.000e+00 0.000e+00 0.000e+00 0.000e+00 0.000e+00 2.376e+02
  0.000e+00 0.000e+00 0.000e+00 0.000e+00 0.000e+00 0.000e+00 0.000e+00]
 [0.000e+00 0.000e+00 0.000e+00 0.000e+00 0.000e+00 0.000e+00 0.000e+00
  1.870e+02 0.000e+00 0.000e+00 0.000e+00 0.000e+00 0.000e+00 0.000e+00]
 [0.000e+00 0.000e+00 0.000e+00 0.000e+00 0.000e+00 5.800e+00 0.000e+00
  0.000e+00 2.828e+02 4.000e-01 0.000e+00 0.000e+00 0.000e+00 0.000e+00]
 [0.000e+00 0.000e+00 0.000e+00 0.000e+00 0.000e+00 0.000e+00 0.000e+00
  0.000e+00 0.000e+00 2.228e+02 5.200e+00 0.000e+00 0.000e+00 0.000e+00]
 [0.000e+00 0.000e+00 0.000e+00 0.000e+00 0.000e+00 0.000e+00 0.000e+00
  0.000e+00 0.000e+00 8.200e+00 2.728e+02 0.000e+00 0.000e+00 0.000e+00]
 [0.000e+00 0.000e+00 0.000e+00 0.000e+00 0.000e+00 0.000e+00 0.000e+00
  0.000e+00 0.000e+00 0.000e+00 0.000e+00 1.662e+02 8.000e-01 0.000e+00]
 [0.000e+00 0.000e+00 0.000e+00 0.000e+00 0.000e+00 0.000e+00 0.000e+00
  0.000e+00 0.000e+00 0.000e+00 0.000e+00 6.000e-01 2.464e+02 0.000e+00]
 [0.000e+00 0.000e+00 0.000e+00 0.000e+00 3.200e+00 0.000e+00 0.000e+00
  0.000e+00 0.000e+00 0.000e+00 2.000e-01 0.000e+00 0.000e+00 8.360e+01]]---
Accuracy: 98.20 +- 0.44
---
class acc :
	Water: 100.00 +- 0.00
	Hippo grass: 100.00 +- 0.00
	Floodplain grasses 1: 100.00 +- 0.00
	Floodplain grasses 2: 98.79 +- 1.04
	Reeds: 96.69 +- 0.65
	Riparian: 92.56 +- 9.50
	Firescar: 99.83 +- 0.34
	Island interior: 100.00 +- 0.00
	Acacia woodlands: 97.85 +- 2.02
	Acacia shrublands: 97.72 +- 3.01
	Acacia grasslands: 97.08 +- 2.69
	Short mopane: 99.52 +- 0.45
	Mixed mopane: 99.76 +- 0.49
	Exposed soils: 96.09 +- 2.96
---
AA: 98.28 +- 0.29
Kappa: 98.05 +- 0.48
