run 1 / 5
Best validation overall accuracy 0.9921875
Confusion matrix :
[[248   0   0   0   0   0   0   0   0   0   0   0   0   0]
 [  0  93   0   0   0   0   0   0   0   0   0   0   0   0]
 [  0   0 231   0   0   0   0   0   0   0   0   0   0   0]
 [  0   0   0 198   0   0   0   0   0   0   0   0   0   0]
 [  0   0   0   0 237  10   0   0   0   0   0   0   0   0]
 [  0   0   0   0   7 230   0   0  11   0   0   0   0   0]
 [  0   0   0   0   0   0 238   0   0   0   0   0   0   0]
 [  0   0   0   0   0   0   0 187   0   0   0   0   0   0]
 [  0   0   0   0   0   0   0   0 289   0   0   0   0   0]
 [  0   0   0   0   0   0   0   0   0 228   0   0   0   0]
 [  0   0   0   0   0   0   0   0   0  17 264   0   0   0]
 [  0   0   0   0   0   0   0   0   0   0   0 167   0   0]
 [  0   0   0   0   0   0   0   0   0   0   0   0 247   0]
 [  0   0   0   0   2   0   0   0   0   0   0   0   0  85]]---
Accuracy : 98.43%
---
class acc :
	Water: 100.00
	Hippo grass: 100.00
	Floodplain grasses 1: 100.00
	Floodplain grasses 2: 100.00
	Reeds: 95.95
	Riparian: 92.74
	Firescar: 100.00
	Island interior: 100.00
	Acacia woodlands: 100.00
	Acacia shrublands: 100.00
	Acacia grasslands: 93.95
	Short mopane: 100.00
	Mixed mopane: 100.00
	Exposed soils: 97.70
---
AA: 98.60%
Kappa: 98.30
run 2 / 5
Best validation overall accuracy 0.9921875
Confusion matrix :
[[248   0   0   0   0   0   0   0   0   0   0   0   0   0]
 [  0  93   0   0   0   0   0   0   0   0   0   0   0   0]
 [  0   0 231   0   0   0   0   0   0   0   0   0   0   0]
 [  0   0   0 195   0   0   3   0   0   0   0   0   0   0]
 [  0   0   0   0 238   9   0   0   0   0   0   0   0   0]
 [  0   0   0   0   4 244   0   0   0   0   0   0   0   0]
 [  0   0   0   0   0   0 238   0   0   0   0   0   0   0]
 [  0   0   0   0   0   0   0 187   0   0   0   0   0   0]
 [  0   0   0   0   0  11   0   0 278   0   0   0   0   0]
 [  0   0   0   0   0   0   0   0   0 210  18   0   0   0]
 [  0   0   0   0   0   0   0   0   0   0 281   0   0   0]
 [  0   0   0   0   0   0   0   0   0   0   0 167   0   0]
 [  0   0   0   0   0   0   0   0   0   0   0   0 247   0]
 [  0   0   0   0   3   0   0   3   0   0   0   0   1  80]]---
Accuracy : 98.26%
---
class acc :
	Water: 100.00
	Hippo grass: 100.00
	Floodplain grasses 1: 100.00
	Floodplain grasses 2: 98.48
	Reeds: 96.36
	Riparian: 98.39
	Firescar: 100.00
	Island interior: 100.00
	Acacia woodlands: 96.19
	Acacia shrublands: 92.11
	Acacia grasslands: 100.00
	Short mopane: 100.00
	Mixed mopane: 100.00
	Exposed soils: 91.95
---
AA: 98.11%
Kappa: 98.11
run 3 / 5
Best validation overall accuracy 0.9921875
Confusion matrix :
[[248   0   0   0   0   0   0   0   0   0   0   0   0   0]
 [  0  93   0   0   0   0   0   0   0   0   0   0   0   0]
 [  0   0 231   0   0   0   0   0   0   0   0   0   0   0]
 [  0   0   0 193   0   0   5   0   0   0   0   0   0   0]
 [  0   0   0   0 240   7   0   0   0   0   0   0   0   0]
 [  0   0   0   0   5 243   0   0   0   0   0   0   0   0]
 [  0   0   0   0   0   0 238   0   0   0   0   0   0   0]
 [  0   0   0   0   0   0   0 187   0   0   0   0   0   0]
 [  0   0   0   0   0  18   0   0 271   0   0   0   0   0]
 [  0   0   0   0   0   0   0   0   0 228   0   0   0   0]
 [  0   0   0   0   0   0   0   0   0  27 254   0   0   0]
 [  0   0   0   0   0   0   0   0   0   0   0 165   2   0]
 [  0   0   0   0   0   0   0   0   0   0   0   0 247   0]
 [  0   0   0   0   5   0   0   1   0   0   0   0   0  81]]---
Accuracy : 97.66%
---
class acc :
	Water: 100.00
	Hippo grass: 100.00
	Floodplain grasses 1: 100.00
	Floodplain grasses 2: 97.47
	Reeds: 97.17
	Riparian: 97.98
	Firescar: 100.00
	Island interior: 100.00
	Acacia woodlands: 93.77
	Acacia shrublands: 100.00
	Acacia grasslands: 90.39
	Short mopane: 98.80
	Mixed mopane: 100.00
	Exposed soils: 93.10
---
AA: 97.76%
Kappa: 97.46
run 4 / 5
Best validation overall accuracy 0.9765625
Confusion matrix :
[[248   0   0   0   0   0   0   0   0   0   0   0   0   0]
 [  0  93   0   0   0   0   0   0   0   0   0   0   0   0]
 [  0   0 231   0   0   0   0   0   0   0   0   0   0   0]
 [  0   0   0 198   0   0   0   0   0   0   0   0   0   0]
 [  0   2   0   0 236  10   0   0   0   0   0   0   0   0]
 [  0   0   0   0   6 230   0   0  11   0   0   0   0   0]
 [  0   0   0   0   0   0 238   0   0   0   0   0   0   0]
 [  0   0   0   0   0   0   0 187   0   0   0   0   0   0]
 [  0   0   0   0   0   0   0   0 289   0   0   0   0   0]
 [  0   0   0   0   0   0   0   0   0 208  20   0   0   0]
 [  0   0   0   0   0   0   0   0   0  14 267   0   0   0]
 [  0   0   0   0   0   0   0   0   0   0   0 167   0   0]
 [  0   0   0   0   0   0   0   0   0   0   0   0 247   0]
 [  0   0   0   0   3   0   0   1   0   0   0   0   0  83]]---
Accuracy : 97.76%
---
class acc :
	Water: 100.00
	Hippo grass: 100.00
	Floodplain grasses 1: 100.00
	Floodplain grasses 2: 100.00
	Reeds: 95.16
	Riparian: 93.12
	Firescar: 100.00
	Island interior: 100.00
	Acacia woodlands: 100.00
	Acacia shrublands: 91.23
	Acacia grasslands: 95.02
	Short mopane: 100.00
	Mixed mopane: 100.00
	Exposed soils: 95.40
---
AA: 97.85%
Kappa: 97.57
run 5 / 5
Best validation overall accuracy 0.9765625
Confusion matrix :
[[248   0   0   0   0   0   0   0   0   0   0   0   0   0]
 [  0  93   0   0   0   0   0   0   0   0   0   0   0   0]
 [  0   0 231   0   0   0   0   0   0   0   0   0   0   0]
 [  0   0   0 198   0   0   0   0   0   0   0   0   0   0]
 [  0   0   0   4 241   3   0   0   0   0   0   0   0   0]
 [  0   0   0   0  19 184   0   0  44   0   0   0   0   0]
 [  0   0   0   0   0   0 238   0   0   0   0   0   0   0]
 [  0   0   0   0   0   0   0 187   0   0   0   0   0   0]
 [  0   0   0   0   0   0   0   0 289   0   0   0   0   0]
 [  0   0   0   0   0   0   0   0   0 216  12   0   0   0]
 [  0   0   0   0   0   0   0   0   0   0 281   0   0   0]
 [  0   0   0   0   0   0   0   0   0   0   0 164   3   0]
 [  0   0   0   0   0   0   0   0   0   0   0   0 247   0]
 [  0   0   0   0   1   0   0   2   0   0   0   0   0  84]]---
Accuracy : 97.06%
---
class acc :
	Water: 100.00
	Hippo grass: 100.00
	Floodplain grasses 1: 100.00
	Floodplain grasses 2: 100.00
	Reeds: 97.18
	Riparian: 74.49
	Firescar: 100.00
	Island interior: 100.00
	Acacia woodlands: 100.00
	Acacia shrublands: 94.74
	Acacia grasslands: 100.00
	Short mopane: 98.20
	Mixed mopane: 100.00
	Exposed soils: 96.55
---
AA: 97.23%
Kappa: 96.81
Agregated results :
Confusion matrix :
[[2.480e+02 0.000e+00 0.000e+00 0.000e+00 0.000e+00 0.000e+00 0.000e+00
  0.000e+00 0.000e+00 0.000e+00 0.000e+00 0.000e+00 0.000e+00 0.000e+00]
 [0.000e+00 9.300e+01 0.000e+00 0.000e+00 0.000e+00 0.000e+00 0.000e+00
  0.000e+00 0.000e+00 0.000e+00 0.000e+00 0.000e+00 0.000e+00 0.000e+00]
 [0.000e+00 0.000e+00 2.310e+02 0.000e+00 0.000e+00 0.000e+00 0.000e+00
  0.000e+00 0.000e+00 0.000e+00 0.000e+00 0.000e+00 0.000e+00 0.000e+00]
 [0.000e+00 0.000e+00 0.000e+00 1.964e+02 0.000e+00 0.000e+00 1.600e+00
  0.000e+00 0.000e+00 0.000e+00 0.000e+00 0.000e+00 0.000e+00 0.000e+00]
 [0.000e+00 4.000e-01 0.000e+00 8.000e-01 2.384e+02 7.800e+00 0.000e+00
  0.000e+00 0.000e+00 0.000e+00 0.000e+00 0.000e+00 0.000e+00 0.000e+00]
 [0.000e+00 0.000e+00 0.000e+00 0.000e+00 8.200e+00 2.262e+02 0.000e+00
  0.000e+00 1.320e+01 0.000e+00 0.000e+00 0.000e+00 0.000e+00 0.000e+00]
 [0.000e+00 0.000e+00 0.000e+00 0.000e+00 0.000e+00 0.000e+00 2.380e+02
  0.000e+00 0.000e+00 0.000e+00 0.000e+00 0.000e+00 0.000e+00 0.000e+00]
 [0.000e+00 0.000e+00 0.000e+00 0.000e+00 0.000e+00 0.000e+00 0.000e+00
  1.870e+02 0.000e+00 0.000e+00 0.000e+00 0.000e+00 0.000e+00 0.000e+00]
 [0.000e+00 0.000e+00 0.000e+00 0.000e+00 0.000e+00 5.800e+00 0.000e+00
  0.000e+00 2.832e+02 0.000e+00 0.000e+00 0.000e+00 0.000e+00 0.000e+00]
 [0.000e+00 0.000e+00 0.000e+00 0.000e+00 0.000e+00 0.000e+00 0.000e+00
  0.000e+00 0.000e+00 2.180e+02 1.000e+01 0.000e+00 0.000e+00 0.000e+00]
 [0.000e+00 0.000e+00 0.000e+00 0.000e+00 0.000e+00 0.000e+00 0.000e+00
  0.000e+00 0.000e+00 1.160e+01 2.694e+02 0.000e+00 0.000e+00 0.000e+00]
 [0.000e+00 0.000e+00 0.000e+00 0.000e+00 0.000e+00 0.000e+00 0.000e+00
  0.000e+00 0.000e+00 0.000e+00 0.000e+00 1.660e+02 1.000e+00 0.000e+00]
 [0.000e+00 0.000e+00 0.000e+00 0.000e+00 0.000e+00 0.000e+00 0.000e+00
  0.000e+00 0.000e+00 0.000e+00 0.000e+00 0.000e+00 2.470e+02 0.000e+00]
 [0.000e+00 0.000e+00 0.000e+00 0.000e+00 2.800e+00 0.000e+00 0.000e+00
  1.400e+00 0.000e+00 0.000e+00 0.000e+00 0.000e+00 2.000e-01 8.260e+01]]---
Accuracy: 97.83 +- 0.49
---
class acc :
	Water: 100.00 +- 0.00
	Hippo grass: 100.00 +- 0.00
	Floodplain grasses 1: 100.00 +- 0.00
	Floodplain grasses 2: 99.19 +- 1.04
	Reeds: 96.36 +- 0.76
	Riparian: 91.34 +- 8.75
	Firescar: 100.00 +- 0.00
	Island interior: 100.00 +- 0.00
	Acacia woodlands: 97.99 +- 2.57
	Acacia shrublands: 95.61 +- 3.76
	Acacia grasslands: 95.87 +- 3.70
	Short mopane: 99.40 +- 0.76
	Mixed mopane: 100.00 +- 0.00
	Exposed soils: 94.94 +- 2.13
---
AA: 97.91 +- 0.45
Kappa: 97.65 +- 0.53
