run 1 / 5
Best validation overall accuracy 0.9921875
Confusion matrix :
[[248   0   0   0   0   0   0   0   0   0   0   0   0   0]
 [  0  90   0   0   3   0   0   0   0   0   0   0   0   0]
 [  0   0 231   0   0   0   0   0   0   0   0   0   0   0]
 [  0   0   0 197   1   0   0   0   0   0   0   0   0   0]
 [  0   0   0   0 235  12   0   0   0   0   0   0   0   0]
 [  0   0   0   0   0 248   0   0   0   0   0   0   0   0]
 [  0   0   0   0   0   0 238   0   0   0   0   0   0   0]
 [  0   0   0   0   0   0   0 187   0   0   0   0   0   0]
 [  0   0   0   0   0   4   0   0 283   2   0   0   0   0]
 [  0   0   0   0   0   0   0   0   0 228   0   0   0   0]
 [  0   0   0   0   0   0   0   0   0  25 256   0   0   0]
 [  0   0   0   0   0   0   0   0   0   0   0 167   0   0]
 [  0   0   0   0   0   0   0   0   0   0   0   3 244   0]
 [  0   0   0   0   1   0   0   0   0   0   0   0   0  86]]---
Accuracy : 98.29%
---
class acc :
	Water: 100.00
	Hippo grass: 96.77
	Floodplain grasses 1: 100.00
	Floodplain grasses 2: 99.49
	Reeds: 95.14
	Riparian: 100.00
	Firescar: 100.00
	Island interior: 100.00
	Acacia woodlands: 97.92
	Acacia shrublands: 100.00
	Acacia grasslands: 91.10
	Short mopane: 100.00
	Mixed mopane: 98.79
	Exposed soils: 98.85
---
AA: 98.43%
Kappa: 98.15
run 2 / 5
Best validation overall accuracy 1.0
Confusion matrix :
[[248   0   0   0   0   0   0   0   0   0   0   0   0   0]
 [  0  93   0   0   0   0   0   0   0   0   0   0   0   0]
 [  0   0 231   0   0   0   0   0   0   0   0   0   0   0]
 [  0   0   0 198   0   0   0   0   0   0   0   0   0   0]
 [  0   0   0   0 240   7   0   0   0   0   0   0   0   0]
 [  0   0   0   0   3 245   0   0   0   0   0   0   0   0]
 [  0   0   0   0   0   0 238   0   0   0   0   0   0   0]
 [  0   0   0   0   0   0   0 187   0   0   0   0   0   0]
 [  0   0   0   0   0  14   0   0 275   0   0   0   0   0]
 [  0   0   0   0   0   0   0   0   0 221   7   0   0   0]
 [  0   0   0   0   0   0   0   0   0   0 281   0   0   0]
 [  0   0   0   0   0   0   0   0   0   0   0 165   2   0]
 [  0   0   0   0   0   0   0   0   0   0   0   0 247   0]
 [  0   0   0   0   4   0   0   0   0   0   0   0   0  83]]---
Accuracy : 98.76%
---
class acc :
	Water: 100.00
	Hippo grass: 100.00
	Floodplain grasses 1: 100.00
	Floodplain grasses 2: 100.00
	Reeds: 97.17
	Riparian: 98.79
	Firescar: 100.00
	Island interior: 100.00
	Acacia woodlands: 95.16
	Acacia shrublands: 96.93
	Acacia grasslands: 100.00
	Short mopane: 98.80
	Mixed mopane: 100.00
	Exposed soils: 95.40
---
AA: 98.73%
Kappa: 98.66
run 3 / 5
Best validation overall accuracy 1.0
Confusion matrix :
[[248   0   0   0   0   0   0   0   0   0   0   0   0   0]
 [  0  93   0   0   0   0   0   0   0   0   0   0   0   0]
 [  0   0 231   0   0   0   0   0   0   0   0   0   0   0]
 [  0   0   5 192   0   0   1   0   0   0   0   0   0   0]
 [  0   0   0   0 246   1   0   0   0   0   0   0   0   0]
 [  0   0   0   0  12 236   0   0   0   0   0   0   0   0]
 [  0   0   0   0   0   0 238   0   0   0   0   0   0   0]
 [  0   0   0   0   0   0   0 187   0   0   0   0   0   0]
 [  0   0   0   0   0  19   0   0 270   0   0   0   0   0]
 [  0   0   0   0   0   0   0   0   0 228   0   0   0   0]
 [  0   0   0   0   0   0   0   0   0  34 247   0   0   0]
 [  0   0   0   0   0   0   0   0   0   0   0 166   1   0]
 [  0   0   0   0   0   0   0   0   0   0   0   0 247   0]
 [  0   0   0   0   3   0   0   2   0   0   0   0   0  82]]---
Accuracy : 97.39%
---
class acc :
	Water: 100.00
	Hippo grass: 100.00
	Floodplain grasses 1: 100.00
	Floodplain grasses 2: 96.97
	Reeds: 99.60
	Riparian: 95.16
	Firescar: 100.00
	Island interior: 100.00
	Acacia woodlands: 93.43
	Acacia shrublands: 100.00
	Acacia grasslands: 87.90
	Short mopane: 99.40
	Mixed mopane: 100.00
	Exposed soils: 94.25
---
AA: 97.62%
Kappa: 97.17
run 4 / 5
Best validation overall accuracy 0.9921875
Confusion matrix :
[[248   0   0   0   0   0   0   0   0   0   0   0   0   0]
 [  0  93   0   0   0   0   0   0   0   0   0   0   0   0]
 [  0   0 231   0   0   0   0   0   0   0   0   0   0   0]
 [  0   0   0 198   0   0   0   0   0   0   0   0   0   0]
 [  0   3   0   0 238   7   0   0   0   0   0   0   0   0]
 [  0   0   0   0   2 244   0   0   1   0   0   0   0   0]
 [  0   0   0   0   0   0 238   0   0   0   0   0   0   0]
 [  0   0   0   0   0   0   0 187   0   0   0   0   0   0]
 [  0   0   0   0   0   3   0   0 286   0   0   0   0   0]
 [  0   0   0   0   0   0   0   0   0 224   4   0   0   0]
 [  0   0   0   0   0   0   0   0   0  12 269   0   0   0]
 [  0   0   0   0   0   0   0   0   0   0   0 167   0   0]
 [  0   0   0   0   0   0   0   0   0   0   0   3 244   0]
 [  0   0   0   0   2   0   0   0   0   0   0   0   0  85]]---
Accuracy : 98.76%
---
class acc :
	Water: 100.00
	Hippo grass: 100.00
	Floodplain grasses 1: 100.00
	Floodplain grasses 2: 100.00
	Reeds: 95.97
	Riparian: 98.79
	Firescar: 100.00
	Island interior: 100.00
	Acacia woodlands: 98.96
	Acacia shrublands: 98.25
	Acacia grasslands: 95.73
	Short mopane: 100.00
	Mixed mopane: 98.79
	Exposed soils: 97.70
---
AA: 98.87%
Kappa: 98.66
run 5 / 5
Best validation overall accuracy 0.9765625
Confusion matrix :
[[248   0   0   0   0   0   0   0   0   0   0   0   0   0]
 [  0  93   0   0   0   0   0   0   0   0   0   0   0   0]
 [  0   0 231   0   0   0   0   0   0   0   0   0   0   0]
 [  0   0   0 198   0   0   0   0   0   0   0   0   0   0]
 [  0   0   0   9 232   5   0   1   0   0   0   1   0   0]
 [  0   0   0   0  16 195   0   0  36   0   0   0   0   0]
 [  0   0   0   0   0   0 238   0   0   0   0   0   0   0]
 [  0   0   0   0   0   0   0 187   0   0   0   0   0   0]
 [  0   0   0   0   0   0   0   0 289   0   0   0   0   0]
 [  0   0   0   0   0   0   0   0   0 228   0   0   0   0]
 [  0   0   0   0   0   0   0   0   0   1 280   0   0   0]
 [  0   0   0   0   0   0   0   0   0   0   0 165   2   0]
 [  0   0   0   0   0   0   0   0   0   0   0   0 247   0]
 [  0   0   0   0   0   0   0   0   0   0   0   1   0  86]]---
Accuracy : 97.59%
---
class acc :
	Water: 100.00
	Hippo grass: 100.00
	Floodplain grasses 1: 100.00
	Floodplain grasses 2: 100.00
	Reeds: 93.55
	Riparian: 78.95
	Firescar: 100.00
	Island interior: 100.00
	Acacia woodlands: 100.00
	Acacia shrublands: 100.00
	Acacia grasslands: 99.64
	Short mopane: 98.80
	Mixed mopane: 100.00
	Exposed soils: 98.85
---
AA: 97.84%
Kappa: 97.39
Agregated results :
Confusion matrix :
[[2.480e+02 0.000e+00 0.000e+00 0.000e+00 0.000e+00 0.000e+00 0.000e+00
  0.000e+00 0.000e+00 0.000e+00 0.000e+00 0.000e+00 0.000e+00 0.000e+00]
 [0.000e+00 9.240e+01 0.000e+00 0.000e+00 6.000e-01 0.000e+00 0.000e+00
  0.000e+00 0.000e+00 0.000e+00 0.000e+00 0.000e+00 0.000e+00 0.000e+00]
 [0.000e+00 0.000e+00 2.310e+02 0.000e+00 0.000e+00 0.000e+00 0.000e+00
  0.000e+00 0.000e+00 0.000e+00 0.000e+00 0.000e+00 0.000e+00 0.000e+00]
 [0.000e+00 0.000e+00 1.000e+00 1.966e+02 2.000e-01 0.000e+00 2.000e-01
  0.000e+00 0.000e+00 0.000e+00 0.000e+00 0.000e+00 0.000e+00 0.000e+00]
 [0.000e+00 6.000e-01 0.000e+00 1.800e+00 2.382e+02 6.400e+00 0.000e+00
  2.000e-01 0.000e+00 0.000e+00 0.000e+00 2.000e-01 0.000e+00 0.000e+00]
 [0.000e+00 0.000e+00 0.000e+00 0.000e+00 6.600e+00 2.336e+02 0.000e+00
  0.000e+00 7.400e+00 0.000e+00 0.000e+00 0.000e+00 0.000e+00 0.000e+00]
 [0.000e+00 0.000e+00 0.000e+00 0.000e+00 0.000e+00 0.000e+00 2.380e+02
  0.000e+00 0.000e+00 0.000e+00 0.000e+00 0.000e+00 0.000e+00 0.000e+00]
 [0.000e+00 0.000e+00 0.000e+00 0.000e+00 0.000e+00 0.000e+00 0.000e+00
  1.870e+02 0.000e+00 0.000e+00 0.000e+00 0.000e+00 0.000e+00 0.000e+00]
 [0.000e+00 0.000e+00 0.000e+00 0.000e+00 0.000e+00 8.000e+00 0.000e+00
  0.000e+00 2.806e+02 4.000e-01 0.000e+00 0.000e+00 0.000e+00 0.000e+00]
 [0.000e+00 0.000e+00 0.000e+00 0.000e+00 0.000e+00 0.000e+00 0.000e+00
  0.000e+00 0.000e+00 2.258e+02 2.200e+00 0.000e+00 0.000e+00 0.000e+00]
 [0.000e+00 0.000e+00 0.000e+00 0.000e+00 0.000e+00 0.000e+00 0.000e+00
  0.000e+00 0.000e+00 1.440e+01 2.666e+02 0.000e+00 0.000e+00 0.000e+00]
 [0.000e+00 0.000e+00 0.000e+00 0.000e+00 0.000e+00 0.000e+00 0.000e+00
  0.000e+00 0.000e+00 0.000e+00 0.000e+00 1.660e+02 1.000e+00 0.000e+00]
 [0.000e+00 0.000e+00 0.000e+00 0.000e+00 0.000e+00 0.000e+00 0.000e+00
  0.000e+00 0.000e+00 0.000e+00 0.000e+00 1.200e+00 2.458e+02 0.000e+00]
 [0.000e+00 0.000e+00 0.000e+00 0.000e+00 2.000e+00 0.000e+00 0.000e+00
  4.000e-01 0.000e+00 0.000e+00 0.000e+00 2.000e-01 0.000e+00 8.440e+01]]---
Accuracy: 98.16 +- 0.58
---
class acc :
	Water: 100.00 +- 0.00
	Hippo grass: 99.35 +- 1.29
	Floodplain grasses 1: 100.00 +- 0.00
	Floodplain grasses 2: 99.29 +- 1.18
	Reeds: 96.28 +- 2.03
	Riparian: 94.34 +- 7.86
	Firescar: 100.00 +- 0.00
	Island interior: 100.00 +- 0.00
	Acacia woodlands: 97.09 +- 2.44
	Acacia shrublands: 99.04 +- 1.25
	Acacia grasslands: 94.88 +- 4.75
	Short mopane: 99.40 +- 0.54
	Mixed mopane: 99.51 +- 0.60
	Exposed soils: 97.01 +- 1.87
---
AA: 98.30 +- 0.49
Kappa: 98.01 +- 0.62
