run 1 / 5
Best validation overall accuracy 0.9921875
Confusion matrix :
[[248   0   0   0   0   0   0   0   0   0   0   0   0   0]
 [  0  93   0   0   0   0   0   0   0   0   0   0   0   0]
 [  0   0 231   0   0   0   0   0   0   0   0   0   0   0]
 [  0   0   3 194   0   0   1   0   0   0   0   0   0   0]
 [  0   0   0   0 237  10   0   0   0   0   0   0   0   0]
 [  0   0   0   0   1 245   0   0   2   0   0   0   0   0]
 [  0   0   0   0   0   0 238   0   0   0   0   0   0   0]
 [  0   0   0   0   0   0   0 187   0   0   0   0   0   0]
 [  0   0   0   0   0   0   0   0 288   1   0   0   0   0]
 [  0   0   0   0   0   0   0   0   0 228   0   0   0   0]
 [  0   0   0   0   0   0   0   0   0  23 258   0   0   0]
 [  0   0   0   0   0   0   0   0   0   0   0 167   0   0]
 [  0   0   0   0   0   0   0   0   0   0   0   1 246   0]
 [  0   0   0   0   2   0   0   0   0   0   0   0   0  85]]---
Accuracy : 98.53%
---
class acc :
	Water: 100.00
	Hippo grass: 100.00
	Floodplain grasses 1: 100.00
	Floodplain grasses 2: 97.98
	Reeds: 95.95
	Riparian: 98.79
	Firescar: 100.00
	Island interior: 100.00
	Acacia woodlands: 99.65
	Acacia shrublands: 100.00
	Acacia grasslands: 91.81
	Short mopane: 100.00
	Mixed mopane: 99.60
	Exposed soils: 97.70
---
AA: 98.68%
Kappa: 98.41
run 2 / 5
Best validation overall accuracy 1.0
Confusion matrix :
[[248   0   0   0   0   0   0   0   0   0   0   0   0   0]
 [  0  93   0   0   0   0   0   0   0   0   0   0   0   0]
 [  0   0 231   0   0   0   0   0   0   0   0   0   0   0]
 [  0   0   0 198   0   0   0   0   0   0   0   0   0   0]
 [  0   0   0   0 236  11   0   0   0   0   0   0   0   0]
 [  0   0   0   0   1 243   0   0   4   0   0   0   0   0]
 [  0   0   0   0   0   0 238   0   0   0   0   0   0   0]
 [  0   0   0   0   0   0   0 187   0   0   0   0   0   0]
 [  0   0   0   0   0   0   0   0 289   0   0   0   0   0]
 [  0   0   0   0   0   0   0   0   0 213  15   0   0   0]
 [  0   0   0   0   0   0   0   0   0   0 281   0   0   0]
 [  0   0   0   0   0   0   0   0   0   0   0 167   0   0]
 [  0   0   0   0   0   0   0   0   0   0   0   0 247   0]
 [  0   0   0   0   1   0   0   0   0   0   0   0   0  86]]---
Accuracy : 98.93%
---
class acc :
	Water: 100.00
	Hippo grass: 100.00
	Floodplain grasses 1: 100.00
	Floodplain grasses 2: 100.00
	Reeds: 95.55
	Riparian: 97.98
	Firescar: 100.00
	Island interior: 100.00
	Acacia woodlands: 100.00
	Acacia shrublands: 93.42
	Acacia grasslands: 100.00
	Short mopane: 100.00
	Mixed mopane: 100.00
	Exposed soils: 98.85
---
AA: 98.99%
Kappa: 98.84
run 3 / 5
Best validation overall accuracy 0.9921875
Confusion matrix :
[[248   0   0   0   0   0   0   0   0   0   0   0   0   0]
 [  0  93   0   0   0   0   0   0   0   0   0   0   0   0]
 [  0   0 231   0   0   0   0   0   0   0   0   0   0   0]
 [  0   0   0 195   0   0   3   0   0   0   0   0   0   0]
 [  0   0   0   0 240   7   0   0   0   0   0   0   0   0]
 [  0   0   0   0   3 244   0   0   1   0   0   0   0   0]
 [  0   0   0   0   0   0 238   0   0   0   0   0   0   0]
 [  0   0   0   0   0   0   0 187   0   0   0   0   0   0]
 [  0   0   0   0   0   0   0   0 289   0   0   0   0   0]
 [  0   0   0   0   0   0   0   0   0 228   0   0   0   0]
 [  0   0   0   0   0   0   0   0   0  32 249   0   0   0]
 [  0   0   0   0   0   0   0   0   0   0   0 166   1   0]
 [  0   0   0   0   0   0   0   0   0   0   0   0 247   0]
 [  0   0   0   0   3   0   0   0   0   0   0   0   0  84]]---
Accuracy : 98.33%
---
class acc :
	Water: 100.00
	Hippo grass: 100.00
	Floodplain grasses 1: 100.00
	Floodplain grasses 2: 98.48
	Reeds: 97.17
	Riparian: 98.39
	Firescar: 100.00
	Island interior: 100.00
	Acacia woodlands: 100.00
	Acacia shrublands: 100.00
	Acacia grasslands: 88.61
	Short mopane: 99.40
	Mixed mopane: 100.00
	Exposed soils: 96.55
---
AA: 98.47%
Kappa: 98.19
run 4 / 5
Best validation overall accuracy 0.984375
Confusion matrix :
[[248   0   0   0   0   0   0   0   0   0   0   0   0   0]
 [  0  93   0   0   0   0   0   0   0   0   0   0   0   0]
 [  0   0 229   0   0   0   0   0   0   2   0   0   0   0]
 [  0   0   0 197   1   0   0   0   0   0   0   0   0   0]
 [  0   9   0   0 230   9   0   0   0   0   0   0   0   0]
 [  0   0   0   0   5 238   0   0   4   0   0   0   0   0]
 [  0   0   0   0   0   0 238   0   0   0   0   0   0   0]
 [  0   0   0   0   0   0   0 187   0   0   0   0   0   0]
 [  0   0   0   0   0   7   0   0 282   0   0   0   0   0]
 [  0   0   0   0   0   0   0   0   0 225   3   0   0   0]
 [  0   0   0   0   0   0   0   0   0  18 263   0   0   0]
 [  0   0   0   0   0   0   0   0   0   0   0 167   0   0]
 [  0   0   0   0   0   0   0   0   0   0   0   1 246   0]
 [  0   0   0   0   1   0   0   0   0   0   0   0   0  86]]---
Accuracy : 97.99%
---
class acc :
	Water: 100.00
	Hippo grass: 100.00
	Floodplain grasses 1: 99.13
	Floodplain grasses 2: 99.49
	Reeds: 92.74
	Riparian: 96.36
	Firescar: 100.00
	Island interior: 100.00
	Acacia woodlands: 97.58
	Acacia shrublands: 98.68
	Acacia grasslands: 93.59
	Short mopane: 100.00
	Mixed mopane: 99.60
	Exposed soils: 98.85
---
AA: 98.29%
Kappa: 97.83
run 5 / 5
Best validation overall accuracy 0.96875
Confusion matrix :
[[248   0   0   0   0   0   0   0   0   0   0   0   0   0]
 [  0  93   0   0   0   0   0   0   0   0   0   0   0   0]
 [  0   0 231   0   0   0   0   0   0   0   0   0   0   0]
 [  0   0   2 196   0   0   0   0   0   0   0   0   0   0]
 [  0   0   0   5 224  19   0   0   0   0   0   0   0   0]
 [  0   0   0   0  18 183   0   0  46   0   0   0   0   0]
 [  0   0   0   0   0   0 238   0   0   0   0   0   0   0]
 [  0   0   0   0   0   0   0 187   0   0   0   0   0   0]
 [  0   0   0   0   0   0   0   0 289   0   0   0   0   0]
 [  0   0   0   0   0   0   0   0   0 228   0   0   0   0]
 [  0   0   0   0   0   0   0   0   0   3 278   0   0   0]
 [  0   0   0   0   0   0   0   0   0   0   0 165   2   0]
 [  0   0   0   0   0   0   0   0   0   0   0   0 247   0]
 [  0   0   0   0   0   0   0   0   0   0   0   0   0  87]]---
Accuracy : 96.82%
---
class acc :
	Water: 100.00
	Hippo grass: 100.00
	Floodplain grasses 1: 100.00
	Floodplain grasses 2: 98.99
	Reeds: 90.32
	Riparian: 74.09
	Firescar: 100.00
	Island interior: 100.00
	Acacia woodlands: 100.00
	Acacia shrublands: 100.00
	Acacia grasslands: 98.93
	Short mopane: 98.80
	Mixed mopane: 100.00
	Exposed soils: 100.00
---
AA: 97.22%
Kappa: 96.56
Agregated results :
Confusion matrix :
[[2.480e+02 0.000e+00 0.000e+00 0.000e+00 0.000e+00 0.000e+00 0.000e+00
  0.000e+00 0.000e+00 0.000e+00 0.000e+00 0.000e+00 0.000e+00 0.000e+00]
 [0.000e+00 9.300e+01 0.000e+00 0.000e+00 0.000e+00 0.000e+00 0.000e+00
  0.000e+00 0.000e+00 0.000e+00 0.000e+00 0.000e+00 0.000e+00 0.000e+00]
 [0.000e+00 0.000e+00 2.306e+02 0.000e+00 0.000e+00 0.000e+00 0.000e+00
  0.000e+00 0.000e+00 4.000e-01 0.000e+00 0.000e+00 0.000e+00 0.000e+00]
 [0.000e+00 0.000e+00 1.000e+00 1.960e+02 2.000e-01 0.000e+00 8.000e-01
  0.000e+00 0.000e+00 0.000e+00 0.000e+00 0.000e+00 0.000e+00 0.000e+00]
 [0.000e+00 1.800e+00 0.000e+00 1.000e+00 2.334e+02 1.120e+01 0.000e+00
  0.000e+00 0.000e+00 0.000e+00 0.000e+00 0.000e+00 0.000e+00 0.000e+00]
 [0.000e+00 0.000e+00 0.000e+00 0.000e+00 5.600e+00 2.306e+02 0.000e+00
  0.000e+00 1.140e+01 0.000e+00 0.000e+00 0.000e+00 0.000e+00 0.000e+00]
 [0.000e+00 0.000e+00 0.000e+00 0.000e+00 0.000e+00 0.000e+00 2.380e+02
  0.000e+00 0.000e+00 0.000e+00 0.000e+00 0.000e+00 0.000e+00 0.000e+00]
 [0.000e+00 0.000e+00 0.000e+00 0.000e+00 0.000e+00 0.000e+00 0.000e+00
  1.870e+02 0.000e+00 0.000e+00 0.000e+00 0.000e+00 0.000e+00 0.000e+00]
 [0.000e+00 0.000e+00 0.000e+00 0.000e+00 0.000e+00 1.400e+00 0.000e+00
  0.000e+00 2.874e+02 2.000e-01 0.000e+00 0.000e+00 0.000e+00 0.000e+00]
 [0.000e+00 0.000e+00 0.000e+00 0.000e+00 0.000e+00 0.000e+00 0.000e+00
  0.000e+00 0.000e+00 2.244e+02 3.600e+00 0.000e+00 0.000e+00 0.000e+00]
 [0.000e+00 0.000e+00 0.000e+00 0.000e+00 0.000e+00 0.000e+00 0.000e+00
  0.000e+00 0.000e+00 1.520e+01 2.658e+02 0.000e+00 0.000e+00 0.000e+00]
 [0.000e+00 0.000e+00 0.000e+00 0.000e+00 0.000e+00 0.000e+00 0.000e+00
  0.000e+00 0.000e+00 0.000e+00 0.000e+00 1.664e+02 6.000e-01 0.000e+00]
 [0.000e+00 0.000e+00 0.000e+00 0.000e+00 0.000e+00 0.000e+00 0.000e+00
  0.000e+00 0.000e+00 0.000e+00 0.000e+00 4.000e-01 2.466e+02 0.000e+00]
 [0.000e+00 0.000e+00 0.000e+00 0.000e+00 1.400e+00 0.000e+00 0.000e+00
  0.000e+00 0.000e+00 0.000e+00 0.000e+00 0.000e+00 0.000e+00 8.560e+01]]---
Accuracy: 98.12 +- 0.72
---
class acc :
	Water: 100.00 +- 0.00
	Hippo grass: 100.00 +- 0.00
	Floodplain grasses 1: 99.83 +- 0.35
	Floodplain grasses 2: 98.99 +- 0.71
	Reeds: 94.35 +- 2.48
	Riparian: 93.12 +- 9.55
	Firescar: 100.00 +- 0.00
	Island interior: 100.00 +- 0.00
	Acacia woodlands: 99.45 +- 0.94
	Acacia shrublands: 98.42 +- 2.55
	Acacia grasslands: 94.59 +- 4.30
	Short mopane: 99.64 +- 0.48
	Mixed mopane: 99.84 +- 0.20
	Exposed soils: 98.39 +- 1.17
---
AA: 98.33 +- 0.60
Kappa: 97.96 +- 0.78
