run 1 / 5
Best validation overall accuracy 1.0
Confusion matrix :
[[248   0   0   0   0   0   0   0   0   0   0   0   0   0]
 [  0  93   0   0   0   0   0   0   0   0   0   0   0   0]
 [  0   0 231   0   0   0   0   0   0   0   0   0   0   0]
 [  0   0   0 198   0   0   0   0   0   0   0   0   0   0]
 [  0   0   0   0 235  12   0   0   0   0   0   0   0   0]
 [  0   0   0   0   1 244   0   0   3   0   0   0   0   0]
 [  0   0   0   0   0   0 238   0   0   0   0   0   0   0]
 [  0   0   0   0   0   0   0 187   0   0   0   0   0   0]
 [  0   0   0   0   0   0   0   0 287   2   0   0   0   0]
 [  0   0   0   0   0   0   0   0   0 228   0   0   0   0]
 [  0   0   0   0   0   0   0   0   0  12 269   0   0   0]
 [  0   0   0   0   0   0   0   0   0   0   0 167   0   0]
 [  0   0   0   0   0   0   0   0   0   0   0   1 246   0]
 [  0   0   0   0   2   0   0   0   0   0   0   0   0  85]]---
Accuracy : 98.90%
---
class acc :
	Water: 100.00
	Hippo grass: 100.00
	Floodplain grasses 1: 100.00
	Floodplain grasses 2: 100.00
	Reeds: 95.14
	Riparian: 98.39
	Firescar: 100.00
	Island interior: 100.00
	Acacia woodlands: 99.31
	Acacia shrublands: 100.00
	Acacia grasslands: 95.73
	Short mopane: 100.00
	Mixed mopane: 99.60
	Exposed soils: 97.70
---
AA: 98.99%
Kappa: 98.80
run 2 / 5
Best validation overall accuracy 1.0
Confusion matrix :
[[248   0   0   0   0   0   0   0   0   0   0   0   0   0]
 [  0  93   0   0   0   0   0   0   0   0   0   0   0   0]
 [  0   0 231   0   0   0   0   0   0   0   0   0   0   0]
 [  0   0   0 196   0   0   2   0   0   0   0   0   0   0]
 [  0   0   0   0 239   8   0   0   0   0   0   0   0   0]
 [  0   0   0   0   4 244   0   0   0   0   0   0   0   0]
 [  3   0   0   0   0   0 235   0   0   0   0   0   0   0]
 [  0   0   0   0   0   0   0 187   0   0   0   0   0   0]
 [  0   0   0   0   0  16   0   0 273   0   0   0   0   0]
 [  0   0   0   0   0   0   0   0   0 222   6   0   0   0]
 [  0   0   0   0   0   0   0   0   0   1 280   0   0   0]
 [  0   0   0   0   0   0   0   0   0   0   0 167   0   0]
 [  0   0   0   0   0   0   0   0   0   0   0   0 247   0]
 [  0   0   0   0   3   0   0   0   0   0   0   0   0  84]]---
Accuracy : 98.56%
---
class acc :
	Water: 100.00
	Hippo grass: 100.00
	Floodplain grasses 1: 100.00
	Floodplain grasses 2: 98.99
	Reeds: 96.76
	Riparian: 98.39
	Firescar: 98.74
	Island interior: 100.00
	Acacia woodlands: 94.46
	Acacia shrublands: 97.37
	Acacia grasslands: 99.64
	Short mopane: 100.00
	Mixed mopane: 100.00
	Exposed soils: 96.55
---
AA: 98.64%
Kappa: 98.44
run 3 / 5
Best validation overall accuracy 0.9921875
Confusion matrix :
[[248   0   0   0   0   0   0   0   0   0   0   0   0   0]
 [  0  93   0   0   0   0   0   0   0   0   0   0   0   0]
 [  0   0 231   0   0   0   0   0   0   0   0   0   0   0]
 [  0   0   0 196   0   0   2   0   0   0   0   0   0   0]
 [  0   1   0   0 241   5   0   0   0   0   0   0   0   0]
 [  0   0   0   0  12 236   0   0   0   0   0   0   0   0]
 [  0   0   0   0   0   0 238   0   0   0   0   0   0   0]
 [  0   0   0   0   0   0   0 187   0   0   0   0   0   0]
 [  0   0   0   0   0  13   0   0 276   0   0   0   0   0]
 [  0   0   0   0   0   0   0   0   0 228   0   0   0   0]
 [  0   0   0   0   0   0   0   0   0  15 266   0   0   0]
 [  0   0   0   0   0   0   0   0   0   0   0 165   2   0]
 [  0   0   0   0   0   0   0   0   0   0   0   0 247   0]
 [  0   0   0   0   4   0   0   2   0   0   0   0   0  81]]---
Accuracy : 98.13%
---
class acc :
	Water: 100.00
	Hippo grass: 100.00
	Floodplain grasses 1: 100.00
	Floodplain grasses 2: 98.99
	Reeds: 97.57
	Riparian: 95.16
	Firescar: 100.00
	Island interior: 100.00
	Acacia woodlands: 95.50
	Acacia shrublands: 100.00
	Acacia grasslands: 94.66
	Short mopane: 98.80
	Mixed mopane: 100.00
	Exposed soils: 93.10
---
AA: 98.13%
Kappa: 97.97
run 4 / 5
Best validation overall accuracy 0.9765625
Confusion matrix :
[[248   0   0   0   0   0   0   0   0   0   0   0   0   0]
 [  0  93   0   0   0   0   0   0   0   0   0   0   0   0]
 [  0   0 231   0   0   0   0   0   0   0   0   0   0   0]
 [  0   0   0 198   0   0   0   0   0   0   0   0   0   0]
 [  0   1   0   0 240   7   0   0   0   0   0   0   0   0]
 [  0   0   0   0   8 231   0   0   8   0   0   0   0   0]
 [  0   0   0   0   0   0 238   0   0   0   0   0   0   0]
 [  0   0   0   0   0   0   0 187   0   0   0   0   0   0]
 [  0   0   0   0   0   0   0   0 289   0   0   0   0   0]
 [  0   0   0   0   0   0   0   0   0 216  12   0   0   0]
 [  0   0   0   0   0   0   0   0   0  21 260   0   0   0]
 [  0   0   0   0   0   0   0   0   0   0   0 167   0   0]
 [  0   0   0   0   0   0   0   0   0   0   0   0 247   0]
 [  0   0   0   0   2   0   0   3   0   0   0   0   0  82]]---
Accuracy : 97.93%
---
class acc :
	Water: 100.00
	Hippo grass: 100.00
	Floodplain grasses 1: 100.00
	Floodplain grasses 2: 100.00
	Reeds: 96.77
	Riparian: 93.52
	Firescar: 100.00
	Island interior: 100.00
	Acacia woodlands: 100.00
	Acacia shrublands: 94.74
	Acacia grasslands: 92.53
	Short mopane: 100.00
	Mixed mopane: 100.00
	Exposed soils: 94.25
---
AA: 97.99%
Kappa: 97.75
run 5 / 5
Best validation overall accuracy 0.984375
Confusion matrix :
[[248   0   0   0   0   0   0   0   0   0   0   0   0   0]
 [  0  93   0   0   0   0   0   0   0   0   0   0   0   0]
 [  0   0 231   0   0   0   0   0   0   0   0   0   0   0]
 [  0   0   0 198   0   0   0   0   0   0   0   0   0   0]
 [  0   0   0   7 237   4   0   0   0   0   0   0   0   0]
 [  0   0   0   0   9 205   0   0  33   0   0   0   0   0]
 [  0   0   0   0   0   0 238   0   0   0   0   0   0   0]
 [  0   0   0   0   0   0   0 187   0   0   0   0   0   0]
 [  0   0   0   0   0   0   0   0 289   0   0   0   0   0]
 [  0   0   0   0   0   0   0   0   0 219   9   0   0   0]
 [  0   0   0   0   0   0   0   0   0   0 281   0   0   0]
 [  0   0   0   0   0   0   0   0   0   0   0 167   0   0]
 [  0   0   0   0   0   0   0   0   0   0   0   0 247   0]
 [  0   0   0   0   1   0   0   0   0   0   0   0   0  86]]---
Accuracy : 97.89%
---
class acc :
	Water: 100.00
	Hippo grass: 100.00
	Floodplain grasses 1: 100.00
	Floodplain grasses 2: 100.00
	Reeds: 95.56
	Riparian: 83.00
	Firescar: 100.00
	Island interior: 100.00
	Acacia woodlands: 100.00
	Acacia shrublands: 96.05
	Acacia grasslands: 100.00
	Short mopane: 100.00
	Mixed mopane: 100.00
	Exposed soils: 98.85
---
AA: 98.10%
Kappa: 97.72
Agregated results :
Confusion matrix :
[[2.480e+02 0.000e+00 0.000e+00 0.000e+00 0.000e+00 0.000e+00 0.000e+00
  0.000e+00 0.000e+00 0.000e+00 0.000e+00 0.000e+00 0.000e+00 0.000e+00]
 [0.000e+00 9.300e+01 0.000e+00 0.000e+00 0.000e+00 0.000e+00 0.000e+00
  0.000e+00 0.000e+00 0.000e+00 0.000e+00 0.000e+00 0.000e+00 0.000e+00]
 [0.000e+00 0.000e+00 2.310e+02 0.000e+00 0.000e+00 0.000e+00 0.000e+00
  0.000e+00 0.000e+00 0.000e+00 0.000e+00 0.000e+00 0.000e+00 0.000e+00]
 [0.000e+00 0.000e+00 0.000e+00 1.972e+02 0.000e+00 0.000e+00 8.000e-01
  0.000e+00 0.000e+00 0.000e+00 0.000e+00 0.000e+00 0.000e+00 0.000e+00]
 [0.000e+00 4.000e-01 0.000e+00 1.400e+00 2.384e+02 7.200e+00 0.000e+00
  0.000e+00 0.000e+00 0.000e+00 0.000e+00 0.000e+00 0.000e+00 0.000e+00]
 [0.000e+00 0.000e+00 0.000e+00 0.000e+00 6.800e+00 2.320e+02 0.000e+00
  0.000e+00 8.800e+00 0.000e+00 0.000e+00 0.000e+00 0.000e+00 0.000e+00]
 [6.000e-01 0.000e+00 0.000e+00 0.000e+00 0.000e+00 0.000e+00 2.374e+02
  0.000e+00 0.000e+00 0.000e+00 0.000e+00 0.000e+00 0.000e+00 0.000e+00]
 [0.000e+00 0.000e+00 0.000e+00 0.000e+00 0.000e+00 0.000e+00 0.000e+00
  1.870e+02 0.000e+00 0.000e+00 0.000e+00 0.000e+00 0.000e+00 0.000e+00]
 [0.000e+00 0.000e+00 0.000e+00 0.000e+00 0.000e+00 5.800e+00 0.000e+00
  0.000e+00 2.828e+02 4.000e-01 0.000e+00 0.000e+00 0.000e+00 0.000e+00]
 [0.000e+00 0.000e+00 0.000e+00 0.000e+00 0.000e+00 0.000e+00 0.000e+00
  0.000e+00 0.000e+00 2.226e+02 5.400e+00 0.000e+00 0.000e+00 0.000e+00]
 [0.000e+00 0.000e+00 0.000e+00 0.000e+00 0.000e+00 0.000e+00 0.000e+00
  0.000e+00 0.000e+00 9.800e+00 2.712e+02 0.000e+00 0.000e+00 0.000e+00]
 [0.000e+00 0.000e+00 0.000e+00 0.000e+00 0.000e+00 0.000e+00 0.000e+00
  0.000e+00 0.000e+00 0.000e+00 0.000e+00 1.666e+02 4.000e-01 0.000e+00]
 [0.000e+00 0.000e+00 0.000e+00 0.000e+00 0.000e+00 0.000e+00 0.000e+00
  0.000e+00 0.000e+00 0.000e+00 0.000e+00 2.000e-01 2.468e+02 0.000e+00]
 [0.000e+00 0.000e+00 0.000e+00 0.000e+00 2.400e+00 0.000e+00 0.000e+00
  1.000e+00 0.000e+00 0.000e+00 0.000e+00 0.000e+00 0.000e+00 8.360e+01]]---
Accuracy: 98.28 +- 0.39
---
class acc :
	Water: 100.00 +- 0.00
	Hippo grass: 100.00 +- 0.00
	Floodplain grasses 1: 100.00 +- 0.00
	Floodplain grasses 2: 99.60 +- 0.49
	Reeds: 96.36 +- 0.88
	Riparian: 93.69 +- 5.67
	Firescar: 99.75 +- 0.50
	Island interior: 100.00 +- 0.00
	Acacia woodlands: 97.85 +- 2.38
	Acacia shrublands: 97.63 +- 2.11
	Acacia grasslands: 96.51 +- 2.89
	Short mopane: 99.76 +- 0.48
	Mixed mopane: 99.92 +- 0.16
	Exposed soils: 96.09 +- 2.13
---
AA: 98.37 +- 0.38
Kappa: 98.14 +- 0.42
