run 1 / 5
Best validation overall accuracy 0.9947916666666666
Confusion matrix :
[[238   0   0   0   0   0   0   0   0   0   0   0   0   0]
 [  0  80   0   0   9   0   0   0   0   0   0   0   0   0]
 [  0   0 221   0   0   0   0   0   0   0   0   0   0   0]
 [  0   0   0 189   0   0   0   0   0   0   0   0   0   0]
 [  0   0   0   0 224  13   0   0   0   0   0   0   0   0]
 [  0   0   0   0   1 211   0   0  25   0   0   0   0   0]
 [  0   0   0   0   0   0 228   0   0   0   0   0   0   0]
 [  0   0   0   0   0   0   0 179   0   0   0   0   0   0]
 [  0   0   0   0   0   0   0   0 276   0   0   0   0   0]
 [  0   0   0   0   0   0   0   0   0 209   9   0   0   0]
 [  0   0   0   0   0   0   0   0   0   3 265   0   0   0]
 [  0   0   0   0   0   0   0   0   0   0   0 159   0   0]
 [  0   0   0   0   0   0   0   0   0   0   0   0 236   0]
 [  0   0   0   0   3   0   0   0   0   0   0   1   0  80]]---
Accuracy : 97.76%
---
class acc :
	Water: 100.00
	Hippo grass: 89.89
	Floodplain grasses 1: 100.00
	Floodplain grasses 2: 100.00
	Reeds: 94.51
	Riparian: 89.03
	Firescar: 100.00
	Island interior: 100.00
	Acacia woodlands: 100.00
	Acacia shrublands: 95.87
	Acacia grasslands: 98.88
	Short mopane: 100.00
	Mixed mopane: 100.00
	Exposed soils: 95.24
---
AA: 97.39%
Kappa: 97.57
run 2 / 5
Best validation overall accuracy 1.0
Confusion matrix :
[[238   0   0   0   0   0   0   0   0   0   0   0   0   0]
 [  0  89   0   0   0   0   0   0   0   0   0   0   0   0]
 [  0   0 221   0   0   0   0   0   0   0   0   0   0   0]
 [  0   0   3 186   0   0   0   0   0   0   0   0   0   0]
 [  0   0   0   0 236   1   0   0   0   0   0   0   0   0]
 [  0   0   0   0   2 235   0   0   0   0   0   0   0   0]
 [  0   0   0   0   0   0 228   0   0   0   0   0   0   0]
 [  0   0   0   0   0   0   0 179   0   0   0   0   0   0]
 [  0   0   0   0   0  11   0   0 265   0   0   0   0   0]
 [  0   0   0   0   0   0   0   0   0 218   0   0   0   0]
 [  0   0   0   0   0   0   0   0   0   0 268   0   0   0]
 [  0   0   0   0   0   0   0   0   0   0   0 159   0   0]
 [  0   0   0   0   0   0   0   0   0   0   0   0 236   0]
 [  0   0   0   0   1   1   0   0   0   0   0   3   0  79]]---
Accuracy : 99.23%
---
class acc :
	Water: 100.00
	Hippo grass: 100.00
	Floodplain grasses 1: 100.00
	Floodplain grasses 2: 98.41
	Reeds: 99.58
	Riparian: 99.16
	Firescar: 100.00
	Island interior: 100.00
	Acacia woodlands: 96.01
	Acacia shrublands: 100.00
	Acacia grasslands: 100.00
	Short mopane: 100.00
	Mixed mopane: 100.00
	Exposed soils: 94.05
---
AA: 99.09%
Kappa: 99.17
run 3 / 5
Best validation overall accuracy 0.9947916666666666
Confusion matrix :
[[238   0   0   0   0   0   0   0   0   0   0   0   0   0]
 [  0  89   0   0   0   0   0   0   0   0   0   0   0   0]
 [  0   0 221   0   0   0   0   0   0   0   0   0   0   0]
 [  0   0   0 183   6   0   0   0   0   0   0   0   0   0]
 [  0   0   0   0 230   7   0   0   0   0   0   0   0   0]
 [  0   0   0   0   0 237   0   0   0   0   0   0   0   0]
 [  0   0   0   0   0   0 228   0   0   0   0   0   0   0]
 [  0   0   0   0   0   0   0 179   0   0   0   0   0   0]
 [  0   0   0   0   0   5   0   0 271   0   0   0   0   0]
 [  0   0   0   0   0   0   0   0   0 218   0   0   0   0]
 [  0   0   0   0   0   0   0   0   0  26 242   0   0   0]
 [  0   0   0   0   0   0   0   0   0   0   0 159   0   0]
 [  0   0   0   0   0   0   0   0   0   0   0   0 236   0]
 [  0   0   0   0   0   0   0   0   0   0   0   0   0  84]]---
Accuracy : 98.46%
---
class acc :
	Water: 100.00
	Hippo grass: 100.00
	Floodplain grasses 1: 100.00
	Floodplain grasses 2: 96.83
	Reeds: 97.05
	Riparian: 100.00
	Firescar: 100.00
	Island interior: 100.00
	Acacia woodlands: 98.19
	Acacia shrublands: 100.00
	Acacia grasslands: 90.30
	Short mopane: 100.00
	Mixed mopane: 100.00
	Exposed soils: 100.00
---
AA: 98.74%
Kappa: 98.33
run 4 / 5
Best validation overall accuracy 1.0
Confusion matrix :
[[238   0   0   0   0   0   0   0   0   0   0   0   0   0]
 [  0  87   0   0   2   0   0   0   0   0   0   0   0   0]
 [  0   0 221   0   0   0   0   0   0   0   0   0   0   0]
 [  0   0   0 189   0   0   0   0   0   0   0   0   0   0]
 [  0   0   0   0 230   7   0   0   0   0   0   0   0   0]
 [  0   0   0   0   6 225   0   0   6   0   0   0   0   0]
 [  0   0   0   0   0   0 228   0   0   0   0   0   0   0]
 [  0   0   0   0   0   0   0 179   0   0   0   0   0   0]
 [  0   0   0   0   0   0   0   0 276   0   0   0   0   0]
 [  0   0   0   0   0   0   0   0   0 218   0   0   0   0]
 [  0   0   0   0   0   0   0   0   0   2 266   0   0   0]
 [  0   0   0   0   0   0   0   0   0   0   0 159   0   0]
 [  0   0   0   0   0   0   0   0   0   0   0   2 234   0]
 [  0   0   0   0   0   0   0   0   0   0   0   0   0  84]]---
Accuracy : 99.13%
---
class acc :
	Water: 100.00
	Hippo grass: 97.75
	Floodplain grasses 1: 100.00
	Floodplain grasses 2: 100.00
	Reeds: 97.05
	Riparian: 94.94
	Firescar: 100.00
	Island interior: 100.00
	Acacia woodlands: 100.00
	Acacia shrublands: 100.00
	Acacia grasslands: 99.25
	Short mopane: 100.00
	Mixed mopane: 99.15
	Exposed soils: 100.00
---
AA: 99.15%
Kappa: 99.05
run 5 / 5
Best validation overall accuracy 0.9947916666666666
Confusion matrix :
[[238   0   0   0   0   0   0   0   0   0   0   0   0   0]
 [  0  89   0   0   0   0   0   0   0   0   0   0   0   0]
 [  0   0 221   0   0   0   0   0   0   0   0   0   0   0]
 [  0   0   0 189   0   0   0   0   0   0   0   0   0   0]
 [  0   0   0  15 216   6   0   0   0   0   0   0   0   0]
 [  0   0   0   0  13 224   0   0   0   0   0   0   0   0]
 [  0   0   0   0   0   0 228   0   0   0   0   0   0   0]
 [  0   0   0   0   0   0   0 179   0   0   0   0   0   0]
 [  0   0   0   0   0   0   0   0 276   0   0   0   0   0]
 [  0   0   0   0   0   0   0   0   0 218   0   0   0   0]
 [  0   0   0   0   0   0   0   2   0   4 262   0   0   0]
 [  0   0   0   0   0   0   0   0   0   0   0 157   2   0]
 [  0   0   0   0   0   0   0   0   0   0   0   0 236   0]
 [  0   0   0   0   0   0   0   0   0   0   0   0   0  84]]---
Accuracy : 98.53%
---
class acc :
	Water: 100.00
	Hippo grass: 100.00
	Floodplain grasses 1: 100.00
	Floodplain grasses 2: 100.00
	Reeds: 91.14
	Riparian: 94.51
	Firescar: 100.00
	Island interior: 100.00
	Acacia woodlands: 100.00
	Acacia shrublands: 100.00
	Acacia grasslands: 97.76
	Short mopane: 98.74
	Mixed mopane: 100.00
	Exposed soils: 100.00
---
AA: 98.73%
Kappa: 98.41
Agregated results :
Confusion matrix :
[[2.380e+02 0.000e+00 0.000e+00 0.000e+00 0.000e+00 0.000e+00 0.000e+00
  0.000e+00 0.000e+00 0.000e+00 0.000e+00 0.000e+00 0.000e+00 0.000e+00]
 [0.000e+00 8.680e+01 0.000e+00 0.000e+00 2.200e+00 0.000e+00 0.000e+00
  0.000e+00 0.000e+00 0.000e+00 0.000e+00 0.000e+00 0.000e+00 0.000e+00]
 [0.000e+00 0.000e+00 2.210e+02 0.000e+00 0.000e+00 0.000e+00 0.000e+00
  0.000e+00 0.000e+00 0.000e+00 0.000e+00 0.000e+00 0.000e+00 0.000e+00]
 [0.000e+00 0.000e+00 6.000e-01 1.872e+02 1.200e+00 0.000e+00 0.000e+00
  0.000e+00 0.000e+00 0.000e+00 0.000e+00 0.000e+00 0.000e+00 0.000e+00]
 [0.000e+00 0.000e+00 0.000e+00 3.000e+00 2.272e+02 6.800e+00 0.000e+00
  0.000e+00 0.000e+00 0.000e+00 0.000e+00 0.000e+00 0.000e+00 0.000e+00]
 [0.000e+00 0.000e+00 0.000e+00 0.000e+00 4.400e+00 2.264e+02 0.000e+00
  0.000e+00 6.200e+00 0.000e+00 0.000e+00 0.000e+00 0.000e+00 0.000e+00]
 [0.000e+00 0.000e+00 0.000e+00 0.000e+00 0.000e+00 0.000e+00 2.280e+02
  0.000e+00 0.000e+00 0.000e+00 0.000e+00 0.000e+00 0.000e+00 0.000e+00]
 [0.000e+00 0.000e+00 0.000e+00 0.000e+00 0.000e+00 0.000e+00 0.000e+00
  1.790e+02 0.000e+00 0.000e+00 0.000e+00 0.000e+00 0.000e+00 0.000e+00]
 [0.000e+00 0.000e+00 0.000e+00 0.000e+00 0.000e+00 3.200e+00 0.000e+00
  0.000e+00 2.728e+02 0.000e+00 0.000e+00 0.000e+00 0.000e+00 0.000e+00]
 [0.000e+00 0.000e+00 0.000e+00 0.000e+00 0.000e+00 0.000e+00 0.000e+00
  0.000e+00 0.000e+00 2.162e+02 1.800e+00 0.000e+00 0.000e+00 0.000e+00]
 [0.000e+00 0.000e+00 0.000e+00 0.000e+00 0.000e+00 0.000e+00 0.000e+00
  4.000e-01 0.000e+00 7.000e+00 2.606e+02 0.000e+00 0.000e+00 0.000e+00]
 [0.000e+00 0.000e+00 0.000e+00 0.000e+00 0.000e+00 0.000e+00 0.000e+00
  0.000e+00 0.000e+00 0.000e+00 0.000e+00 1.586e+02 4.000e-01 0.000e+00]
 [0.000e+00 0.000e+00 0.000e+00 0.000e+00 0.000e+00 0.000e+00 0.000e+00
  0.000e+00 0.000e+00 0.000e+00 0.000e+00 4.000e-01 2.356e+02 0.000e+00]
 [0.000e+00 0.000e+00 0.000e+00 0.000e+00 8.000e-01 2.000e-01 0.000e+00
  0.000e+00 0.000e+00 0.000e+00 0.000e+00 8.000e-01 0.000e+00 8.220e+01]]---
Accuracy: 98.62 +- 0.53
---
class acc :
	Water: 100.00 +- 0.00
	Hippo grass: 97.53 +- 3.92
	Floodplain grasses 1: 100.00 +- 0.00
	Floodplain grasses 2: 99.05 +- 1.27
	Reeds: 95.86 +- 2.85
	Riparian: 95.53 +- 3.92
	Firescar: 100.00 +- 0.00
	Island interior: 100.00 +- 0.00
	Acacia woodlands: 98.84 +- 1.58
	Acacia shrublands: 99.17 +- 1.65
	Acacia grasslands: 97.24 +- 3.54
	Short mopane: 99.75 +- 0.50
	Mixed mopane: 99.83 +- 0.34
	Exposed soils: 97.86 +- 2.65
---
AA: 98.62 +- 0.64
Kappa: 98.51 +- 0.57
