run 1 / 5
Best validation overall accuracy 1.0
Confusion matrix :
[[238   0   0   0   0   0   0   0   0   0   0   0   0   0]
 [  0  84   0   0   5   0   0   0   0   0   0   0   0   0]
 [  0   0 221   0   0   0   0   0   0   0   0   0   0   0]
 [  0   0   0 189   0   0   0   0   0   0   0   0   0   0]
 [  0   0   0   0 227  10   0   0   0   0   0   0   0   0]
 [  0   0   0   0   0 237   0   0   0   0   0   0   0   0]
 [  0   0   0   0   0   0 228   0   0   0   0   0   0   0]
 [  0   0   0   0   0   0   0 179   0   0   0   0   0   0]
 [  0   0   0   0   0   0   0   0 275   1   0   0   0   0]
 [  0   0   0   0   0   0   0   0   0 218   0   0   0   0]
 [  0   0   0   0   0   0   0   0   0   4 264   0   0   0]
 [  0   0   0   0   0   0   0   0   0   0   0 159   0   0]
 [  0   0   0   0   0   0   0   0   0   0   0   0 236   0]
 [  0   0   0   0   1   0   0   0   0   0   0   1   0  82]]---
Accuracy : 99.23%
---
class acc :
	Water: 100.00
	Hippo grass: 94.38
	Floodplain grasses 1: 100.00
	Floodplain grasses 2: 100.00
	Reeds: 95.78
	Riparian: 100.00
	Firescar: 100.00
	Island interior: 100.00
	Acacia woodlands: 99.64
	Acacia shrublands: 100.00
	Acacia grasslands: 98.51
	Short mopane: 100.00
	Mixed mopane: 100.00
	Exposed soils: 97.62
---
AA: 98.99%
Kappa: 99.17
run 2 / 5
Best validation overall accuracy 1.0
Confusion matrix :
[[238   0   0   0   0   0   0   0   0   0   0   0   0   0]
 [  0  89   0   0   0   0   0   0   0   0   0   0   0   0]
 [  0   0 221   0   0   0   0   0   0   0   0   0   0   0]
 [  0   0   0 189   0   0   0   0   0   0   0   0   0   0]
 [  0   0   0   2 235   0   0   0   0   0   0   0   0   0]
 [  0   0   0   0   4 233   0   0   0   0   0   0   0   0]
 [  0   0   0   0   0   0 228   0   0   0   0   0   0   0]
 [  0   0   0   0   0   0   0 179   0   0   0   0   0   0]
 [  0   0   0   0   0   0   0   0 276   0   0   0   0   0]
 [  0   0   0   0   0   0   0   0   0 218   0   0   0   0]
 [  0   0   0   0   0   0   0   0   0   0 268   0   0   0]
 [  0   0   0   0   0   0   0   0   0   0   0 159   0   0]
 [  0   0   0   0   0   0   0   0   0   0   0   0 236   0]
 [  0   0   0   0   4   0   0   0   0   0   0   2   0  78]]---
Accuracy : 99.58%
---
class acc :
	Water: 100.00
	Hippo grass: 100.00
	Floodplain grasses 1: 100.00
	Floodplain grasses 2: 100.00
	Reeds: 99.16
	Riparian: 98.31
	Firescar: 100.00
	Island interior: 100.00
	Acacia woodlands: 100.00
	Acacia shrublands: 100.00
	Acacia grasslands: 100.00
	Short mopane: 100.00
	Mixed mopane: 100.00
	Exposed soils: 92.86
---
AA: 99.31%
Kappa: 99.55
run 3 / 5
Best validation overall accuracy 0.9947916666666666
Confusion matrix :
[[238   0   0   0   0   0   0   0   0   0   0   0   0   0]
 [  0  89   0   0   0   0   0   0   0   0   0   0   0   0]
 [  0   0 221   0   0   0   0   0   0   0   0   0   0   0]
 [  0   0   0 189   0   0   0   0   0   0   0   0   0   0]
 [  0   0   0   0 231   6   0   0   0   0   0   0   0   0]
 [  0   0   0   0   2 235   0   0   0   0   0   0   0   0]
 [  0   0   0   0   0   0 228   0   0   0   0   0   0   0]
 [  0   0   0   0   0   0   0 179   0   0   0   0   0   0]
 [  0   0   0   0   0   2   0   0 274   0   0   0   0   0]
 [  0   0   0   0   0   0   0   0   0 217   1   0   0   0]
 [  0   0   0   0   0   0   0   0   0  21 247   0   0   0]
 [  0   0   0   0   0   0   0   0   0   0   0 159   0   0]
 [  0   0   0   0   0   0   0   0   0   0   0   1 235   0]
 [  0   0   0   0   0   0   0   0   0   0   0   0   0  84]]---
Accuracy : 98.85%
---
class acc :
	Water: 100.00
	Hippo grass: 100.00
	Floodplain grasses 1: 100.00
	Floodplain grasses 2: 100.00
	Reeds: 97.47
	Riparian: 99.16
	Firescar: 100.00
	Island interior: 100.00
	Acacia woodlands: 99.28
	Acacia shrublands: 99.54
	Acacia grasslands: 92.16
	Short mopane: 100.00
	Mixed mopane: 99.58
	Exposed soils: 100.00
---
AA: 99.08%
Kappa: 98.75
run 4 / 5
Best validation overall accuracy 1.0
Confusion matrix :
[[238   0   0   0   0   0   0   0   0   0   0   0   0   0]
 [  0  89   0   0   0   0   0   0   0   0   0   0   0   0]
 [  0   0 216   0   0   0   0   0   0   5   0   0   0   0]
 [  0   0   0 185   4   0   0   0   0   0   0   0   0   0]
 [  0   0   0   0 225  12   0   0   0   0   0   0   0   0]
 [  0   0   0   0   9 225   0   0   3   0   0   0   0   0]
 [  0   0   0   0   0   0 228   0   0   0   0   0   0   0]
 [  0   0   0   0   0   0   0 179   0   0   0   0   0   0]
 [  0   0   0   0   0   2   0   0 273   1   0   0   0   0]
 [  0   0   0   0   0   0   0   0   0 215   3   0   0   0]
 [  0   0   0   0   0   0   0   0   0   0 268   0   0   0]
 [  0   0   0   0   0   0   0   0   0   0   0 159   0   0]
 [  0   0   0   0   0   0   0   0   0   0   0   0 236   0]
 [  0   0   0   0   0   0   0   0   0   0   0   0   0  84]]---
Accuracy : 98.64%
---
class acc :
	Water: 100.00
	Hippo grass: 100.00
	Floodplain grasses 1: 97.74
	Floodplain grasses 2: 97.88
	Reeds: 94.94
	Riparian: 94.94
	Firescar: 100.00
	Island interior: 100.00
	Acacia woodlands: 98.91
	Acacia shrublands: 98.62
	Acacia grasslands: 100.00
	Short mopane: 100.00
	Mixed mopane: 100.00
	Exposed soils: 100.00
---
AA: 98.79%
Kappa: 98.52
run 5 / 5
Best validation overall accuracy 0.9947916666666666
Confusion matrix :
[[238   0   0   0   0   0   0   0   0   0   0   0   0   0]
 [  0  89   0   0   0   0   0   0   0   0   0   0   0   0]
 [  0   0 221   0   0   0   0   0   0   0   0   0   0   0]
 [  0   0   0 189   0   0   0   0   0   0   0   0   0   0]
 [  0   0   0  12 221   4   0   0   0   0   0   0   0   0]
 [  0   0   0   0  19 218   0   0   0   0   0   0   0   0]
 [  0   0   0   0   0   0 228   0   0   0   0   0   0   0]
 [  0   0   0   0   0   0   0 179   0   0   0   0   0   0]
 [  0   0   0   0   0   3   0   0 272   1   0   0   0   0]
 [  0   0   0   0   0   0   0   0   0 218   0   0   0   0]
 [  0   0   0   0   0   0   0   0   0   0 268   0   0   0]
 [  0   0   0   0   0   0   0   0   0   0   0 158   1   0]
 [  0   0   0   0   0   0   0   0   0   0   0   0 236   0]
 [  0   0   0   0   0   0   0   0   0   0   0   0   0  84]]---
Accuracy : 98.60%
---
class acc :
	Water: 100.00
	Hippo grass: 100.00
	Floodplain grasses 1: 100.00
	Floodplain grasses 2: 100.00
	Reeds: 93.25
	Riparian: 91.98
	Firescar: 100.00
	Island interior: 100.00
	Acacia woodlands: 98.55
	Acacia shrublands: 100.00
	Acacia grasslands: 100.00
	Short mopane: 99.37
	Mixed mopane: 100.00
	Exposed soils: 100.00
---
AA: 98.80%
Kappa: 98.48
Agregated results :
Confusion matrix :
[[2.380e+02 0.000e+00 0.000e+00 0.000e+00 0.000e+00 0.000e+00 0.000e+00
  0.000e+00 0.000e+00 0.000e+00 0.000e+00 0.000e+00 0.000e+00 0.000e+00]
 [0.000e+00 8.800e+01 0.000e+00 0.000e+00 1.000e+00 0.000e+00 0.000e+00
  0.000e+00 0.000e+00 0.000e+00 0.000e+00 0.000e+00 0.000e+00 0.000e+00]
 [0.000e+00 0.000e+00 2.200e+02 0.000e+00 0.000e+00 0.000e+00 0.000e+00
  0.000e+00 0.000e+00 1.000e+00 0.000e+00 0.000e+00 0.000e+00 0.000e+00]
 [0.000e+00 0.000e+00 0.000e+00 1.882e+02 8.000e-01 0.000e+00 0.000e+00
  0.000e+00 0.000e+00 0.000e+00 0.000e+00 0.000e+00 0.000e+00 0.000e+00]
 [0.000e+00 0.000e+00 0.000e+00 2.800e+00 2.278e+02 6.400e+00 0.000e+00
  0.000e+00 0.000e+00 0.000e+00 0.000e+00 0.000e+00 0.000e+00 0.000e+00]
 [0.000e+00 0.000e+00 0.000e+00 0.000e+00 6.800e+00 2.296e+02 0.000e+00
  0.000e+00 6.000e-01 0.000e+00 0.000e+00 0.000e+00 0.000e+00 0.000e+00]
 [0.000e+00 0.000e+00 0.000e+00 0.000e+00 0.000e+00 0.000e+00 2.280e+02
  0.000e+00 0.000e+00 0.000e+00 0.000e+00 0.000e+00 0.000e+00 0.000e+00]
 [0.000e+00 0.000e+00 0.000e+00 0.000e+00 0.000e+00 0.000e+00 0.000e+00
  1.790e+02 0.000e+00 0.000e+00 0.000e+00 0.000e+00 0.000e+00 0.000e+00]
 [0.000e+00 0.000e+00 0.000e+00 0.000e+00 0.000e+00 1.400e+00 0.000e+00
  0.000e+00 2.740e+02 6.000e-01 0.000e+00 0.000e+00 0.000e+00 0.000e+00]
 [0.000e+00 0.000e+00 0.000e+00 0.000e+00 0.000e+00 0.000e+00 0.000e+00
  0.000e+00 0.000e+00 2.172e+02 8.000e-01 0.000e+00 0.000e+00 0.000e+00]
 [0.000e+00 0.000e+00 0.000e+00 0.000e+00 0.000e+00 0.000e+00 0.000e+00
  0.000e+00 0.000e+00 5.000e+00 2.630e+02 0.000e+00 0.000e+00 0.000e+00]
 [0.000e+00 0.000e+00 0.000e+00 0.000e+00 0.000e+00 0.000e+00 0.000e+00
  0.000e+00 0.000e+00 0.000e+00 0.000e+00 1.588e+02 2.000e-01 0.000e+00]
 [0.000e+00 0.000e+00 0.000e+00 0.000e+00 0.000e+00 0.000e+00 0.000e+00
  0.000e+00 0.000e+00 0.000e+00 0.000e+00 2.000e-01 2.358e+02 0.000e+00]
 [0.000e+00 0.000e+00 0.000e+00 0.000e+00 1.000e+00 0.000e+00 0.000e+00
  0.000e+00 0.000e+00 0.000e+00 0.000e+00 6.000e-01 0.000e+00 8.240e+01]]---
Accuracy: 98.98 +- 0.38
---
class acc :
	Water: 100.00 +- 0.00
	Hippo grass: 98.88 +- 2.25
	Floodplain grasses 1: 99.55 +- 0.90
	Floodplain grasses 2: 99.58 +- 0.85
	Reeds: 96.12 +- 2.04
	Riparian: 96.88 +- 2.99
	Firescar: 100.00 +- 0.00
	Island interior: 100.00 +- 0.00
	Acacia woodlands: 99.28 +- 0.51
	Acacia shrublands: 99.63 +- 0.53
	Acacia grasslands: 98.13 +- 3.04
	Short mopane: 99.87 +- 0.25
	Mixed mopane: 99.92 +- 0.17
	Exposed soils: 98.10 +- 2.78
---
AA: 98.99 +- 0.19
Kappa: 98.89 +- 0.41
