run 1 / 5
Best validation overall accuracy 1.0
Confusion matrix :
[[238   0   0   0   0   0   0   0   0   0   0   0   0   0]
 [  0  89   0   0   0   0   0   0   0   0   0   0   0   0]
 [  3   0 218   0   0   0   0   0   0   0   0   0   0   0]
 [  0   0   0 189   0   0   0   0   0   0   0   0   0   0]
 [  3   0   0   0 234   0   0   0   0   0   0   0   0   0]
 [  0   0   0   0   0 237   0   0   0   0   0   0   0   0]
 [  0   0   0   0   0   0 228   0   0   0   0   0   0   0]
 [  0   0   0   0   0   0   0 179   0   0   0   0   0   0]
 [  0   0   0   0   0   0   0   0 276   0   0   0   0   0]
 [  0   0   0   0   0   0   0   0   0 218   0   0   0   0]
 [  0   0   0   0   0   0   0   0   0   0 268   0   0   0]
 [  0   0   0   0   0   0   0   0   0   0   0 159   0   0]
 [  0   0   0   0   0   0   0   0   0   0   0   0 236   0]
 [  0   0   0   0   5  11   0   0   0   0   0   0   0  68]]---
Accuracy : 99.23%
---
class acc :
	Water: 100.00
	Hippo grass: 100.00
	Floodplain grasses 1: 98.64
	Floodplain grasses 2: 100.00
	Reeds: 98.73
	Riparian: 100.00
	Firescar: 100.00
	Island interior: 100.00
	Acacia woodlands: 100.00
	Acacia shrublands: 100.00
	Acacia grasslands: 100.00
	Short mopane: 100.00
	Mixed mopane: 100.00
	Exposed soils: 80.95
---
AA: 98.45%
Kappa: 99.17
run 2 / 5
Best validation overall accuracy 0.9947916666666666
Confusion matrix :
[[235   0   0   0   3   0   0   0   0   0   0   0   0   0]
 [  0  89   0   0   0   0   0   0   0   0   0   0   0   0]
 [  0   0 221   0   0   0   0   0   0   0   0   0   0   0]
 [  0   0   0 189   0   0   0   0   0   0   0   0   0   0]
 [  1   0   0   0 236   0   0   0   0   0   0   0   0   0]
 [  0   0   0   0   4 233   0   0   0   0   0   0   0   0]
 [  0   0   0   0   0   0 228   0   0   0   0   0   0   0]
 [  0   0   0   0   0   0   0 179   0   0   0   0   0   0]
 [  0   0   0   0   0   0   0   0 276   0   0   0   0   0]
 [  0   0   0   0   0   0   0   0   0 218   0   0   0   0]
 [  0   0   0   0   0   0   0   0   0   0 268   0   0   0]
 [  0   0   0   0   0   0   0   0   0   0   0 159   0   0]
 [  0   0   0   0   0   0   0   0   0   0   0   0 236   0]
 [  0   0   0   0   0  16   0   0   0   0   0   0   0  68]]---
Accuracy : 99.16%
---
class acc :
	Water: 98.74
	Hippo grass: 100.00
	Floodplain grasses 1: 100.00
	Floodplain grasses 2: 100.00
	Reeds: 99.58
	Riparian: 98.31
	Firescar: 100.00
	Island interior: 100.00
	Acacia woodlands: 100.00
	Acacia shrublands: 100.00
	Acacia grasslands: 100.00
	Short mopane: 100.00
	Mixed mopane: 100.00
	Exposed soils: 80.95
---
AA: 98.40%
Kappa: 99.09
run 3 / 5
Best validation overall accuracy 1.0
Confusion matrix :
[[238   0   0   0   0   0   0   0   0   0   0   0   0   0]
 [  0  71   0   0  18   0   0   0   0   0   0   0   0   0]
 [  0   0 221   0   0   0   0   0   0   0   0   0   0   0]
 [  0   0   0 188   1   0   0   0   0   0   0   0   0   0]
 [  1   0   0   0 236   0   0   0   0   0   0   0   0   0]
 [  0   0   0   0   2 235   0   0   0   0   0   0   0   0]
 [  0   0   0   0   0   0 228   0   0   0   0   0   0   0]
 [  0   0   0   0   0   0   0 179   0   0   0   0   0   0]
 [  0   0   0   0   0   0   0   0 276   0   0   0   0   0]
 [  0   0   0   0   0   0   0   0   0 217   1   0   0   0]
 [  0   0   0   0   0   0   0   0   0   0 268   0   0   0]
 [  0   0   0   0   0   0   0   0   0   0   0 159   0   0]
 [  0   0   0   0   0   0   0   0   0   0   0   0 236   0]
 [  0   0   0   0   0   0   0   7   0   0   0   0   0  77]]---
Accuracy : 98.95%
---
class acc :
	Water: 100.00
	Hippo grass: 79.78
	Floodplain grasses 1: 100.00
	Floodplain grasses 2: 99.47
	Reeds: 99.58
	Riparian: 99.16
	Firescar: 100.00
	Island interior: 100.00
	Acacia woodlands: 100.00
	Acacia shrublands: 99.54
	Acacia grasslands: 100.00
	Short mopane: 100.00
	Mixed mopane: 100.00
	Exposed soils: 91.67
---
AA: 97.80%
Kappa: 98.86
run 4 / 5
Best validation overall accuracy 1.0
Confusion matrix :
[[238   0   0   0   0   0   0   0   0   0   0   0   0   0]
 [  0  89   0   0   0   0   0   0   0   0   0   0   0   0]
 [  0   0 221   0   0   0   0   0   0   0   0   0   0   0]
 [  0   0   0 189   0   0   0   0   0   0   0   0   0   0]
 [  2   0   0   0 235   0   0   0   0   0   0   0   0   0]
 [  0   0   0   0   8 229   0   0   0   0   0   0   0   0]
 [  0   0   0   0   0   0 228   0   0   0   0   0   0   0]
 [  0   0   0   0   0   0   0 179   0   0   0   0   0   0]
 [  0   0   0   0   0   0   0   0 276   0   0   0   0   0]
 [  0   0   0   0   0   0   0   0   0 218   0   0   0   0]
 [  0   0   0   0   0   0   0   0   0   0 268   0   0   0]
 [  0   0   0   0   0   0   0   0   0   0   0 159   0   0]
 [  0   0   0   0   0   0   0   0   0   0   0   0 236   0]
 [  0   0   0   0   0   3   0   0   0   0   0   0   0  81]]---
Accuracy : 99.55%
---
class acc :
	Water: 100.00
	Hippo grass: 100.00
	Floodplain grasses 1: 100.00
	Floodplain grasses 2: 100.00
	Reeds: 99.16
	Riparian: 96.62
	Firescar: 100.00
	Island interior: 100.00
	Acacia woodlands: 100.00
	Acacia shrublands: 100.00
	Acacia grasslands: 100.00
	Short mopane: 100.00
	Mixed mopane: 100.00
	Exposed soils: 96.43
---
AA: 99.44%
Kappa: 99.51
run 5 / 5
Best validation overall accuracy 0.9947916666666666
Confusion matrix :
[[237   0   0   0   1   0   0   0   0   0   0   0   0   0]
 [  0  89   0   0   0   0   0   0   0   0   0   0   0   0]
 [  0   0 221   0   0   0   0   0   0   0   0   0   0   0]
 [  0   0   0 189   0   0   0   0   0   0   0   0   0   0]
 [  1   0   0  34 194   8   0   0   0   0   0   0   0   0]
 [  0   0   0   0   1 236   0   0   0   0   0   0   0   0]
 [  0   0   0   0   0   0 228   0   0   0   0   0   0   0]
 [  0   0   0   0   0   0   0 179   0   0   0   0   0   0]
 [  0   0   0   0   0   0   0   0 276   0   0   0   0   0]
 [  0   0   0   0   0   0   0   0   0 218   0   0   0   0]
 [  0   0   0   0   0   0   0   0   0   0 268   0   0   0]
 [  0   0   0   0   0   0   0   0   0   0   0 159   0   0]
 [  0   0   0   0   0   0   0   0   0   0   0   1 235   0]
 [  0   0   0   0   2   2   0   0   0   0   0   0   0  80]]---
Accuracy : 98.25%
---
class acc :
	Water: 99.58
	Hippo grass: 100.00
	Floodplain grasses 1: 100.00
	Floodplain grasses 2: 100.00
	Reeds: 81.86
	Riparian: 99.58
	Firescar: 100.00
	Island interior: 100.00
	Acacia woodlands: 100.00
	Acacia shrublands: 100.00
	Acacia grasslands: 100.00
	Short mopane: 100.00
	Mixed mopane: 99.58
	Exposed soils: 95.24
---
AA: 98.27%
Kappa: 98.11
Agregated results :
Confusion matrix :
[[2.372e+02 0.000e+00 0.000e+00 0.000e+00 8.000e-01 0.000e+00 0.000e+00
  0.000e+00 0.000e+00 0.000e+00 0.000e+00 0.000e+00 0.000e+00 0.000e+00]
 [0.000e+00 8.540e+01 0.000e+00 0.000e+00 3.600e+00 0.000e+00 0.000e+00
  0.000e+00 0.000e+00 0.000e+00 0.000e+00 0.000e+00 0.000e+00 0.000e+00]
 [6.000e-01 0.000e+00 2.204e+02 0.000e+00 0.000e+00 0.000e+00 0.000e+00
  0.000e+00 0.000e+00 0.000e+00 0.000e+00 0.000e+00 0.000e+00 0.000e+00]
 [0.000e+00 0.000e+00 0.000e+00 1.888e+02 2.000e-01 0.000e+00 0.000e+00
  0.000e+00 0.000e+00 0.000e+00 0.000e+00 0.000e+00 0.000e+00 0.000e+00]
 [1.600e+00 0.000e+00 0.000e+00 6.800e+00 2.270e+02 1.600e+00 0.000e+00
  0.000e+00 0.000e+00 0.000e+00 0.000e+00 0.000e+00 0.000e+00 0.000e+00]
 [0.000e+00 0.000e+00 0.000e+00 0.000e+00 3.000e+00 2.340e+02 0.000e+00
  0.000e+00 0.000e+00 0.000e+00 0.000e+00 0.000e+00 0.000e+00 0.000e+00]
 [0.000e+00 0.000e+00 0.000e+00 0.000e+00 0.000e+00 0.000e+00 2.280e+02
  0.000e+00 0.000e+00 0.000e+00 0.000e+00 0.000e+00 0.000e+00 0.000e+00]
 [0.000e+00 0.000e+00 0.000e+00 0.000e+00 0.000e+00 0.000e+00 0.000e+00
  1.790e+02 0.000e+00 0.000e+00 0.000e+00 0.000e+00 0.000e+00 0.000e+00]
 [0.000e+00 0.000e+00 0.000e+00 0.000e+00 0.000e+00 0.000e+00 0.000e+00
  0.000e+00 2.760e+02 0.000e+00 0.000e+00 0.000e+00 0.000e+00 0.000e+00]
 [0.000e+00 0.000e+00 0.000e+00 0.000e+00 0.000e+00 0.000e+00 0.000e+00
  0.000e+00 0.000e+00 2.178e+02 2.000e-01 0.000e+00 0.000e+00 0.000e+00]
 [0.000e+00 0.000e+00 0.000e+00 0.000e+00 0.000e+00 0.000e+00 0.000e+00
  0.000e+00 0.000e+00 0.000e+00 2.680e+02 0.000e+00 0.000e+00 0.000e+00]
 [0.000e+00 0.000e+00 0.000e+00 0.000e+00 0.000e+00 0.000e+00 0.000e+00
  0.000e+00 0.000e+00 0.000e+00 0.000e+00 1.590e+02 0.000e+00 0.000e+00]
 [0.000e+00 0.000e+00 0.000e+00 0.000e+00 0.000e+00 0.000e+00 0.000e+00
  0.000e+00 0.000e+00 0.000e+00 0.000e+00 2.000e-01 2.358e+02 0.000e+00]
 [0.000e+00 0.000e+00 0.000e+00 0.000e+00 1.400e+00 6.400e+00 0.000e+00
  1.400e+00 0.000e+00 0.000e+00 0.000e+00 0.000e+00 0.000e+00 7.480e+01]]---
Accuracy: 99.03 +- 0.43
---
class acc :
	Water: 99.66 +- 0.49
	Hippo grass: 95.96 +- 8.09
	Floodplain grasses 1: 99.73 +- 0.54
	Floodplain grasses 2: 99.89 +- 0.21
	Reeds: 95.78 +- 6.97
	Riparian: 98.73 +- 1.19
	Firescar: 100.00 +- 0.00
	Island interior: 100.00 +- 0.00
	Acacia woodlands: 100.00 +- 0.00
	Acacia shrublands: 99.91 +- 0.18
	Acacia grasslands: 100.00 +- 0.00
	Short mopane: 100.00 +- 0.00
	Mixed mopane: 99.92 +- 0.17
	Exposed soils: 89.05 +- 6.79
---
AA: 98.47 +- 0.54
Kappa: 98.95 +- 0.47
