run 1 / 5
Best validation overall accuracy 1.0
Confusion matrix :
[[235   0   0   0   3   0   0   0   0   0   0   0   0   0]
 [  0  89   0   0   0   0   0   0   0   0   0   0   0   0]
 [  0   0 210   0   0   0  11   0   0   0   0   0   0   0]
 [  0   0   0 189   0   0   0   0   0   0   0   0   0   0]
 [  0   0   0   0 231   6   0   0   0   0   0   0   0   0]
 [  0   0   0   0   0 237   0   0   0   0   0   0   0   0]
 [  0   0   0   0   0   0 228   0   0   0   0   0   0   0]
 [  0   0   0   0   0   0   0 179   0   0   0   0   0   0]
 [  0   0   0   0   0   0   0   0 276   0   0   0   0   0]
 [  0   0   0   0   0   0   0   0   0 218   0   0   0   0]
 [  0   0   0   0   0   0   0   0   0   0 268   0   0   0]
 [  0   0   0   0   0   0   0   0   0   0   0 159   0   0]
 [  0   0   0   0   0   0   0   0   0   0   0   0 236   0]
 [  0   0   0   0  10   6   0   0   0   0   0   0   0  68]]---
Accuracy : 98.74%
---
class acc :
	Water: 98.74
	Hippo grass: 100.00
	Floodplain grasses 1: 95.02
	Floodplain grasses 2: 100.00
	Reeds: 97.47
	Riparian: 100.00
	Firescar: 100.00
	Island interior: 100.00
	Acacia woodlands: 100.00
	Acacia shrublands: 100.00
	Acacia grasslands: 100.00
	Short mopane: 100.00
	Mixed mopane: 100.00
	Exposed soils: 80.95
---
AA: 98.01%
Kappa: 98.64
run 2 / 5
Best validation overall accuracy 1.0
Confusion matrix :
[[238   0   0   0   0   0   0   0   0   0   0   0   0   0]
 [  0  89   0   0   0   0   0   0   0   0   0   0   0   0]
 [  0   0 221   0   0   0   0   0   0   0   0   0   0   0]
 [  0   0   0 189   0   0   0   0   0   0   0   0   0   0]
 [  1   0   0   2 234   0   0   0   0   0   0   0   0   0]
 [  0   0   0   0   2 235   0   0   0   0   0   0   0   0]
 [  0   0   0   0   0   0 228   0   0   0   0   0   0   0]
 [  0   0   0   0   0   0   0 179   0   0   0   0   0   0]
 [  0   0   0   0   0   0   0   0 276   0   0   0   0   0]
 [  0   0   0   0   0   0   0   0   0 218   0   0   0   0]
 [  0   0   0   0   0   0   0   0   0   1 267   0   0   0]
 [  0   0   0   0   0   0   0   0   0   0   0 159   0   0]
 [  0   0   0   0   0   0   0   0   0   0   0   0 236   0]
 [  0   0   0   0   2   4   0   0   0   0   0   2   0  76]]---
Accuracy : 99.51%
---
class acc :
	Water: 100.00
	Hippo grass: 100.00
	Floodplain grasses 1: 100.00
	Floodplain grasses 2: 100.00
	Reeds: 98.73
	Riparian: 99.16
	Firescar: 100.00
	Island interior: 100.00
	Acacia woodlands: 100.00
	Acacia shrublands: 100.00
	Acacia grasslands: 99.63
	Short mopane: 100.00
	Mixed mopane: 100.00
	Exposed soils: 90.48
---
AA: 99.14%
Kappa: 99.47
run 3 / 5
Best validation overall accuracy 0.9947916666666666
Confusion matrix :
[[238   0   0   0   0   0   0   0   0   0   0   0   0   0]
 [  0  89   0   0   0   0   0   0   0   0   0   0   0   0]
 [  0   0 221   0   0   0   0   0   0   0   0   0   0   0]
 [  0   0   0 189   0   0   0   0   0   0   0   0   0   0]
 [  2   0   0   2 233   0   0   0   0   0   0   0   0   0]
 [  0   0   0   0   2 235   0   0   0   0   0   0   0   0]
 [  0   0   0   0   0   0 228   0   0   0   0   0   0   0]
 [  0   0   0   0   0   0   0 179   0   0   0   0   0   0]
 [  0   0   0   0   0   0   0   0 276   0   0   0   0   0]
 [  0   0   0   0   0   0   0   0   0 218   0   0   0   0]
 [  0   0   0   0   0   0   0   0   0  10 258   0   0   0]
 [  0   0   0   0   0   0   0   0   0   0   0 159   0   0]
 [  0   0   0   0   0   0   0   0   0   0   0   0 236   0]
 [  0   0   0   0   0   0   0   0   0   0   0   0   0  84]]---
Accuracy : 99.44%
---
class acc :
	Water: 100.00
	Hippo grass: 100.00
	Floodplain grasses 1: 100.00
	Floodplain grasses 2: 100.00
	Reeds: 98.31
	Riparian: 99.16
	Firescar: 100.00
	Island interior: 100.00
	Acacia woodlands: 100.00
	Acacia shrublands: 100.00
	Acacia grasslands: 96.27
	Short mopane: 100.00
	Mixed mopane: 100.00
	Exposed soils: 100.00
---
AA: 99.55%
Kappa: 99.39
run 4 / 5
Best validation overall accuracy 1.0
Confusion matrix :
[[238   0   0   0   0   0   0   0   0   0   0   0   0   0]
 [  0  89   0   0   0   0   0   0   0   0   0   0   0   0]
 [  0   0 221   0   0   0   0   0   0   0   0   0   0   0]
 [  0   0   0 189   0   0   0   0   0   0   0   0   0   0]
 [  1   0   0   0 235   1   0   0   0   0   0   0   0   0]
 [  0   0   0   0   7 230   0   0   0   0   0   0   0   0]
 [  0   0   0   0   0   0 228   0   0   0   0   0   0   0]
 [  0   0   0   0   0   0   0 179   0   0   0   0   0   0]
 [  0   0   0   0   0   0   0   0 276   0   0   0   0   0]
 [  0   0   0   0   0   0   0   0   0 218   0   0   0   0]
 [  0   0   0   0   0   0   0   0   0   0 268   0   0   0]
 [  0   0   0   0   0   0   0   0   0   0   0 159   0   0]
 [  0   0   0   0   0   0   0   0   0   0   0   0 236   0]
 [  0   0   0   0   2   0   0   0   0   0   0   0   0  82]]---
Accuracy : 99.62%
---
class acc :
	Water: 100.00
	Hippo grass: 100.00
	Floodplain grasses 1: 100.00
	Floodplain grasses 2: 100.00
	Reeds: 99.16
	Riparian: 97.05
	Firescar: 100.00
	Island interior: 100.00
	Acacia woodlands: 100.00
	Acacia shrublands: 100.00
	Acacia grasslands: 100.00
	Short mopane: 100.00
	Mixed mopane: 100.00
	Exposed soils: 97.62
---
AA: 99.56%
Kappa: 99.58
run 5 / 5
Best validation overall accuracy 0.9947916666666666
Confusion matrix :
[[238   0   0   0   0   0   0   0   0   0   0   0   0   0]
 [  0  89   0   0   0   0   0   0   0   0   0   0   0   0]
 [  0   0 221   0   0   0   0   0   0   0   0   0   0   0]
 [  0   0   0 189   0   0   0   0   0   0   0   0   0   0]
 [  1   0   0  21 206   9   0   0   0   0   0   0   0   0]
 [  0   0   0   0   5 231   0   1   0   0   0   0   0   0]
 [  9   0   0   0   0   0 219   0   0   0   0   0   0   0]
 [  0   0   0   0   0   0   0 179   0   0   0   0   0   0]
 [  0   0   0   0   0   0   0   0 276   0   0   0   0   0]
 [  0   0   0   0   0   0   0   0   0 218   0   0   0   0]
 [  0   0   0   0   0   0   0   0   0   2 266   0   0   0]
 [  0   0   0   0   0   0   0   0   0   0   0 159   0   0]
 [  0   0   0   0   0   0   0   0   0   0   0   4 232   0]
 [  0   0   0   0   2   0   0   0   0   0   0   0   0  82]]---
Accuracy : 98.11%
---
class acc :
	Water: 100.00
	Hippo grass: 100.00
	Floodplain grasses 1: 100.00
	Floodplain grasses 2: 100.00
	Reeds: 86.92
	Riparian: 97.47
	Firescar: 96.05
	Island interior: 100.00
	Acacia woodlands: 100.00
	Acacia shrublands: 100.00
	Acacia grasslands: 99.25
	Short mopane: 100.00
	Mixed mopane: 98.31
	Exposed soils: 97.62
---
AA: 98.26%
Kappa: 97.95
Agregated results :
Confusion matrix :
[[2.374e+02 0.000e+00 0.000e+00 0.000e+00 6.000e-01 0.000e+00 0.000e+00
  0.000e+00 0.000e+00 0.000e+00 0.000e+00 0.000e+00 0.000e+00 0.000e+00]
 [0.000e+00 8.900e+01 0.000e+00 0.000e+00 0.000e+00 0.000e+00 0.000e+00
  0.000e+00 0.000e+00 0.000e+00 0.000e+00 0.000e+00 0.000e+00 0.000e+00]
 [0.000e+00 0.000e+00 2.188e+02 0.000e+00 0.000e+00 0.000e+00 2.200e+00
  0.000e+00 0.000e+00 0.000e+00 0.000e+00 0.000e+00 0.000e+00 0.000e+00]
 [0.000e+00 0.000e+00 0.000e+00 1.890e+02 0.000e+00 0.000e+00 0.000e+00
  0.000e+00 0.000e+00 0.000e+00 0.000e+00 0.000e+00 0.000e+00 0.000e+00]
 [1.000e+00 0.000e+00 0.000e+00 5.000e+00 2.278e+02 3.200e+00 0.000e+00
  0.000e+00 0.000e+00 0.000e+00 0.000e+00 0.000e+00 0.000e+00 0.000e+00]
 [0.000e+00 0.000e+00 0.000e+00 0.000e+00 3.200e+00 2.336e+02 0.000e+00
  2.000e-01 0.000e+00 0.000e+00 0.000e+00 0.000e+00 0.000e+00 0.000e+00]
 [1.800e+00 0.000e+00 0.000e+00 0.000e+00 0.000e+00 0.000e+00 2.262e+02
  0.000e+00 0.000e+00 0.000e+00 0.000e+00 0.000e+00 0.000e+00 0.000e+00]
 [0.000e+00 0.000e+00 0.000e+00 0.000e+00 0.000e+00 0.000e+00 0.000e+00
  1.790e+02 0.000e+00 0.000e+00 0.000e+00 0.000e+00 0.000e+00 0.000e+00]
 [0.000e+00 0.000e+00 0.000e+00 0.000e+00 0.000e+00 0.000e+00 0.000e+00
  0.000e+00 2.760e+02 0.000e+00 0.000e+00 0.000e+00 0.000e+00 0.000e+00]
 [0.000e+00 0.000e+00 0.000e+00 0.000e+00 0.000e+00 0.000e+00 0.000e+00
  0.000e+00 0.000e+00 2.180e+02 0.000e+00 0.000e+00 0.000e+00 0.000e+00]
 [0.000e+00 0.000e+00 0.000e+00 0.000e+00 0.000e+00 0.000e+00 0.000e+00
  0.000e+00 0.000e+00 2.600e+00 2.654e+02 0.000e+00 0.000e+00 0.000e+00]
 [0.000e+00 0.000e+00 0.000e+00 0.000e+00 0.000e+00 0.000e+00 0.000e+00
  0.000e+00 0.000e+00 0.000e+00 0.000e+00 1.590e+02 0.000e+00 0.000e+00]
 [0.000e+00 0.000e+00 0.000e+00 0.000e+00 0.000e+00 0.000e+00 0.000e+00
  0.000e+00 0.000e+00 0.000e+00 0.000e+00 8.000e-01 2.352e+02 0.000e+00]
 [0.000e+00 0.000e+00 0.000e+00 0.000e+00 3.200e+00 2.000e+00 0.000e+00
  0.000e+00 0.000e+00 0.000e+00 0.000e+00 4.000e-01 0.000e+00 7.840e+01]]---
Accuracy: 99.08 +- 0.58
---
class acc :
	Water: 99.75 +- 0.50
	Hippo grass: 100.00 +- 0.00
	Floodplain grasses 1: 99.00 +- 1.99
	Floodplain grasses 2: 100.00 +- 0.00
	Reeds: 96.12 +- 4.63
	Riparian: 98.57 +- 1.12
	Firescar: 99.21 +- 1.58
	Island interior: 100.00 +- 0.00
	Acacia woodlands: 100.00 +- 0.00
	Acacia shrublands: 100.00 +- 0.00
	Acacia grasslands: 99.03 +- 1.41
	Short mopane: 100.00 +- 0.00
	Mixed mopane: 99.66 +- 0.68
	Exposed soils: 93.33 +- 6.97
---
AA: 98.91 +- 0.65
Kappa: 99.01 +- 0.62
