run 1 / 5
Best validation overall accuracy 1.0
Confusion matrix :
[[238   0   0   0   0   0   0   0   0   0   0   0   0   0]
 [  0  89   0   0   0   0   0   0   0   0   0   0   0   0]
 [  0   0 211   0   0   0  10   0   0   0   0   0   0   0]
 [  0   0   0 189   0   0   0   0   0   0   0   0   0   0]
 [  2   0   0   0 235   0   0   0   0   0   0   0   0   0]
 [  0   0   0   0   3 234   0   0   0   0   0   0   0   0]
 [  0   0   0   0   0   0 228   0   0   0   0   0   0   0]
 [  0   0   0   0   0   0   0 179   0   0   0   0   0   0]
 [  0   0   0   0   0   0   0   0 276   0   0   0   0   0]
 [  0   0   0   0   0   0   0   0   0 218   0   0   0   0]
 [  0   0   0   0   0   0   0   0   0   7 261   0   0   0]
 [  0   0   0   0   0   0   0   0   0   0   0 159   0   0]
 [  0   0   0   0   0   0   0   0   0   0   0   0 236   0]
 [  0   0   0   0  10   6   0   0   0   0   0   0   0  68]]---
Accuracy : 98.67%
---
class acc :
	Water: 100.00
	Hippo grass: 100.00
	Floodplain grasses 1: 95.48
	Floodplain grasses 2: 100.00
	Reeds: 99.16
	Riparian: 98.73
	Firescar: 100.00
	Island interior: 100.00
	Acacia woodlands: 100.00
	Acacia shrublands: 100.00
	Acacia grasslands: 97.39
	Short mopane: 100.00
	Mixed mopane: 100.00
	Exposed soils: 80.95
---
AA: 97.98%
Kappa: 98.56
run 2 / 5
Best validation overall accuracy 0.9947916666666666
Confusion matrix :
[[234   0   0   0   4   0   0   0   0   0   0   0   0   0]
 [  0  89   0   0   0   0   0   0   0   0   0   0   0   0]
 [  0   0 221   0   0   0   0   0   0   0   0   0   0   0]
 [  0   0   0 189   0   0   0   0   0   0   0   0   0   0]
 [  0   0   0   6 229   2   0   0   0   0   0   0   0   0]
 [  0   0   0   0   5 232   0   0   0   0   0   0   0   0]
 [  0   0   0   0   0   0 228   0   0   0   0   0   0   0]
 [  0   0   0   0   0   0   0 179   0   0   0   0   0   0]
 [  0   0   0   0   0   0   0   0 276   0   0   0   0   0]
 [  0   0   0   0   0   0   0   0   0 218   0   0   0   0]
 [  0   0   0   0   0   0   0   8   0   0 260   0   0   0]
 [  0   0   0   0   0   0   0   0   0   0   0 159   0   0]
 [  0   0   0   0   0   0   0   0   0   0   0   0 236   0]
 [  0   0   0   0  16   0   0   0   0   0   0   0   0  68]]---
Accuracy : 98.57%
---
class acc :
	Water: 98.32
	Hippo grass: 100.00
	Floodplain grasses 1: 100.00
	Floodplain grasses 2: 100.00
	Reeds: 96.62
	Riparian: 97.89
	Firescar: 100.00
	Island interior: 100.00
	Acacia woodlands: 100.00
	Acacia shrublands: 100.00
	Acacia grasslands: 97.01
	Short mopane: 100.00
	Mixed mopane: 100.00
	Exposed soils: 80.95
---
AA: 97.91%
Kappa: 98.45
run 3 / 5
Best validation overall accuracy 0.9947916666666666
Confusion matrix :
[[238   0   0   0   0   0   0   0   0   0   0   0   0   0]
 [  0  89   0   0   0   0   0   0   0   0   0   0   0   0]
 [  0   0 221   0   0   0   0   0   0   0   0   0   0   0]
 [  0   0   0 189   0   0   0   0   0   0   0   0   0   0]
 [  2   0   0   0 235   0   0   0   0   0   0   0   0   0]
 [  0   0   0   0   7 230   0   0   0   0   0   0   0   0]
 [  3   0   0   0   0   0 225   0   0   0   0   0   0   0]
 [  0   0   0   0   0   0   0 179   0   0   0   0   0   0]
 [  0   0   0   0   0   0   0   0 276   0   0   0   0   0]
 [  0   0   0   0   0   0   0   0   0 218   0   0   0   0]
 [  0   0   0   0   0   0   0   0   0  11 257   0   0   0]
 [  0   0   0   0   0   0   0   0   0   0   0 159   0   0]
 [  0   0   0   0   0   0   0   0   0   0   0   0 236   0]
 [  0   0   0   0   0   0   0   0   0   0   0   0   0  84]]---
Accuracy : 99.20%
---
class acc :
	Water: 100.00
	Hippo grass: 100.00
	Floodplain grasses 1: 100.00
	Floodplain grasses 2: 100.00
	Reeds: 99.16
	Riparian: 97.05
	Firescar: 98.68
	Island interior: 100.00
	Acacia woodlands: 100.00
	Acacia shrublands: 100.00
	Acacia grasslands: 95.90
	Short mopane: 100.00
	Mixed mopane: 100.00
	Exposed soils: 100.00
---
AA: 99.34%
Kappa: 99.13
run 4 / 5
Best validation overall accuracy 1.0
Confusion matrix :
[[238   0   0   0   0   0   0   0   0   0   0   0   0   0]
 [  0  89   0   0   0   0   0   0   0   0   0   0   0   0]
 [  0   0 221   0   0   0   0   0   0   0   0   0   0   0]
 [  0   0   0 189   0   0   0   0   0   0   0   0   0   0]
 [  1   0   0   0 236   0   0   0   0   0   0   0   0   0]
 [  0   0   0   0  10 227   0   0   0   0   0   0   0   0]
 [  0   0   0   0   0   0 228   0   0   0   0   0   0   0]
 [  0   0   0   0   0   0   0 179   0   0   0   0   0   0]
 [  0   0   0   0   0   1   0   0 275   0   0   0   0   0]
 [  0   0   0   0   0   0   0   0   0 218   0   0   0   0]
 [  0   0   0   0   0   0   0   0   0   0 268   0   0   0]
 [  0   0   0   0   0   0   0   0   0   0   0 159   0   0]
 [  0   0   0   0   0   0   0   0   0   0   0   0 236   0]
 [  0   0   0   0   0   1   0   0   0   0   0   0   0  83]]---
Accuracy : 99.55%
---
class acc :
	Water: 100.00
	Hippo grass: 100.00
	Floodplain grasses 1: 100.00
	Floodplain grasses 2: 100.00
	Reeds: 99.58
	Riparian: 95.78
	Firescar: 100.00
	Island interior: 100.00
	Acacia woodlands: 99.64
	Acacia shrublands: 100.00
	Acacia grasslands: 100.00
	Short mopane: 100.00
	Mixed mopane: 100.00
	Exposed soils: 98.81
---
AA: 99.56%
Kappa: 99.51
run 5 / 5
Best validation overall accuracy 1.0
Confusion matrix :
[[238   0   0   0   0   0   0   0   0   0   0   0   0   0]
 [  0  82   0   0   2   5   0   0   0   0   0   0   0   0]
 [  0   0 221   0   0   0   0   0   0   0   0   0   0   0]
 [  0   0   0 189   0   0   0   0   0   0   0   0   0   0]
 [  0   0   0  13 219   5   0   0   0   0   0   0   0   0]
 [  0   0   0   0   0 226   0   0  11   0   0   0   0   0]
 [  0   0   0   0   0   0 228   0   0   0   0   0   0   0]
 [  0   0   0   0   0   0   0 179   0   0   0   0   0   0]
 [  0   0   0   0   0   0   0   0 276   0   0   0   0   0]
 [  0   0   0   0   0   0   0   0   0 218   0   0   0   0]
 [  0   0   0   0   0   0   0   0   0   0 268   0   0   0]
 [  0   0   0   0   0   0   0   0   0   0   0 159   0   0]
 [  0   0   0   0   0   0   0   0   0   0   0   0 236   0]
 [  0   0   0   0   0   1   0   0   0   0   0   0   0  83]]---
Accuracy : 98.71%
---
class acc :
	Water: 100.00
	Hippo grass: 92.13
	Floodplain grasses 1: 100.00
	Floodplain grasses 2: 100.00
	Reeds: 92.41
	Riparian: 95.36
	Firescar: 100.00
	Island interior: 100.00
	Acacia woodlands: 100.00
	Acacia shrublands: 100.00
	Acacia grasslands: 100.00
	Short mopane: 100.00
	Mixed mopane: 100.00
	Exposed soils: 98.81
---
AA: 98.48%
Kappa: 98.60
Agregated results :
Confusion matrix :
[[2.372e+02 0.000e+00 0.000e+00 0.000e+00 8.000e-01 0.000e+00 0.000e+00
  0.000e+00 0.000e+00 0.000e+00 0.000e+00 0.000e+00 0.000e+00 0.000e+00]
 [0.000e+00 8.760e+01 0.000e+00 0.000e+00 4.000e-01 1.000e+00 0.000e+00
  0.000e+00 0.000e+00 0.000e+00 0.000e+00 0.000e+00 0.000e+00 0.000e+00]
 [0.000e+00 0.000e+00 2.190e+02 0.000e+00 0.000e+00 0.000e+00 2.000e+00
  0.000e+00 0.000e+00 0.000e+00 0.000e+00 0.000e+00 0.000e+00 0.000e+00]
 [0.000e+00 0.000e+00 0.000e+00 1.890e+02 0.000e+00 0.000e+00 0.000e+00
  0.000e+00 0.000e+00 0.000e+00 0.000e+00 0.000e+00 0.000e+00 0.000e+00]
 [1.000e+00 0.000e+00 0.000e+00 3.800e+00 2.308e+02 1.400e+00 0.000e+00
  0.000e+00 0.000e+00 0.000e+00 0.000e+00 0.000e+00 0.000e+00 0.000e+00]
 [0.000e+00 0.000e+00 0.000e+00 0.000e+00 5.000e+00 2.298e+02 0.000e+00
  0.000e+00 2.200e+00 0.000e+00 0.000e+00 0.000e+00 0.000e+00 0.000e+00]
 [6.000e-01 0.000e+00 0.000e+00 0.000e+00 0.000e+00 0.000e+00 2.274e+02
  0.000e+00 0.000e+00 0.000e+00 0.000e+00 0.000e+00 0.000e+00 0.000e+00]
 [0.000e+00 0.000e+00 0.000e+00 0.000e+00 0.000e+00 0.000e+00 0.000e+00
  1.790e+02 0.000e+00 0.000e+00 0.000e+00 0.000e+00 0.000e+00 0.000e+00]
 [0.000e+00 0.000e+00 0.000e+00 0.000e+00 0.000e+00 2.000e-01 0.000e+00
  0.000e+00 2.758e+02 0.000e+00 0.000e+00 0.000e+00 0.000e+00 0.000e+00]
 [0.000e+00 0.000e+00 0.000e+00 0.000e+00 0.000e+00 0.000e+00 0.000e+00
  0.000e+00 0.000e+00 2.180e+02 0.000e+00 0.000e+00 0.000e+00 0.000e+00]
 [0.000e+00 0.000e+00 0.000e+00 0.000e+00 0.000e+00 0.000e+00 0.000e+00
  1.600e+00 0.000e+00 3.600e+00 2.628e+02 0.000e+00 0.000e+00 0.000e+00]
 [0.000e+00 0.000e+00 0.000e+00 0.000e+00 0.000e+00 0.000e+00 0.000e+00
  0.000e+00 0.000e+00 0.000e+00 0.000e+00 1.590e+02 0.000e+00 0.000e+00]
 [0.000e+00 0.000e+00 0.000e+00 0.000e+00 0.000e+00 0.000e+00 0.000e+00
  0.000e+00 0.000e+00 0.000e+00 0.000e+00 0.000e+00 2.360e+02 0.000e+00]
 [0.000e+00 0.000e+00 0.000e+00 0.000e+00 5.200e+00 1.600e+00 0.000e+00
  0.000e+00 0.000e+00 0.000e+00 0.000e+00 0.000e+00 0.000e+00 7.720e+01]]---
Accuracy: 98.94 +- 0.37
---
class acc :
	Water: 99.66 +- 0.67
	Hippo grass: 98.43 +- 3.15
	Floodplain grasses 1: 99.10 +- 1.81
	Floodplain grasses 2: 100.00 +- 0.00
	Reeds: 97.38 +- 2.70
	Riparian: 96.96 +- 1.26
	Firescar: 99.74 +- 0.53
	Island interior: 100.00 +- 0.00
	Acacia woodlands: 99.93 +- 0.14
	Acacia shrublands: 100.00 +- 0.00
	Acacia grasslands: 98.06 +- 1.66
	Short mopane: 100.00 +- 0.00
	Mixed mopane: 100.00 +- 0.00
	Exposed soils: 91.90 +- 8.95
---
AA: 98.65 +- 0.68
Kappa: 98.85 +- 0.41
