run 1 / 5
Best validation overall accuracy 1.0
Confusion matrix :
[[238   0   0   0   0   0   0   0   0   0   0   0   0   0]
 [  0  89   0   0   0   0   0   0   0   0   0   0   0   0]
 [  0   0 221   0   0   0   0   0   0   0   0   0   0   0]
 [  0   0   0 189   0   0   0   0   0   0   0   0   0   0]
 [  0   0   0   0 229   8   0   0   0   0   0   0   0   0]
 [  0   0   0   0   1 236   0   0   0   0   0   0   0   0]
 [  0   0   0   0   0   0 228   0   0   0   0   0   0   0]
 [  0   0   0   0   0   0   0 179   0   0   0   0   0   0]
 [  0   0   0   0   0   5   0   0 270   1   0   0   0   0]
 [  0   0   0   0   0   0   0   0   0 218   0   0   0   0]
 [  0   0   0   0   0   0   0   0   0   7 261   0   0   0]
 [  0   0   0   0   0   0   0   0   0   0   0 159   0   0]
 [  0   0   0   0   0   0   0   0   0   1   0   0 235   0]
 [  0   0   0   0   2   0   0   2   0   0   0   0   0  80]]---
Accuracy : 99.06%
---
class acc :
	Water: 100.00
	Hippo grass: 100.00
	Floodplain grasses 1: 100.00
	Floodplain grasses 2: 100.00
	Reeds: 96.62
	Riparian: 99.58
	Firescar: 100.00
	Island interior: 100.00
	Acacia woodlands: 97.83
	Acacia shrublands: 100.00
	Acacia grasslands: 97.39
	Short mopane: 100.00
	Mixed mopane: 99.58
	Exposed soils: 95.24
---
AA: 99.02%
Kappa: 98.98
run 2 / 5
Best validation overall accuracy 1.0
Confusion matrix :
[[238   0   0   0   0   0   0   0   0   0   0   0   0   0]
 [  0  88   0   0   1   0   0   0   0   0   0   0   0   0]
 [  0   0 221   0   0   0   0   0   0   0   0   0   0   0]
 [  0   0   0 189   0   0   0   0   0   0   0   0   0   0]
 [  0   0   0   0 235   2   0   0   0   0   0   0   0   0]
 [  0   0   0   0   3 234   0   0   0   0   0   0   0   0]
 [  0   0   0   0   0   0 228   0   0   0   0   0   0   0]
 [  0   0   0   0   0   0   0 179   0   0   0   0   0   0]
 [  0   0   0   0   0   6   0   0 270   0   0   0   0   0]
 [  0   0   0   0   0   0   0   0   0 212   6   0   0   0]
 [  0   0   0   0   0   0   0   0   0   0 268   0   0   0]
 [  0   0   0   0   0   0   0   0   0   0   0 159   0   0]
 [  0   0   0   0   0   0   0   0   0   0   0   0 236   0]
 [  0   0   0   0   4   0   0   4   0   0   0   1   0  75]]---
Accuracy : 99.06%
---
class acc :
	Water: 100.00
	Hippo grass: 98.88
	Floodplain grasses 1: 100.00
	Floodplain grasses 2: 100.00
	Reeds: 99.16
	Riparian: 98.73
	Firescar: 100.00
	Island interior: 100.00
	Acacia woodlands: 97.83
	Acacia shrublands: 97.25
	Acacia grasslands: 100.00
	Short mopane: 100.00
	Mixed mopane: 100.00
	Exposed soils: 89.29
---
AA: 98.65%
Kappa: 98.98
run 3 / 5
Best validation overall accuracy 0.9947916666666666
Confusion matrix :
[[238   0   0   0   0   0   0   0   0   0   0   0   0   0]
 [  0  89   0   0   0   0   0   0   0   0   0   0   0   0]
 [  0   0 221   0   0   0   0   0   0   0   0   0   0   0]
 [  0   0   0 187   2   0   0   0   0   0   0   0   0   0]
 [  0   0   0   0 232   5   0   0   0   0   0   0   0   0]
 [  0   0   0   0   1 236   0   0   0   0   0   0   0   0]
 [  0   0   0   0   0   0 228   0   0   0   0   0   0   0]
 [  0   0   0   0   0   0   0 179   0   0   0   0   0   0]
 [  0   0   0   0   0  22   0   0 253   1   0   0   0   0]
 [  0   0   0   0   0   0   0   0   0 218   0   0   0   0]
 [  0   0   0   0   0   0   0   0   0  29 239   0   0   0]
 [  0   0   0   0   0   0   0   0   0   0   0 159   0   0]
 [  0   0   0   0   0   0   0   0   0   0   0   0 236   0]
 [  0   0   0   0   0   0   0   0   0   0   0   0   0  84]]---
Accuracy : 97.90%
---
class acc :
	Water: 100.00
	Hippo grass: 100.00
	Floodplain grasses 1: 100.00
	Floodplain grasses 2: 98.94
	Reeds: 97.89
	Riparian: 99.58
	Firescar: 100.00
	Island interior: 100.00
	Acacia woodlands: 91.67
	Acacia shrublands: 100.00
	Acacia grasslands: 89.18
	Short mopane: 100.00
	Mixed mopane: 100.00
	Exposed soils: 100.00
---
AA: 98.38%
Kappa: 97.73
run 4 / 5
Best validation overall accuracy 1.0
Confusion matrix :
[[238   0   0   0   0   0   0   0   0   0   0   0   0   0]
 [  0  89   0   0   0   0   0   0   0   0   0   0   0   0]
 [  0   0 216   0   0   0   0   0   0   5   0   0   0   0]
 [  0   0   0 184   5   0   0   0   0   0   0   0   0   0]
 [  0   0   0   0 230   7   0   0   0   0   0   0   0   0]
 [  0   0   0   0  13 223   0   0   1   0   0   0   0   0]
 [  0   0   0   0   0   0 228   0   0   0   0   0   0   0]
 [  0   0   0   0   0   0   0 179   0   0   0   0   0   0]
 [  0   0   0   0   0   4   0   0 272   0   0   0   0   0]
 [  0   0   0   0   0   0   0   0   0 217   1   0   0   0]
 [  0   0   0   0   0   0   0   0   0   0 268   0   0   0]
 [  0   0   0   0   0   0   0   0   0   0   0 159   0   0]
 [  0   0   0   0   0   0   0   0   0   0   0   4 232   0]
 [  0   0   0   0   0   0   0   0   0   0   0   0   0  84]]---
Accuracy : 98.60%
---
class acc :
	Water: 100.00
	Hippo grass: 100.00
	Floodplain grasses 1: 97.74
	Floodplain grasses 2: 97.35
	Reeds: 97.05
	Riparian: 94.09
	Firescar: 100.00
	Island interior: 100.00
	Acacia woodlands: 98.55
	Acacia shrublands: 99.54
	Acacia grasslands: 100.00
	Short mopane: 100.00
	Mixed mopane: 98.31
	Exposed soils: 100.00
---
AA: 98.76%
Kappa: 98.48
run 5 / 5
Best validation overall accuracy 0.9947916666666666
Confusion matrix :
[[238   0   0   0   0   0   0   0   0   0   0   0   0   0]
 [  0  89   0   0   0   0   0   0   0   0   0   0   0   0]
 [  0   0 221   0   0   0   0   0   0   0   0   0   0   0]
 [  0   0   0 189   0   0   0   0   0   0   0   0   0   0]
 [  0   9   0  19 204   5   0   0   0   0   0   0   0   0]
 [  0   0   0   0  17 218   0   0   2   0   0   0   0   0]
 [  0   0   0   0   0   0 228   0   0   0   0   0   0   0]
 [  0   0   0   0   0   0   0 179   0   0   0   0   0   0]
 [  0   0   0   0   0   0   0   0 275   1   0   0   0   0]
 [  0   0   0   0   0   0   0   0   0 218   0   0   0   0]
 [  0   0   0   0   0   0   0   0   0   0 268   0   0   0]
 [  0   0   0   0   0   0   0   0   0   0   0 159   0   0]
 [  0   0   0   0   0   0   0   0   0   0   0   0 236   0]
 [  0   0   0   0   0   0   0   0   0   0   0   0   0  84]]---
Accuracy : 98.15%
---
class acc :
	Water: 100.00
	Hippo grass: 100.00
	Floodplain grasses 1: 100.00
	Floodplain grasses 2: 100.00
	Reeds: 86.08
	Riparian: 91.98
	Firescar: 100.00
	Island interior: 100.00
	Acacia woodlands: 99.64
	Acacia shrublands: 100.00
	Acacia grasslands: 100.00
	Short mopane: 100.00
	Mixed mopane: 100.00
	Exposed soils: 100.00
---
AA: 98.41%
Kappa: 97.99
Agregated results :
Confusion matrix :
[[2.380e+02 0.000e+00 0.000e+00 0.000e+00 0.000e+00 0.000e+00 0.000e+00
  0.000e+00 0.000e+00 0.000e+00 0.000e+00 0.000e+00 0.000e+00 0.000e+00]
 [0.000e+00 8.880e+01 0.000e+00 0.000e+00 2.000e-01 0.000e+00 0.000e+00
  0.000e+00 0.000e+00 0.000e+00 0.000e+00 0.000e+00 0.000e+00 0.000e+00]
 [0.000e+00 0.000e+00 2.200e+02 0.000e+00 0.000e+00 0.000e+00 0.000e+00
  0.000e+00 0.000e+00 1.000e+00 0.000e+00 0.000e+00 0.000e+00 0.000e+00]
 [0.000e+00 0.000e+00 0.000e+00 1.876e+02 1.400e+00 0.000e+00 0.000e+00
  0.000e+00 0.000e+00 0.000e+00 0.000e+00 0.000e+00 0.000e+00 0.000e+00]
 [0.000e+00 1.800e+00 0.000e+00 3.800e+00 2.260e+02 5.400e+00 0.000e+00
  0.000e+00 0.000e+00 0.000e+00 0.000e+00 0.000e+00 0.000e+00 0.000e+00]
 [0.000e+00 0.000e+00 0.000e+00 0.000e+00 7.000e+00 2.294e+02 0.000e+00
  0.000e+00 6.000e-01 0.000e+00 0.000e+00 0.000e+00 0.000e+00 0.000e+00]
 [0.000e+00 0.000e+00 0.000e+00 0.000e+00 0.000e+00 0.000e+00 2.280e+02
  0.000e+00 0.000e+00 0.000e+00 0.000e+00 0.000e+00 0.000e+00 0.000e+00]
 [0.000e+00 0.000e+00 0.000e+00 0.000e+00 0.000e+00 0.000e+00 0.000e+00
  1.790e+02 0.000e+00 0.000e+00 0.000e+00 0.000e+00 0.000e+00 0.000e+00]
 [0.000e+00 0.000e+00 0.000e+00 0.000e+00 0.000e+00 7.400e+00 0.000e+00
  0.000e+00 2.680e+02 6.000e-01 0.000e+00 0.000e+00 0.000e+00 0.000e+00]
 [0.000e+00 0.000e+00 0.000e+00 0.000e+00 0.000e+00 0.000e+00 0.000e+00
  0.000e+00 0.000e+00 2.166e+02 1.400e+00 0.000e+00 0.000e+00 0.000e+00]
 [0.000e+00 0.000e+00 0.000e+00 0.000e+00 0.000e+00 0.000e+00 0.000e+00
  0.000e+00 0.000e+00 7.200e+00 2.608e+02 0.000e+00 0.000e+00 0.000e+00]
 [0.000e+00 0.000e+00 0.000e+00 0.000e+00 0.000e+00 0.000e+00 0.000e+00
  0.000e+00 0.000e+00 0.000e+00 0.000e+00 1.590e+02 0.000e+00 0.000e+00]
 [0.000e+00 0.000e+00 0.000e+00 0.000e+00 0.000e+00 0.000e+00 0.000e+00
  0.000e+00 0.000e+00 2.000e-01 0.000e+00 8.000e-01 2.350e+02 0.000e+00]
 [0.000e+00 0.000e+00 0.000e+00 0.000e+00 1.200e+00 0.000e+00 0.000e+00
  1.200e+00 0.000e+00 0.000e+00 0.000e+00 2.000e-01 0.000e+00 8.140e+01]]---
Accuracy: 98.55 +- 0.47
---
class acc :
	Water: 100.00 +- 0.00
	Hippo grass: 99.78 +- 0.45
	Floodplain grasses 1: 99.55 +- 0.90
	Floodplain grasses 2: 99.26 +- 1.04
	Reeds: 95.36 +- 4.72
	Riparian: 96.79 +- 3.15
	Firescar: 100.00 +- 0.00
	Island interior: 100.00 +- 0.00
	Acacia woodlands: 97.10 +- 2.80
	Acacia shrublands: 99.36 +- 1.07
	Acacia grasslands: 97.31 +- 4.19
	Short mopane: 100.00 +- 0.00
	Mixed mopane: 99.58 +- 0.66
	Exposed soils: 96.90 +- 4.23
---
AA: 98.64 +- 0.24
Kappa: 98.43 +- 0.51
