run 1 / 5
Best validation overall accuracy 0.98828125
Confusion matrix :
[[227   0   0   0   0   0   0   0   0   0   0   0   0   0]
 [  0  85   0   0   0   0   0   0   0   0   0   0   0   0]
 [  0   0 211   0   0   0   0   0   0   0   0   0   0   0]
 [  0   0   0 181   0   0   0   0   0   0   0   0   0   0]
 [  0   0   0   0 214  12   0   0   0   0   0   0   0   0]
 [  0   0   0   0  11 215   0   0   0   0   0   0   0   0]
 [  0   0   0   0   0   0 218   0   0   0   0   0   0   0]
 [  0   0   0   0   0   0   0 170   0   0   0   0   0   0]
 [  0   0   0   0   0   0   0   0 263   1   0   0   0   0]
 [  0   0   0   0   0   0   0   0   0 208   0   0   0   0]
 [  0   0   0   0   0   0   0   0   0   4 252   0   0   0]
 [  0   0   0   0   0   0   0   0   0   0   0 152   0   0]
 [  0   0   0   0   0   0   0   0   0   0   0   0 225   0]
 [  0   0   0   0   2   0   0   4   0   0   0   0   0  74]]---
Accuracy : 98.75%
---
class acc :
	Water: 100.00
	Hippo grass: 100.00
	Floodplain grasses 1: 100.00
	Floodplain grasses 2: 100.00
	Reeds: 94.69
	Riparian: 95.13
	Firescar: 100.00
	Island interior: 100.00
	Acacia woodlands: 99.62
	Acacia shrublands: 100.00
	Acacia grasslands: 98.44
	Short mopane: 100.00
	Mixed mopane: 100.00
	Exposed soils: 92.50
---
AA: 98.60%
Kappa: 98.65
run 2 / 5
Best validation overall accuracy 0.99609375
Confusion matrix :
[[227   0   0   0   0   0   0   0   0   0   0   0   0   0]
 [  0  85   0   0   0   0   0   0   0   0   0   0   0   0]
 [  0   0 211   0   0   0   0   0   0   0   0   0   0   0]
 [  0   0   0 181   0   0   0   0   0   0   0   0   0   0]
 [  0   0   0   0 217   9   0   0   0   0   0   0   0   0]
 [  0   0   0   0   3 223   0   0   0   0   0   0   0   0]
 [  0   0   0   0   0   0 218   0   0   0   0   0   0   0]
 [  0   0   0   0   0   0   0 170   0   0   0   0   0   0]
 [  0   0   0   0   0  12   0   0 251   1   0   0   0   0]
 [  0   0   0   0   0   0   0   0   0 205   3   0   0   0]
 [  0   0   0   0   0   0   0   0   0   0 256   0   0   0]
 [  0   0   0   0   0   0   0   0   0   0   0 152   0   0]
 [  0   0   0   0   0   0   0   0   0   0   0   0 225   0]
 [  0   0   0   0   0   0   0   0   0   0   0   0   2  78]]---
Accuracy : 98.90%
---
class acc :
	Water: 100.00
	Hippo grass: 100.00
	Floodplain grasses 1: 100.00
	Floodplain grasses 2: 100.00
	Reeds: 96.02
	Riparian: 98.67
	Firescar: 100.00
	Island interior: 100.00
	Acacia woodlands: 95.08
	Acacia shrublands: 98.56
	Acacia grasslands: 100.00
	Short mopane: 100.00
	Mixed mopane: 100.00
	Exposed soils: 97.50
---
AA: 98.99%
Kappa: 98.81
run 3 / 5
Best validation overall accuracy 1.0
Confusion matrix :
[[227   0   0   0   0   0   0   0   0   0   0   0   0   0]
 [  0  85   0   0   0   0   0   0   0   0   0   0   0   0]
 [  0   0 211   0   0   0   0   0   0   0   0   0   0   0]
 [  0   0   0 181   0   0   0   0   0   0   0   0   0   0]
 [  0   0   0   0 226   0   0   0   0   0   0   0   0   0]
 [  0   0   0   0   4 222   0   0   0   0   0   0   0   0]
 [  0   0   0   0   0   0 218   0   0   0   0   0   0   0]
 [  0   0   0   0   0   0   0 170   0   0   0   0   0   0]
 [  0   0   0   0   0   0   0   0 264   0   0   0   0   0]
 [  0   0   0   0   0   0   0   0   0 208   0   0   0   0]
 [  0   0   0   0   0   0   0   0   0   0 256   0   0   0]
 [  0   0   0   0   0   0   0   0   0   0   0 152   0   0]
 [  0   0   0   0   0   0   0   0   0   0   0   0 225   0]
 [  0   0   0   0   0   0   0   0   0   0   0   0   0  80]]---
Accuracy : 99.85%
---
class acc :
	Water: 100.00
	Hippo grass: 100.00
	Floodplain grasses 1: 100.00
	Floodplain grasses 2: 100.00
	Reeds: 100.00
	Riparian: 98.23
	Firescar: 100.00
	Island interior: 100.00
	Acacia woodlands: 100.00
	Acacia shrublands: 100.00
	Acacia grasslands: 100.00
	Short mopane: 100.00
	Mixed mopane: 100.00
	Exposed soils: 100.00
---
AA: 99.87%
Kappa: 99.84
run 4 / 5
Best validation overall accuracy 0.99609375
Confusion matrix :
[[227   0   0   0   0   0   0   0   0   0   0   0   0   0]
 [  0  85   0   0   0   0   0   0   0   0   0   0   0   0]
 [  0   0 211   0   0   0   0   0   0   0   0   0   0   0]
 [  0   0   0 181   0   0   0   0   0   0   0   0   0   0]
 [  0   0   0   0 215  11   0   0   0   0   0   0   0   0]
 [  0   0   0   0   0 226   0   0   0   0   0   0   0   0]
 [  0   0   0   0   0   0 218   0   0   0   0   0   0   0]
 [  0   0   0   0   0   0   0 170   0   0   0   0   0   0]
 [  0   0   0   0   0   0   0   0 264   0   0   0   0   0]
 [  0   0   0   0   0   0   0   0   0 208   0   0   0   0]
 [  0   0   0   0   0   0   0   0   0   1 255   0   0   0]
 [  0   0   0   0   0   0   0   0   0   0   0 152   0   0]
 [  0   0   0   0   0   0   0   0   0   0   0   0 225   0]
 [  0   0   0   0   0   0   0   0   0   0   0   0   0  80]]---
Accuracy : 99.56%
---
class acc :
	Water: 100.00
	Hippo grass: 100.00
	Floodplain grasses 1: 100.00
	Floodplain grasses 2: 100.00
	Reeds: 95.13
	Riparian: 100.00
	Firescar: 100.00
	Island interior: 100.00
	Acacia woodlands: 100.00
	Acacia shrublands: 100.00
	Acacia grasslands: 99.61
	Short mopane: 100.00
	Mixed mopane: 100.00
	Exposed soils: 100.00
---
AA: 99.62%
Kappa: 99.52
run 5 / 5
Best validation overall accuracy 0.9921875
Confusion matrix :
[[227   0   0   0   0   0   0   0   0   0   0   0   0   0]
 [  0  85   0   0   0   0   0   0   0   0   0   0   0   0]
 [  0   0 211   0   0   0   0   0   0   0   0   0   0   0]
 [  0   0   0 180   0   0   1   0   0   0   0   0   0   0]
 [  0   0   0  11 215   0   0   0   0   0   0   0   0   0]
 [  0   0   0   0  13 213   0   0   0   0   0   0   0   0]
 [  0   0   0   0   0   0 218   0   0   0   0   0   0   0]
 [  0   0   0   0   0   0   0 170   0   0   0   0   0   0]
 [  0   0   0   0   0   0   0   0 264   0   0   0   0   0]
 [  0   0   0   0   0   0   0   0   0 208   0   0   0   0]
 [  0   0   0   0   0   0   0   0   0   0 256   0   0   0]
 [  0   0   0   0   0   0   0   0   0   0   0 152   0   0]
 [  0   0   0   0   0   0   0   0   0   0   0   0 225   0]
 [  0   0   0   0   0   0   0   0   0   0   0   0   0  80]]---
Accuracy : 99.08%
---
class acc :
	Water: 100.00
	Hippo grass: 100.00
	Floodplain grasses 1: 100.00
	Floodplain grasses 2: 99.45
	Reeds: 95.13
	Riparian: 94.25
	Firescar: 100.00
	Island interior: 100.00
	Acacia woodlands: 100.00
	Acacia shrublands: 100.00
	Acacia grasslands: 100.00
	Short mopane: 100.00
	Mixed mopane: 100.00
	Exposed soils: 100.00
---
AA: 99.20%
Kappa: 99.01
Agregated results :
Confusion matrix :
[[2.270e+02 0.000e+00 0.000e+00 0.000e+00 0.000e+00 0.000e+00 0.000e+00
  0.000e+00 0.000e+00 0.000e+00 0.000e+00 0.000e+00 0.000e+00 0.000e+00]
 [0.000e+00 8.500e+01 0.000e+00 0.000e+00 0.000e+00 0.000e+00 0.000e+00
  0.000e+00 0.000e+00 0.000e+00 0.000e+00 0.000e+00 0.000e+00 0.000e+00]
 [0.000e+00 0.000e+00 2.110e+02 0.000e+00 0.000e+00 0.000e+00 0.000e+00
  0.000e+00 0.000e+00 0.000e+00 0.000e+00 0.000e+00 0.000e+00 0.000e+00]
 [0.000e+00 0.000e+00 0.000e+00 1.808e+02 0.000e+00 0.000e+00 2.000e-01
  0.000e+00 0.000e+00 0.000e+00 0.000e+00 0.000e+00 0.000e+00 0.000e+00]
 [0.000e+00 0.000e+00 0.000e+00 2.200e+00 2.174e+02 6.400e+00 0.000e+00
  0.000e+00 0.000e+00 0.000e+00 0.000e+00 0.000e+00 0.000e+00 0.000e+00]
 [0.000e+00 0.000e+00 0.000e+00 0.000e+00 6.200e+00 2.198e+02 0.000e+00
  0.000e+00 0.000e+00 0.000e+00 0.000e+00 0.000e+00 0.000e+00 0.000e+00]
 [0.000e+00 0.000e+00 0.000e+00 0.000e+00 0.000e+00 0.000e+00 2.180e+02
  0.000e+00 0.000e+00 0.000e+00 0.000e+00 0.000e+00 0.000e+00 0.000e+00]
 [0.000e+00 0.000e+00 0.000e+00 0.000e+00 0.000e+00 0.000e+00 0.000e+00
  1.700e+02 0.000e+00 0.000e+00 0.000e+00 0.000e+00 0.000e+00 0.000e+00]
 [0.000e+00 0.000e+00 0.000e+00 0.000e+00 0.000e+00 2.400e+00 0.000e+00
  0.000e+00 2.612e+02 4.000e-01 0.000e+00 0.000e+00 0.000e+00 0.000e+00]
 [0.000e+00 0.000e+00 0.000e+00 0.000e+00 0.000e+00 0.000e+00 0.000e+00
  0.000e+00 0.000e+00 2.074e+02 6.000e-01 0.000e+00 0.000e+00 0.000e+00]
 [0.000e+00 0.000e+00 0.000e+00 0.000e+00 0.000e+00 0.000e+00 0.000e+00
  0.000e+00 0.000e+00 1.000e+00 2.550e+02 0.000e+00 0.000e+00 0.000e+00]
 [0.000e+00 0.000e+00 0.000e+00 0.000e+00 0.000e+00 0.000e+00 0.000e+00
  0.000e+00 0.000e+00 0.000e+00 0.000e+00 1.520e+02 0.000e+00 0.000e+00]
 [0.000e+00 0.000e+00 0.000e+00 0.000e+00 0.000e+00 0.000e+00 0.000e+00
  0.000e+00 0.000e+00 0.000e+00 0.000e+00 0.000e+00 2.250e+02 0.000e+00]
 [0.000e+00 0.000e+00 0.000e+00 0.000e+00 4.000e-01 0.000e+00 0.000e+00
  8.000e-01 0.000e+00 0.000e+00 0.000e+00 0.000e+00 4.000e-01 7.840e+01]]---
Accuracy: 99.23 +- 0.41
---
class acc :
	Water: 100.00 +- 0.00
	Hippo grass: 100.00 +- 0.00
	Floodplain grasses 1: 100.00 +- 0.00
	Floodplain grasses 2: 99.89 +- 0.22
	Reeds: 96.19 +- 1.95
	Riparian: 97.26 +- 2.19
	Firescar: 100.00 +- 0.00
	Island interior: 100.00 +- 0.00
	Acacia woodlands: 98.94 +- 1.94
	Acacia shrublands: 99.71 +- 0.58
	Acacia grasslands: 99.61 +- 0.61
	Short mopane: 100.00 +- 0.00
	Mixed mopane: 100.00 +- 0.00
	Exposed soils: 98.00 +- 2.92
---
AA: 99.26 +- 0.45
Kappa: 99.17 +- 0.45
