run 1 / 5
Best validation overall accuracy 0.99609375
Confusion matrix :
[[227   0   0   0   0   0   0   0   0   0   0   0   0   0]
 [  0  85   0   0   0   0   0   0   0   0   0   0   0   0]
 [  0   0 211   0   0   0   0   0   0   0   0   0   0   0]
 [  0   0   0 181   0   0   0   0   0   0   0   0   0   0]
 [  0   0   0   0 212  14   0   0   0   0   0   0   0   0]
 [  0   0   0   0   8 218   0   0   0   0   0   0   0   0]
 [  0   0   0   0   0   0 218   0   0   0   0   0   0   0]
 [  0   0   0   0   0   0   0 170   0   0   0   0   0   0]
 [  0   0   0   0   0   0   0   0 264   0   0   0   0   0]
 [  0   0   0   0   0   0   0   0   0 208   0   0   0   0]
 [  0   0   0   0   0   0   0   0   0   1 255   0   0   0]
 [  0   0   0   0   0   0   0   0   0   0   0 152   0   0]
 [  0   0   0   0   0   0   0   0   0   0   0   0 225   0]
 [  0   0   0   0   2   0   0   0   0   0   0   0   0  78]]---
Accuracy : 99.08%
---
class acc :
	Water: 100.00
	Hippo grass: 100.00
	Floodplain grasses 1: 100.00
	Floodplain grasses 2: 100.00
	Reeds: 93.81
	Riparian: 96.46
	Firescar: 100.00
	Island interior: 100.00
	Acacia woodlands: 100.00
	Acacia shrublands: 100.00
	Acacia grasslands: 99.61
	Short mopane: 100.00
	Mixed mopane: 100.00
	Exposed soils: 97.50
---
AA: 99.10%
Kappa: 99.01
run 2 / 5
Best validation overall accuracy 0.99609375
Confusion matrix :
[[226   0   0   0   1   0   0   0   0   0   0   0   0   0]
 [  0  85   0   0   0   0   0   0   0   0   0   0   0   0]
 [  0   0 211   0   0   0   0   0   0   0   0   0   0   0]
 [  0   0   0 181   0   0   0   0   0   0   0   0   0   0]
 [  0   0   0   0 215  11   0   0   0   0   0   0   0   0]
 [  0   0   0   0   4 221   0   0   1   0   0   0   0   0]
 [  0   0   0   0   0   0 218   0   0   0   0   0   0   0]
 [  0   0   0   0   0   0   0 170   0   0   0   0   0   0]
 [  0   0   0   0   0   9   0   0 254   1   0   0   0   0]
 [  0   0   0   0   0   0   0   0   0 207   1   0   0   0]
 [  0   0   0   0   0   0   0   0   0   0 256   0   0   0]
 [  0   0   0   0   0   0   0   0   0   0   0 152   0   0]
 [  0   0   0   0   0   0   0   0   0   0   0   0 225   0]
 [  0   0   0   0   3   0   0   0   0   0   0   0   0  77]]---
Accuracy : 98.86%
---
class acc :
	Water: 99.56
	Hippo grass: 100.00
	Floodplain grasses 1: 100.00
	Floodplain grasses 2: 100.00
	Reeds: 95.13
	Riparian: 97.79
	Firescar: 100.00
	Island interior: 100.00
	Acacia woodlands: 96.21
	Acacia shrublands: 99.52
	Acacia grasslands: 100.00
	Short mopane: 100.00
	Mixed mopane: 100.00
	Exposed soils: 96.25
---
AA: 98.89%
Kappa: 98.77
run 3 / 5
Best validation overall accuracy 1.0
Confusion matrix :
[[227   0   0   0   0   0   0   0   0   0   0   0   0   0]
 [  0  79   0   0   6   0   0   0   0   0   0   0   0   0]
 [  0   0 211   0   0   0   0   0   0   0   0   0   0   0]
 [  0   0   0 181   0   0   0   0   0   0   0   0   0   0]
 [  0   0   0   0 226   0   0   0   0   0   0   0   0   0]
 [  0   0   0   0   2 224   0   0   0   0   0   0   0   0]
 [  0   0   0   0   0   0 218   0   0   0   0   0   0   0]
 [  0   0   0   0   0   0   0 170   0   0   0   0   0   0]
 [  0   0   0   0   0   0   0   0 264   0   0   0   0   0]
 [  0   0   0   0   0   0   0   0   0 207   1   0   0   0]
 [  0   0   0   0   0   0   0   0   0   0 256   0   0   0]
 [  0   0   0   0   0   0   0   0   0   0   0 152   0   0]
 [  0   0   0   0   0   0   0   0   0   0   0   0 225   0]
 [  0   0   0   0   0   0   0   0   0   0   0   0   0  80]]---
Accuracy : 99.67%
---
class acc :
	Water: 100.00
	Hippo grass: 92.94
	Floodplain grasses 1: 100.00
	Floodplain grasses 2: 100.00
	Reeds: 100.00
	Riparian: 99.12
	Firescar: 100.00
	Island interior: 100.00
	Acacia woodlands: 100.00
	Acacia shrublands: 99.52
	Acacia grasslands: 100.00
	Short mopane: 100.00
	Mixed mopane: 100.00
	Exposed soils: 100.00
---
AA: 99.40%
Kappa: 99.64
run 4 / 5
Best validation overall accuracy 0.99609375
Confusion matrix :
[[227   0   0   0   0   0   0   0   0   0   0   0   0   0]
 [  0  85   0   0   0   0   0   0   0   0   0   0   0   0]
 [  0   0 211   0   0   0   0   0   0   0   0   0   0   0]
 [  0   0   0 181   0   0   0   0   0   0   0   0   0   0]
 [  0   0   0   0 216  10   0   0   0   0   0   0   0   0]
 [  0   0   0   0   1 224   0   0   1   0   0   0   0   0]
 [  0   0   0   0   0   0 218   0   0   0   0   0   0   0]
 [  0   0   0   0   0   0   0 170   0   0   0   0   0   0]
 [  0   0   0   0   0   0   0   0 264   0   0   0   0   0]
 [  0   0   0   0   0   0   0   0   0 208   0   0   0   0]
 [  0   0   0   0   0   0   0   0   0   6 250   0   0   0]
 [  0   0   0   0   0   0   0   0   0   0   0 152   0   0]
 [  0   0   0   0   0   0   0   0   0   0   0   0 225   0]
 [  0   0   0   0   0   0   0   0   0   0   0   0   0  80]]---
Accuracy : 99.34%
---
class acc :
	Water: 100.00
	Hippo grass: 100.00
	Floodplain grasses 1: 100.00
	Floodplain grasses 2: 100.00
	Reeds: 95.58
	Riparian: 99.12
	Firescar: 100.00
	Island interior: 100.00
	Acacia woodlands: 100.00
	Acacia shrublands: 100.00
	Acacia grasslands: 97.66
	Short mopane: 100.00
	Mixed mopane: 100.00
	Exposed soils: 100.00
---
AA: 99.45%
Kappa: 99.29
run 5 / 5
Best validation overall accuracy 1.0
Confusion matrix :
[[227   0   0   0   0   0   0   0   0   0   0   0   0   0]
 [  0  85   0   0   0   0   0   0   0   0   0   0   0   0]
 [  0   0 211   0   0   0   0   0   0   0   0   0   0   0]
 [  0   0   0 180   0   0   1   0   0   0   0   0   0   0]
 [  0   0   0   2 217   7   0   0   0   0   0   0   0   0]
 [  0   0   0   0   3 217   0   0   6   0   0   0   0   0]
 [  0   0   0   0   0   0 218   0   0   0   0   0   0   0]
 [  0   0   0   0   0   0   0 170   0   0   0   0   0   0]
 [  0   0   0   0   0   0   0   0 264   0   0   0   0   0]
 [  0   0   0   0   0   0   0   0   0 208   0   0   0   0]
 [  0   0   0   0   0   0   0   0   0   2 254   0   0   0]
 [  0   0   0   0   0   0   0   0   0   0   0 152   0   0]
 [  0   0   0   0   0   0   0   0   0   0   0   0 225   0]
 [  0   0   0   0   0   0   0   0   0   0   0   0   0  80]]---
Accuracy : 99.23%
---
class acc :
	Water: 100.00
	Hippo grass: 100.00
	Floodplain grasses 1: 100.00
	Floodplain grasses 2: 99.45
	Reeds: 96.02
	Riparian: 96.02
	Firescar: 100.00
	Island interior: 100.00
	Acacia woodlands: 100.00
	Acacia shrublands: 100.00
	Acacia grasslands: 99.22
	Short mopane: 100.00
	Mixed mopane: 100.00
	Exposed soils: 100.00
---
AA: 99.34%
Kappa: 99.17
Agregated results :
Confusion matrix :
[[2.268e+02 0.000e+00 0.000e+00 0.000e+00 2.000e-01 0.000e+00 0.000e+00
  0.000e+00 0.000e+00 0.000e+00 0.000e+00 0.000e+00 0.000e+00 0.000e+00]
 [0.000e+00 8.380e+01 0.000e+00 0.000e+00 1.200e+00 0.000e+00 0.000e+00
  0.000e+00 0.000e+00 0.000e+00 0.000e+00 0.000e+00 0.000e+00 0.000e+00]
 [0.000e+00 0.000e+00 2.110e+02 0.000e+00 0.000e+00 0.000e+00 0.000e+00
  0.000e+00 0.000e+00 0.000e+00 0.000e+00 0.000e+00 0.000e+00 0.000e+00]
 [0.000e+00 0.000e+00 0.000e+00 1.808e+02 0.000e+00 0.000e+00 2.000e-01
  0.000e+00 0.000e+00 0.000e+00 0.000e+00 0.000e+00 0.000e+00 0.000e+00]
 [0.000e+00 0.000e+00 0.000e+00 4.000e-01 2.172e+02 8.400e+00 0.000e+00
  0.000e+00 0.000e+00 0.000e+00 0.000e+00 0.000e+00 0.000e+00 0.000e+00]
 [0.000e+00 0.000e+00 0.000e+00 0.000e+00 3.600e+00 2.208e+02 0.000e+00
  0.000e+00 1.600e+00 0.000e+00 0.000e+00 0.000e+00 0.000e+00 0.000e+00]
 [0.000e+00 0.000e+00 0.000e+00 0.000e+00 0.000e+00 0.000e+00 2.180e+02
  0.000e+00 0.000e+00 0.000e+00 0.000e+00 0.000e+00 0.000e+00 0.000e+00]
 [0.000e+00 0.000e+00 0.000e+00 0.000e+00 0.000e+00 0.000e+00 0.000e+00
  1.700e+02 0.000e+00 0.000e+00 0.000e+00 0.000e+00 0.000e+00 0.000e+00]
 [0.000e+00 0.000e+00 0.000e+00 0.000e+00 0.000e+00 1.800e+00 0.000e+00
  0.000e+00 2.620e+02 2.000e-01 0.000e+00 0.000e+00 0.000e+00 0.000e+00]
 [0.000e+00 0.000e+00 0.000e+00 0.000e+00 0.000e+00 0.000e+00 0.000e+00
  0.000e+00 0.000e+00 2.076e+02 4.000e-01 0.000e+00 0.000e+00 0.000e+00]
 [0.000e+00 0.000e+00 0.000e+00 0.000e+00 0.000e+00 0.000e+00 0.000e+00
  0.000e+00 0.000e+00 1.800e+00 2.542e+02 0.000e+00 0.000e+00 0.000e+00]
 [0.000e+00 0.000e+00 0.000e+00 0.000e+00 0.000e+00 0.000e+00 0.000e+00
  0.000e+00 0.000e+00 0.000e+00 0.000e+00 1.520e+02 0.000e+00 0.000e+00]
 [0.000e+00 0.000e+00 0.000e+00 0.000e+00 0.000e+00 0.000e+00 0.000e+00
  0.000e+00 0.000e+00 0.000e+00 0.000e+00 0.000e+00 2.250e+02 0.000e+00]
 [0.000e+00 0.000e+00 0.000e+00 0.000e+00 1.000e+00 0.000e+00 0.000e+00
  0.000e+00 0.000e+00 0.000e+00 0.000e+00 0.000e+00 0.000e+00 7.900e+01]]---
Accuracy: 99.24 +- 0.27
---
class acc :
	Water: 99.91 +- 0.18
	Hippo grass: 98.59 +- 2.82
	Floodplain grasses 1: 100.00 +- 0.00
	Floodplain grasses 2: 99.89 +- 0.22
	Reeds: 96.11 +- 2.08
	Riparian: 97.70 +- 1.29
	Firescar: 100.00 +- 0.00
	Island interior: 100.00 +- 0.00
	Acacia woodlands: 99.24 +- 1.52
	Acacia shrublands: 99.81 +- 0.24
	Acacia grasslands: 99.30 +- 0.87
	Short mopane: 100.00 +- 0.00
	Mixed mopane: 100.00 +- 0.00
	Exposed soils: 98.75 +- 1.58
---
AA: 99.24 +- 0.21
Kappa: 99.17 +- 0.29
