run 1 / 5
Best validation overall accuracy 1.0
Confusion matrix :
[[227   0   0   0   0   0   0   0   0   0   0   0   0   0]
 [  0  85   0   0   0   0   0   0   0   0   0   0   0   0]
 [  0   0 211   0   0   0   0   0   0   0   0   0   0   0]
 [  0   0   0 181   0   0   0   0   0   0   0   0   0   0]
 [  0   0   0   0 205  21   0   0   0   0   0   0   0   0]
 [  0   0   0   0   3 218   0   0   5   0   0   0   0   0]
 [  0   0   0   0   0   0 218   0   0   0   0   0   0   0]
 [  0   0   0   0   0   0   0 170   0   0   0   0   0   0]
 [  0   0   0   0   0   0   0   0 263   1   0   0   0   0]
 [  0   0   0   0   0   0   0   0   0 204   4   0   0   0]
 [  0   0   0   0   0   0   0   0   0   0 256   0   0   0]
 [  0   0   0   0   0   0   0   0   0   0   0 152   0   0]
 [  0   0   0   0   0   0   0   0   0   0   0   0 225   0]
 [  0   0   0   0   0   0   0   0   0   0   0   0   0  80]]---
Accuracy : 98.75%
---
class acc :
	Water: 100.00
	Hippo grass: 100.00
	Floodplain grasses 1: 100.00
	Floodplain grasses 2: 100.00
	Reeds: 90.71
	Riparian: 96.46
	Firescar: 100.00
	Island interior: 100.00
	Acacia woodlands: 99.62
	Acacia shrublands: 98.08
	Acacia grasslands: 100.00
	Short mopane: 100.00
	Mixed mopane: 100.00
	Exposed soils: 100.00
---
AA: 98.92%
Kappa: 98.65
run 2 / 5
Best validation overall accuracy 0.9921875
Confusion matrix :
[[227   0   0   0   0   0   0   0   0   0   0   0   0   0]
 [  0  85   0   0   0   0   0   0   0   0   0   0   0   0]
 [  0   0 211   0   0   0   0   0   0   0   0   0   0   0]
 [  0   0   0 181   0   0   0   0   0   0   0   0   0   0]
 [  0   0   0   0 216  10   0   0   0   0   0   0   0   0]
 [  0   0   0   0   2 212   0   0  12   0   0   0   0   0]
 [  0   0   0   0   0   0 218   0   0   0   0   0   0   0]
 [  0   0   0   0   0   0   0 170   0   0   0   0   0   0]
 [  0   0   0   0   0   3   0   0 260   1   0   0   0   0]
 [  0   0   0   0   0   0   0   1   0 206   1   0   0   0]
 [  0   0   0   0   0   0   0   0   0   0 256   0   0   0]
 [  0   0   0   0   0   0   0   0   0   0   0 152   0   0]
 [  0   0   0   0   0   0   0   0   0   0   0   0 225   0]
 [  0   0   0   0   3   0   0   0   0   0   0   0   0  77]]---
Accuracy : 98.79%
---
class acc :
	Water: 100.00
	Hippo grass: 100.00
	Floodplain grasses 1: 100.00
	Floodplain grasses 2: 100.00
	Reeds: 95.58
	Riparian: 93.81
	Firescar: 100.00
	Island interior: 100.00
	Acacia woodlands: 98.48
	Acacia shrublands: 99.04
	Acacia grasslands: 100.00
	Short mopane: 100.00
	Mixed mopane: 100.00
	Exposed soils: 96.25
---
AA: 98.80%
Kappa: 98.69
run 3 / 5
Best validation overall accuracy 1.0
Confusion matrix :
[[227   0   0   0   0   0   0   0   0   0   0   0   0   0]
 [  0  84   0   0   1   0   0   0   0   0   0   0   0   0]
 [  0   0 211   0   0   0   0   0   0   0   0   0   0   0]
 [  0   0   0 181   0   0   0   0   0   0   0   0   0   0]
 [  0   0   0   0 226   0   0   0   0   0   0   0   0   0]
 [  0   0   0   0   5 221   0   0   0   0   0   0   0   0]
 [  0   0   0   0   0   0 218   0   0   0   0   0   0   0]
 [  0   0   0   0   0   0   0 170   0   0   0   0   0   0]
 [  0   0   0   0   0  12   0   0 252   0   0   0   0   0]
 [  0   0   0   0   0   0   0   0   0 206   2   0   0   0]
 [  0   0   0   0   0   0   0   0   0   0 256   0   0   0]
 [  0   0   0   0   0   0   0   0   0   0   0 152   0   0]
 [  0   0   0   0   0   0   0   0   0   0   0   0 225   0]
 [  0   0   0   0   0   0   0   0   0   0   0   0   0  80]]---
Accuracy : 99.27%
---
class acc :
	Water: 100.00
	Hippo grass: 98.82
	Floodplain grasses 1: 100.00
	Floodplain grasses 2: 100.00
	Reeds: 100.00
	Riparian: 97.79
	Firescar: 100.00
	Island interior: 100.00
	Acacia woodlands: 95.45
	Acacia shrublands: 99.04
	Acacia grasslands: 100.00
	Short mopane: 100.00
	Mixed mopane: 100.00
	Exposed soils: 100.00
---
AA: 99.36%
Kappa: 99.21
run 4 / 5
Best validation overall accuracy 1.0
Confusion matrix :
[[227   0   0   0   0   0   0   0   0   0   0   0   0   0]
 [  0  85   0   0   0   0   0   0   0   0   0   0   0   0]
 [  0   0 211   0   0   0   0   0   0   0   0   0   0   0]
 [  0   0   0 181   0   0   0   0   0   0   0   0   0   0]
 [  0   0   0   0 224   2   0   0   0   0   0   0   0   0]
 [  0   0   0   0   9 217   0   0   0   0   0   0   0   0]
 [  0   0   0   0   0   0 218   0   0   0   0   0   0   0]
 [  0   0   0   0   0   0   0 170   0   0   0   0   0   0]
 [  0   0   0   0   0   2   0   0 262   0   0   0   0   0]
 [  0   0   0   0   0   0   0   0   0 208   0   0   0   0]
 [  0   0   0   0   0   0   0   0   0   0 256   0   0   0]
 [  0   0   0   0   0   0   0   0   0   0   0 152   0   0]
 [  0   0   0   0   0   0   0   0   0   0   0   2 223   0]
 [  0   0   0   0   0   0   0   0   0   0   0   0   0  80]]---
Accuracy : 99.45%
---
class acc :
	Water: 100.00
	Hippo grass: 100.00
	Floodplain grasses 1: 100.00
	Floodplain grasses 2: 100.00
	Reeds: 99.12
	Riparian: 96.02
	Firescar: 100.00
	Island interior: 100.00
	Acacia woodlands: 99.24
	Acacia shrublands: 100.00
	Acacia grasslands: 100.00
	Short mopane: 100.00
	Mixed mopane: 99.11
	Exposed soils: 100.00
---
AA: 99.53%
Kappa: 99.40
run 5 / 5
Best validation overall accuracy 0.9921875
Confusion matrix :
[[227   0   0   0   0   0   0   0   0   0   0   0   0   0]
 [  0  85   0   0   0   0   0   0   0   0   0   0   0   0]
 [  0   0 211   0   0   0   0   0   0   0   0   0   0   0]
 [  0   0   0 181   0   0   0   0   0   0   0   0   0   0]
 [  0   0   0   1 225   0   0   0   0   0   0   0   0   0]
 [  0   0   0   0  20 206   0   0   0   0   0   0   0   0]
 [  0   0   0   0   0   0 218   0   0   0   0   0   0   0]
 [  0   0   0   0   0   0   0 170   0   0   0   0   0   0]
 [  0   0   0   0   0   1   0   0 263   0   0   0   0   0]
 [  0   0   0   0   0   0   0   0   0 208   0   0   0   0]
 [  0   0   0   0   0   0   0   0   0   1 255   0   0   0]
 [  0   0   0   0   0   0   0   0   0   0   0 152   0   0]
 [  0   0   0   0   0   0   0   0   0   0   0   0 225   0]
 [  0   0   0   0   0   0   0   0   0   0   0   0   0  80]]---
Accuracy : 99.16%
---
class acc :
	Water: 100.00
	Hippo grass: 100.00
	Floodplain grasses 1: 100.00
	Floodplain grasses 2: 100.00
	Reeds: 99.56
	Riparian: 91.15
	Firescar: 100.00
	Island interior: 100.00
	Acacia woodlands: 99.62
	Acacia shrublands: 100.00
	Acacia grasslands: 99.61
	Short mopane: 100.00
	Mixed mopane: 100.00
	Exposed soils: 100.00
---
AA: 99.28%
Kappa: 99.09
Agregated results :
Confusion matrix :
[[2.270e+02 0.000e+00 0.000e+00 0.000e+00 0.000e+00 0.000e+00 0.000e+00
  0.000e+00 0.000e+00 0.000e+00 0.000e+00 0.000e+00 0.000e+00 0.000e+00]
 [0.000e+00 8.480e+01 0.000e+00 0.000e+00 2.000e-01 0.000e+00 0.000e+00
  0.000e+00 0.000e+00 0.000e+00 0.000e+00 0.000e+00 0.000e+00 0.000e+00]
 [0.000e+00 0.000e+00 2.110e+02 0.000e+00 0.000e+00 0.000e+00 0.000e+00
  0.000e+00 0.000e+00 0.000e+00 0.000e+00 0.000e+00 0.000e+00 0.000e+00]
 [0.000e+00 0.000e+00 0.000e+00 1.810e+02 0.000e+00 0.000e+00 0.000e+00
  0.000e+00 0.000e+00 0.000e+00 0.000e+00 0.000e+00 0.000e+00 0.000e+00]
 [0.000e+00 0.000e+00 0.000e+00 2.000e-01 2.192e+02 6.600e+00 0.000e+00
  0.000e+00 0.000e+00 0.000e+00 0.000e+00 0.000e+00 0.000e+00 0.000e+00]
 [0.000e+00 0.000e+00 0.000e+00 0.000e+00 7.800e+00 2.148e+02 0.000e+00
  0.000e+00 3.400e+00 0.000e+00 0.000e+00 0.000e+00 0.000e+00 0.000e+00]
 [0.000e+00 0.000e+00 0.000e+00 0.000e+00 0.000e+00 0.000e+00 2.180e+02
  0.000e+00 0.000e+00 0.000e+00 0.000e+00 0.000e+00 0.000e+00 0.000e+00]
 [0.000e+00 0.000e+00 0.000e+00 0.000e+00 0.000e+00 0.000e+00 0.000e+00
  1.700e+02 0.000e+00 0.000e+00 0.000e+00 0.000e+00 0.000e+00 0.000e+00]
 [0.000e+00 0.000e+00 0.000e+00 0.000e+00 0.000e+00 3.600e+00 0.000e+00
  0.000e+00 2.600e+02 4.000e-01 0.000e+00 0.000e+00 0.000e+00 0.000e+00]
 [0.000e+00 0.000e+00 0.000e+00 0.000e+00 0.000e+00 0.000e+00 0.000e+00
  2.000e-01 0.000e+00 2.064e+02 1.400e+00 0.000e+00 0.000e+00 0.000e+00]
 [0.000e+00 0.000e+00 0.000e+00 0.000e+00 0.000e+00 0.000e+00 0.000e+00
  0.000e+00 0.000e+00 2.000e-01 2.558e+02 0.000e+00 0.000e+00 0.000e+00]
 [0.000e+00 0.000e+00 0.000e+00 0.000e+00 0.000e+00 0.000e+00 0.000e+00
  0.000e+00 0.000e+00 0.000e+00 0.000e+00 1.520e+02 0.000e+00 0.000e+00]
 [0.000e+00 0.000e+00 0.000e+00 0.000e+00 0.000e+00 0.000e+00 0.000e+00
  0.000e+00 0.000e+00 0.000e+00 0.000e+00 4.000e-01 2.246e+02 0.000e+00]
 [0.000e+00 0.000e+00 0.000e+00 0.000e+00 6.000e-01 0.000e+00 0.000e+00
  0.000e+00 0.000e+00 0.000e+00 0.000e+00 0.000e+00 0.000e+00 7.940e+01]]---
Accuracy: 99.08 +- 0.27
---
class acc :
	Water: 100.00 +- 0.00
	Hippo grass: 99.76 +- 0.47
	Floodplain grasses 1: 100.00 +- 0.00
	Floodplain grasses 2: 100.00 +- 0.00
	Reeds: 96.99 +- 3.51
	Riparian: 95.04 +- 2.33
	Firescar: 100.00 +- 0.00
	Island interior: 100.00 +- 0.00
	Acacia woodlands: 98.48 +- 1.57
	Acacia shrublands: 99.23 +- 0.72
	Acacia grasslands: 99.92 +- 0.16
	Short mopane: 100.00 +- 0.00
	Mixed mopane: 99.82 +- 0.36
	Exposed soils: 99.25 +- 1.50
---
AA: 99.18 +- 0.28
Kappa: 99.01 +- 0.29
