run 1 / 5
Best validation overall accuracy 0.99609375
Confusion matrix :
[[227   0   0   0   0   0   0   0   0   0   0   0   0   0]
 [  0  85   0   0   0   0   0   0   0   0   0   0   0   0]
 [  0   0 211   0   0   0   0   0   0   0   0   0   0   0]
 [  0   0   0 181   0   0   0   0   0   0   0   0   0   0]
 [  0   0   0   0 214  12   0   0   0   0   0   0   0   0]
 [  0   0   0   0   7 219   0   0   0   0   0   0   0   0]
 [  0   0   0   0   0   0 218   0   0   0   0   0   0   0]
 [  0   0   0   0   0   0   0 170   0   0   0   0   0   0]
 [  0   0   0   0   0   0   0   0 264   0   0   0   0   0]
 [  0   0   0   0   0   0   0   0   0 208   0   0   0   0]
 [  0   0   0   0   0   0   0   0   0   5 251   0   0   0]
 [  0   0   0   0   0   0   0   0   0   0   0 152   0   0]
 [  0   0   0   0   0   0   0   0   0   0   0   0 225   0]
 [  0   0   0   0   4   0   0   3   0   0   0   0   0  73]]---
Accuracy : 98.86%
---
class acc :
	Water: 100.00
	Hippo grass: 100.00
	Floodplain grasses 1: 100.00
	Floodplain grasses 2: 100.00
	Reeds: 94.69
	Riparian: 96.90
	Firescar: 100.00
	Island interior: 100.00
	Acacia woodlands: 100.00
	Acacia shrublands: 100.00
	Acacia grasslands: 98.05
	Short mopane: 100.00
	Mixed mopane: 100.00
	Exposed soils: 91.25
---
AA: 98.63%
Kappa: 98.77
run 2 / 5
Best validation overall accuracy 0.99609375
Confusion matrix :
[[227   0   0   0   0   0   0   0   0   0   0   0   0   0]
 [  0  85   0   0   0   0   0   0   0   0   0   0   0   0]
 [  0   0 211   0   0   0   0   0   0   0   0   0   0   0]
 [  0   0   0 181   0   0   0   0   0   0   0   0   0   0]
 [  0   0   0   0 218   8   0   0   0   0   0   0   0   0]
 [  0   0   0   0   4 221   0   0   1   0   0   0   0   0]
 [  0   0   0   0   0   0 218   0   0   0   0   0   0   0]
 [  0   0   0   0   0   0   0 170   0   0   0   0   0   0]
 [  0   0   0   0   0   3   0   0 261   0   0   0   0   0]
 [  0   0   0   0   0   0   0   0   0 201   7   0   0   0]
 [  0   0   0   0   0   0   0   0   0   0 256   0   0   0]
 [  0   0   0   0   0   0   0   0   0   0   0 152   0   0]
 [  0   0   0   0   0   0   0   0   0   0   0   0 225   0]
 [  0   0   0   0   3   0   0   0   0   0   0   0   0  77]]---
Accuracy : 99.05%
---
class acc :
	Water: 100.00
	Hippo grass: 100.00
	Floodplain grasses 1: 100.00
	Floodplain grasses 2: 100.00
	Reeds: 96.46
	Riparian: 97.79
	Firescar: 100.00
	Island interior: 100.00
	Acacia woodlands: 98.86
	Acacia shrublands: 96.63
	Acacia grasslands: 100.00
	Short mopane: 100.00
	Mixed mopane: 100.00
	Exposed soils: 96.25
---
AA: 99.00%
Kappa: 98.97
run 3 / 5
Best validation overall accuracy 1.0
Confusion matrix :
[[227   0   0   0   0   0   0   0   0   0   0   0   0   0]
 [  0  85   0   0   0   0   0   0   0   0   0   0   0   0]
 [  0   0 211   0   0   0   0   0   0   0   0   0   0   0]
 [  0   0   0 181   0   0   0   0   0   0   0   0   0   0]
 [  0   0   0   0 226   0   0   0   0   0   0   0   0   0]
 [  0   0   0   0   3 223   0   0   0   0   0   0   0   0]
 [  0   0   0   0   0   0 218   0   0   0   0   0   0   0]
 [  0   0   0   0   0   0   0 170   0   0   0   0   0   0]
 [  0   0   0   0   0   0   0   0 264   0   0   0   0   0]
 [  0   0   0   0   0   0   0   0   0 208   0   0   0   0]
 [  0   0   0   0   0   0   0   0   0   0 256   0   0   0]
 [  0   0   0   0   0   0   0   0   0   0   0 152   0   0]
 [  0   0   0   0   0   0   0   0   0   0   0   0 225   0]
 [  0   0   0   0   0   0   0   0   0   0   0   0   0  80]]---
Accuracy : 99.89%
---
class acc :
	Water: 100.00
	Hippo grass: 100.00
	Floodplain grasses 1: 100.00
	Floodplain grasses 2: 100.00
	Reeds: 100.00
	Riparian: 98.67
	Firescar: 100.00
	Island interior: 100.00
	Acacia woodlands: 100.00
	Acacia shrublands: 100.00
	Acacia grasslands: 100.00
	Short mopane: 100.00
	Mixed mopane: 100.00
	Exposed soils: 100.00
---
AA: 99.91%
Kappa: 99.88
run 4 / 5
Best validation overall accuracy 0.99609375
Confusion matrix :
[[227   0   0   0   0   0   0   0   0   0   0   0   0   0]
 [  0  85   0   0   0   0   0   0   0   0   0   0   0   0]
 [  0   0 211   0   0   0   0   0   0   0   0   0   0   0]
 [  0   0   0 181   0   0   0   0   0   0   0   0   0   0]
 [  0   0   0   0 217   9   0   0   0   0   0   0   0   0]
 [  0   0   0   0   3 222   0   0   1   0   0   0   0   0]
 [  0   0   0   0   0   0 218   0   0   0   0   0   0   0]
 [  0   0   0   0   0   0   0 170   0   0   0   0   0   0]
 [  0   0   0   0   0   0   0   0 264   0   0   0   0   0]
 [  0   0   0   0   0   0   0   0   0 207   1   0   0   0]
 [  0   0   0   0   0   0   0   0   0   2 254   0   0   0]
 [  0   0   0   0   0   0   0   0   0   0   0 152   0   0]
 [  0   0   0   0   0   0   0   0   0   0   0   0 225   0]
 [  0   0   0   0   1   0   0   0   0   0   0   0   0  79]]---
Accuracy : 99.38%
---
class acc :
	Water: 100.00
	Hippo grass: 100.00
	Floodplain grasses 1: 100.00
	Floodplain grasses 2: 100.00
	Reeds: 96.02
	Riparian: 98.23
	Firescar: 100.00
	Island interior: 100.00
	Acacia woodlands: 100.00
	Acacia shrublands: 99.52
	Acacia grasslands: 99.22
	Short mopane: 100.00
	Mixed mopane: 100.00
	Exposed soils: 98.75
---
AA: 99.41%
Kappa: 99.33
run 5 / 5
Best validation overall accuracy 1.0
Confusion matrix :
[[227   0   0   0   0   0   0   0   0   0   0   0   0   0]
 [  0  85   0   0   0   0   0   0   0   0   0   0   0   0]
 [  0   0 211   0   0   0   0   0   0   0   0   0   0   0]
 [  0   0   0 179   0   0   2   0   0   0   0   0   0   0]
 [  0   0   0  14 207   5   0   0   0   0   0   0   0   0]
 [  0   0   0   0   7 218   0   0   1   0   0   0   0   0]
 [  0   0   0   0   0   0 218   0   0   0   0   0   0   0]
 [  0   0   0   0   0   0   0 170   0   0   0   0   0   0]
 [  0   0   0   0   0   0   0   0 264   0   0   0   0   0]
 [  0   0   0   0   0   0   0   0   0 197  11   0   0   0]
 [  0   0   0   0   0   0   0   0   0   0 256   0   0   0]
 [  0   0   0   0   0   0   0   0   0   0   0 151   1   0]
 [  0   0   0   0   0   0   0   0   0   0   0   0 225   0]
 [  0   0   0   0   1   0   0   0   0   0   0   2   0  77]]---
Accuracy : 98.39%
---
class acc :
	Water: 100.00
	Hippo grass: 100.00
	Floodplain grasses 1: 100.00
	Floodplain grasses 2: 98.90
	Reeds: 91.59
	Riparian: 96.46
	Firescar: 100.00
	Island interior: 100.00
	Acacia woodlands: 100.00
	Acacia shrublands: 94.71
	Acacia grasslands: 100.00
	Short mopane: 99.34
	Mixed mopane: 100.00
	Exposed soils: 96.25
---
AA: 98.38%
Kappa: 98.25
Agregated results :
Confusion matrix :
[[2.270e+02 0.000e+00 0.000e+00 0.000e+00 0.000e+00 0.000e+00 0.000e+00
  0.000e+00 0.000e+00 0.000e+00 0.000e+00 0.000e+00 0.000e+00 0.000e+00]
 [0.000e+00 8.500e+01 0.000e+00 0.000e+00 0.000e+00 0.000e+00 0.000e+00
  0.000e+00 0.000e+00 0.000e+00 0.000e+00 0.000e+00 0.000e+00 0.000e+00]
 [0.000e+00 0.000e+00 2.110e+02 0.000e+00 0.000e+00 0.000e+00 0.000e+00
  0.000e+00 0.000e+00 0.000e+00 0.000e+00 0.000e+00 0.000e+00 0.000e+00]
 [0.000e+00 0.000e+00 0.000e+00 1.806e+02 0.000e+00 0.000e+00 4.000e-01
  0.000e+00 0.000e+00 0.000e+00 0.000e+00 0.000e+00 0.000e+00 0.000e+00]
 [0.000e+00 0.000e+00 0.000e+00 2.800e+00 2.164e+02 6.800e+00 0.000e+00
  0.000e+00 0.000e+00 0.000e+00 0.000e+00 0.000e+00 0.000e+00 0.000e+00]
 [0.000e+00 0.000e+00 0.000e+00 0.000e+00 4.800e+00 2.206e+02 0.000e+00
  0.000e+00 6.000e-01 0.000e+00 0.000e+00 0.000e+00 0.000e+00 0.000e+00]
 [0.000e+00 0.000e+00 0.000e+00 0.000e+00 0.000e+00 0.000e+00 2.180e+02
  0.000e+00 0.000e+00 0.000e+00 0.000e+00 0.000e+00 0.000e+00 0.000e+00]
 [0.000e+00 0.000e+00 0.000e+00 0.000e+00 0.000e+00 0.000e+00 0.000e+00
  1.700e+02 0.000e+00 0.000e+00 0.000e+00 0.000e+00 0.000e+00 0.000e+00]
 [0.000e+00 0.000e+00 0.000e+00 0.000e+00 0.000e+00 6.000e-01 0.000e+00
  0.000e+00 2.634e+02 0.000e+00 0.000e+00 0.000e+00 0.000e+00 0.000e+00]
 [0.000e+00 0.000e+00 0.000e+00 0.000e+00 0.000e+00 0.000e+00 0.000e+00
  0.000e+00 0.000e+00 2.042e+02 3.800e+00 0.000e+00 0.000e+00 0.000e+00]
 [0.000e+00 0.000e+00 0.000e+00 0.000e+00 0.000e+00 0.000e+00 0.000e+00
  0.000e+00 0.000e+00 1.400e+00 2.546e+02 0.000e+00 0.000e+00 0.000e+00]
 [0.000e+00 0.000e+00 0.000e+00 0.000e+00 0.000e+00 0.000e+00 0.000e+00
  0.000e+00 0.000e+00 0.000e+00 0.000e+00 1.518e+02 2.000e-01 0.000e+00]
 [0.000e+00 0.000e+00 0.000e+00 0.000e+00 0.000e+00 0.000e+00 0.000e+00
  0.000e+00 0.000e+00 0.000e+00 0.000e+00 0.000e+00 2.250e+02 0.000e+00]
 [0.000e+00 0.000e+00 0.000e+00 0.000e+00 1.800e+00 0.000e+00 0.000e+00
  6.000e-01 0.000e+00 0.000e+00 0.000e+00 4.000e-01 0.000e+00 7.720e+01]]---
Accuracy: 99.11 +- 0.50
---
class acc :
	Water: 100.00 +- 0.00
	Hippo grass: 100.00 +- 0.00
	Floodplain grasses 1: 100.00 +- 0.00
	Floodplain grasses 2: 99.78 +- 0.44
	Reeds: 95.75 +- 2.72
	Riparian: 97.61 +- 0.82
	Firescar: 100.00 +- 0.00
	Island interior: 100.00 +- 0.00
	Acacia woodlands: 99.77 +- 0.45
	Acacia shrublands: 98.17 +- 2.14
	Acacia grasslands: 99.45 +- 0.77
	Short mopane: 99.87 +- 0.26
	Mixed mopane: 100.00 +- 0.00
	Exposed soils: 96.50 +- 3.00
---
AA: 99.06 +- 0.55
Kappa: 99.04 +- 0.55
