run 1 / 5
Best validation overall accuracy 0.99609375
Confusion matrix :
[[227   0   0   0   0   0   0   0   0   0   0   0   0   0]
 [  0  85   0   0   0   0   0   0   0   0   0   0   0   0]
 [  0   0 211   0   0   0   0   0   0   0   0   0   0   0]
 [  0   0   0 181   0   0   0   0   0   0   0   0   0   0]
 [  0   0   0   0 217   9   0   0   0   0   0   0   0   0]
 [  0   0   0   0   9 217   0   0   0   0   0   0   0   0]
 [  0   0   0   0   0   0 218   0   0   0   0   0   0   0]
 [  0   0   0   0   0   0   0 170   0   0   0   0   0   0]
 [  0   0   0   0   0   0   0   0 261   3   0   0   0   0]
 [  0   0   0   0   0   0   0   0   0 164  44   0   0   0]
 [  0   0   0   0   0   0   0   0   0   0 256   0   0   0]
 [  0   0   0   0   0   0   0   0   0   0   0 152   0   0]
 [  0   0   0   0   0   0   0   0   0   0   0   2 223   0]
 [  0   0   0   0   2   0   0   0   0   0   0   0   0  78]]---
Accuracy : 97.47%
---
class acc :
	Water: 100.00
	Hippo grass: 100.00
	Floodplain grasses 1: 100.00
	Floodplain grasses 2: 100.00
	Reeds: 96.02
	Riparian: 96.02
	Firescar: 100.00
	Island interior: 100.00
	Acacia woodlands: 98.86
	Acacia shrublands: 78.85
	Acacia grasslands: 100.00
	Short mopane: 100.00
	Mixed mopane: 99.11
	Exposed soils: 97.50
---
AA: 97.60%
Kappa: 97.26
run 2 / 5
Best validation overall accuracy 0.9921875
Confusion matrix :
[[227   0   0   0   0   0   0   0   0   0   0   0   0   0]
 [  0  85   0   0   0   0   0   0   0   0   0   0   0   0]
 [  0   0 211   0   0   0   0   0   0   0   0   0   0   0]
 [  0   0   0 181   0   0   0   0   0   0   0   0   0   0]
 [  0   0   0   0 218   8   0   0   0   0   0   0   0   0]
 [  0   0   0   0   3 222   0   0   1   0   0   0   0   0]
 [  0   0   0   0   0   0 218   0   0   0   0   0   0   0]
 [  0   0   0   0   0   0   0 170   0   0   0   0   0   0]
 [  0   0   0   0   0  21   0   0 242   1   0   0   0   0]
 [  0   0   0   0   0   0   0   0   0 207   1   0   0   0]
 [  0   0   0   0   0   0   0   0   0   0 256   0   0   0]
 [  0   0   0   0   0   0   0   0   0   0   0 152   0   0]
 [  0   0   0   0   0   0   0   0   0   0   0   0 225   0]
 [  0   0   0   0   1   0   0   0   0   0   0   0   0  79]]---
Accuracy : 98.68%
---
class acc :
	Water: 100.00
	Hippo grass: 100.00
	Floodplain grasses 1: 100.00
	Floodplain grasses 2: 100.00
	Reeds: 96.46
	Riparian: 98.23
	Firescar: 100.00
	Island interior: 100.00
	Acacia woodlands: 91.67
	Acacia shrublands: 99.52
	Acacia grasslands: 100.00
	Short mopane: 100.00
	Mixed mopane: 100.00
	Exposed soils: 98.75
---
AA: 98.90%
Kappa: 98.57
run 3 / 5
Best validation overall accuracy 1.0
Confusion matrix :
[[227   0   0   0   0   0   0   0   0   0   0   0   0   0]
 [  0  84   0   0   1   0   0   0   0   0   0   0   0   0]
 [  0   0 211   0   0   0   0   0   0   0   0   0   0   0]
 [  0   0   0 181   0   0   0   0   0   0   0   0   0   0]
 [  0   0   0   0 226   0   0   0   0   0   0   0   0   0]
 [  0   0   0   0   3 223   0   0   0   0   0   0   0   0]
 [  0   0   0   0   0   0 218   0   0   0   0   0   0   0]
 [  0   0   0   0   0   0   0 170   0   0   0   0   0   0]
 [  0   0   0   0   0   0   0   0 264   0   0   0   0   0]
 [  0   0   0   0   0   0   0   0   0 207   1   0   0   0]
 [  0   0   0   0   0   0   0   0   0   1 255   0   0   0]
 [  0   0   0   0   0   0   0   0   0   0   0 152   0   0]
 [  0   0   0   0   0   0   0   0   0   0   0   0 225   0]
 [  0   0   0   0   0   0   0   0   0   0   0   0   0  80]]---
Accuracy : 99.78%
---
class acc :
	Water: 100.00
	Hippo grass: 98.82
	Floodplain grasses 1: 100.00
	Floodplain grasses 2: 100.00
	Reeds: 100.00
	Riparian: 98.67
	Firescar: 100.00
	Island interior: 100.00
	Acacia woodlands: 100.00
	Acacia shrublands: 99.52
	Acacia grasslands: 99.61
	Short mopane: 100.00
	Mixed mopane: 100.00
	Exposed soils: 100.00
---
AA: 99.76%
Kappa: 99.76
run 4 / 5
Best validation overall accuracy 1.0
Confusion matrix :
[[227   0   0   0   0   0   0   0   0   0   0   0   0   0]
 [  0  85   0   0   0   0   0   0   0   0   0   0   0   0]
 [  0   0 211   0   0   0   0   0   0   0   0   0   0   0]
 [  0   0   0 181   0   0   0   0   0   0   0   0   0   0]
 [  0   0   0   0 222   4   0   0   0   0   0   0   0   0]
 [  0   0   0   0   1 225   0   0   0   0   0   0   0   0]
 [  0   0   0   0   0   0 218   0   0   0   0   0   0   0]
 [  0   0   0   0   0   0   0 166   0   0   4   0   0   0]
 [  0   0   0   0   0  17   0   0 246   1   0   0   0   0]
 [  0   0   0   0   0   0   0   0   0 208   0   0   0   0]
 [  0   0   0   0   0   0   0   0   0   0 256   0   0   0]
 [  0   0   0   0   0   0   0   0   0   0   0 152   0   0]
 [  0   0   0   0   0   0   0   0   0   0   0   0 225   0]
 [  0   0   0   0   1   0   0   0   0   0   0   0   0  79]]---
Accuracy : 98.97%
---
class acc :
	Water: 100.00
	Hippo grass: 100.00
	Floodplain grasses 1: 100.00
	Floodplain grasses 2: 100.00
	Reeds: 98.23
	Riparian: 99.56
	Firescar: 100.00
	Island interior: 97.65
	Acacia woodlands: 93.18
	Acacia shrublands: 100.00
	Acacia grasslands: 100.00
	Short mopane: 100.00
	Mixed mopane: 100.00
	Exposed soils: 98.75
---
AA: 99.10%
Kappa: 98.89
run 5 / 5
Best validation overall accuracy 0.99609375
Confusion matrix :
[[227   0   0   0   0   0   0   0   0   0   0   0   0   0]
 [  0  85   0   0   0   0   0   0   0   0   0   0   0   0]
 [  0   0 211   0   0   0   0   0   0   0   0   0   0   0]
 [  0   0   1 180   0   0   0   0   0   0   0   0   0   0]
 [  0   0   0   4 217   5   0   0   0   0   0   0   0   0]
 [  0   0   0   0  12 203   0   0  11   0   0   0   0   0]
 [  0   0   0   0   0   0 218   0   0   0   0   0   0   0]
 [  0   0   0   0   0   0   0 170   0   0   0   0   0   0]
 [  0   0   0   0   0   0   0   0 264   0   0   0   0   0]
 [  0   0   0   0   0   0   0   0   0 204   4   0   0   0]
 [  0   0   0   0   0   0   0   0   0   0 256   0   0   0]
 [  0   0   0   0   0   0   0   0   0   0   0 150   2   0]
 [  0   0   0   0   0   0   0   0   0   0   0   0 225   0]
 [  0   0   0   0   2   0   0   2   0   0  11   2   0  63]]---
Accuracy : 97.95%
---
class acc :
	Water: 100.00
	Hippo grass: 100.00
	Floodplain grasses 1: 100.00
	Floodplain grasses 2: 99.45
	Reeds: 96.02
	Riparian: 89.82
	Firescar: 100.00
	Island interior: 100.00
	Acacia woodlands: 100.00
	Acacia shrublands: 98.08
	Acacia grasslands: 100.00
	Short mopane: 98.68
	Mixed mopane: 100.00
	Exposed soils: 78.75
---
AA: 97.20%
Kappa: 97.78
Agregated results :
Confusion matrix :
[[2.270e+02 0.000e+00 0.000e+00 0.000e+00 0.000e+00 0.000e+00 0.000e+00
  0.000e+00 0.000e+00 0.000e+00 0.000e+00 0.000e+00 0.000e+00 0.000e+00]
 [0.000e+00 8.480e+01 0.000e+00 0.000e+00 2.000e-01 0.000e+00 0.000e+00
  0.000e+00 0.000e+00 0.000e+00 0.000e+00 0.000e+00 0.000e+00 0.000e+00]
 [0.000e+00 0.000e+00 2.110e+02 0.000e+00 0.000e+00 0.000e+00 0.000e+00
  0.000e+00 0.000e+00 0.000e+00 0.000e+00 0.000e+00 0.000e+00 0.000e+00]
 [0.000e+00 0.000e+00 2.000e-01 1.808e+02 0.000e+00 0.000e+00 0.000e+00
  0.000e+00 0.000e+00 0.000e+00 0.000e+00 0.000e+00 0.000e+00 0.000e+00]
 [0.000e+00 0.000e+00 0.000e+00 8.000e-01 2.200e+02 5.200e+00 0.000e+00
  0.000e+00 0.000e+00 0.000e+00 0.000e+00 0.000e+00 0.000e+00 0.000e+00]
 [0.000e+00 0.000e+00 0.000e+00 0.000e+00 5.600e+00 2.180e+02 0.000e+00
  0.000e+00 2.400e+00 0.000e+00 0.000e+00 0.000e+00 0.000e+00 0.000e+00]
 [0.000e+00 0.000e+00 0.000e+00 0.000e+00 0.000e+00 0.000e+00 2.180e+02
  0.000e+00 0.000e+00 0.000e+00 0.000e+00 0.000e+00 0.000e+00 0.000e+00]
 [0.000e+00 0.000e+00 0.000e+00 0.000e+00 0.000e+00 0.000e+00 0.000e+00
  1.692e+02 0.000e+00 0.000e+00 8.000e-01 0.000e+00 0.000e+00 0.000e+00]
 [0.000e+00 0.000e+00 0.000e+00 0.000e+00 0.000e+00 7.600e+00 0.000e+00
  0.000e+00 2.554e+02 1.000e+00 0.000e+00 0.000e+00 0.000e+00 0.000e+00]
 [0.000e+00 0.000e+00 0.000e+00 0.000e+00 0.000e+00 0.000e+00 0.000e+00
  0.000e+00 0.000e+00 1.980e+02 1.000e+01 0.000e+00 0.000e+00 0.000e+00]
 [0.000e+00 0.000e+00 0.000e+00 0.000e+00 0.000e+00 0.000e+00 0.000e+00
  0.000e+00 0.000e+00 2.000e-01 2.558e+02 0.000e+00 0.000e+00 0.000e+00]
 [0.000e+00 0.000e+00 0.000e+00 0.000e+00 0.000e+00 0.000e+00 0.000e+00
  0.000e+00 0.000e+00 0.000e+00 0.000e+00 1.516e+02 4.000e-01 0.000e+00]
 [0.000e+00 0.000e+00 0.000e+00 0.000e+00 0.000e+00 0.000e+00 0.000e+00
  0.000e+00 0.000e+00 0.000e+00 0.000e+00 4.000e-01 2.246e+02 0.000e+00]
 [0.000e+00 0.000e+00 0.000e+00 0.000e+00 1.200e+00 0.000e+00 0.000e+00
  4.000e-01 0.000e+00 0.000e+00 2.200e+00 4.000e-01 0.000e+00 7.580e+01]]---
Accuracy: 98.57 +- 0.80
---
class acc :
	Water: 100.00 +- 0.00
	Hippo grass: 99.76 +- 0.47
	Floodplain grasses 1: 100.00 +- 0.00
	Floodplain grasses 2: 99.89 +- 0.22
	Reeds: 97.35 +- 1.56
	Riparian: 96.46 +- 3.52
	Firescar: 100.00 +- 0.00
	Island interior: 99.53 +- 0.94
	Acacia woodlands: 96.74 +- 3.58
	Acacia shrublands: 95.19 +- 8.20
	Acacia grasslands: 99.92 +- 0.16
	Short mopane: 99.74 +- 0.53
	Mixed mopane: 99.82 +- 0.36
	Exposed soils: 94.75 +- 8.04
---
AA: 98.51 +- 0.96
Kappa: 98.45 +- 0.87
