run 1 / 5
Best validation overall accuracy 1.0
Confusion matrix :
[[243   0   0   0   0   0   0   0   0   0   0   0   0   0]
 [  0  91   0   0   0   0   0   0   0   0   0   0   0   0]
 [  0   0 226   0   0   0   0   0   0   0   0   0   0   0]
 [  0   0   0 194   0   0   0   0   0   0   0   0   0   0]
 [  0   0   0   0 223  19   0   0   0   0   0   0   0   0]
 [  0   0   0   0   5 237   0   0   0   0   0   0   0   0]
 [  0   0   0   0   0   0 233   0   0   0   0   0   0   0]
 [  0   0   0   0   0   0   0 183   0   0   0   0   0   0]
 [  0   0   0   0   0   0   0   0 283   0   0   0   0   0]
 [  0   0   0   0   0   0   0   0   0 223   0   0   0   0]
 [  0   0   0   0   0   0   0   0   0   0 275   0   0   0]
 [  0   0   0   0   0   0   0   0   0   0   0 163   0   0]
 [  0   0   0   0   0   0   0   0   0   0   0   0 241   0]
 [  0   0   0   0  15   0   0   1   0   0   0   0   0  69]]---
Accuracy : 98.63%
---
class acc :
	Water: 100.00
	Hippo grass: 100.00
	Floodplain grasses 1: 100.00
	Floodplain grasses 2: 100.00
	Reeds: 92.15
	Riparian: 97.93
	Firescar: 100.00
	Island interior: 100.00
	Acacia woodlands: 100.00
	Acacia shrublands: 100.00
	Acacia grasslands: 100.00
	Short mopane: 100.00
	Mixed mopane: 100.00
	Exposed soils: 81.18
---
AA: 97.95%
Kappa: 98.52
run 2 / 5
Best validation overall accuracy 1.0
Confusion matrix :
[[243   0   0   0   0   0   0   0   0   0   0   0   0   0]
 [  0  91   0   0   0   0   0   0   0   0   0   0   0   0]
 [  0   0 226   0   0   0   0   0   0   0   0   0   0   0]
 [  0   0   0 194   0   0   0   0   0   0   0   0   0   0]
 [  0   0   0   0 242   0   0   0   0   0   0   0   0   0]
 [  0   0   0   0   2 240   0   0   0   0   0   0   0   0]
 [  0   0   0   0   0   0 233   0   0   0   0   0   0   0]
 [  0   0   0   0   0   0   0 183   0   0   0   0   0   0]
 [  0   0   0   0   0   5   0   0 278   0   0   0   0   0]
 [  0   0   0   0   0   0   0   0   0 223   0   0   0   0]
 [  0   0   0   0   0   0   0   0   0   0 275   0   0   0]
 [  0   0   0   0   0   0   0   0   0   0   0 163   0   0]
 [  0   0   0   0   0   0   0   0   0   0   0   0 241   0]
 [  0   0   0   0   6   1   0   5   0   0   0   0   0  73]]---
Accuracy : 99.35%
---
class acc :
	Water: 100.00
	Hippo grass: 100.00
	Floodplain grasses 1: 100.00
	Floodplain grasses 2: 100.00
	Reeds: 100.00
	Riparian: 99.17
	Firescar: 100.00
	Island interior: 100.00
	Acacia woodlands: 98.23
	Acacia shrublands: 100.00
	Acacia grasslands: 100.00
	Short mopane: 100.00
	Mixed mopane: 100.00
	Exposed soils: 85.88
---
AA: 98.81%
Kappa: 99.30
run 3 / 5
Best validation overall accuracy 0.9921875
Confusion matrix :
[[243   0   0   0   0   0   0   0   0   0   0   0   0   0]
 [  0  91   0   0   0   0   0   0   0   0   0   0   0   0]
 [  0   0 226   0   0   0   0   0   0   0   0   0   0   0]
 [  0   0   0 194   0   0   0   0   0   0   0   0   0   0]
 [  0   0   0   0 241   1   0   0   0   0   0   0   0   0]
 [  0   0   0   0   2 240   0   0   0   0   0   0   0   0]
 [  0   0   0   0   0   0 233   0   0   0   0   0   0   0]
 [  0   0   0   0   0   0   0 183   0   0   0   0   0   0]
 [  0   0   0   0   0   0   0   0 283   0   0   0   0   0]
 [  0   0   0   0   0   0   0   0   0 223   0   0   0   0]
 [  0   0   0   0   0   0   0   0   0  23 252   0   0   0]
 [  0   0   0   0   0   0   0   0   0   0   0 163   0   0]
 [  0   0   0   0   0   0   0   0   0   0   0   0 241   0]
 [  0   0   0   0   0   3   0   0   1   0   0   0   0  81]]---
Accuracy : 98.97%
---
class acc :
	Water: 100.00
	Hippo grass: 100.00
	Floodplain grasses 1: 100.00
	Floodplain grasses 2: 100.00
	Reeds: 99.59
	Riparian: 99.17
	Firescar: 100.00
	Island interior: 100.00
	Acacia woodlands: 100.00
	Acacia shrublands: 100.00
	Acacia grasslands: 91.64
	Short mopane: 100.00
	Mixed mopane: 100.00
	Exposed soils: 95.29
---
AA: 98.98%
Kappa: 98.89
run 4 / 5
Best validation overall accuracy 1.0
Confusion matrix :
[[243   0   0   0   0   0   0   0   0   0   0   0   0   0]
 [  0  91   0   0   0   0   0   0   0   0   0   0   0   0]
 [  0   0 226   0   0   0   0   0   0   0   0   0   0   0]
 [  0   0   0 194   0   0   0   0   0   0   0   0   0   0]
 [  0   0   0   0 240   2   0   0   0   0   0   0   0   0]
 [  0   0   0   0   7 224   0   0  11   0   0   0   0   0]
 [  0   0   0   0   0   0 233   0   0   0   0   0   0   0]
 [  0   0   0   0   0   0   0 183   0   0   0   0   0   0]
 [  0   0   0   0   0   0   0   0 283   0   0   0   0   0]
 [  0   0   0   0   0   0   0   0   0 223   0   0   0   0]
 [  0   0   0   0   0   0   0   0   0   0 275   0   0   0]
 [  0   0   0   0   0   0   0   0   0   0   0 163   0   0]
 [  0   0   0   0   0   0   0   0   0   0   0   0 241   0]
 [  0   0   0   0   2   0   0   0   0   0   0   0   0  83]]---
Accuracy : 99.25%
---
class acc :
	Water: 100.00
	Hippo grass: 100.00
	Floodplain grasses 1: 100.00
	Floodplain grasses 2: 100.00
	Reeds: 99.17
	Riparian: 92.56
	Firescar: 100.00
	Island interior: 100.00
	Acacia woodlands: 100.00
	Acacia shrublands: 100.00
	Acacia grasslands: 100.00
	Short mopane: 100.00
	Mixed mopane: 100.00
	Exposed soils: 97.65
---
AA: 99.24%
Kappa: 99.18
run 5 / 5
Best validation overall accuracy 0.984375
Confusion matrix :
[[243   0   0   0   0   0   0   0   0   0   0   0   0   0]
 [  0  91   0   0   0   0   0   0   0   0   0   0   0   0]
 [  0   0 226   0   0   0   0   0   0   0   0   0   0   0]
 [  0   0   0 194   0   0   0   0   0   0   0   0   0   0]
 [  0   0   0   6 236   0   0   0   0   0   0   0   0   0]
 [  0   0   0   0  25 217   0   0   0   0   0   0   0   0]
 [  0   0   0   0   0   0 233   0   0   0   0   0   0   0]
 [  0   0   7   0   0   0   0 174   0   0   2   0   0   0]
 [  0   0   0   0   0   0   0   0 283   0   0   0   0   0]
 [  0   0   0   0   0   0   0   0   0 212  11   0   0   0]
 [  0   0   0   0   0   0   0   0   0   0 275   0   0   0]
 [  0   0   0   0   0   0   0   0   0   0   0 162   1   0]
 [  0   0   0   0   0   0   0   0   0   0   0   0 241   0]
 [  0   0   0   0   4   0   0  10   0   0   0   0   0  71]]---
Accuracy : 97.74%
---
class acc :
	Water: 100.00
	Hippo grass: 100.00
	Floodplain grasses 1: 100.00
	Floodplain grasses 2: 100.00
	Reeds: 97.52
	Riparian: 89.67
	Firescar: 100.00
	Island interior: 95.08
	Acacia woodlands: 100.00
	Acacia shrublands: 95.07
	Acacia grasslands: 100.00
	Short mopane: 99.39
	Mixed mopane: 100.00
	Exposed soils: 83.53
---
AA: 97.16%
Kappa: 97.55
Agregated results :
Confusion matrix :
[[2.430e+02 0.000e+00 0.000e+00 0.000e+00 0.000e+00 0.000e+00 0.000e+00
  0.000e+00 0.000e+00 0.000e+00 0.000e+00 0.000e+00 0.000e+00 0.000e+00]
 [0.000e+00 9.100e+01 0.000e+00 0.000e+00 0.000e+00 0.000e+00 0.000e+00
  0.000e+00 0.000e+00 0.000e+00 0.000e+00 0.000e+00 0.000e+00 0.000e+00]
 [0.000e+00 0.000e+00 2.260e+02 0.000e+00 0.000e+00 0.000e+00 0.000e+00
  0.000e+00 0.000e+00 0.000e+00 0.000e+00 0.000e+00 0.000e+00 0.000e+00]
 [0.000e+00 0.000e+00 0.000e+00 1.940e+02 0.000e+00 0.000e+00 0.000e+00
  0.000e+00 0.000e+00 0.000e+00 0.000e+00 0.000e+00 0.000e+00 0.000e+00]
 [0.000e+00 0.000e+00 0.000e+00 1.200e+00 2.364e+02 4.400e+00 0.000e+00
  0.000e+00 0.000e+00 0.000e+00 0.000e+00 0.000e+00 0.000e+00 0.000e+00]
 [0.000e+00 0.000e+00 0.000e+00 0.000e+00 8.200e+00 2.316e+02 0.000e+00
  0.000e+00 2.200e+00 0.000e+00 0.000e+00 0.000e+00 0.000e+00 0.000e+00]
 [0.000e+00 0.000e+00 0.000e+00 0.000e+00 0.000e+00 0.000e+00 2.330e+02
  0.000e+00 0.000e+00 0.000e+00 0.000e+00 0.000e+00 0.000e+00 0.000e+00]
 [0.000e+00 0.000e+00 1.400e+00 0.000e+00 0.000e+00 0.000e+00 0.000e+00
  1.812e+02 0.000e+00 0.000e+00 4.000e-01 0.000e+00 0.000e+00 0.000e+00]
 [0.000e+00 0.000e+00 0.000e+00 0.000e+00 0.000e+00 1.000e+00 0.000e+00
  0.000e+00 2.820e+02 0.000e+00 0.000e+00 0.000e+00 0.000e+00 0.000e+00]
 [0.000e+00 0.000e+00 0.000e+00 0.000e+00 0.000e+00 0.000e+00 0.000e+00
  0.000e+00 0.000e+00 2.208e+02 2.200e+00 0.000e+00 0.000e+00 0.000e+00]
 [0.000e+00 0.000e+00 0.000e+00 0.000e+00 0.000e+00 0.000e+00 0.000e+00
  0.000e+00 0.000e+00 4.600e+00 2.704e+02 0.000e+00 0.000e+00 0.000e+00]
 [0.000e+00 0.000e+00 0.000e+00 0.000e+00 0.000e+00 0.000e+00 0.000e+00
  0.000e+00 0.000e+00 0.000e+00 0.000e+00 1.628e+02 2.000e-01 0.000e+00]
 [0.000e+00 0.000e+00 0.000e+00 0.000e+00 0.000e+00 0.000e+00 0.000e+00
  0.000e+00 0.000e+00 0.000e+00 0.000e+00 0.000e+00 2.410e+02 0.000e+00]
 [0.000e+00 0.000e+00 0.000e+00 0.000e+00 5.400e+00 8.000e-01 0.000e+00
  3.200e+00 2.000e-01 0.000e+00 0.000e+00 0.000e+00 0.000e+00 7.540e+01]]---
Accuracy: 98.79 +- 0.58
---
class acc :
	Water: 100.00 +- 0.00
	Hippo grass: 100.00 +- 0.00
	Floodplain grasses 1: 100.00 +- 0.00
	Floodplain grasses 2: 100.00 +- 0.00
	Reeds: 97.69 +- 2.89
	Riparian: 95.70 +- 3.88
	Firescar: 100.00 +- 0.00
	Island interior: 99.02 +- 1.97
	Acacia woodlands: 99.65 +- 0.71
	Acacia shrublands: 99.01 +- 1.97
	Acacia grasslands: 98.33 +- 3.35
	Short mopane: 99.88 +- 0.25
	Mixed mopane: 100.00 +- 0.00
	Exposed soils: 88.71 +- 6.55
---
AA: 98.43 +- 0.77
Kappa: 98.69 +- 0.63
