run 1 / 5
Best validation overall accuracy 1.0
Confusion matrix :
[[242   0   0   0   1   0   0   0   0   0   0   0   0   0]
 [  0  91   0   0   0   0   0   0   0   0   0   0   0   0]
 [  0   0 226   0   0   0   0   0   0   0   0   0   0   0]
 [  0   0   0 194   0   0   0   0   0   0   0   0   0   0]
 [  0   0   0   0 239   3   0   0   0   0   0   0   0   0]
 [  0   0   0   0   3 239   0   0   0   0   0   0   0   0]
 [  0   0   0   0   0   0 233   0   0   0   0   0   0   0]
 [  0   0   0   0   0   0   0 183   0   0   0   0   0   0]
 [  0   0   0   0   0  11   0   0 272   0   0   0   0   0]
 [  0   0   0   0   0   0   0   0   0 217   6   0   0   0]
 [  0   0   0   0   0   0   0   0   0   0 275   0   0   0]
 [  0   0   0   0   0   0   0   0   0   0   0 163   0   0]
 [  0   0   0   0   0   0   0   0   0   0   0   0 241   0]
 [  0   0   0   0   0   0   0   0   0   0   0   0   0  85]]---
Accuracy : 99.18%
---
class acc :
	Water: 99.59
	Hippo grass: 100.00
	Floodplain grasses 1: 100.00
	Floodplain grasses 2: 100.00
	Reeds: 98.76
	Riparian: 98.76
	Firescar: 100.00
	Island interior: 100.00
	Acacia woodlands: 96.11
	Acacia shrublands: 97.31
	Acacia grasslands: 100.00
	Short mopane: 100.00
	Mixed mopane: 100.00
	Exposed soils: 100.00
---
AA: 99.32%
Kappa: 99.11
run 2 / 5
Best validation overall accuracy 1.0
Confusion matrix :
[[243   0   0   0   0   0   0   0   0   0   0   0   0   0]
 [  0  91   0   0   0   0   0   0   0   0   0   0   0   0]
 [  0   0 226   0   0   0   0   0   0   0   0   0   0   0]
 [  0   0   1 192   0   0   1   0   0   0   0   0   0   0]
 [  0   0   0  11 231   0   0   0   0   0   0   0   0   0]
 [  0   0   0   0   2 240   0   0   0   0   0   0   0   0]
 [  0   0   0   0   0   0 233   0   0   0   0   0   0   0]
 [  0   0   0   0   0   0   0 183   0   0   0   0   0   0]
 [  0   0   0   0   0   8   0   0 273   2   0   0   0   0]
 [  0   0   0   0   0   0   0   0   0 223   0   0   0   0]
 [  0   0   0   0   0   0   0   0   0   3 272   0   0   0]
 [  0   0   0   0   0   0   0   0   0   0   0 163   0   0]
 [  0   0   0   0   0   0   0   0   0   0   0   0 241   0]
 [  0   0   0   0   0   0   0   0   0   0   0   0   0  85]]---
Accuracy : 99.04%
---
class acc :
	Water: 100.00
	Hippo grass: 100.00
	Floodplain grasses 1: 100.00
	Floodplain grasses 2: 98.97
	Reeds: 95.45
	Riparian: 99.17
	Firescar: 100.00
	Island interior: 100.00
	Acacia woodlands: 96.47
	Acacia shrublands: 100.00
	Acacia grasslands: 98.91
	Short mopane: 100.00
	Mixed mopane: 100.00
	Exposed soils: 100.00
---
AA: 99.21%
Kappa: 98.96
run 3 / 5
Best validation overall accuracy 1.0
Confusion matrix :
[[243   0   0   0   0   0   0   0   0   0   0   0   0   0]
 [  0  90   0   0   1   0   0   0   0   0   0   0   0   0]
 [  0   0 226   0   0   0   0   0   0   0   0   0   0   0]
 [  0   0   0 194   0   0   0   0   0   0   0   0   0   0]
 [  0   0   0   1 240   1   0   0   0   0   0   0   0   0]
 [  0   0   0   0   5 237   0   0   0   0   0   0   0   0]
 [  0   0   0   0   0   0 233   0   0   0   0   0   0   0]
 [  0   0   0   0   0   0   0 183   0   0   0   0   0   0]
 [  0   0   0   0   0   0   0   0 283   0   0   0   0   0]
 [  0   0   0   0   0   0   0   0   0 208  15   0   0   0]
 [  0   0   0   0   0   0   0   0   0   0 275   0   0   0]
 [  0   0   0   0   0   0   0   0   0   0   0 161   2   0]
 [  0   0   0   0   0   0   0   0   0   0   0   0 241   0]
 [  0   0   0   0   0   0   0   0   0   0   0   0   0  85]]---
Accuracy : 99.15%
---
class acc :
	Water: 100.00
	Hippo grass: 98.90
	Floodplain grasses 1: 100.00
	Floodplain grasses 2: 100.00
	Reeds: 99.17
	Riparian: 97.93
	Firescar: 100.00
	Island interior: 100.00
	Acacia woodlands: 100.00
	Acacia shrublands: 93.27
	Acacia grasslands: 100.00
	Short mopane: 98.77
	Mixed mopane: 100.00
	Exposed soils: 100.00
---
AA: 99.15%
Kappa: 99.07
run 4 / 5
Best validation overall accuracy 0.984375
Confusion matrix :
[[243   0   0   0   0   0   0   0   0   0   0   0   0   0]
 [  0  91   0   0   0   0   0   0   0   0   0   0   0   0]
 [  0   0 226   0   0   0   0   0   0   0   0   0   0   0]
 [  0   0   0 194   0   0   0   0   0   0   0   0   0   0]
 [  0   0   0  12 225   0   0   5   0   0   0   0   0   0]
 [  0   0   0   0   1 241   0   0   0   0   0   0   0   0]
 [  0   0   0   0   0   0 233   0   0   0   0   0   0   0]
 [  0   0   0   0   0   0   0 183   0   0   0   0   0   0]
 [  0   0   0   0   0   0   0   0 283   0   0   0   0   0]
 [  0   0   0   0   0   0   0   0   0 223   0   0   0   0]
 [  0   0   0   0   0   0   0   0   0   0 275   0   0   0]
 [  0   0   0   0   0   0   0   0   0   0   0 159   4   0]
 [  0   0   0   0   0   0   0   0   0   0   0   0 241   0]
 [  0   0   0   0   0   8   0   3   0   0   0   0   0  74]]---
Accuracy : 98.87%
---
class acc :
	Water: 100.00
	Hippo grass: 100.00
	Floodplain grasses 1: 100.00
	Floodplain grasses 2: 100.00
	Reeds: 92.98
	Riparian: 99.59
	Firescar: 100.00
	Island interior: 100.00
	Acacia woodlands: 100.00
	Acacia shrublands: 100.00
	Acacia grasslands: 100.00
	Short mopane: 97.55
	Mixed mopane: 100.00
	Exposed soils: 87.06
---
AA: 98.37%
Kappa: 98.78
run 5 / 5
Best validation overall accuracy 1.0
Confusion matrix :
[[243   0   0   0   0   0   0   0   0   0   0   0   0   0]
 [  0  91   0   0   0   0   0   0   0   0   0   0   0   0]
 [  0   0 226   0   0   0   0   0   0   0   0   0   0   0]
 [  0   0   0 194   0   0   0   0   0   0   0   0   0   0]
 [  0   0   0   8 234   0   0   0   0   0   0   0   0   0]
 [  0   0   0   0   1 241   0   0   0   0   0   0   0   0]
 [  0   0   0   0   0   0 233   0   0   0   0   0   0   0]
 [  0   0   0   0   0   0   0 183   0   0   0   0   0   0]
 [  0   0   0   0   0   0   0   0 282   1   0   0   0   0]
 [  0   0   0   0   0   0   0   0   0 223   0   0   0   0]
 [  0   0   0   0   0   0   0   0   0  28 247   0   0   0]
 [  0   0   0   0   0   0   0   0   0   0   0 161   2   0]
 [  0   0   0   0   0   0   0   0   0   0   0   0 241   0]
 [  0   0   0   0   0   4   0   0   0   0   0   0   0  81]]---
Accuracy : 98.50%
---
class acc :
	Water: 100.00
	Hippo grass: 100.00
	Floodplain grasses 1: 100.00
	Floodplain grasses 2: 100.00
	Reeds: 96.69
	Riparian: 99.59
	Firescar: 100.00
	Island interior: 100.00
	Acacia woodlands: 99.65
	Acacia shrublands: 100.00
	Acacia grasslands: 89.82
	Short mopane: 98.77
	Mixed mopane: 100.00
	Exposed soils: 95.29
---
AA: 98.56%
Kappa: 98.37
Agregated results :
Confusion matrix :
[[2.428e+02 0.000e+00 0.000e+00 0.000e+00 2.000e-01 0.000e+00 0.000e+00
  0.000e+00 0.000e+00 0.000e+00 0.000e+00 0.000e+00 0.000e+00 0.000e+00]
 [0.000e+00 9.080e+01 0.000e+00 0.000e+00 2.000e-01 0.000e+00 0.000e+00
  0.000e+00 0.000e+00 0.000e+00 0.000e+00 0.000e+00 0.000e+00 0.000e+00]
 [0.000e+00 0.000e+00 2.260e+02 0.000e+00 0.000e+00 0.000e+00 0.000e+00
  0.000e+00 0.000e+00 0.000e+00 0.000e+00 0.000e+00 0.000e+00 0.000e+00]
 [0.000e+00 0.000e+00 2.000e-01 1.936e+02 0.000e+00 0.000e+00 2.000e-01
  0.000e+00 0.000e+00 0.000e+00 0.000e+00 0.000e+00 0.000e+00 0.000e+00]
 [0.000e+00 0.000e+00 0.000e+00 6.400e+00 2.338e+02 8.000e-01 0.000e+00
  1.000e+00 0.000e+00 0.000e+00 0.000e+00 0.000e+00 0.000e+00 0.000e+00]
 [0.000e+00 0.000e+00 0.000e+00 0.000e+00 2.400e+00 2.396e+02 0.000e+00
  0.000e+00 0.000e+00 0.000e+00 0.000e+00 0.000e+00 0.000e+00 0.000e+00]
 [0.000e+00 0.000e+00 0.000e+00 0.000e+00 0.000e+00 0.000e+00 2.330e+02
  0.000e+00 0.000e+00 0.000e+00 0.000e+00 0.000e+00 0.000e+00 0.000e+00]
 [0.000e+00 0.000e+00 0.000e+00 0.000e+00 0.000e+00 0.000e+00 0.000e+00
  1.830e+02 0.000e+00 0.000e+00 0.000e+00 0.000e+00 0.000e+00 0.000e+00]
 [0.000e+00 0.000e+00 0.000e+00 0.000e+00 0.000e+00 3.800e+00 0.000e+00
  0.000e+00 2.786e+02 6.000e-01 0.000e+00 0.000e+00 0.000e+00 0.000e+00]
 [0.000e+00 0.000e+00 0.000e+00 0.000e+00 0.000e+00 0.000e+00 0.000e+00
  0.000e+00 0.000e+00 2.188e+02 4.200e+00 0.000e+00 0.000e+00 0.000e+00]
 [0.000e+00 0.000e+00 0.000e+00 0.000e+00 0.000e+00 0.000e+00 0.000e+00
  0.000e+00 0.000e+00 6.200e+00 2.688e+02 0.000e+00 0.000e+00 0.000e+00]
 [0.000e+00 0.000e+00 0.000e+00 0.000e+00 0.000e+00 0.000e+00 0.000e+00
  0.000e+00 0.000e+00 0.000e+00 0.000e+00 1.614e+02 1.600e+00 0.000e+00]
 [0.000e+00 0.000e+00 0.000e+00 0.000e+00 0.000e+00 0.000e+00 0.000e+00
  0.000e+00 0.000e+00 0.000e+00 0.000e+00 0.000e+00 2.410e+02 0.000e+00]
 [0.000e+00 0.000e+00 0.000e+00 0.000e+00 0.000e+00 2.400e+00 0.000e+00
  6.000e-01 0.000e+00 0.000e+00 0.000e+00 0.000e+00 0.000e+00 8.200e+01]]---
Accuracy: 98.95 +- 0.25
---
class acc :
	Water: 99.92 +- 0.16
	Hippo grass: 99.78 +- 0.44
	Floodplain grasses 1: 100.00 +- 0.00
	Floodplain grasses 2: 99.79 +- 0.41
	Reeds: 96.61 +- 2.27
	Riparian: 99.01 +- 0.62
	Firescar: 100.00 +- 0.00
	Island interior: 100.00 +- 0.00
	Acacia woodlands: 98.45 +- 1.77
	Acacia shrublands: 98.12 +- 2.64
	Acacia grasslands: 97.75 +- 3.99
	Short mopane: 99.02 +- 0.92
	Mixed mopane: 100.00 +- 0.00
	Exposed soils: 96.47 +- 5.05
---
AA: 98.92 +- 0.38
Kappa: 98.86 +- 0.27
