run 1 / 5
Best validation overall accuracy 1.0
Confusion matrix :
[[243   0   0   0   0   0   0   0   0   0   0   0   0   0]
 [  0  91   0   0   0   0   0   0   0   0   0   0   0   0]
 [  0   0 226   0   0   0   0   0   0   0   0   0   0   0]
 [  0   0   0 194   0   0   0   0   0   0   0   0   0   0]
 [  0   0   0   0 230  12   0   0   0   0   0   0   0   0]
 [  0   0   0   0   5 237   0   0   0   0   0   0   0   0]
 [  0   0   0   0   0   0 233   0   0   0   0   0   0   0]
 [  0   0   0   0   0   0   0 183   0   0   0   0   0   0]
 [  0   0   0   0   0   0   0   0 283   0   0   0   0   0]
 [  0   0   0   0   0   0   0   0   0 223   0   0   0   0]
 [  0   0   0   0   0   0   0   0   0   0 275   0   0   0]
 [  0   0   0   0   0   0   0   0   0   0   0 163   0   0]
 [  0   0   0   0   0   0   0   0   0   0   0   0 241   0]
 [  0   0   0   0  12   0   0   4   0   0   0   0   0  69]]---
Accuracy : 98.87%
---
class acc :
	Water: 100.00
	Hippo grass: 100.00
	Floodplain grasses 1: 100.00
	Floodplain grasses 2: 100.00
	Reeds: 95.04
	Riparian: 97.93
	Firescar: 100.00
	Island interior: 100.00
	Acacia woodlands: 100.00
	Acacia shrublands: 100.00
	Acacia grasslands: 100.00
	Short mopane: 100.00
	Mixed mopane: 100.00
	Exposed soils: 81.18
---
AA: 98.15%
Kappa: 98.78
run 2 / 5
Best validation overall accuracy 1.0
Confusion matrix :
[[243   0   0   0   0   0   0   0   0   0   0   0   0   0]
 [  0  91   0   0   0   0   0   0   0   0   0   0   0   0]
 [  0   0 226   0   0   0   0   0   0   0   0   0   0   0]
 [  0   0   0 194   0   0   0   0   0   0   0   0   0   0]
 [  0   0   0   0 242   0   0   0   0   0   0   0   0   0]
 [  0   0   0   0   2 240   0   0   0   0   0   0   0   0]
 [  0   0   0   0   0   0 233   0   0   0   0   0   0   0]
 [  0   0   0   0   0   0   0 183   0   0   0   0   0   0]
 [  0   0   0   0   0  19   0   0 264   0   0   0   0   0]
 [  0   0   0   0   0   0   0   0   0 222   1   0   0   0]
 [  0   0   0   0   0   0   0   0   0   0 275   0   0   0]
 [  0   0   0   0   0   0   0   0   0   0   0 162   1   0]
 [  0   0   0   0   0   0   0   0   0   0   0   0 241   0]
 [  0   0   0   0   2   6   0   0   0   0   0   0   0  77]]---
Accuracy : 98.94%
---
class acc :
	Water: 100.00
	Hippo grass: 100.00
	Floodplain grasses 1: 100.00
	Floodplain grasses 2: 100.00
	Reeds: 100.00
	Riparian: 99.17
	Firescar: 100.00
	Island interior: 100.00
	Acacia woodlands: 93.29
	Acacia shrublands: 99.55
	Acacia grasslands: 100.00
	Short mopane: 99.39
	Mixed mopane: 100.00
	Exposed soils: 90.59
---
AA: 98.71%
Kappa: 98.85
run 3 / 5
Best validation overall accuracy 0.9921875
Confusion matrix :
[[242   0   0   0   1   0   0   0   0   0   0   0   0   0]
 [  0  91   0   0   0   0   0   0   0   0   0   0   0   0]
 [  0   0 226   0   0   0   0   0   0   0   0   0   0   0]
 [  0   0   0 194   0   0   0   0   0   0   0   0   0   0]
 [  0   0   0   0 242   0   0   0   0   0   0   0   0   0]
 [  0   0   0   0   3 239   0   0   0   0   0   0   0   0]
 [  0   0   0   0   0   0 233   0   0   0   0   0   0   0]
 [  0   0   0   0   0   0   0 183   0   0   0   0   0   0]
 [  0   0   0   0   0   0   0   0 283   0   0   0   0   0]
 [  0   0   0   0   0   0   0   0   0 220   3   0   0   0]
 [  0   0   0   0   0   0   0   0   0  12 263   0   0   0]
 [  0   0   0   0   0   0   0   0   0   0   0 163   0   0]
 [  0   0   0   0   0   0   0   0   0   0   0   0 241   0]
 [  0   0   0   0   2   4   0   1   0   0   0   0   0  78]]---
Accuracy : 99.11%
---
class acc :
	Water: 99.59
	Hippo grass: 100.00
	Floodplain grasses 1: 100.00
	Floodplain grasses 2: 100.00
	Reeds: 100.00
	Riparian: 98.76
	Firescar: 100.00
	Island interior: 100.00
	Acacia woodlands: 100.00
	Acacia shrublands: 98.65
	Acacia grasslands: 95.64
	Short mopane: 100.00
	Mixed mopane: 100.00
	Exposed soils: 91.76
---
AA: 98.89%
Kappa: 99.04
run 4 / 5
Best validation overall accuracy 0.9921875
Confusion matrix :
[[243   0   0   0   0   0   0   0   0   0   0   0   0   0]
 [  0  91   0   0   0   0   0   0   0   0   0   0   0   0]
 [  0   0 226   0   0   0   0   0   0   0   0   0   0   0]
 [  0   0   0 194   0   0   0   0   0   0   0   0   0   0]
 [  0   0   0   0 242   0   0   0   0   0   0   0   0   0]
 [  0   0   0   0   9 221   0   0  12   0   0   0   0   0]
 [  0   0   0   0   0   0 233   0   0   0   0   0   0   0]
 [  0   0   0   0   0   0   0 183   0   0   0   0   0   0]
 [  0   0   0   0   0   0   0   0 283   0   0   0   0   0]
 [  0   0   0   0   0   0   0   0   0 223   0   0   0   0]
 [  0   0   0   0   0   0   0   0   0   0 275   0   0   0]
 [  0   0   0   0   0   0   0   0   0   0   0 163   0   0]
 [  0   0   0   0   0   0   0   0   0   0   0   1 240   0]
 [  0   0   0   0   2   0   0   0   0   0   0   0   0  83]]---
Accuracy : 99.18%
---
class acc :
	Water: 100.00
	Hippo grass: 100.00
	Floodplain grasses 1: 100.00
	Floodplain grasses 2: 100.00
	Reeds: 100.00
	Riparian: 91.32
	Firescar: 100.00
	Island interior: 100.00
	Acacia woodlands: 100.00
	Acacia shrublands: 100.00
	Acacia grasslands: 100.00
	Short mopane: 100.00
	Mixed mopane: 99.59
	Exposed soils: 97.65
---
AA: 99.18%
Kappa: 99.11
run 5 / 5
Best validation overall accuracy 0.984375
Confusion matrix :
[[243   0   0   0   0   0   0   0   0   0   0   0   0   0]
 [  0  91   0   0   0   0   0   0   0   0   0   0   0   0]
 [  0   0 226   0   0   0   0   0   0   0   0   0   0   0]
 [  0   0   0 194   0   0   0   0   0   0   0   0   0   0]
 [  0   0   0   1 240   1   0   0   0   0   0   0   0   0]
 [  0   0   0   0  13 229   0   0   0   0   0   0   0   0]
 [  0   0   0   0   0   0 233   0   0   0   0   0   0   0]
 [  0   0   0   0   0   0   0 153   0   0  30   0   0   0]
 [  0   0   0   0   0   0   0   0 283   0   0   0   0   0]
 [  0   0   0   0   0   0   0   0   0 223   0   0   0   0]
 [  0   0   0   0   0   0   0   0   0   0 275   0   0   0]
 [  0   0   0   0   0   0   0   0   0   0   0 163   0   0]
 [  0   0   0   0   0   0   0   0   0   0   0   0 241   0]
 [  0   0   0   0   0   0   0   0   0   0   0   0   0  85]]---
Accuracy : 98.46%
---
class acc :
	Water: 100.00
	Hippo grass: 100.00
	Floodplain grasses 1: 100.00
	Floodplain grasses 2: 100.00
	Reeds: 99.17
	Riparian: 94.63
	Firescar: 100.00
	Island interior: 83.61
	Acacia woodlands: 100.00
	Acacia shrublands: 100.00
	Acacia grasslands: 100.00
	Short mopane: 100.00
	Mixed mopane: 100.00
	Exposed soils: 100.00
---
AA: 98.39%
Kappa: 98.33
Agregated results :
Confusion matrix :
[[2.428e+02 0.000e+00 0.000e+00 0.000e+00 2.000e-01 0.000e+00 0.000e+00
  0.000e+00 0.000e+00 0.000e+00 0.000e+00 0.000e+00 0.000e+00 0.000e+00]
 [0.000e+00 9.100e+01 0.000e+00 0.000e+00 0.000e+00 0.000e+00 0.000e+00
  0.000e+00 0.000e+00 0.000e+00 0.000e+00 0.000e+00 0.000e+00 0.000e+00]
 [0.000e+00 0.000e+00 2.260e+02 0.000e+00 0.000e+00 0.000e+00 0.000e+00
  0.000e+00 0.000e+00 0.000e+00 0.000e+00 0.000e+00 0.000e+00 0.000e+00]
 [0.000e+00 0.000e+00 0.000e+00 1.940e+02 0.000e+00 0.000e+00 0.000e+00
  0.000e+00 0.000e+00 0.000e+00 0.000e+00 0.000e+00 0.000e+00 0.000e+00]
 [0.000e+00 0.000e+00 0.000e+00 2.000e-01 2.392e+02 2.600e+00 0.000e+00
  0.000e+00 0.000e+00 0.000e+00 0.000e+00 0.000e+00 0.000e+00 0.000e+00]
 [0.000e+00 0.000e+00 0.000e+00 0.000e+00 6.400e+00 2.332e+02 0.000e+00
  0.000e+00 2.400e+00 0.000e+00 0.000e+00 0.000e+00 0.000e+00 0.000e+00]
 [0.000e+00 0.000e+00 0.000e+00 0.000e+00 0.000e+00 0.000e+00 2.330e+02
  0.000e+00 0.000e+00 0.000e+00 0.000e+00 0.000e+00 0.000e+00 0.000e+00]
 [0.000e+00 0.000e+00 0.000e+00 0.000e+00 0.000e+00 0.000e+00 0.000e+00
  1.770e+02 0.000e+00 0.000e+00 6.000e+00 0.000e+00 0.000e+00 0.000e+00]
 [0.000e+00 0.000e+00 0.000e+00 0.000e+00 0.000e+00 3.800e+00 0.000e+00
  0.000e+00 2.792e+02 0.000e+00 0.000e+00 0.000e+00 0.000e+00 0.000e+00]
 [0.000e+00 0.000e+00 0.000e+00 0.000e+00 0.000e+00 0.000e+00 0.000e+00
  0.000e+00 0.000e+00 2.222e+02 8.000e-01 0.000e+00 0.000e+00 0.000e+00]
 [0.000e+00 0.000e+00 0.000e+00 0.000e+00 0.000e+00 0.000e+00 0.000e+00
  0.000e+00 0.000e+00 2.400e+00 2.726e+02 0.000e+00 0.000e+00 0.000e+00]
 [0.000e+00 0.000e+00 0.000e+00 0.000e+00 0.000e+00 0.000e+00 0.000e+00
  0.000e+00 0.000e+00 0.000e+00 0.000e+00 1.628e+02 2.000e-01 0.000e+00]
 [0.000e+00 0.000e+00 0.000e+00 0.000e+00 0.000e+00 0.000e+00 0.000e+00
  0.000e+00 0.000e+00 0.000e+00 0.000e+00 2.000e-01 2.408e+02 0.000e+00]
 [0.000e+00 0.000e+00 0.000e+00 0.000e+00 3.600e+00 2.000e+00 0.000e+00
  1.000e+00 0.000e+00 0.000e+00 0.000e+00 0.000e+00 0.000e+00 7.840e+01]]---
Accuracy: 98.91 +- 0.25
---
class acc :
	Water: 99.92 +- 0.16
	Hippo grass: 100.00 +- 0.00
	Floodplain grasses 1: 100.00 +- 0.00
	Floodplain grasses 2: 100.00 +- 0.00
	Reeds: 98.84 +- 1.93
	Riparian: 96.36 +- 2.98
	Firescar: 100.00 +- 0.00
	Island interior: 96.72 +- 6.56
	Acacia woodlands: 98.66 +- 2.69
	Acacia shrublands: 99.64 +- 0.52
	Acacia grasslands: 99.13 +- 1.75
	Short mopane: 99.88 +- 0.25
	Mixed mopane: 99.92 +- 0.17
	Exposed soils: 92.24 +- 6.55
---
AA: 98.66 +- 0.36
Kappa: 98.82 +- 0.27
