run 1 / 5
Best validation overall accuracy 1.0
Confusion matrix :
[[243   0   0   0   0   0   0   0   0   0   0   0   0   0]
 [  0  91   0   0   0   0   0   0   0   0   0   0   0   0]
 [  0   0 226   0   0   0   0   0   0   0   0   0   0   0]
 [  0   0   0 193   1   0   0   0   0   0   0   0   0   0]
 [  0   0   0   0 231  11   0   0   0   0   0   0   0   0]
 [  0   0   0   0   1 241   0   0   0   0   0   0   0   0]
 [  0   0   0   0   0   0 233   0   0   0   0   0   0   0]
 [  0   0   0   0   0   0   0 183   0   0   0   0   0   0]
 [  0   0   0   0   0   0   0   0 283   0   0   0   0   0]
 [  0   0   0   0   0   0   0   0   0 219   4   0   0   0]
 [  0   0   0   0   0   0   0   0   0   0 275   0   0   0]
 [  0   0   0   0   0   0   0   0   0   0   0 163   0   0]
 [  0   0   0   0   0   0   0   0   0   0   0   0 241   0]
 [  0   0   0   0   5   0   0   0   0   0   0   0   0  80]]---
Accuracy : 99.25%
---
class acc :
	Water: 100.00
	Hippo grass: 100.00
	Floodplain grasses 1: 100.00
	Floodplain grasses 2: 99.48
	Reeds: 95.45
	Riparian: 99.59
	Firescar: 100.00
	Island interior: 100.00
	Acacia woodlands: 100.00
	Acacia shrublands: 98.21
	Acacia grasslands: 100.00
	Short mopane: 100.00
	Mixed mopane: 100.00
	Exposed soils: 94.12
---
AA: 99.06%
Kappa: 99.18
run 2 / 5
Best validation overall accuracy 1.0
Confusion matrix :
[[243   0   0   0   0   0   0   0   0   0   0   0   0   0]
 [  0  91   0   0   0   0   0   0   0   0   0   0   0   0]
 [  0   0 226   0   0   0   0   0   0   0   0   0   0   0]
 [  0   0   0 194   0   0   0   0   0   0   0   0   0   0]
 [  0   0   0   0 242   0   0   0   0   0   0   0   0   0]
 [  0   0   0   0   1 241   0   0   0   0   0   0   0   0]
 [  0   0   0   0   0   0 233   0   0   0   0   0   0   0]
 [  0   0   0   0   0   0   0 183   0   0   0   0   0   0]
 [  0   0   0   0   0   5   0   0 278   0   0   0   0   0]
 [  0   0   0   0   0   0   0   0   0 223   0   0   0   0]
 [  0   0   0   0   0   0   0   0   0   0 275   0   0   0]
 [  0   0   0   0   0   0   0   0   0   0   0 163   0   0]
 [  0   0   0   0   0   0   0   0   0   0   0   0 241   0]
 [  0   0   0   0   2   6   0   2   0   0   0   0   0  75]]---
Accuracy : 99.45%
---
class acc :
	Water: 100.00
	Hippo grass: 100.00
	Floodplain grasses 1: 100.00
	Floodplain grasses 2: 100.00
	Reeds: 100.00
	Riparian: 99.59
	Firescar: 100.00
	Island interior: 100.00
	Acacia woodlands: 98.23
	Acacia shrublands: 100.00
	Acacia grasslands: 100.00
	Short mopane: 100.00
	Mixed mopane: 100.00
	Exposed soils: 88.24
---
AA: 99.00%
Kappa: 99.41
run 3 / 5
Best validation overall accuracy 0.9921875
Confusion matrix :
[[243   0   0   0   0   0   0   0   0   0   0   0   0   0]
 [  0  91   0   0   0   0   0   0   0   0   0   0   0   0]
 [  0   0 226   0   0   0   0   0   0   0   0   0   0   0]
 [  0   0   0 194   0   0   0   0   0   0   0   0   0   0]
 [  0   0   0   1 241   0   0   0   0   0   0   0   0   0]
 [  0   0   0   0   3 238   0   0   1   0   0   0   0   0]
 [  0   0   0   0   0   0 233   0   0   0   0   0   0   0]
 [  0   0   0   0   0   0   0 183   0   0   0   0   0   0]
 [  0   0   0   0   0   0   0   0 283   0   0   0   0   0]
 [  0   0   0   0   0   0   0   0   0 221   2   0   0   0]
 [  0   0   0   0   0   0   0   0   0  22 253   0   0   0]
 [  0   0   0   0   0   0   0   0   0   0   0 163   0   0]
 [  0   0   0   0   0   0   0   0   0   0   0   0 241   0]
 [  0   0   0   0   2   3   0   2   0   0   0   0   0  78]]---
Accuracy : 98.77%
---
class acc :
	Water: 100.00
	Hippo grass: 100.00
	Floodplain grasses 1: 100.00
	Floodplain grasses 2: 100.00
	Reeds: 99.59
	Riparian: 98.35
	Firescar: 100.00
	Island interior: 100.00
	Acacia woodlands: 100.00
	Acacia shrublands: 99.10
	Acacia grasslands: 92.00
	Short mopane: 100.00
	Mixed mopane: 100.00
	Exposed soils: 91.76
---
AA: 98.63%
Kappa: 98.67
run 4 / 5
Best validation overall accuracy 0.9921875
Confusion matrix :
[[243   0   0   0   0   0   0   0   0   0   0   0   0   0]
 [  0  91   0   0   0   0   0   0   0   0   0   0   0   0]
 [  0   0 226   0   0   0   0   0   0   0   0   0   0   0]
 [  0   0   0 194   0   0   0   0   0   0   0   0   0   0]
 [  0   0   0   0 242   0   0   0   0   0   0   0   0   0]
 [  0   0   0   0   9 233   0   0   0   0   0   0   0   0]
 [  0   0   0   0   0   0 233   0   0   0   0   0   0   0]
 [  0   0   0   0   0   0   0 183   0   0   0   0   0   0]
 [  0   0   0   0   0  15   0   0 268   0   0   0   0   0]
 [  0   0   0   0   0   0   0   0   0 223   0   0   0   0]
 [  0   0   0   0   0   0   0   0   0   0 275   0   0   0]
 [  0   0   0   0   0   0   0   0   0   0   0 163   0   0]
 [  0   0   0   0   0   0   0   0   0   0   0   0 241   0]
 [  0   0   0   0   2   0   0   0   0   0   0   0   0  83]]---
Accuracy : 99.11%
---
class acc :
	Water: 100.00
	Hippo grass: 100.00
	Floodplain grasses 1: 100.00
	Floodplain grasses 2: 100.00
	Reeds: 100.00
	Riparian: 96.28
	Firescar: 100.00
	Island interior: 100.00
	Acacia woodlands: 94.70
	Acacia shrublands: 100.00
	Acacia grasslands: 100.00
	Short mopane: 100.00
	Mixed mopane: 100.00
	Exposed soils: 97.65
---
AA: 99.19%
Kappa: 99.04
run 5 / 5
Best validation overall accuracy 0.9921875
Confusion matrix :
[[243   0   0   0   0   0   0   0   0   0   0   0   0   0]
 [  0  91   0   0   0   0   0   0   0   0   0   0   0   0]
 [  0   0 226   0   0   0   0   0   0   0   0   0   0   0]
 [  0   0   0 194   0   0   0   0   0   0   0   0   0   0]
 [  0   0   0   1 241   0   0   0   0   0   0   0   0   0]
 [  0   0   0   0  21 221   0   0   0   0   0   0   0   0]
 [  0   0   0   0   0   0 233   0   0   0   0   0   0   0]
 [  0   0   0   0   0   0   0 183   0   0   0   0   0   0]
 [  0   0   0   0   0   0   0   0 283   0   0   0   0   0]
 [  0   0   0   0   0   0   0   0   0 214   9   0   0   0]
 [  0   0   0   0   0   0   0   0   0   0 275   0   0   0]
 [  0   0   0   0   0   0   0   0   0   0   0 163   0   0]
 [  0   0   0   0   0   0   0   0   0   0   0   0 241   0]
 [  0   0   0   0   2   0   0   0   0   0   0   0   0  83]]---
Accuracy : 98.87%
---
class acc :
	Water: 100.00
	Hippo grass: 100.00
	Floodplain grasses 1: 100.00
	Floodplain grasses 2: 100.00
	Reeds: 99.59
	Riparian: 91.32
	Firescar: 100.00
	Island interior: 100.00
	Acacia woodlands: 100.00
	Acacia shrublands: 95.96
	Acacia grasslands: 100.00
	Short mopane: 100.00
	Mixed mopane: 100.00
	Exposed soils: 97.65
---
AA: 98.89%
Kappa: 98.78
Agregated results :
Confusion matrix :
[[2.430e+02 0.000e+00 0.000e+00 0.000e+00 0.000e+00 0.000e+00 0.000e+00
  0.000e+00 0.000e+00 0.000e+00 0.000e+00 0.000e+00 0.000e+00 0.000e+00]
 [0.000e+00 9.100e+01 0.000e+00 0.000e+00 0.000e+00 0.000e+00 0.000e+00
  0.000e+00 0.000e+00 0.000e+00 0.000e+00 0.000e+00 0.000e+00 0.000e+00]
 [0.000e+00 0.000e+00 2.260e+02 0.000e+00 0.000e+00 0.000e+00 0.000e+00
  0.000e+00 0.000e+00 0.000e+00 0.000e+00 0.000e+00 0.000e+00 0.000e+00]
 [0.000e+00 0.000e+00 0.000e+00 1.938e+02 2.000e-01 0.000e+00 0.000e+00
  0.000e+00 0.000e+00 0.000e+00 0.000e+00 0.000e+00 0.000e+00 0.000e+00]
 [0.000e+00 0.000e+00 0.000e+00 4.000e-01 2.394e+02 2.200e+00 0.000e+00
  0.000e+00 0.000e+00 0.000e+00 0.000e+00 0.000e+00 0.000e+00 0.000e+00]
 [0.000e+00 0.000e+00 0.000e+00 0.000e+00 7.000e+00 2.348e+02 0.000e+00
  0.000e+00 2.000e-01 0.000e+00 0.000e+00 0.000e+00 0.000e+00 0.000e+00]
 [0.000e+00 0.000e+00 0.000e+00 0.000e+00 0.000e+00 0.000e+00 2.330e+02
  0.000e+00 0.000e+00 0.000e+00 0.000e+00 0.000e+00 0.000e+00 0.000e+00]
 [0.000e+00 0.000e+00 0.000e+00 0.000e+00 0.000e+00 0.000e+00 0.000e+00
  1.830e+02 0.000e+00 0.000e+00 0.000e+00 0.000e+00 0.000e+00 0.000e+00]
 [0.000e+00 0.000e+00 0.000e+00 0.000e+00 0.000e+00 4.000e+00 0.000e+00
  0.000e+00 2.790e+02 0.000e+00 0.000e+00 0.000e+00 0.000e+00 0.000e+00]
 [0.000e+00 0.000e+00 0.000e+00 0.000e+00 0.000e+00 0.000e+00 0.000e+00
  0.000e+00 0.000e+00 2.200e+02 3.000e+00 0.000e+00 0.000e+00 0.000e+00]
 [0.000e+00 0.000e+00 0.000e+00 0.000e+00 0.000e+00 0.000e+00 0.000e+00
  0.000e+00 0.000e+00 4.400e+00 2.706e+02 0.000e+00 0.000e+00 0.000e+00]
 [0.000e+00 0.000e+00 0.000e+00 0.000e+00 0.000e+00 0.000e+00 0.000e+00
  0.000e+00 0.000e+00 0.000e+00 0.000e+00 1.630e+02 0.000e+00 0.000e+00]
 [0.000e+00 0.000e+00 0.000e+00 0.000e+00 0.000e+00 0.000e+00 0.000e+00
  0.000e+00 0.000e+00 0.000e+00 0.000e+00 0.000e+00 2.410e+02 0.000e+00]
 [0.000e+00 0.000e+00 0.000e+00 0.000e+00 2.600e+00 1.800e+00 0.000e+00
  8.000e-01 0.000e+00 0.000e+00 0.000e+00 0.000e+00 0.000e+00 7.980e+01]]---
Accuracy: 99.09 +- 0.25
---
class acc :
	Water: 100.00 +- 0.00
	Hippo grass: 100.00 +- 0.00
	Floodplain grasses 1: 100.00 +- 0.00
	Floodplain grasses 2: 99.90 +- 0.21
	Reeds: 98.93 +- 1.75
	Riparian: 97.02 +- 3.10
	Firescar: 100.00 +- 0.00
	Island interior: 100.00 +- 0.00
	Acacia woodlands: 98.59 +- 2.06
	Acacia shrublands: 98.65 +- 1.50
	Acacia grasslands: 98.40 +- 3.20
	Short mopane: 100.00 +- 0.00
	Mixed mopane: 100.00 +- 0.00
	Exposed soils: 93.88 +- 3.60
---
AA: 98.96 +- 0.19
Kappa: 99.01 +- 0.27
