run 1 / 5
Best validation overall accuracy 1.0
Confusion matrix :
[[243   0   0   0   0   0   0   0   0   0   0   0   0   0]
 [  0  89   0   0   2   0   0   0   0   0   0   0   0   0]
 [  0   0 226   0   0   0   0   0   0   0   0   0   0   0]
 [  0   0   0 194   0   0   0   0   0   0   0   0   0   0]
 [  0   0   0   0 241   0   0   0   0   0   0   0   1   0]
 [  0   0   0   0   4 238   0   0   0   0   0   0   0   0]
 [  0   0   0   0   0   0 233   0   0   0   0   0   0   0]
 [  0   0   0   0   0   0   0 183   0   0   0   0   0   0]
 [  0   0   0   0   6   1   0   0 275   0   0   0   0   1]
 [  0   0   0   0   0   0   0   0   0 223   0   0   0   0]
 [  0   0   0   0   0   0   0   0   0  17 258   0   0   0]
 [  0   0   0   0   1   0   0   0   0   0   0 161   1   0]
 [  0   0   0   0   0   0   0   0   0   0   0   0 241   0]
 [  0   0   0   0   0   0   0   5   0   0   0   1   0  79]]---
Accuracy : 98.63%
---
class acc :
	Water: 100.00
	Hippo grass: 97.80
	Floodplain grasses 1: 100.00
	Floodplain grasses 2: 100.00
	Reeds: 99.59
	Riparian: 98.35
	Firescar: 100.00
	Island interior: 100.00
	Acacia woodlands: 97.17
	Acacia shrublands: 100.00
	Acacia grasslands: 93.82
	Short mopane: 98.77
	Mixed mopane: 100.00
	Exposed soils: 92.94
---
AA: 98.46%
Kappa: 98.52
run 2 / 5
Best validation overall accuracy 0.9921875
Confusion matrix :
[[243   0   0   0   0   0   0   0   0   0   0   0   0   0]
 [  0  72   0   0  19   0   0   0   0   0   0   0   0   0]
 [  0   0 224   0   0   0   0   0   0   2   0   0   0   0]
 [  0   0   4 190   0   0   0   0   0   0   0   0   0   0]
 [  0   0   1  17 206   8   0   9   0   0   0   0   1   0]
 [  0   0   0   0   3 232   0   0   7   0   0   0   0   0]
 [  0   0   0   0   0   0 233   0   0   0   0   0   0   0]
 [  0   0   0   0   0   0   0 168   0   2  13   0   0   0]
 [  0   0   0   3   0  33   0   0 247   0   0   0   0   0]
 [  0   0   0   0   0   0   0   0   0 223   0   0   0   0]
 [  0   0   0   0   0   0   0   0   0  16 259   0   0   0]
 [  0   0   0   0   0   0   0   0   0   0   0 163   0   0]
 [  0   0   0   0   0   0   0   0   0   0   0   0 241   0]
 [  0   0   0   0   3   0   0  11   0   0   0   0   0  71]]---
Accuracy : 94.80%
---
class acc :
	Water: 100.00
	Hippo grass: 79.12
	Floodplain grasses 1: 99.12
	Floodplain grasses 2: 97.94
	Reeds: 85.12
	Riparian: 95.87
	Firescar: 100.00
	Island interior: 91.80
	Acacia woodlands: 87.28
	Acacia shrublands: 100.00
	Acacia grasslands: 94.18
	Short mopane: 100.00
	Mixed mopane: 100.00
	Exposed soils: 83.53
---
AA: 93.85%
Kappa: 94.37
run 3 / 5
Best validation overall accuracy 0.9921875
Confusion matrix :
[[243   0   0   0   0   0   0   0   0   0   0   0   0   0]
 [  0  91   0   0   0   0   0   0   0   0   0   0   0   0]
 [  0   0 226   0   0   0   0   0   0   0   0   0   0   0]
 [  0   0   0 194   0   0   0   0   0   0   0   0   0   0]
 [  2   0   0   0 235   5   0   0   0   0   0   0   0   0]
 [  0   0   0   0  19 223   0   0   0   0   0   0   0   0]
 [  0   0   0   0   0   0 233   0   0   0   0   0   0   0]
 [  0   0   0   0   0   0   0 183   0   0   0   0   0   0]
 [  0   0   0   0   0   2   0   0 281   0   0   0   0   0]
 [  0   0   0   0   0   0   0   1   0 222   0   0   0   0]
 [  0   0   0   0   0   0   0   0   0   0 275   0   0   0]
 [  0   0   0   0   0   0   0   3   0   0   0 160   0   0]
 [  0   0   0   0   0   0   0   0   0   0   0   0 241   0]
 [  0   0   0   0  15   0   0   5   1   0   2   0   0  62]]---
Accuracy : 98.12%
---
class acc :
	Water: 100.00
	Hippo grass: 100.00
	Floodplain grasses 1: 100.00
	Floodplain grasses 2: 100.00
	Reeds: 97.11
	Riparian: 92.15
	Firescar: 100.00
	Island interior: 100.00
	Acacia woodlands: 99.29
	Acacia shrublands: 99.55
	Acacia grasslands: 100.00
	Short mopane: 98.16
	Mixed mopane: 100.00
	Exposed soils: 72.94
---
AA: 97.09%
Kappa: 97.96
run 4 / 5
Best validation overall accuracy 0.96875
Confusion matrix :
[[240   0   0   0   0   0   3   0   0   0   0   0   0   0]
 [  0  91   0   0   0   0   0   0   0   0   0   0   0   0]
 [  0   0 224   0   0   0   0   0   0   2   0   0   0   0]
 [  0   0   0 194   0   0   0   0   0   0   0   0   0   0]
 [  0   0   0  16 219   0   2   5   0   0   0   0   0   0]
 [  0   0   0   0   1 226   0   0  15   0   0   0   0   0]
 [  0   0   0   0   0   0 233   0   0   0   0   0   0   0]
 [  0   0   0   0   0   0   0 173   0  10   0   0   0   0]
 [  0   0   1   0   0   0   0   0 282   0   0   0   0   0]
 [  0   0   0   0   0   0   0   0   0 223   0   0   0   0]
 [  0   0   0   0   0   0   0   0   0   6 269   0   0   0]
 [  0   0   0   0   0   0   0   2   0   0   0 158   3   0]
 [  0   0   0   0   0   0   0   0   0   0   0   0 241   0]
 [  0   0   0   0   1   1   0   3   0   0   0   0   8  72]]---
Accuracy : 97.30%
---
class acc :
	Water: 98.77
	Hippo grass: 100.00
	Floodplain grasses 1: 99.12
	Floodplain grasses 2: 100.00
	Reeds: 90.50
	Riparian: 93.39
	Firescar: 100.00
	Island interior: 94.54
	Acacia woodlands: 99.65
	Acacia shrublands: 100.00
	Acacia grasslands: 97.82
	Short mopane: 96.93
	Mixed mopane: 100.00
	Exposed soils: 84.71
---
AA: 96.81%
Kappa: 97.07
run 5 / 5
Best validation overall accuracy 0.9921875
Confusion matrix :
[[243   0   0   0   0   0   0   0   0   0   0   0   0   0]
 [  0  88   0   0   3   0   0   0   0   0   0   0   0   0]
 [  0   0 226   0   0   0   0   0   0   0   0   0   0   0]
 [  0   0   0 194   0   0   0   0   0   0   0   0   0   0]
 [  1   0   0  10 225   6   0   0   0   0   0   0   0   0]
 [  0   0   0   0   3 239   0   0   0   0   0   0   0   0]
 [  0   0   0   0   0   0 233   0   0   0   0   0   0   0]
 [  0   0   0   0   0   0   0 183   0   0   0   0   0   0]
 [  0   0   0   3   0   0   0   0 278   1   0   0   1   0]
 [  0   0   0   0   0   0   0   0   0 223   0   0   0   0]
 [  0   0   0   0   0   0   0   0   0   7 268   0   0   0]
 [  0   0   0   0   0   0   0   0   0   0   0 160   1   2]
 [  0   0   0   0   0   0   0   0   0   0   0   0 241   0]
 [  0   0   0   0   5   0   0   0   0   0   0   0   0  80]]---
Accuracy : 98.53%
---
class acc :
	Water: 100.00
	Hippo grass: 96.70
	Floodplain grasses 1: 100.00
	Floodplain grasses 2: 100.00
	Reeds: 92.98
	Riparian: 98.76
	Firescar: 100.00
	Island interior: 100.00
	Acacia woodlands: 98.23
	Acacia shrublands: 100.00
	Acacia grasslands: 97.45
	Short mopane: 98.16
	Mixed mopane: 100.00
	Exposed soils: 94.12
---
AA: 98.31%
Kappa: 98.41
Agregated results :
Confusion matrix :
[[2.424e+02 0.000e+00 0.000e+00 0.000e+00 0.000e+00 0.000e+00 6.000e-01
  0.000e+00 0.000e+00 0.000e+00 0.000e+00 0.000e+00 0.000e+00 0.000e+00]
 [0.000e+00 8.620e+01 0.000e+00 0.000e+00 4.800e+00 0.000e+00 0.000e+00
  0.000e+00 0.000e+00 0.000e+00 0.000e+00 0.000e+00 0.000e+00 0.000e+00]
 [0.000e+00 0.000e+00 2.252e+02 0.000e+00 0.000e+00 0.000e+00 0.000e+00
  0.000e+00 0.000e+00 8.000e-01 0.000e+00 0.000e+00 0.000e+00 0.000e+00]
 [0.000e+00 0.000e+00 8.000e-01 1.932e+02 0.000e+00 0.000e+00 0.000e+00
  0.000e+00 0.000e+00 0.000e+00 0.000e+00 0.000e+00 0.000e+00 0.000e+00]
 [6.000e-01 0.000e+00 2.000e-01 8.600e+00 2.252e+02 3.800e+00 4.000e-01
  2.800e+00 0.000e+00 0.000e+00 0.000e+00 0.000e+00 4.000e-01 0.000e+00]
 [0.000e+00 0.000e+00 0.000e+00 0.000e+00 6.000e+00 2.316e+02 0.000e+00
  0.000e+00 4.400e+00 0.000e+00 0.000e+00 0.000e+00 0.000e+00 0.000e+00]
 [0.000e+00 0.000e+00 0.000e+00 0.000e+00 0.000e+00 0.000e+00 2.330e+02
  0.000e+00 0.000e+00 0.000e+00 0.000e+00 0.000e+00 0.000e+00 0.000e+00]
 [0.000e+00 0.000e+00 0.000e+00 0.000e+00 0.000e+00 0.000e+00 0.000e+00
  1.780e+02 0.000e+00 2.400e+00 2.600e+00 0.000e+00 0.000e+00 0.000e+00]
 [0.000e+00 0.000e+00 2.000e-01 1.200e+00 1.200e+00 7.200e+00 0.000e+00
  0.000e+00 2.726e+02 2.000e-01 0.000e+00 0.000e+00 2.000e-01 2.000e-01]
 [0.000e+00 0.000e+00 0.000e+00 0.000e+00 0.000e+00 0.000e+00 0.000e+00
  2.000e-01 0.000e+00 2.228e+02 0.000e+00 0.000e+00 0.000e+00 0.000e+00]
 [0.000e+00 0.000e+00 0.000e+00 0.000e+00 0.000e+00 0.000e+00 0.000e+00
  0.000e+00 0.000e+00 9.200e+00 2.658e+02 0.000e+00 0.000e+00 0.000e+00]
 [0.000e+00 0.000e+00 0.000e+00 0.000e+00 2.000e-01 0.000e+00 0.000e+00
  1.000e+00 0.000e+00 0.000e+00 0.000e+00 1.604e+02 1.000e+00 4.000e-01]
 [0.000e+00 0.000e+00 0.000e+00 0.000e+00 0.000e+00 0.000e+00 0.000e+00
  0.000e+00 0.000e+00 0.000e+00 0.000e+00 0.000e+00 2.410e+02 0.000e+00]
 [0.000e+00 0.000e+00 0.000e+00 0.000e+00 4.800e+00 2.000e-01 0.000e+00
  4.800e+00 2.000e-01 0.000e+00 4.000e-01 2.000e-01 1.600e+00 7.280e+01]]---
Accuracy: 97.48 +- 1.42
---
class acc :
	Water: 99.75 +- 0.49
	Hippo grass: 94.73 +- 7.91
	Floodplain grasses 1: 99.65 +- 0.43
	Floodplain grasses 2: 99.59 +- 0.82
	Reeds: 93.06 +- 5.07
	Riparian: 95.70 +- 2.62
	Firescar: 100.00 +- 0.00
	Island interior: 97.27 +- 3.46
	Acacia woodlands: 96.33 +- 4.61
	Acacia shrublands: 99.91 +- 0.18
	Acacia grasslands: 96.65 +- 2.34
	Short mopane: 98.40 +- 1.00
	Mixed mopane: 100.00 +- 0.00
	Exposed soils: 85.65 +- 7.64
---
AA: 96.91 +- 1.66
Kappa: 97.26 +- 1.54
