run 1 / 5
Best validation overall accuracy 0.9947916666666666
Confusion matrix :
[[205   0   0   0   0   0   0   0   0   0   0   0   0   0]
 [  0  77   0   0   0   0   0   0   0   0   0   0   0   0]
 [  0   0 191   0   0   0   0   0   0   0   0   0   0   0]
 [  0   0   0 163   0   0   0   0   0   0   0   0   0   0]
 [  0   0   0   0 198   6   0   0   0   0   0   0   0   0]
 [  0   0   0   0   2 202   0   0   0   0   0   0   0   0]
 [  0   0   0   0   0   0 197   0   0   0   0   0   0   0]
 [  0   0   0   0   0   0   0 154   0   0   0   0   0   0]
 [  0   0   0   0   0   0   0   0 239   0   0   0   0   0]
 [  0   0   0   0   0   0   0   0   0 189   0   0   0   0]
 [  0   0   0   0   0   0   0   0   0   0 232   0   0   0]
 [  0   0   0   0   0   0   0   0   0   0   0 138   0   0]
 [  0   0   0   0   0   0   0   0   0   0   0   0 204   0]
 [  0   0   0   0   4   0   0   2   0   0   0   0   0  66]]---
Accuracy : 99.43%
---
class acc :
	Water: 100.00
	Hippo grass: 100.00
	Floodplain grasses 1: 100.00
	Floodplain grasses 2: 100.00
	Reeds: 97.06
	Riparian: 99.02
	Firescar: 100.00
	Island interior: 100.00
	Acacia woodlands: 100.00
	Acacia shrublands: 100.00
	Acacia grasslands: 100.00
	Short mopane: 100.00
	Mixed mopane: 100.00
	Exposed soils: 91.67
---
AA: 99.12%
Kappa: 99.39
run 2 / 5
Best validation overall accuracy 0.9947916666666666
Confusion matrix :
[[205   0   0   0   0   0   0   0   0   0   0   0   0   0]
 [  0  77   0   0   0   0   0   0   0   0   0   0   0   0]
 [  0   0 191   0   0   0   0   0   0   0   0   0   0   0]
 [  0   0   0 163   0   0   0   0   0   0   0   0   0   0]
 [  0   0   0   0 200   4   0   0   0   0   0   0   0   0]
 [  0   0   0   0   1 203   0   0   0   0   0   0   0   0]
 [  0   0   0   0   0   0 197   0   0   0   0   0   0   0]
 [  0   0   0   0   0   0   0 154   0   0   0   0   0   0]
 [  0   0   0   0   0   0   0   0 239   0   0   0   0   0]
 [  0   0   0   0   0   0   0   0   0 189   0   0   0   0]
 [  0   0   0   0   0   0   0   0   0   0 232   0   0   0]
 [  0   0   0   0   0   0   0   0   0   0   0 138   0   0]
 [  0   0   0   0   0   0   0   0   0   0   0   0 204   0]
 [  0   0   0   0   0   0   0   0   0   0   0   0   0  72]]---
Accuracy : 99.80%
---
class acc :
	Water: 100.00
	Hippo grass: 100.00
	Floodplain grasses 1: 100.00
	Floodplain grasses 2: 100.00
	Reeds: 98.04
	Riparian: 99.51
	Firescar: 100.00
	Island interior: 100.00
	Acacia woodlands: 100.00
	Acacia shrublands: 100.00
	Acacia grasslands: 100.00
	Short mopane: 100.00
	Mixed mopane: 100.00
	Exposed soils: 100.00
---
AA: 99.82%
Kappa: 99.78
run 3 / 5
Best validation overall accuracy 1.0
Confusion matrix :
[[205   0   0   0   0   0   0   0   0   0   0   0   0   0]
 [  0  77   0   0   0   0   0   0   0   0   0   0   0   0]
 [  0   0 191   0   0   0   0   0   0   0   0   0   0   0]
 [  0   0   0 163   0   0   0   0   0   0   0   0   0   0]
 [  0   0   0   0 204   0   0   0   0   0   0   0   0   0]
 [  0   0   0   0   6 198   0   0   0   0   0   0   0   0]
 [  0   0   0   0   0   0 197   0   0   0   0   0   0   0]
 [  0   0   0   0   0   0   0 154   0   0   0   0   0   0]
 [  0   0   0   0   0   0   0   0 239   0   0   0   0   0]
 [  0   0   0   0   0   0   0   0   0 189   0   0   0   0]
 [  0   0   0   0   0   0   0   0   0   0 232   0   0   0]
 [  0   0   0   0   0   0   0   0   0   0   0 138   0   0]
 [  0   0   0   0   0   0   0   0   0   0   0   0 204   0]
 [  0   0   0   0   0   0   0   0   0   0   0   0   0  72]]---
Accuracy : 99.76%
---
class acc :
	Water: 100.00
	Hippo grass: 100.00
	Floodplain grasses 1: 100.00
	Floodplain grasses 2: 100.00
	Reeds: 100.00
	Riparian: 97.06
	Firescar: 100.00
	Island interior: 100.00
	Acacia woodlands: 100.00
	Acacia shrublands: 100.00
	Acacia grasslands: 100.00
	Short mopane: 100.00
	Mixed mopane: 100.00
	Exposed soils: 100.00
---
AA: 99.79%
Kappa: 99.74
run 4 / 5
Best validation overall accuracy 0.9947916666666666
Confusion matrix :
[[205   0   0   0   0   0   0   0   0   0   0   0   0   0]
 [  0  77   0   0   0   0   0   0   0   0   0   0   0   0]
 [  0   0 191   0   0   0   0   0   0   0   0   0   0   0]
 [  0   0   0 163   0   0   0   0   0   0   0   0   0   0]
 [  0   0   0   0 198   6   0   0   0   0   0   0   0   0]
 [  0   0   0   0   0 203   0   0   1   0   0   0   0   0]
 [  0   0   0   0   0   0 197   0   0   0   0   0   0   0]
 [  0   0   0   0   0   0   0 154   0   0   0   0   0   0]
 [  0   0   0   0   0   0   0   0 239   0   0   0   0   0]
 [  0   0   0   0   0   0   0   0   0 189   0   0   0   0]
 [  0   0   0   0   0   0   0   0   0   0 232   0   0   0]
 [  0   0   0   0   0   0   0   0   0   0   0 138   0   0]
 [  0   0   0   0   0   0   0   0   0   0   0   0 204   0]
 [  0   0   0   0   0   0   0   0   0   0   0   0   0  72]]---
Accuracy : 99.72%
---
class acc :
	Water: 100.00
	Hippo grass: 100.00
	Floodplain grasses 1: 100.00
	Floodplain grasses 2: 100.00
	Reeds: 97.06
	Riparian: 99.51
	Firescar: 100.00
	Island interior: 100.00
	Acacia woodlands: 100.00
	Acacia shrublands: 100.00
	Acacia grasslands: 100.00
	Short mopane: 100.00
	Mixed mopane: 100.00
	Exposed soils: 100.00
---
AA: 99.75%
Kappa: 99.69
run 5 / 5
Best validation overall accuracy 0.9973958333333334
Confusion matrix :
[[205   0   0   0   0   0   0   0   0   0   0   0   0   0]
 [  0  77   0   0   0   0   0   0   0   0   0   0   0   0]
 [  0   0 191   0   0   0   0   0   0   0   0   0   0   0]
 [  0   0   0 163   0   0   0   0   0   0   0   0   0   0]
 [  0   0   0   0 203   1   0   0   0   0   0   0   0   0]
 [  0   0   0   0   0 204   0   0   0   0   0   0   0   0]
 [  0   0   0   0   0   0 197   0   0   0   0   0   0   0]
 [  0   0   0   0   0   0   0 154   0   0   0   0   0   0]
 [  0   0   0   0   0   0   0   0 239   0   0   0   0   0]
 [  0   0   0   0   0   0   0   0   0 189   0   0   0   0]
 [  0   0   0   0   0   0   0   0   0   0 232   0   0   0]
 [  0   0   0   0   0   0   0   0   0   0   0 138   0   0]
 [  0   0   0   0   0   0   0   0   0   0   0   0 204   0]
 [  0   0   0   0   7   0   0   0   0   0   0   0   0  65]]---
Accuracy : 99.68%
---
class acc :
	Water: 100.00
	Hippo grass: 100.00
	Floodplain grasses 1: 100.00
	Floodplain grasses 2: 100.00
	Reeds: 99.51
	Riparian: 100.00
	Firescar: 100.00
	Island interior: 100.00
	Acacia woodlands: 100.00
	Acacia shrublands: 100.00
	Acacia grasslands: 100.00
	Short mopane: 100.00
	Mixed mopane: 100.00
	Exposed soils: 90.28
---
AA: 99.27%
Kappa: 99.65
Agregated results :
Confusion matrix :
[[2.050e+02 0.000e+00 0.000e+00 0.000e+00 0.000e+00 0.000e+00 0.000e+00
  0.000e+00 0.000e+00 0.000e+00 0.000e+00 0.000e+00 0.000e+00 0.000e+00]
 [0.000e+00 7.700e+01 0.000e+00 0.000e+00 0.000e+00 0.000e+00 0.000e+00
  0.000e+00 0.000e+00 0.000e+00 0.000e+00 0.000e+00 0.000e+00 0.000e+00]
 [0.000e+00 0.000e+00 1.910e+02 0.000e+00 0.000e+00 0.000e+00 0.000e+00
  0.000e+00 0.000e+00 0.000e+00 0.000e+00 0.000e+00 0.000e+00 0.000e+00]
 [0.000e+00 0.000e+00 0.000e+00 1.630e+02 0.000e+00 0.000e+00 0.000e+00
  0.000e+00 0.000e+00 0.000e+00 0.000e+00 0.000e+00 0.000e+00 0.000e+00]
 [0.000e+00 0.000e+00 0.000e+00 0.000e+00 2.006e+02 3.400e+00 0.000e+00
  0.000e+00 0.000e+00 0.000e+00 0.000e+00 0.000e+00 0.000e+00 0.000e+00]
 [0.000e+00 0.000e+00 0.000e+00 0.000e+00 1.800e+00 2.020e+02 0.000e+00
  0.000e+00 2.000e-01 0.000e+00 0.000e+00 0.000e+00 0.000e+00 0.000e+00]
 [0.000e+00 0.000e+00 0.000e+00 0.000e+00 0.000e+00 0.000e+00 1.970e+02
  0.000e+00 0.000e+00 0.000e+00 0.000e+00 0.000e+00 0.000e+00 0.000e+00]
 [0.000e+00 0.000e+00 0.000e+00 0.000e+00 0.000e+00 0.000e+00 0.000e+00
  1.540e+02 0.000e+00 0.000e+00 0.000e+00 0.000e+00 0.000e+00 0.000e+00]
 [0.000e+00 0.000e+00 0.000e+00 0.000e+00 0.000e+00 0.000e+00 0.000e+00
  0.000e+00 2.390e+02 0.000e+00 0.000e+00 0.000e+00 0.000e+00 0.000e+00]
 [0.000e+00 0.000e+00 0.000e+00 0.000e+00 0.000e+00 0.000e+00 0.000e+00
  0.000e+00 0.000e+00 1.890e+02 0.000e+00 0.000e+00 0.000e+00 0.000e+00]
 [0.000e+00 0.000e+00 0.000e+00 0.000e+00 0.000e+00 0.000e+00 0.000e+00
  0.000e+00 0.000e+00 0.000e+00 2.320e+02 0.000e+00 0.000e+00 0.000e+00]
 [0.000e+00 0.000e+00 0.000e+00 0.000e+00 0.000e+00 0.000e+00 0.000e+00
  0.000e+00 0.000e+00 0.000e+00 0.000e+00 1.380e+02 0.000e+00 0.000e+00]
 [0.000e+00 0.000e+00 0.000e+00 0.000e+00 0.000e+00 0.000e+00 0.000e+00
  0.000e+00 0.000e+00 0.000e+00 0.000e+00 0.000e+00 2.040e+02 0.000e+00]
 [0.000e+00 0.000e+00 0.000e+00 0.000e+00 2.200e+00 0.000e+00 0.000e+00
  4.000e-01 0.000e+00 0.000e+00 0.000e+00 0.000e+00 0.000e+00 6.940e+01]]---
Accuracy: 99.68 +- 0.13
---
class acc :
	Water: 100.00 +- 0.00
	Hippo grass: 100.00 +- 0.00
	Floodplain grasses 1: 100.00 +- 0.00
	Floodplain grasses 2: 100.00 +- 0.00
	Reeds: 98.33 +- 1.22
	Riparian: 99.02 +- 1.03
	Firescar: 100.00 +- 0.00
	Island interior: 100.00 +- 0.00
	Acacia woodlands: 100.00 +- 0.00
	Acacia shrublands: 100.00 +- 0.00
	Acacia grasslands: 100.00 +- 0.00
	Short mopane: 100.00 +- 0.00
	Mixed mopane: 100.00 +- 0.00
	Exposed soils: 96.39 +- 4.44
---
AA: 99.55 +- 0.29
Kappa: 99.65 +- 0.14
