run 1 / 5
Best validation overall accuracy 0.9921875
Confusion matrix :
[[205   0   0   0   0   0   0   0   0   0   0   0   0   0]
 [  0  77   0   0   0   0   0   0   0   0   0   0   0   0]
 [  0   0 191   0   0   0   0   0   0   0   0   0   0   0]
 [  0   0   0 163   0   0   0   0   0   0   0   0   0   0]
 [  0   0   0   0 199   5   0   0   0   0   0   0   0   0]
 [  0   0   0   0   2 202   0   0   0   0   0   0   0   0]
 [  0   0   0   0   0   0 197   0   0   0   0   0   0   0]
 [  0   0   0   0   0   0   0 154   0   0   0   0   0   0]
 [  0   0   0   0   0   0   0   0 239   0   0   0   0   0]
 [  0   0   0   0   0   0   0   0   0 189   0   0   0   0]
 [  0   0   0   0   0   0   0   0   0   5 227   0   0   0]
 [  0   0   0   0   0   0   0   0   0   0   0 138   0   0]
 [  0   0   0   0   0   0   0   0   0   0   0   0 204   0]
 [  0   0   0   0   3   0   0   0   0   0   0   0   0  69]]---
Accuracy : 99.39%
---
class acc :
	Water: 100.00
	Hippo grass: 100.00
	Floodplain grasses 1: 100.00
	Floodplain grasses 2: 100.00
	Reeds: 97.55
	Riparian: 99.02
	Firescar: 100.00
	Island interior: 100.00
	Acacia woodlands: 100.00
	Acacia shrublands: 100.00
	Acacia grasslands: 97.84
	Short mopane: 100.00
	Mixed mopane: 100.00
	Exposed soils: 95.83
---
AA: 99.30%
Kappa: 99.34
run 2 / 5
Best validation overall accuracy 0.9973958333333334
Confusion matrix :
[[205   0   0   0   0   0   0   0   0   0   0   0   0   0]
 [  0  77   0   0   0   0   0   0   0   0   0   0   0   0]
 [  0   0 191   0   0   0   0   0   0   0   0   0   0   0]
 [  0   0   0 163   0   0   0   0   0   0   0   0   0   0]
 [  0   0   0   0 202   2   0   0   0   0   0   0   0   0]
 [  0   0   0   0   1 203   0   0   0   0   0   0   0   0]
 [  0   0   0   0   0   0 197   0   0   0   0   0   0   0]
 [  0   0   0   0   0   0   0 154   0   0   0   0   0   0]
 [  0   0   0   0   0   0   0   0 239   0   0   0   0   0]
 [  0   0   0   0   0   0   0   0   0 189   0   0   0   0]
 [  0   0   0   0   0   0   0   0   0   1 231   0   0   0]
 [  0   0   0   0   0   0   0   0   0   0   0 138   0   0]
 [  0   0   0   0   0   0   0   0   0   0   0   0 204   0]
 [  0   0   0   0   0   0   0   0   0   0   0   0   0  72]]---
Accuracy : 99.84%
---
class acc :
	Water: 100.00
	Hippo grass: 100.00
	Floodplain grasses 1: 100.00
	Floodplain grasses 2: 100.00
	Reeds: 99.02
	Riparian: 99.51
	Firescar: 100.00
	Island interior: 100.00
	Acacia woodlands: 100.00
	Acacia shrublands: 100.00
	Acacia grasslands: 99.57
	Short mopane: 100.00
	Mixed mopane: 100.00
	Exposed soils: 100.00
---
AA: 99.86%
Kappa: 99.82
run 3 / 5
Best validation overall accuracy 1.0
Confusion matrix :
[[205   0   0   0   0   0   0   0   0   0   0   0   0   0]
 [  0  77   0   0   0   0   0   0   0   0   0   0   0   0]
 [  0   0 191   0   0   0   0   0   0   0   0   0   0   0]
 [  0   0   0 163   0   0   0   0   0   0   0   0   0   0]
 [  0   0   0   0 202   2   0   0   0   0   0   0   0   0]
 [  0   0   0   0   3 201   0   0   0   0   0   0   0   0]
 [  0   0   0   0   0   0 197   0   0   0   0   0   0   0]
 [  0   0   0   0   0   0   0 154   0   0   0   0   0   0]
 [  0   0   0   0   0   0   0   0 239   0   0   0   0   0]
 [  0   0   0   0   0   0   0   0   0 189   0   0   0   0]
 [  0   0   0   0   0   0   0   0   0   0 232   0   0   0]
 [  0   0   0   0   0   0   0   0   0   0   0 138   0   0]
 [  0   0   0   0   0   0   0   0   0   0   0   0 204   0]
 [  0   0   0   0   0   0   0   0   0   0   0   0   0  72]]---
Accuracy : 99.80%
---
class acc :
	Water: 100.00
	Hippo grass: 100.00
	Floodplain grasses 1: 100.00
	Floodplain grasses 2: 100.00
	Reeds: 99.02
	Riparian: 98.53
	Firescar: 100.00
	Island interior: 100.00
	Acacia woodlands: 100.00
	Acacia shrublands: 100.00
	Acacia grasslands: 100.00
	Short mopane: 100.00
	Mixed mopane: 100.00
	Exposed soils: 100.00
---
AA: 99.82%
Kappa: 99.78
run 4 / 5
Best validation overall accuracy 0.9973958333333334
Confusion matrix :
[[205   0   0   0   0   0   0   0   0   0   0   0   0   0]
 [  0  77   0   0   0   0   0   0   0   0   0   0   0   0]
 [  0   0 191   0   0   0   0   0   0   0   0   0   0   0]
 [  0   0   0 163   0   0   0   0   0   0   0   0   0   0]
 [  0   0   0   0 201   3   0   0   0   0   0   0   0   0]
 [  0   0   0   0   7 195   0   0   2   0   0   0   0   0]
 [  0   0   0   0   0   0 197   0   0   0   0   0   0   0]
 [  0   0   0   0   0   0   0 154   0   0   0   0   0   0]
 [  0   0   0   0   0   0   0   0 239   0   0   0   0   0]
 [  0   0   0   0   0   0   0   0   0 189   0   0   0   0]
 [  0   0   0   0   0   0   0   2   0   0 228   0   0   2]
 [  0   0   0   0   0   0   0   0   0   0   0 138   0   0]
 [  0   0   0   0   0   0   0   0   0   0   0   0 204   0]
 [  0   0   0   0   0   0   0   0   0   0   0   0   0  72]]---
Accuracy : 99.35%
---
class acc :
	Water: 100.00
	Hippo grass: 100.00
	Floodplain grasses 1: 100.00
	Floodplain grasses 2: 100.00
	Reeds: 98.53
	Riparian: 95.59
	Firescar: 100.00
	Island interior: 100.00
	Acacia woodlands: 100.00
	Acacia shrublands: 100.00
	Acacia grasslands: 98.28
	Short mopane: 100.00
	Mixed mopane: 100.00
	Exposed soils: 100.00
---
AA: 99.46%
Kappa: 99.30
run 5 / 5
Best validation overall accuracy 1.0
Confusion matrix :
[[205   0   0   0   0   0   0   0   0   0   0   0   0   0]
 [  0  77   0   0   0   0   0   0   0   0   0   0   0   0]
 [  0   0 191   0   0   0   0   0   0   0   0   0   0   0]
 [  0   0   0 163   0   0   0   0   0   0   0   0   0   0]
 [  0   0   0   1 202   1   0   0   0   0   0   0   0   0]
 [  0   0   0   0   0 204   0   0   0   0   0   0   0   0]
 [  0   0   0   0   0   0 197   0   0   0   0   0   0   0]
 [  0   0   0   0   0   0   0 154   0   0   0   0   0   0]
 [  0   0   0   0   0   0   0   0 239   0   0   0   0   0]
 [  0   0   0   0   0   0   0   0   0 189   0   0   0   0]
 [  0   0   0   0   0   0   0   0   0   1 231   0   0   0]
 [  0   0   0   0   0   0   0   0   0   0   0 138   0   0]
 [  0   0   0   0   0   0   0   0   0   0   0   0 204   0]
 [  0   0   0   0   0   0   0   0   0   0   0   0   3  69]]---
Accuracy : 99.76%
---
class acc :
	Water: 100.00
	Hippo grass: 100.00
	Floodplain grasses 1: 100.00
	Floodplain grasses 2: 100.00
	Reeds: 99.02
	Riparian: 100.00
	Firescar: 100.00
	Island interior: 100.00
	Acacia woodlands: 100.00
	Acacia shrublands: 100.00
	Acacia grasslands: 99.57
	Short mopane: 100.00
	Mixed mopane: 100.00
	Exposed soils: 95.83
---
AA: 99.60%
Kappa: 99.74
Agregated results :
Confusion matrix :
[[2.050e+02 0.000e+00 0.000e+00 0.000e+00 0.000e+00 0.000e+00 0.000e+00
  0.000e+00 0.000e+00 0.000e+00 0.000e+00 0.000e+00 0.000e+00 0.000e+00]
 [0.000e+00 7.700e+01 0.000e+00 0.000e+00 0.000e+00 0.000e+00 0.000e+00
  0.000e+00 0.000e+00 0.000e+00 0.000e+00 0.000e+00 0.000e+00 0.000e+00]
 [0.000e+00 0.000e+00 1.910e+02 0.000e+00 0.000e+00 0.000e+00 0.000e+00
  0.000e+00 0.000e+00 0.000e+00 0.000e+00 0.000e+00 0.000e+00 0.000e+00]
 [0.000e+00 0.000e+00 0.000e+00 1.630e+02 0.000e+00 0.000e+00 0.000e+00
  0.000e+00 0.000e+00 0.000e+00 0.000e+00 0.000e+00 0.000e+00 0.000e+00]
 [0.000e+00 0.000e+00 0.000e+00 2.000e-01 2.012e+02 2.600e+00 0.000e+00
  0.000e+00 0.000e+00 0.000e+00 0.000e+00 0.000e+00 0.000e+00 0.000e+00]
 [0.000e+00 0.000e+00 0.000e+00 0.000e+00 2.600e+00 2.010e+02 0.000e+00
  0.000e+00 4.000e-01 0.000e+00 0.000e+00 0.000e+00 0.000e+00 0.000e+00]
 [0.000e+00 0.000e+00 0.000e+00 0.000e+00 0.000e+00 0.000e+00 1.970e+02
  0.000e+00 0.000e+00 0.000e+00 0.000e+00 0.000e+00 0.000e+00 0.000e+00]
 [0.000e+00 0.000e+00 0.000e+00 0.000e+00 0.000e+00 0.000e+00 0.000e+00
  1.540e+02 0.000e+00 0.000e+00 0.000e+00 0.000e+00 0.000e+00 0.000e+00]
 [0.000e+00 0.000e+00 0.000e+00 0.000e+00 0.000e+00 0.000e+00 0.000e+00
  0.000e+00 2.390e+02 0.000e+00 0.000e+00 0.000e+00 0.000e+00 0.000e+00]
 [0.000e+00 0.000e+00 0.000e+00 0.000e+00 0.000e+00 0.000e+00 0.000e+00
  0.000e+00 0.000e+00 1.890e+02 0.000e+00 0.000e+00 0.000e+00 0.000e+00]
 [0.000e+00 0.000e+00 0.000e+00 0.000e+00 0.000e+00 0.000e+00 0.000e+00
  4.000e-01 0.000e+00 1.400e+00 2.298e+02 0.000e+00 0.000e+00 4.000e-01]
 [0.000e+00 0.000e+00 0.000e+00 0.000e+00 0.000e+00 0.000e+00 0.000e+00
  0.000e+00 0.000e+00 0.000e+00 0.000e+00 1.380e+02 0.000e+00 0.000e+00]
 [0.000e+00 0.000e+00 0.000e+00 0.000e+00 0.000e+00 0.000e+00 0.000e+00
  0.000e+00 0.000e+00 0.000e+00 0.000e+00 0.000e+00 2.040e+02 0.000e+00]
 [0.000e+00 0.000e+00 0.000e+00 0.000e+00 6.000e-01 0.000e+00 0.000e+00
  0.000e+00 0.000e+00 0.000e+00 0.000e+00 0.000e+00 6.000e-01 7.080e+01]]---
Accuracy: 99.63 +- 0.21
---
class acc :
	Water: 100.00 +- 0.00
	Hippo grass: 100.00 +- 0.00
	Floodplain grasses 1: 100.00 +- 0.00
	Floodplain grasses 2: 100.00 +- 0.00
	Reeds: 98.63 +- 0.57
	Riparian: 98.53 +- 1.55
	Firescar: 100.00 +- 0.00
	Island interior: 100.00 +- 0.00
	Acacia woodlands: 100.00 +- 0.00
	Acacia shrublands: 100.00 +- 0.00
	Acacia grasslands: 99.05 +- 0.84
	Short mopane: 100.00 +- 0.00
	Mixed mopane: 100.00 +- 0.00
	Exposed soils: 98.33 +- 2.04
---
AA: 99.61 +- 0.21
Kappa: 99.60 +- 0.23
