run 1 / 5
Best validation overall accuracy 0.9947916666666666
Confusion matrix :
[[205   0   0   0   0   0   0   0   0   0   0   0   0   0]
 [  0  77   0   0   0   0   0   0   0   0   0   0   0   0]
 [  0   0 191   0   0   0   0   0   0   0   0   0   0   0]
 [  0   0   0 163   0   0   0   0   0   0   0   0   0   0]
 [  0   0   0   0 203   1   0   0   0   0   0   0   0   0]
 [  0   0   0   0   4 200   0   0   0   0   0   0   0   0]
 [  0   0   0   0   0   0 197   0   0   0   0   0   0   0]
 [  0   0   0   0   0   0   0 154   0   0   0   0   0   0]
 [  0   0   0   0   0   0   0   0 239   0   0   0   0   0]
 [  0   0   0   0   0   0   0   0   0 189   0   0   0   0]
 [  0   0   0   0   0   0   0   0   0   0 232   0   0   0]
 [  0   0   0   0   0   0   0   0   0   0   0 138   0   0]
 [  0   0   0   0   0   0   0   0   0   0   0   0 204   0]
 [  0   0   0   0   4   0   0   0   0   0   0   0   0  68]]---
Accuracy : 99.64%
---
class acc :
	Water: 100.00
	Hippo grass: 100.00
	Floodplain grasses 1: 100.00
	Floodplain grasses 2: 100.00
	Reeds: 99.51
	Riparian: 98.04
	Firescar: 100.00
	Island interior: 100.00
	Acacia woodlands: 100.00
	Acacia shrublands: 100.00
	Acacia grasslands: 100.00
	Short mopane: 100.00
	Mixed mopane: 100.00
	Exposed soils: 94.44
---
AA: 99.43%
Kappa: 99.61
run 2 / 5
Best validation overall accuracy 0.9947916666666666
Confusion matrix :
[[205   0   0   0   0   0   0   0   0   0   0   0   0   0]
 [  0  77   0   0   0   0   0   0   0   0   0   0   0   0]
 [  0   0 191   0   0   0   0   0   0   0   0   0   0   0]
 [  0   0   0 163   0   0   0   0   0   0   0   0   0   0]
 [  0   0   0   0 200   4   0   0   0   0   0   0   0   0]
 [  0   0   0   0   4 200   0   0   0   0   0   0   0   0]
 [  0   0   0   0   0   0 197   0   0   0   0   0   0   0]
 [  0   0   0   0   0   0   0 154   0   0   0   0   0   0]
 [  0   0   0   0   0   0   0   0 239   0   0   0   0   0]
 [  0   0   0   0   0   0   0   0   0 183   6   0   0   0]
 [  0   0   0   0   0   0   0   0   0   0 232   0   0   0]
 [  0   0   0   0   0   0   0   0   0   0   0 138   0   0]
 [  0   0   0   0   0   0   0   0   0   0   0   0 204   0]
 [  0   0   0   0   0   0   0   0   0   0   0   0   0  72]]---
Accuracy : 99.43%
---
class acc :
	Water: 100.00
	Hippo grass: 100.00
	Floodplain grasses 1: 100.00
	Floodplain grasses 2: 100.00
	Reeds: 98.04
	Riparian: 98.04
	Firescar: 100.00
	Island interior: 100.00
	Acacia woodlands: 100.00
	Acacia shrublands: 96.83
	Acacia grasslands: 100.00
	Short mopane: 100.00
	Mixed mopane: 100.00
	Exposed soils: 100.00
---
AA: 99.49%
Kappa: 99.39
run 3 / 5
Best validation overall accuracy 1.0
Confusion matrix :
[[205   0   0   0   0   0   0   0   0   0   0   0   0   0]
 [  0  77   0   0   0   0   0   0   0   0   0   0   0   0]
 [  0   0 191   0   0   0   0   0   0   0   0   0   0   0]
 [  0   0   0 163   0   0   0   0   0   0   0   0   0   0]
 [  0   0   0   0 203   1   0   0   0   0   0   0   0   0]
 [  0   0   0   0   3 201   0   0   0   0   0   0   0   0]
 [  0   0   0   0   0   0 197   0   0   0   0   0   0   0]
 [  0   0   0   0   0   0   0 154   0   0   0   0   0   0]
 [  0   0   0   0   0   0   0   0 239   0   0   0   0   0]
 [  0   0   0   0   0   0   0   0   0 189   0   0   0   0]
 [  0   0   0   0   0   0   0   0   0   0 232   0   0   0]
 [  0   0   0   0   0   0   0   0   0   0   0 138   0   0]
 [  0   0   0   0   0   0   0   0   0   0   0   0 204   0]
 [  0   0   0   0   0   0   0   0   0   0   0   0   0  72]]---
Accuracy : 99.84%
---
class acc :
	Water: 100.00
	Hippo grass: 100.00
	Floodplain grasses 1: 100.00
	Floodplain grasses 2: 100.00
	Reeds: 99.51
	Riparian: 98.53
	Firescar: 100.00
	Island interior: 100.00
	Acacia woodlands: 100.00
	Acacia shrublands: 100.00
	Acacia grasslands: 100.00
	Short mopane: 100.00
	Mixed mopane: 100.00
	Exposed soils: 100.00
---
AA: 99.86%
Kappa: 99.82
run 4 / 5
Best validation overall accuracy 0.9973958333333334
Confusion matrix :
[[205   0   0   0   0   0   0   0   0   0   0   0   0   0]
 [  0  77   0   0   0   0   0   0   0   0   0   0   0   0]
 [  0   0 191   0   0   0   0   0   0   0   0   0   0   0]
 [  0   0   0 163   0   0   0   0   0   0   0   0   0   0]
 [  0   0   0   0 200   4   0   0   0   0   0   0   0   0]
 [  0   0   0   0   4 200   0   0   0   0   0   0   0   0]
 [  0   0   0   0   0   0 197   0   0   0   0   0   0   0]
 [  0   0   0   0   0   0   0 154   0   0   0   0   0   0]
 [  0   0   0   0   0   0   0   0 239   0   0   0   0   0]
 [  0   0   0   0   0   0   0   0   0 189   0   0   0   0]
 [  0   0   0   0   0   0   0   0   0   1 231   0   0   0]
 [  0   0   0   0   0   0   0   0   0   0   0 138   0   0]
 [  0   0   0   0   0   0   0   0   0   0   0   0 204   0]
 [  0   0   0   0   0   0   0   0   0   0   0   0   0  72]]---
Accuracy : 99.64%
---
class acc :
	Water: 100.00
	Hippo grass: 100.00
	Floodplain grasses 1: 100.00
	Floodplain grasses 2: 100.00
	Reeds: 98.04
	Riparian: 98.04
	Firescar: 100.00
	Island interior: 100.00
	Acacia woodlands: 100.00
	Acacia shrublands: 100.00
	Acacia grasslands: 99.57
	Short mopane: 100.00
	Mixed mopane: 100.00
	Exposed soils: 100.00
---
AA: 99.69%
Kappa: 99.61
run 5 / 5
Best validation overall accuracy 1.0
Confusion matrix :
[[205   0   0   0   0   0   0   0   0   0   0   0   0   0]
 [  0  77   0   0   0   0   0   0   0   0   0   0   0   0]
 [  0   0 191   0   0   0   0   0   0   0   0   0   0   0]
 [  0   0   0 163   0   0   0   0   0   0   0   0   0   0]
 [  0   0   0   0 204   0   0   0   0   0   0   0   0   0]
 [  0   0   0   0   2 202   0   0   0   0   0   0   0   0]
 [  0   0   0   0   0   0 197   0   0   0   0   0   0   0]
 [  0   0   0   0   0   0   0 154   0   0   0   0   0   0]
 [  0   0   0   0   0   0   0   0 239   0   0   0   0   0]
 [  0   0   0   0   0   0   0   0   0 189   0   0   0   0]
 [  0   0   0   0   0   0   0   0   0   0 232   0   0   0]
 [  0   0   0   0   0   0   0   0   0   0   0 138   0   0]
 [  0   0   0   0   0   0   0   0   0   0   0   0 204   0]
 [  0   0   0   0   3   0   0   0   0   0   0   0   0  69]]---
Accuracy : 99.80%
---
class acc :
	Water: 100.00
	Hippo grass: 100.00
	Floodplain grasses 1: 100.00
	Floodplain grasses 2: 100.00
	Reeds: 100.00
	Riparian: 99.02
	Firescar: 100.00
	Island interior: 100.00
	Acacia woodlands: 100.00
	Acacia shrublands: 100.00
	Acacia grasslands: 100.00
	Short mopane: 100.00
	Mixed mopane: 100.00
	Exposed soils: 95.83
---
AA: 99.63%
Kappa: 99.78
Agregated results :
Confusion matrix :
[[2.050e+02 0.000e+00 0.000e+00 0.000e+00 0.000e+00 0.000e+00 0.000e+00
  0.000e+00 0.000e+00 0.000e+00 0.000e+00 0.000e+00 0.000e+00 0.000e+00]
 [0.000e+00 7.700e+01 0.000e+00 0.000e+00 0.000e+00 0.000e+00 0.000e+00
  0.000e+00 0.000e+00 0.000e+00 0.000e+00 0.000e+00 0.000e+00 0.000e+00]
 [0.000e+00 0.000e+00 1.910e+02 0.000e+00 0.000e+00 0.000e+00 0.000e+00
  0.000e+00 0.000e+00 0.000e+00 0.000e+00 0.000e+00 0.000e+00 0.000e+00]
 [0.000e+00 0.000e+00 0.000e+00 1.630e+02 0.000e+00 0.000e+00 0.000e+00
  0.000e+00 0.000e+00 0.000e+00 0.000e+00 0.000e+00 0.000e+00 0.000e+00]
 [0.000e+00 0.000e+00 0.000e+00 0.000e+00 2.020e+02 2.000e+00 0.000e+00
  0.000e+00 0.000e+00 0.000e+00 0.000e+00 0.000e+00 0.000e+00 0.000e+00]
 [0.000e+00 0.000e+00 0.000e+00 0.000e+00 3.400e+00 2.006e+02 0.000e+00
  0.000e+00 0.000e+00 0.000e+00 0.000e+00 0.000e+00 0.000e+00 0.000e+00]
 [0.000e+00 0.000e+00 0.000e+00 0.000e+00 0.000e+00 0.000e+00 1.970e+02
  0.000e+00 0.000e+00 0.000e+00 0.000e+00 0.000e+00 0.000e+00 0.000e+00]
 [0.000e+00 0.000e+00 0.000e+00 0.000e+00 0.000e+00 0.000e+00 0.000e+00
  1.540e+02 0.000e+00 0.000e+00 0.000e+00 0.000e+00 0.000e+00 0.000e+00]
 [0.000e+00 0.000e+00 0.000e+00 0.000e+00 0.000e+00 0.000e+00 0.000e+00
  0.000e+00 2.390e+02 0.000e+00 0.000e+00 0.000e+00 0.000e+00 0.000e+00]
 [0.000e+00 0.000e+00 0.000e+00 0.000e+00 0.000e+00 0.000e+00 0.000e+00
  0.000e+00 0.000e+00 1.878e+02 1.200e+00 0.000e+00 0.000e+00 0.000e+00]
 [0.000e+00 0.000e+00 0.000e+00 0.000e+00 0.000e+00 0.000e+00 0.000e+00
  0.000e+00 0.000e+00 2.000e-01 2.318e+02 0.000e+00 0.000e+00 0.000e+00]
 [0.000e+00 0.000e+00 0.000e+00 0.000e+00 0.000e+00 0.000e+00 0.000e+00
  0.000e+00 0.000e+00 0.000e+00 0.000e+00 1.380e+02 0.000e+00 0.000e+00]
 [0.000e+00 0.000e+00 0.000e+00 0.000e+00 0.000e+00 0.000e+00 0.000e+00
  0.000e+00 0.000e+00 0.000e+00 0.000e+00 0.000e+00 2.040e+02 0.000e+00]
 [0.000e+00 0.000e+00 0.000e+00 0.000e+00 1.400e+00 0.000e+00 0.000e+00
  0.000e+00 0.000e+00 0.000e+00 0.000e+00 0.000e+00 0.000e+00 7.060e+01]]---
Accuracy: 99.67 +- 0.14
---
class acc :
	Water: 100.00 +- 0.00
	Hippo grass: 100.00 +- 0.00
	Floodplain grasses 1: 100.00 +- 0.00
	Floodplain grasses 2: 100.00 +- 0.00
	Reeds: 99.02 +- 0.82
	Riparian: 98.33 +- 0.39
	Firescar: 100.00 +- 0.00
	Island interior: 100.00 +- 0.00
	Acacia woodlands: 100.00 +- 0.00
	Acacia shrublands: 99.37 +- 1.27
	Acacia grasslands: 99.91 +- 0.17
	Short mopane: 100.00 +- 0.00
	Mixed mopane: 100.00 +- 0.00
	Exposed soils: 98.06 +- 2.42
---
AA: 99.62 +- 0.15
Kappa: 99.64 +- 0.16
