run 1 / 5
Best validation overall accuracy 0.9947916666666666
Confusion matrix :
[[205   0   0   0   0   0   0   0   0   0   0   0   0   0]
 [  0  77   0   0   0   0   0   0   0   0   0   0   0   0]
 [  0   0 191   0   0   0   0   0   0   0   0   0   0   0]
 [  0   0   0 163   0   0   0   0   0   0   0   0   0   0]
 [  0   0   0   0 199   5   0   0   0   0   0   0   0   0]
 [  0   0   0   0   2 202   0   0   0   0   0   0   0   0]
 [  0   0   0   0   0   0 197   0   0   0   0   0   0   0]
 [  0   0   0   0   0   0   0 154   0   0   0   0   0   0]
 [  0   0   0   0   0   0   0   0 239   0   0   0   0   0]
 [  0   0   0   0   0   0   0   0   0 189   0   0   0   0]
 [  0   0   0   0   0   0   0   0   0   0 232   0   0   0]
 [  0   0   0   0   0   0   0   0   0   0   0 138   0   0]
 [  0   0   0   0   0   0   0   0   0   0   0   0 204   0]
 [  0   0   0   0   4   0   0   2   0   0   0   0   0  66]]---
Accuracy : 99.47%
---
class acc :
	Water: 100.00
	Hippo grass: 100.00
	Floodplain grasses 1: 100.00
	Floodplain grasses 2: 100.00
	Reeds: 97.55
	Riparian: 99.02
	Firescar: 100.00
	Island interior: 100.00
	Acacia woodlands: 100.00
	Acacia shrublands: 100.00
	Acacia grasslands: 100.00
	Short mopane: 100.00
	Mixed mopane: 100.00
	Exposed soils: 91.67
---
AA: 99.16%
Kappa: 99.43
run 2 / 5
Best validation overall accuracy 0.9947916666666666
Confusion matrix :
[[205   0   0   0   0   0   0   0   0   0   0   0   0   0]
 [  0  77   0   0   0   0   0   0   0   0   0   0   0   0]
 [  0   0 191   0   0   0   0   0   0   0   0   0   0   0]
 [  0   0   0 163   0   0   0   0   0   0   0   0   0   0]
 [  0   0   0   0 201   3   0   0   0   0   0   0   0   0]
 [  0   0   0   0   1 203   0   0   0   0   0   0   0   0]
 [  0   0   0   0   0   0 197   0   0   0   0   0   0   0]
 [  0   0   0   0   0   0   0 154   0   0   0   0   0   0]
 [  0   0   0   0   0   0   0   0 239   0   0   0   0   0]
 [  0   0   0   0   0   0   0   0   0 189   0   0   0   0]
 [  0   0   0   0   0   0   0   0   0   0 232   0   0   0]
 [  0   0   0   0   0   0   0   0   0   0   0 138   0   0]
 [  0   0   0   0   0   0   0   0   0   0   0   0 204   0]
 [  0   0   0   0   0   0   0   0   0   0   0   0   0  72]]---
Accuracy : 99.84%
---
class acc :
	Water: 100.00
	Hippo grass: 100.00
	Floodplain grasses 1: 100.00
	Floodplain grasses 2: 100.00
	Reeds: 98.53
	Riparian: 99.51
	Firescar: 100.00
	Island interior: 100.00
	Acacia woodlands: 100.00
	Acacia shrublands: 100.00
	Acacia grasslands: 100.00
	Short mopane: 100.00
	Mixed mopane: 100.00
	Exposed soils: 100.00
---
AA: 99.86%
Kappa: 99.82
run 3 / 5
Best validation overall accuracy 1.0
Confusion matrix :
[[205   0   0   0   0   0   0   0   0   0   0   0   0   0]
 [  0  77   0   0   0   0   0   0   0   0   0   0   0   0]
 [  0   0 191   0   0   0   0   0   0   0   0   0   0   0]
 [  0   0   0 163   0   0   0   0   0   0   0   0   0   0]
 [  0   1   0   0 202   1   0   0   0   0   0   0   0   0]
 [  0   0   0   0   1 203   0   0   0   0   0   0   0   0]
 [  0   0   0   0   0   0 197   0   0   0   0   0   0   0]
 [  0   0   0   0   0   0   0 154   0   0   0   0   0   0]
 [  0   0   0   0   0   8   0   0 231   0   0   0   0   0]
 [  0   0   0   0   0   0   0   0   0 189   0   0   0   0]
 [  0   0   0   0   0   0   0   0   0   0 232   0   0   0]
 [  0   0   0   0   0   0   0   0   0   0   0 138   0   0]
 [  0   0   0   0   0   0   0   0   0   0   0   0 204   0]
 [  0   0   0   0   0   0   0   0   0   0   0   0   0  72]]---
Accuracy : 99.55%
---
class acc :
	Water: 100.00
	Hippo grass: 100.00
	Floodplain grasses 1: 100.00
	Floodplain grasses 2: 100.00
	Reeds: 99.02
	Riparian: 99.51
	Firescar: 100.00
	Island interior: 100.00
	Acacia woodlands: 96.65
	Acacia shrublands: 100.00
	Acacia grasslands: 100.00
	Short mopane: 100.00
	Mixed mopane: 100.00
	Exposed soils: 100.00
---
AA: 99.66%
Kappa: 99.52
run 4 / 5
Best validation overall accuracy 0.9973958333333334
Confusion matrix :
[[205   0   0   0   0   0   0   0   0   0   0   0   0   0]
 [  0  77   0   0   0   0   0   0   0   0   0   0   0   0]
 [  0   0 191   0   0   0   0   0   0   0   0   0   0   0]
 [  0   0   0 163   0   0   0   0   0   0   0   0   0   0]
 [  0   0   0   0 200   4   0   0   0   0   0   0   0   0]
 [  0   0   0   0   6 198   0   0   0   0   0   0   0   0]
 [  0   0   0   0   0   0 197   0   0   0   0   0   0   0]
 [  0   0   0   0   0   0   0 154   0   0   0   0   0   0]
 [  0   0   0   0   0   0   0   0 239   0   0   0   0   0]
 [  0   0   0   0   0   0   0   0   0 189   0   0   0   0]
 [  0   0   0   0   0   0   0   0   0   2 230   0   0   0]
 [  0   0   0   0   0   0   0   0   0   0   0 138   0   0]
 [  0   0   0   0   0   0   0   0   0   0   0   0 204   0]
 [  0   0   0   0   0   0   0   0   0   0   0   0   0  72]]---
Accuracy : 99.51%
---
class acc :
	Water: 100.00
	Hippo grass: 100.00
	Floodplain grasses 1: 100.00
	Floodplain grasses 2: 100.00
	Reeds: 98.04
	Riparian: 97.06
	Firescar: 100.00
	Island interior: 100.00
	Acacia woodlands: 100.00
	Acacia shrublands: 100.00
	Acacia grasslands: 99.14
	Short mopane: 100.00
	Mixed mopane: 100.00
	Exposed soils: 100.00
---
AA: 99.59%
Kappa: 99.47
run 5 / 5
Best validation overall accuracy 1.0
Confusion matrix :
[[205   0   0   0   0   0   0   0   0   0   0   0   0   0]
 [  0  77   0   0   0   0   0   0   0   0   0   0   0   0]
 [  0   0 191   0   0   0   0   0   0   0   0   0   0   0]
 [  0   0   0 163   0   0   0   0   0   0   0   0   0   0]
 [  0   0   0   0 204   0   0   0   0   0   0   0   0   0]
 [  0   0   0   0   0 204   0   0   0   0   0   0   0   0]
 [  0   0   0   0   0   0 197   0   0   0   0   0   0   0]
 [  0   0   0   0   0   0   0 154   0   0   0   0   0   0]
 [  0   0   0   0   0   0   0   0 239   0   0   0   0   0]
 [  0   0   0   0   0   0   0   0   0 189   0   0   0   0]
 [  0   0   0   0   0   0   0   0   0   0 232   0   0   0]
 [  0   0   0   0   0   0   0   0   0   0   0 138   0   0]
 [  0   0   0   0   0   0   0   0   0   0   0   0 204   0]
 [  0   0   0   0   3   0   0   0   0   0   0   0   0  69]]---
Accuracy : 99.88%
---
class acc :
	Water: 100.00
	Hippo grass: 100.00
	Floodplain grasses 1: 100.00
	Floodplain grasses 2: 100.00
	Reeds: 100.00
	Riparian: 100.00
	Firescar: 100.00
	Island interior: 100.00
	Acacia woodlands: 100.00
	Acacia shrublands: 100.00
	Acacia grasslands: 100.00
	Short mopane: 100.00
	Mixed mopane: 100.00
	Exposed soils: 95.83
---
AA: 99.70%
Kappa: 99.87
Agregated results :
Confusion matrix :
[[2.050e+02 0.000e+00 0.000e+00 0.000e+00 0.000e+00 0.000e+00 0.000e+00
  0.000e+00 0.000e+00 0.000e+00 0.000e+00 0.000e+00 0.000e+00 0.000e+00]
 [0.000e+00 7.700e+01 0.000e+00 0.000e+00 0.000e+00 0.000e+00 0.000e+00
  0.000e+00 0.000e+00 0.000e+00 0.000e+00 0.000e+00 0.000e+00 0.000e+00]
 [0.000e+00 0.000e+00 1.910e+02 0.000e+00 0.000e+00 0.000e+00 0.000e+00
  0.000e+00 0.000e+00 0.000e+00 0.000e+00 0.000e+00 0.000e+00 0.000e+00]
 [0.000e+00 0.000e+00 0.000e+00 1.630e+02 0.000e+00 0.000e+00 0.000e+00
  0.000e+00 0.000e+00 0.000e+00 0.000e+00 0.000e+00 0.000e+00 0.000e+00]
 [0.000e+00 2.000e-01 0.000e+00 0.000e+00 2.012e+02 2.600e+00 0.000e+00
  0.000e+00 0.000e+00 0.000e+00 0.000e+00 0.000e+00 0.000e+00 0.000e+00]
 [0.000e+00 0.000e+00 0.000e+00 0.000e+00 2.000e+00 2.020e+02 0.000e+00
  0.000e+00 0.000e+00 0.000e+00 0.000e+00 0.000e+00 0.000e+00 0.000e+00]
 [0.000e+00 0.000e+00 0.000e+00 0.000e+00 0.000e+00 0.000e+00 1.970e+02
  0.000e+00 0.000e+00 0.000e+00 0.000e+00 0.000e+00 0.000e+00 0.000e+00]
 [0.000e+00 0.000e+00 0.000e+00 0.000e+00 0.000e+00 0.000e+00 0.000e+00
  1.540e+02 0.000e+00 0.000e+00 0.000e+00 0.000e+00 0.000e+00 0.000e+00]
 [0.000e+00 0.000e+00 0.000e+00 0.000e+00 0.000e+00 1.600e+00 0.000e+00
  0.000e+00 2.374e+02 0.000e+00 0.000e+00 0.000e+00 0.000e+00 0.000e+00]
 [0.000e+00 0.000e+00 0.000e+00 0.000e+00 0.000e+00 0.000e+00 0.000e+00
  0.000e+00 0.000e+00 1.890e+02 0.000e+00 0.000e+00 0.000e+00 0.000e+00]
 [0.000e+00 0.000e+00 0.000e+00 0.000e+00 0.000e+00 0.000e+00 0.000e+00
  0.000e+00 0.000e+00 4.000e-01 2.316e+02 0.000e+00 0.000e+00 0.000e+00]
 [0.000e+00 0.000e+00 0.000e+00 0.000e+00 0.000e+00 0.000e+00 0.000e+00
  0.000e+00 0.000e+00 0.000e+00 0.000e+00 1.380e+02 0.000e+00 0.000e+00]
 [0.000e+00 0.000e+00 0.000e+00 0.000e+00 0.000e+00 0.000e+00 0.000e+00
  0.000e+00 0.000e+00 0.000e+00 0.000e+00 0.000e+00 2.040e+02 0.000e+00]
 [0.000e+00 0.000e+00 0.000e+00 0.000e+00 1.400e+00 0.000e+00 0.000e+00
  4.000e-01 0.000e+00 0.000e+00 0.000e+00 0.000e+00 0.000e+00 7.020e+01]]---
Accuracy: 99.65 +- 0.17
---
class acc :
	Water: 100.00 +- 0.00
	Hippo grass: 100.00 +- 0.00
	Floodplain grasses 1: 100.00 +- 0.00
	Floodplain grasses 2: 100.00 +- 0.00
	Reeds: 98.63 +- 0.84
	Riparian: 99.02 +- 1.03
	Firescar: 100.00 +- 0.00
	Island interior: 100.00 +- 0.00
	Acacia woodlands: 99.33 +- 1.34
	Acacia shrublands: 100.00 +- 0.00
	Acacia grasslands: 99.83 +- 0.34
	Short mopane: 100.00 +- 0.00
	Mixed mopane: 100.00 +- 0.00
	Exposed soils: 97.50 +- 3.33
---
AA: 99.59 +- 0.23
Kappa: 99.62 +- 0.19
