run 1 / 5
Best validation overall accuracy 0.9921875
Confusion matrix :
[[205   0   0   0   0   0   0   0   0   0   0   0   0   0]
 [  0  77   0   0   0   0   0   0   0   0   0   0   0   0]
 [  0   0 191   0   0   0   0   0   0   0   0   0   0   0]
 [  0   0   0 163   0   0   0   0   0   0   0   0   0   0]
 [  0   0   0   0 198   6   0   0   0   0   0   0   0   0]
 [  0   0   0   0   3 201   0   0   0   0   0   0   0   0]
 [  0   0   0   0   0   0 197   0   0   0   0   0   0   0]
 [  0   0   0   0   0   0   0 154   0   0   0   0   0   0]
 [  0   0   0   0   0   0   0   0 238   1   0   0   0   0]
 [  0   0   0   0   0   0   0   0   0 189   0   0   0   0]
 [  0   0   0   0   0   0   0   0   0   2 230   0   0   0]
 [  0   0   0   0   0   0   0   0   0   0   0 138   0   0]
 [  0   0   0   0   0   0   0   0   0   0   0   0 204   0]
 [  0   0   0   0   2   0   0   0   0   0   0   1   0  69]]---
Accuracy : 99.39%
---
class acc :
	Water: 100.00
	Hippo grass: 100.00
	Floodplain grasses 1: 100.00
	Floodplain grasses 2: 100.00
	Reeds: 97.06
	Riparian: 98.53
	Firescar: 100.00
	Island interior: 100.00
	Acacia woodlands: 99.58
	Acacia shrublands: 100.00
	Acacia grasslands: 99.14
	Short mopane: 100.00
	Mixed mopane: 100.00
	Exposed soils: 95.83
---
AA: 99.30%
Kappa: 99.34
run 2 / 5
Best validation overall accuracy 1.0
Confusion matrix :
[[205   0   0   0   0   0   0   0   0   0   0   0   0   0]
 [  0  77   0   0   0   0   0   0   0   0   0   0   0   0]
 [  0   0 191   0   0   0   0   0   0   0   0   0   0   0]
 [  0   0   0 163   0   0   0   0   0   0   0   0   0   0]
 [  0   0   0   0 204   0   0   0   0   0   0   0   0   0]
 [  0   0   0   0   6 198   0   0   0   0   0   0   0   0]
 [  0   0   0   0   0   0 197   0   0   0   0   0   0   0]
 [  0   0   0   0   0   0   0 154   0   0   0   0   0   0]
 [  0   0   0   0   0   0   0   0 239   0   0   0   0   0]
 [  0   0   0   0   0   0   0   0   0 189   0   0   0   0]
 [  0   0   0   0   0   0   0   0   0   1 231   0   0   0]
 [  0   0   0   0   0   0   0   0   0   0   0 138   0   0]
 [  0   0   0   0   0   0   0   0   0   0   0   0 204   0]
 [  0   0   0   0   0   0   0   0   0   0   0   0   0  72]]---
Accuracy : 99.72%
---
class acc :
	Water: 100.00
	Hippo grass: 100.00
	Floodplain grasses 1: 100.00
	Floodplain grasses 2: 100.00
	Reeds: 100.00
	Riparian: 97.06
	Firescar: 100.00
	Island interior: 100.00
	Acacia woodlands: 100.00
	Acacia shrublands: 100.00
	Acacia grasslands: 99.57
	Short mopane: 100.00
	Mixed mopane: 100.00
	Exposed soils: 100.00
---
AA: 99.76%
Kappa: 99.69
run 3 / 5
Best validation overall accuracy 1.0
Confusion matrix :
[[205   0   0   0   0   0   0   0   0   0   0   0   0   0]
 [  0  77   0   0   0   0   0   0   0   0   0   0   0   0]
 [  0   0 191   0   0   0   0   0   0   0   0   0   0   0]
 [  0   0   0 163   0   0   0   0   0   0   0   0   0   0]
 [  0   0   0   0 202   2   0   0   0   0   0   0   0   0]
 [  0   0   0   0   2 201   0   0   1   0   0   0   0   0]
 [  0   0   0   0   0   0 197   0   0   0   0   0   0   0]
 [  0   0   0   0   0   0   0 154   0   0   0   0   0   0]
 [  0   0   0   0   0   0   0   0 239   0   0   0   0   0]
 [  0   0   0   0   0   0   0   0   0 188   1   0   0   0]
 [  0   0   0   0   0   0   0   0   0   1 231   0   0   0]
 [  0   0   0   0   0   0   0   0   0   0   0 138   0   0]
 [  0   0   0   0   0   0   0   0   0   0   0   0 204   0]
 [  0   0   0   0   0   0   0   0   0   0   0   0   0  72]]---
Accuracy : 99.72%
---
class acc :
	Water: 100.00
	Hippo grass: 100.00
	Floodplain grasses 1: 100.00
	Floodplain grasses 2: 100.00
	Reeds: 99.02
	Riparian: 98.53
	Firescar: 100.00
	Island interior: 100.00
	Acacia woodlands: 100.00
	Acacia shrublands: 99.47
	Acacia grasslands: 99.57
	Short mopane: 100.00
	Mixed mopane: 100.00
	Exposed soils: 100.00
---
AA: 99.76%
Kappa: 99.69
run 4 / 5
Best validation overall accuracy 1.0
Confusion matrix :
[[205   0   0   0   0   0   0   0   0   0   0   0   0   0]
 [  0  77   0   0   0   0   0   0   0   0   0   0   0   0]
 [  0   0 191   0   0   0   0   0   0   0   0   0   0   0]
 [  0   0   0 163   0   0   0   0   0   0   0   0   0   0]
 [  0   0   0   0 202   2   0   0   0   0   0   0   0   0]
 [  0   0   0   0   4 198   0   0   2   0   0   0   0   0]
 [  0   0   0   0   0   0 197   0   0   0   0   0   0   0]
 [  0   0   0   0   0   0   0 154   0   0   0   0   0   0]
 [  0   0   0   0   0   0   0   0 239   0   0   0   0   0]
 [  0   0   0   0   0   0   0   0   0 189   0   0   0   0]
 [  0   0   0   0   0   0   0   0   0   1 231   0   0   0]
 [  0   0   0   0   0   0   0   0   0   0   0 138   0   0]
 [  0   0   0   0   0   0   0   0   0   0   0   0 204   0]
 [  0   0   0   0   0   0   0   0   0   0   0   0   0  72]]---
Accuracy : 99.64%
---
class acc :
	Water: 100.00
	Hippo grass: 100.00
	Floodplain grasses 1: 100.00
	Floodplain grasses 2: 100.00
	Reeds: 99.02
	Riparian: 97.06
	Firescar: 100.00
	Island interior: 100.00
	Acacia woodlands: 100.00
	Acacia shrublands: 100.00
	Acacia grasslands: 99.57
	Short mopane: 100.00
	Mixed mopane: 100.00
	Exposed soils: 100.00
---
AA: 99.69%
Kappa: 99.61
run 5 / 5
Best validation overall accuracy 1.0
Confusion matrix :
[[205   0   0   0   0   0   0   0   0   0   0   0   0   0]
 [  0  77   0   0   0   0   0   0   0   0   0   0   0   0]
 [  0   0 191   0   0   0   0   0   0   0   0   0   0   0]
 [  0   0   0 163   0   0   0   0   0   0   0   0   0   0]
 [  0   0   0   0 204   0   0   0   0   0   0   0   0   0]
 [  0   0   0   0   3 201   0   0   0   0   0   0   0   0]
 [  0   0   0   0   0   0 197   0   0   0   0   0   0   0]
 [  0   0   0   0   0   0   0 154   0   0   0   0   0   0]
 [  0   0   0   0   0   0   0   0 239   0   0   0   0   0]
 [  0   0   0   0   0   0   0   0   0 189   0   0   0   0]
 [  0   0   0   0   0   0   0   0   0   0 232   0   0   0]
 [  0   0   0   0   0   0   0   0   0   0   0 138   0   0]
 [  0   0   0   0   0   0   0   0   0   0   0   0 204   0]
 [  0   0   0   0   0   0   0   0   0   0   0   0   0  72]]---
Accuracy : 99.88%
---
class acc :
	Water: 100.00
	Hippo grass: 100.00
	Floodplain grasses 1: 100.00
	Floodplain grasses 2: 100.00
	Reeds: 100.00
	Riparian: 98.53
	Firescar: 100.00
	Island interior: 100.00
	Acacia woodlands: 100.00
	Acacia shrublands: 100.00
	Acacia grasslands: 100.00
	Short mopane: 100.00
	Mixed mopane: 100.00
	Exposed soils: 100.00
---
AA: 99.89%
Kappa: 99.87
Agregated results :
Confusion matrix :
[[2.050e+02 0.000e+00 0.000e+00 0.000e+00 0.000e+00 0.000e+00 0.000e+00
  0.000e+00 0.000e+00 0.000e+00 0.000e+00 0.000e+00 0.000e+00 0.000e+00]
 [0.000e+00 7.700e+01 0.000e+00 0.000e+00 0.000e+00 0.000e+00 0.000e+00
  0.000e+00 0.000e+00 0.000e+00 0.000e+00 0.000e+00 0.000e+00 0.000e+00]
 [0.000e+00 0.000e+00 1.910e+02 0.000e+00 0.000e+00 0.000e+00 0.000e+00
  0.000e+00 0.000e+00 0.000e+00 0.000e+00 0.000e+00 0.000e+00 0.000e+00]
 [0.000e+00 0.000e+00 0.000e+00 1.630e+02 0.000e+00 0.000e+00 0.000e+00
  0.000e+00 0.000e+00 0.000e+00 0.000e+00 0.000e+00 0.000e+00 0.000e+00]
 [0.000e+00 0.000e+00 0.000e+00 0.000e+00 2.020e+02 2.000e+00 0.000e+00
  0.000e+00 0.000e+00 0.000e+00 0.000e+00 0.000e+00 0.000e+00 0.000e+00]
 [0.000e+00 0.000e+00 0.000e+00 0.000e+00 3.600e+00 1.998e+02 0.000e+00
  0.000e+00 6.000e-01 0.000e+00 0.000e+00 0.000e+00 0.000e+00 0.000e+00]
 [0.000e+00 0.000e+00 0.000e+00 0.000e+00 0.000e+00 0.000e+00 1.970e+02
  0.000e+00 0.000e+00 0.000e+00 0.000e+00 0.000e+00 0.000e+00 0.000e+00]
 [0.000e+00 0.000e+00 0.000e+00 0.000e+00 0.000e+00 0.000e+00 0.000e+00
  1.540e+02 0.000e+00 0.000e+00 0.000e+00 0.000e+00 0.000e+00 0.000e+00]
 [0.000e+00 0.000e+00 0.000e+00 0.000e+00 0.000e+00 0.000e+00 0.000e+00
  0.000e+00 2.388e+02 2.000e-01 0.000e+00 0.000e+00 0.000e+00 0.000e+00]
 [0.000e+00 0.000e+00 0.000e+00 0.000e+00 0.000e+00 0.000e+00 0.000e+00
  0.000e+00 0.000e+00 1.888e+02 2.000e-01 0.000e+00 0.000e+00 0.000e+00]
 [0.000e+00 0.000e+00 0.000e+00 0.000e+00 0.000e+00 0.000e+00 0.000e+00
  0.000e+00 0.000e+00 1.000e+00 2.310e+02 0.000e+00 0.000e+00 0.000e+00]
 [0.000e+00 0.000e+00 0.000e+00 0.000e+00 0.000e+00 0.000e+00 0.000e+00
  0.000e+00 0.000e+00 0.000e+00 0.000e+00 1.380e+02 0.000e+00 0.000e+00]
 [0.000e+00 0.000e+00 0.000e+00 0.000e+00 0.000e+00 0.000e+00 0.000e+00
  0.000e+00 0.000e+00 0.000e+00 0.000e+00 0.000e+00 2.040e+02 0.000e+00]
 [0.000e+00 0.000e+00 0.000e+00 0.000e+00 4.000e-01 0.000e+00 0.000e+00
  0.000e+00 0.000e+00 0.000e+00 0.000e+00 2.000e-01 0.000e+00 7.140e+01]]---
Accuracy: 99.67 +- 0.16
---
class acc :
	Water: 100.00 +- 0.00
	Hippo grass: 100.00 +- 0.00
	Floodplain grasses 1: 100.00 +- 0.00
	Floodplain grasses 2: 100.00 +- 0.00
	Reeds: 99.02 +- 1.07
	Riparian: 97.94 +- 0.72
	Firescar: 100.00 +- 0.00
	Island interior: 100.00 +- 0.00
	Acacia woodlands: 99.92 +- 0.17
	Acacia shrublands: 99.89 +- 0.21
	Acacia grasslands: 99.57 +- 0.27
	Short mopane: 100.00 +- 0.00
	Mixed mopane: 100.00 +- 0.00
	Exposed soils: 99.17 +- 1.67
---
AA: 99.68 +- 0.20
Kappa: 99.64 +- 0.17
