run 1 / 5
Best validation overall accuracy 1.0
Confusion matrix :
[[194   0   0   0   0   0   0   0   0   0   0   0   0   0]
 [  0  73   0   0   0   0   0   0   0   0   0   0   0   0]
 [  0   0 181   0   0   0   0   0   0   0   0   0   0   0]
 [  0   0   0 155   0   0   0   0   0   0   0   0   0   0]
 [  0   0   0   0 194   0   0   0   0   0   0   0   0   0]
 [  0   0   0   0   0 194   0   0   0   0   0   0   0   0]
 [  0   0   0   0   0   0 186   0   0   0   0   0   0   0]
 [  0   0   0   0   0   0   0 146   0   0   0   0   0   0]
 [  0   0   0   0   0   0   0   0 226   0   0   0   0   0]
 [  0   0   0   0   0   0   0   0   0 179   0   0   0   0]
 [  0   0   0   0   0   0   0   0   0   0 220   0   0   0]
 [  0   0   0   0   0   0   0   0   0   0   0 130   0   0]
 [  0   0   0   0   0   0   0   0   0   0   0   0 193   0]
 [  0   0   0   0   0   4   0   0   0   0   0   0   0  64]]---
Accuracy : 99.83%
---
class acc :
	Water: 100.00
	Hippo grass: 100.00
	Floodplain grasses 1: 100.00
	Floodplain grasses 2: 100.00
	Reeds: 100.00
	Riparian: 100.00
	Firescar: 100.00
	Island interior: 100.00
	Acacia woodlands: 100.00
	Acacia shrublands: 100.00
	Acacia grasslands: 100.00
	Short mopane: 100.00
	Mixed mopane: 100.00
	Exposed soils: 94.12
---
AA: 99.58%
Kappa: 99.81
run 2 / 5
Best validation overall accuracy 1.0
Confusion matrix :
[[194   0   0   0   0   0   0   0   0   0   0   0   0   0]
 [  0  73   0   0   0   0   0   0   0   0   0   0   0   0]
 [  0   0 181   0   0   0   0   0   0   0   0   0   0   0]
 [  0   0   0 155   0   0   0   0   0   0   0   0   0   0]
 [  0   0   0   0 194   0   0   0   0   0   0   0   0   0]
 [  0   0   0   0   0 194   0   0   0   0   0   0   0   0]
 [  0   0   0   0   0   0 186   0   0   0   0   0   0   0]
 [  0   0   0   0   0   0   0 146   0   0   0   0   0   0]
 [  0   0   0   0   0   0   0   0 226   0   0   0   0   0]
 [  0   0   0   0   0   0   0   0   0 179   0   0   0   0]
 [  0   0   0   0   0   0   0   0   0   0 220   0   0   0]
 [  0   0   0   0   0   0   0   0   0   0   0 130   0   0]
 [  0   0   0   0   0   0   0   0   0   0   0   0 193   0]
 [  0   0   0   0   0   0   0   0   0   0   0   0   0  68]]---
Accuracy : 100.00%
---
class acc :
	Water: 100.00
	Hippo grass: 100.00
	Floodplain grasses 1: 100.00
	Floodplain grasses 2: 100.00
	Reeds: 100.00
	Riparian: 100.00
	Firescar: 100.00
	Island interior: 100.00
	Acacia woodlands: 100.00
	Acacia shrublands: 100.00
	Acacia grasslands: 100.00
	Short mopane: 100.00
	Mixed mopane: 100.00
	Exposed soils: 100.00
---
AA: 100.00%
Kappa: 100.00
run 3 / 5
Best validation overall accuracy 1.0
Confusion matrix :
[[194   0   0   0   0   0   0   0   0   0   0   0   0   0]
 [  0  73   0   0   0   0   0   0   0   0   0   0   0   0]
 [  0   0 181   0   0   0   0   0   0   0   0   0   0   0]
 [  0   0   0 155   0   0   0   0   0   0   0   0   0   0]
 [  0   0   0   0 194   0   0   0   0   0   0   0   0   0]
 [  0   0   0   0   1 193   0   0   0   0   0   0   0   0]
 [  0   0   0   0   0   0 186   0   0   0   0   0   0   0]
 [  0   0   0   0   0   0   0 146   0   0   0   0   0   0]
 [  0   0   0   0   0   0   0   0 226   0   0   0   0   0]
 [  0   0   0   0   0   0   0   0   0 179   0   0   0   0]
 [  0   0   0   0   0   0   0   0   0   0 220   0   0   0]
 [  0   0   0   0   0   0   0   0   0   0   0 130   0   0]
 [  0   0   0   0   0   0   0   0   0   0   0   0 193   0]
 [  0   0   0   0   0   0   0   0   0   0   0   0   0  68]]---
Accuracy : 99.96%
---
class acc :
	Water: 100.00
	Hippo grass: 100.00
	Floodplain grasses 1: 100.00
	Floodplain grasses 2: 100.00
	Reeds: 100.00
	Riparian: 99.48
	Firescar: 100.00
	Island interior: 100.00
	Acacia woodlands: 100.00
	Acacia shrublands: 100.00
	Acacia grasslands: 100.00
	Short mopane: 100.00
	Mixed mopane: 100.00
	Exposed soils: 100.00
---
AA: 99.96%
Kappa: 99.95
run 4 / 5
Best validation overall accuracy 0.9977678571428571
Confusion matrix :
[[194   0   0   0   0   0   0   0   0   0   0   0   0   0]
 [  0  73   0   0   0   0   0   0   0   0   0   0   0   0]
 [  0   0 181   0   0   0   0   0   0   0   0   0   0   0]
 [  0   0   0 155   0   0   0   0   0   0   0   0   0   0]
 [  2   0   0   0 191   1   0   0   0   0   0   0   0   0]
 [  0   0   0   0   7 187   0   0   0   0   0   0   0   0]
 [  0   0   0   0   0   0 186   0   0   0   0   0   0   0]
 [  0   0   0   0   0   0   0 146   0   0   0   0   0   0]
 [  0   0   0   0   0   0   0   0 226   0   0   0   0   0]
 [  0   0   0   0   0   0   0   0   0 179   0   0   0   0]
 [  0   0   0   0   0   0   0   0   0   0 220   0   0   0]
 [  0   0   0   0   0   0   0   0   0   0   0 130   0   0]
 [  0   0   0   0   0   0   0   0   0   0   0   0 193   0]
 [  0   0   0   0   0   0   0   0   0   0   0   0   0  68]]---
Accuracy : 99.57%
---
class acc :
	Water: 100.00
	Hippo grass: 100.00
	Floodplain grasses 1: 100.00
	Floodplain grasses 2: 100.00
	Reeds: 98.45
	Riparian: 96.39
	Firescar: 100.00
	Island interior: 100.00
	Acacia woodlands: 100.00
	Acacia shrublands: 100.00
	Acacia grasslands: 100.00
	Short mopane: 100.00
	Mixed mopane: 100.00
	Exposed soils: 100.00
---
AA: 99.63%
Kappa: 99.54
run 5 / 5
Best validation overall accuracy 1.0
Confusion matrix :
[[194   0   0   0   0   0   0   0   0   0   0   0   0   0]
 [  0  73   0   0   0   0   0   0   0   0   0   0   0   0]
 [  0   0 181   0   0   0   0   0   0   0   0   0   0   0]
 [  0   0   0 155   0   0   0   0   0   0   0   0   0   0]
 [  1   0   0   3 190   0   0   0   0   0   0   0   0   0]
 [  0   0   0   0   1 193   0   0   0   0   0   0   0   0]
 [  0   0   0   0   0   0 186   0   0   0   0   0   0   0]
 [  0   0   0   0   0   0   0 146   0   0   0   0   0   0]
 [  0   0   0   0   0   0   0   0 226   0   0   0   0   0]
 [  0   0   0   0   0   0   0   0   0 179   0   0   0   0]
 [  0   0   0   0   0   0   0   0   0   0 220   0   0   0]
 [  0   0   0   0   0   0   0   0   0   0   0 130   0   0]
 [  0   0   0   0   0   0   0   0   0   0   0   0 193   0]
 [  0   0   0   0   0   0   0   0   0   0   0   0   0  68]]---
Accuracy : 99.79%
---
class acc :
	Water: 100.00
	Hippo grass: 100.00
	Floodplain grasses 1: 100.00
	Floodplain grasses 2: 100.00
	Reeds: 97.94
	Riparian: 99.48
	Firescar: 100.00
	Island interior: 100.00
	Acacia woodlands: 100.00
	Acacia shrublands: 100.00
	Acacia grasslands: 100.00
	Short mopane: 100.00
	Mixed mopane: 100.00
	Exposed soils: 100.00
---
AA: 99.82%
Kappa: 99.77
Agregated results :
Confusion matrix :
[[1.940e+02 0.000e+00 0.000e+00 0.000e+00 0.000e+00 0.000e+00 0.000e+00
  0.000e+00 0.000e+00 0.000e+00 0.000e+00 0.000e+00 0.000e+00 0.000e+00]
 [0.000e+00 7.300e+01 0.000e+00 0.000e+00 0.000e+00 0.000e+00 0.000e+00
  0.000e+00 0.000e+00 0.000e+00 0.000e+00 0.000e+00 0.000e+00 0.000e+00]
 [0.000e+00 0.000e+00 1.810e+02 0.000e+00 0.000e+00 0.000e+00 0.000e+00
  0.000e+00 0.000e+00 0.000e+00 0.000e+00 0.000e+00 0.000e+00 0.000e+00]
 [0.000e+00 0.000e+00 0.000e+00 1.550e+02 0.000e+00 0.000e+00 0.000e+00
  0.000e+00 0.000e+00 0.000e+00 0.000e+00 0.000e+00 0.000e+00 0.000e+00]
 [6.000e-01 0.000e+00 0.000e+00 6.000e-01 1.926e+02 2.000e-01 0.000e+00
  0.000e+00 0.000e+00 0.000e+00 0.000e+00 0.000e+00 0.000e+00 0.000e+00]
 [0.000e+00 0.000e+00 0.000e+00 0.000e+00 1.800e+00 1.922e+02 0.000e+00
  0.000e+00 0.000e+00 0.000e+00 0.000e+00 0.000e+00 0.000e+00 0.000e+00]
 [0.000e+00 0.000e+00 0.000e+00 0.000e+00 0.000e+00 0.000e+00 1.860e+02
  0.000e+00 0.000e+00 0.000e+00 0.000e+00 0.000e+00 0.000e+00 0.000e+00]
 [0.000e+00 0.000e+00 0.000e+00 0.000e+00 0.000e+00 0.000e+00 0.000e+00
  1.460e+02 0.000e+00 0.000e+00 0.000e+00 0.000e+00 0.000e+00 0.000e+00]
 [0.000e+00 0.000e+00 0.000e+00 0.000e+00 0.000e+00 0.000e+00 0.000e+00
  0.000e+00 2.260e+02 0.000e+00 0.000e+00 0.000e+00 0.000e+00 0.000e+00]
 [0.000e+00 0.000e+00 0.000e+00 0.000e+00 0.000e+00 0.000e+00 0.000e+00
  0.000e+00 0.000e+00 1.790e+02 0.000e+00 0.000e+00 0.000e+00 0.000e+00]
 [0.000e+00 0.000e+00 0.000e+00 0.000e+00 0.000e+00 0.000e+00 0.000e+00
  0.000e+00 0.000e+00 0.000e+00 2.200e+02 0.000e+00 0.000e+00 0.000e+00]
 [0.000e+00 0.000e+00 0.000e+00 0.000e+00 0.000e+00 0.000e+00 0.000e+00
  0.000e+00 0.000e+00 0.000e+00 0.000e+00 1.300e+02 0.000e+00 0.000e+00]
 [0.000e+00 0.000e+00 0.000e+00 0.000e+00 0.000e+00 0.000e+00 0.000e+00
  0.000e+00 0.000e+00 0.000e+00 0.000e+00 0.000e+00 1.930e+02 0.000e+00]
 [0.000e+00 0.000e+00 0.000e+00 0.000e+00 0.000e+00 8.000e-01 0.000e+00
  0.000e+00 0.000e+00 0.000e+00 0.000e+00 0.000e+00 0.000e+00 6.720e+01]]---
Accuracy: 99.83 +- 0.15
---
class acc :
	Water: 100.00 +- 0.00
	Hippo grass: 100.00 +- 0.00
	Floodplain grasses 1: 100.00 +- 0.00
	Floodplain grasses 2: 100.00 +- 0.00
	Reeds: 99.28 +- 0.90
	Riparian: 99.07 +- 1.36
	Firescar: 100.00 +- 0.00
	Island interior: 100.00 +- 0.00
	Acacia woodlands: 100.00 +- 0.00
	Acacia shrublands: 100.00 +- 0.00
	Acacia grasslands: 100.00 +- 0.00
	Short mopane: 100.00 +- 0.00
	Mixed mopane: 100.00 +- 0.00
	Exposed soils: 98.82 +- 2.35
---
AA: 99.80 +- 0.17
Kappa: 99.81 +- 0.16
