run 1 / 5
Best validation overall accuracy 0.9977678571428571
Confusion matrix :
[[194   0   0   0   0   0   0   0   0   0   0   0   0   0]
 [  0  73   0   0   0   0   0   0   0   0   0   0   0   0]
 [  0   0 181   0   0   0   0   0   0   0   0   0   0   0]
 [  0   0   0 155   0   0   0   0   0   0   0   0   0   0]
 [  0   0   0   0 191   3   0   0   0   0   0   0   0   0]
 [  0   0   0   0   3 191   0   0   0   0   0   0   0   0]
 [  0   0   0   0   0   0 186   0   0   0   0   0   0   0]
 [  0   0   0   0   0   0   0 146   0   0   0   0   0   0]
 [  0   0   0   0   0   0   0   0 226   0   0   0   0   0]
 [  0   0   0   0   0   0   0   0   0 179   0   0   0   0]
 [  0   0   0   0   0   0   0   0   0   0 220   0   0   0]
 [  0   0   0   0   0   0   0   0   0   0   0 130   0   0]
 [  0   0   0   0   0   0   0   0   0   0   0   0 193   0]
 [  0   0   0   0   3   2   0   4   0   0   0   0   0  59]]---
Accuracy : 99.36%
---
class acc :
	Water: 100.00
	Hippo grass: 100.00
	Floodplain grasses 1: 100.00
	Floodplain grasses 2: 100.00
	Reeds: 98.45
	Riparian: 98.45
	Firescar: 100.00
	Island interior: 100.00
	Acacia woodlands: 100.00
	Acacia shrublands: 100.00
	Acacia grasslands: 100.00
	Short mopane: 100.00
	Mixed mopane: 100.00
	Exposed soils: 86.76
---
AA: 98.83%
Kappa: 99.31
run 2 / 5
Best validation overall accuracy 1.0
Confusion matrix :
[[194   0   0   0   0   0   0   0   0   0   0   0   0   0]
 [  0  73   0   0   0   0   0   0   0   0   0   0   0   0]
 [  0   0 181   0   0   0   0   0   0   0   0   0   0   0]
 [  0   0   0 155   0   0   0   0   0   0   0   0   0   0]
 [  0   0   0   0 193   1   0   0   0   0   0   0   0   0]
 [  0   0   0   0   0 194   0   0   0   0   0   0   0   0]
 [  0   0   0   0   0   0 186   0   0   0   0   0   0   0]
 [  0   0   0   0   0   0   0 146   0   0   0   0   0   0]
 [  0   0   0   0   0   1   0   0 225   0   0   0   0   0]
 [  0   0   0   0   0   0   0   0   0 179   0   0   0   0]
 [  0   0   0   0   0   0   0   0   0   0 220   0   0   0]
 [  0   0   0   0   0   0   0   0   0   0   0 130   0   0]
 [  0   0   0   0   0   0   0   0   0   0   0   0 193   0]
 [  0   0   0   0   0   0   0   0   0   0   0   0   0  68]]---
Accuracy : 99.91%
---
class acc :
	Water: 100.00
	Hippo grass: 100.00
	Floodplain grasses 1: 100.00
	Floodplain grasses 2: 100.00
	Reeds: 99.48
	Riparian: 100.00
	Firescar: 100.00
	Island interior: 100.00
	Acacia woodlands: 99.56
	Acacia shrublands: 100.00
	Acacia grasslands: 100.00
	Short mopane: 100.00
	Mixed mopane: 100.00
	Exposed soils: 100.00
---
AA: 99.93%
Kappa: 99.91
run 3 / 5
Best validation overall accuracy 1.0
Confusion matrix :
[[194   0   0   0   0   0   0   0   0   0   0   0   0   0]
 [  0  73   0   0   0   0   0   0   0   0   0   0   0   0]
 [  0   0 181   0   0   0   0   0   0   0   0   0   0   0]
 [  0   0   0 155   0   0   0   0   0   0   0   0   0   0]
 [  0   0   0   0 194   0   0   0   0   0   0   0   0   0]
 [  0   0   0   0   2 192   0   0   0   0   0   0   0   0]
 [  0   0   0   0   0   0 186   0   0   0   0   0   0   0]
 [  0   0   0   0   0   0   0 146   0   0   0   0   0   0]
 [  0   0   0   0   0   0   0   0 226   0   0   0   0   0]
 [  0   0   0   0   0   0   0   0   0 179   0   0   0   0]
 [  0   0   0   0   0   0   0   0   0   0 220   0   0   0]
 [  0   0   0   0   0   0   0   0   0   0   0 130   0   0]
 [  0   0   0   0   0   0   0   0   0   0   0   0 193   0]
 [  0   0   0   0   0   0   0   0   0   0   0   0   0  68]]---
Accuracy : 99.91%
---
class acc :
	Water: 100.00
	Hippo grass: 100.00
	Floodplain grasses 1: 100.00
	Floodplain grasses 2: 100.00
	Reeds: 100.00
	Riparian: 98.97
	Firescar: 100.00
	Island interior: 100.00
	Acacia woodlands: 100.00
	Acacia shrublands: 100.00
	Acacia grasslands: 100.00
	Short mopane: 100.00
	Mixed mopane: 100.00
	Exposed soils: 100.00
---
AA: 99.93%
Kappa: 99.91
run 4 / 5
Best validation overall accuracy 0.9977678571428571
Confusion matrix :
[[194   0   0   0   0   0   0   0   0   0   0   0   0   0]
 [  0  73   0   0   0   0   0   0   0   0   0   0   0   0]
 [  0   0 181   0   0   0   0   0   0   0   0   0   0   0]
 [  0   0   0 155   0   0   0   0   0   0   0   0   0   0]
 [  0   0   0   0 194   0   0   0   0   0   0   0   0   0]
 [  0   0   0   0   6 181   0   0   7   0   0   0   0   0]
 [  0   0   0   0   0   0 186   0   0   0   0   0   0   0]
 [  0   0   0   0   0   0   0 146   0   0   0   0   0   0]
 [  0   0   0   0   0   0   0   0 226   0   0   0   0   0]
 [  0   0   0   0   0   0   0   0   0 179   0   0   0   0]
 [  0   0   0   0   0   0   0   0   0   0 220   0   0   0]
 [  0   0   0   0   0   0   0   0   0   0   0 130   0   0]
 [  0   0   0   0   0   0   0   0   0   0   0   0 193   0]
 [  0   0   0   0   0   0   0   0   0   0   0   0   0  68]]---
Accuracy : 99.44%
---
class acc :
	Water: 100.00
	Hippo grass: 100.00
	Floodplain grasses 1: 100.00
	Floodplain grasses 2: 100.00
	Reeds: 100.00
	Riparian: 93.30
	Firescar: 100.00
	Island interior: 100.00
	Acacia woodlands: 100.00
	Acacia shrublands: 100.00
	Acacia grasslands: 100.00
	Short mopane: 100.00
	Mixed mopane: 100.00
	Exposed soils: 100.00
---
AA: 99.52%
Kappa: 99.40
run 5 / 5
Best validation overall accuracy 0.9977678571428571
Confusion matrix :
[[194   0   0   0   0   0   0   0   0   0   0   0   0   0]
 [  0  73   0   0   0   0   0   0   0   0   0   0   0   0]
 [  0   0 181   0   0   0   0   0   0   0   0   0   0   0]
 [  0   0   0 155   0   0   0   0   0   0   0   0   0   0]
 [  0   0   0   0 193   1   0   0   0   0   0   0   0   0]
 [  0   0   0   0   8 186   0   0   0   0   0   0   0   0]
 [  0   0   0   0   0   0 186   0   0   0   0   0   0   0]
 [  0   0   0   0   0   0   0 146   0   0   0   0   0   0]
 [  0   0   0   0   0   0   0   0 226   0   0   0   0   0]
 [  0   0   0   0   0   0   0   0   0 179   0   0   0   0]
 [  0   0   0   0   0   0   0   0   0   0 220   0   0   0]
 [  0   0   0   0   0   0   0   0   0   0   0 130   0   0]
 [  0   0   0   0   0   0   0   0   0   0   0   0 193   0]
 [  0   0   0   0   0   0   0   0   0   0   0   0   0  68]]---
Accuracy : 99.62%
---
class acc :
	Water: 100.00
	Hippo grass: 100.00
	Floodplain grasses 1: 100.00
	Floodplain grasses 2: 100.00
	Reeds: 99.48
	Riparian: 95.88
	Firescar: 100.00
	Island interior: 100.00
	Acacia woodlands: 100.00
	Acacia shrublands: 100.00
	Acacia grasslands: 100.00
	Short mopane: 100.00
	Mixed mopane: 100.00
	Exposed soils: 100.00
---
AA: 99.67%
Kappa: 99.58
Agregated results :
Confusion matrix :
[[1.940e+02 0.000e+00 0.000e+00 0.000e+00 0.000e+00 0.000e+00 0.000e+00
  0.000e+00 0.000e+00 0.000e+00 0.000e+00 0.000e+00 0.000e+00 0.000e+00]
 [0.000e+00 7.300e+01 0.000e+00 0.000e+00 0.000e+00 0.000e+00 0.000e+00
  0.000e+00 0.000e+00 0.000e+00 0.000e+00 0.000e+00 0.000e+00 0.000e+00]
 [0.000e+00 0.000e+00 1.810e+02 0.000e+00 0.000e+00 0.000e+00 0.000e+00
  0.000e+00 0.000e+00 0.000e+00 0.000e+00 0.000e+00 0.000e+00 0.000e+00]
 [0.000e+00 0.000e+00 0.000e+00 1.550e+02 0.000e+00 0.000e+00 0.000e+00
  0.000e+00 0.000e+00 0.000e+00 0.000e+00 0.000e+00 0.000e+00 0.000e+00]
 [0.000e+00 0.000e+00 0.000e+00 0.000e+00 1.930e+02 1.000e+00 0.000e+00
  0.000e+00 0.000e+00 0.000e+00 0.000e+00 0.000e+00 0.000e+00 0.000e+00]
 [0.000e+00 0.000e+00 0.000e+00 0.000e+00 3.800e+00 1.888e+02 0.000e+00
  0.000e+00 1.400e+00 0.000e+00 0.000e+00 0.000e+00 0.000e+00 0.000e+00]
 [0.000e+00 0.000e+00 0.000e+00 0.000e+00 0.000e+00 0.000e+00 1.860e+02
  0.000e+00 0.000e+00 0.000e+00 0.000e+00 0.000e+00 0.000e+00 0.000e+00]
 [0.000e+00 0.000e+00 0.000e+00 0.000e+00 0.000e+00 0.000e+00 0.000e+00
  1.460e+02 0.000e+00 0.000e+00 0.000e+00 0.000e+00 0.000e+00 0.000e+00]
 [0.000e+00 0.000e+00 0.000e+00 0.000e+00 0.000e+00 2.000e-01 0.000e+00
  0.000e+00 2.258e+02 0.000e+00 0.000e+00 0.000e+00 0.000e+00 0.000e+00]
 [0.000e+00 0.000e+00 0.000e+00 0.000e+00 0.000e+00 0.000e+00 0.000e+00
  0.000e+00 0.000e+00 1.790e+02 0.000e+00 0.000e+00 0.000e+00 0.000e+00]
 [0.000e+00 0.000e+00 0.000e+00 0.000e+00 0.000e+00 0.000e+00 0.000e+00
  0.000e+00 0.000e+00 0.000e+00 2.200e+02 0.000e+00 0.000e+00 0.000e+00]
 [0.000e+00 0.000e+00 0.000e+00 0.000e+00 0.000e+00 0.000e+00 0.000e+00
  0.000e+00 0.000e+00 0.000e+00 0.000e+00 1.300e+02 0.000e+00 0.000e+00]
 [0.000e+00 0.000e+00 0.000e+00 0.000e+00 0.000e+00 0.000e+00 0.000e+00
  0.000e+00 0.000e+00 0.000e+00 0.000e+00 0.000e+00 1.930e+02 0.000e+00]
 [0.000e+00 0.000e+00 0.000e+00 0.000e+00 6.000e-01 4.000e-01 0.000e+00
  8.000e-01 0.000e+00 0.000e+00 0.000e+00 0.000e+00 0.000e+00 6.620e+01]]---
Accuracy: 99.65 +- 0.23
---
class acc :
	Water: 100.00 +- 0.00
	Hippo grass: 100.00 +- 0.00
	Floodplain grasses 1: 100.00 +- 0.00
	Floodplain grasses 2: 100.00 +- 0.00
	Reeds: 99.48 +- 0.56
	Riparian: 97.32 +- 2.43
	Firescar: 100.00 +- 0.00
	Island interior: 100.00 +- 0.00
	Acacia woodlands: 99.91 +- 0.18
	Acacia shrublands: 100.00 +- 0.00
	Acacia grasslands: 100.00 +- 0.00
	Short mopane: 100.00 +- 0.00
	Mixed mopane: 100.00 +- 0.00
	Exposed soils: 97.35 +- 5.29
---
AA: 99.58 +- 0.40
Kappa: 99.62 +- 0.25
