run 1 / 5
Best validation overall accuracy 0.9977678571428571
Confusion matrix :
[[194   0   0   0   0   0   0   0   0   0   0   0   0   0]
 [  0  73   0   0   0   0   0   0   0   0   0   0   0   0]
 [  0   0 181   0   0   0   0   0   0   0   0   0   0   0]
 [  0   0   0 155   0   0   0   0   0   0   0   0   0   0]
 [  0   0   0   0 189   5   0   0   0   0   0   0   0   0]
 [  0   0   0   0   4 190   0   0   0   0   0   0   0   0]
 [  0   0   0   0   0   0 186   0   0   0   0   0   0   0]
 [  0   0   0   0   0   0   0 146   0   0   0   0   0   0]
 [  0   0   0   0   0   0   0   0 226   0   0   0   0   0]
 [  0   0   0   0   0   0   0   0   0 179   0   0   0   0]
 [  0   0   0   0   0   0   0   0   0   1 219   0   0   0]
 [  0   0   0   0   0   0   0   0   0   0   0 130   0   0]
 [  0   0   0   0   0   0   0   0   0   0   0   0 193   0]
 [  0   0   0   0   2   0   0   5   0   0   0   0   0  61]]---
Accuracy : 99.27%
---
class acc :
	Water: 100.00
	Hippo grass: 100.00
	Floodplain grasses 1: 100.00
	Floodplain grasses 2: 100.00
	Reeds: 97.42
	Riparian: 97.94
	Firescar: 100.00
	Island interior: 100.00
	Acacia woodlands: 100.00
	Acacia shrublands: 100.00
	Acacia grasslands: 99.55
	Short mopane: 100.00
	Mixed mopane: 100.00
	Exposed soils: 89.71
---
AA: 98.90%
Kappa: 99.21
run 2 / 5
Best validation overall accuracy 1.0
Confusion matrix :
[[194   0   0   0   0   0   0   0   0   0   0   0   0   0]
 [  0  73   0   0   0   0   0   0   0   0   0   0   0   0]
 [  0   0 181   0   0   0   0   0   0   0   0   0   0   0]
 [  0   0   0 155   0   0   0   0   0   0   0   0   0   0]
 [  0   0   0   0 193   1   0   0   0   0   0   0   0   0]
 [  0   0   0   0   0 194   0   0   0   0   0   0   0   0]
 [  0   0   0   0   0   0 186   0   0   0   0   0   0   0]
 [  0   0   0   0   0   0   0 146   0   0   0   0   0   0]
 [  0   0   0   0   0   0   0   0 226   0   0   0   0   0]
 [  0   0   0   0   0   0   0   0   0 179   0   0   0   0]
 [  0   0   0   0   0   0   0   0   0   0 220   0   0   0]
 [  0   0   0   0   0   0   0   0   0   0   0 130   0   0]
 [  0   0   0   0   0   0   0   0   0   0   0   0 193   0]
 [  0   0   0   0   0   0   0   0   0   0   0   0   1  67]]---
Accuracy : 99.91%
---
class acc :
	Water: 100.00
	Hippo grass: 100.00
	Floodplain grasses 1: 100.00
	Floodplain grasses 2: 100.00
	Reeds: 99.48
	Riparian: 100.00
	Firescar: 100.00
	Island interior: 100.00
	Acacia woodlands: 100.00
	Acacia shrublands: 100.00
	Acacia grasslands: 100.00
	Short mopane: 100.00
	Mixed mopane: 100.00
	Exposed soils: 98.53
---
AA: 99.86%
Kappa: 99.91
run 3 / 5
Best validation overall accuracy 1.0
Confusion matrix :
[[194   0   0   0   0   0   0   0   0   0   0   0   0   0]
 [  0  73   0   0   0   0   0   0   0   0   0   0   0   0]
 [  0   0 181   0   0   0   0   0   0   0   0   0   0   0]
 [  0   0   0 155   0   0   0   0   0   0   0   0   0   0]
 [  0   0   0   0 194   0   0   0   0   0   0   0   0   0]
 [  0   0   0   0   0 194   0   0   0   0   0   0   0   0]
 [  0   0   0   0   0   0 186   0   0   0   0   0   0   0]
 [  0   0   0   0   0   0   0 146   0   0   0   0   0   0]
 [  0   0   0   0   0   0   0   0 226   0   0   0   0   0]
 [  0   0   0   0   0   0   0   0   0 179   0   0   0   0]
 [  0   0   0   0   0   0   0   0   0   0 220   0   0   0]
 [  0   0   0   0   0   0   0   0   0   0   0 130   0   0]
 [  0   0   0   0   0   0   0   0   0   0   0   0 193   0]
 [  0   0   0   0   0   0   0   0   0   0   0   0   0  68]]---
Accuracy : 100.00%
---
class acc :
	Water: 100.00
	Hippo grass: 100.00
	Floodplain grasses 1: 100.00
	Floodplain grasses 2: 100.00
	Reeds: 100.00
	Riparian: 100.00
	Firescar: 100.00
	Island interior: 100.00
	Acacia woodlands: 100.00
	Acacia shrublands: 100.00
	Acacia grasslands: 100.00
	Short mopane: 100.00
	Mixed mopane: 100.00
	Exposed soils: 100.00
---
AA: 100.00%
Kappa: 100.00
run 4 / 5
Best validation overall accuracy 1.0
Confusion matrix :
[[194   0   0   0   0   0   0   0   0   0   0   0   0   0]
 [  0  73   0   0   0   0   0   0   0   0   0   0   0   0]
 [  0   0 181   0   0   0   0   0   0   0   0   0   0   0]
 [  0   0   0 155   0   0   0   0   0   0   0   0   0   0]
 [  0   0   0   0 190   4   0   0   0   0   0   0   0   0]
 [  0   0   0   0   0 194   0   0   0   0   0   0   0   0]
 [  0   0   0   0   0   0 186   0   0   0   0   0   0   0]
 [  0   0   0   0   0   0   0 146   0   0   0   0   0   0]
 [  0   0   0   0   0   0   0   0 226   0   0   0   0   0]
 [  0   0   0   0   0   0   0   0   0 179   0   0   0   0]
 [  0   0   0   0   0   0   0   0   0   0 220   0   0   0]
 [  0   0   0   0   0   0   0   0   0   0   0 130   0   0]
 [  0   0   0   0   0   0   0   0   0   0   0   0 193   0]
 [  0   0   0   0   0   0   0   0   0   0   0   0   0  68]]---
Accuracy : 99.83%
---
class acc :
	Water: 100.00
	Hippo grass: 100.00
	Floodplain grasses 1: 100.00
	Floodplain grasses 2: 100.00
	Reeds: 97.94
	Riparian: 100.00
	Firescar: 100.00
	Island interior: 100.00
	Acacia woodlands: 100.00
	Acacia shrublands: 100.00
	Acacia grasslands: 100.00
	Short mopane: 100.00
	Mixed mopane: 100.00
	Exposed soils: 100.00
---
AA: 99.85%
Kappa: 99.81
run 5 / 5
Best validation overall accuracy 0.9977678571428571
Confusion matrix :
[[194   0   0   0   0   0   0   0   0   0   0   0   0   0]
 [  0  73   0   0   0   0   0   0   0   0   0   0   0   0]
 [  0   0 181   0   0   0   0   0   0   0   0   0   0   0]
 [  0   0   0 155   0   0   0   0   0   0   0   0   0   0]
 [  0   0   0   0 193   1   0   0   0   0   0   0   0   0]
 [  0   0   0   0   3 185   0   0   6   0   0   0   0   0]
 [  0   0   0   0   0   0 186   0   0   0   0   0   0   0]
 [  0   0   0   0   0   0   0 146   0   0   0   0   0   0]
 [  0   0   0   0   0   0   0   0 226   0   0   0   0   0]
 [  0   0   0   0   0   0   0   0   0 179   0   0   0   0]
 [  0   0   0   0   0   0   0   0   0   0 220   0   0   0]
 [  0   0   0   0   0   0   0   0   0   0   0 130   0   0]
 [  0   0   0   0   0   0   0   0   0   0   0   0 193   0]
 [  0   0   0   0   0   0   0   0   0   0   0   0   0  68]]---
Accuracy : 99.57%
---
class acc :
	Water: 100.00
	Hippo grass: 100.00
	Floodplain grasses 1: 100.00
	Floodplain grasses 2: 100.00
	Reeds: 99.48
	Riparian: 95.36
	Firescar: 100.00
	Island interior: 100.00
	Acacia woodlands: 100.00
	Acacia shrublands: 100.00
	Acacia grasslands: 100.00
	Short mopane: 100.00
	Mixed mopane: 100.00
	Exposed soils: 100.00
---
AA: 99.63%
Kappa: 99.54
Agregated results :
Confusion matrix :
[[1.940e+02 0.000e+00 0.000e+00 0.000e+00 0.000e+00 0.000e+00 0.000e+00
  0.000e+00 0.000e+00 0.000e+00 0.000e+00 0.000e+00 0.000e+00 0.000e+00]
 [0.000e+00 7.300e+01 0.000e+00 0.000e+00 0.000e+00 0.000e+00 0.000e+00
  0.000e+00 0.000e+00 0.000e+00 0.000e+00 0.000e+00 0.000e+00 0.000e+00]
 [0.000e+00 0.000e+00 1.810e+02 0.000e+00 0.000e+00 0.000e+00 0.000e+00
  0.000e+00 0.000e+00 0.000e+00 0.000e+00 0.000e+00 0.000e+00 0.000e+00]
 [0.000e+00 0.000e+00 0.000e+00 1.550e+02 0.000e+00 0.000e+00 0.000e+00
  0.000e+00 0.000e+00 0.000e+00 0.000e+00 0.000e+00 0.000e+00 0.000e+00]
 [0.000e+00 0.000e+00 0.000e+00 0.000e+00 1.918e+02 2.200e+00 0.000e+00
  0.000e+00 0.000e+00 0.000e+00 0.000e+00 0.000e+00 0.000e+00 0.000e+00]
 [0.000e+00 0.000e+00 0.000e+00 0.000e+00 1.400e+00 1.914e+02 0.000e+00
  0.000e+00 1.200e+00 0.000e+00 0.000e+00 0.000e+00 0.000e+00 0.000e+00]
 [0.000e+00 0.000e+00 0.000e+00 0.000e+00 0.000e+00 0.000e+00 1.860e+02
  0.000e+00 0.000e+00 0.000e+00 0.000e+00 0.000e+00 0.000e+00 0.000e+00]
 [0.000e+00 0.000e+00 0.000e+00 0.000e+00 0.000e+00 0.000e+00 0.000e+00
  1.460e+02 0.000e+00 0.000e+00 0.000e+00 0.000e+00 0.000e+00 0.000e+00]
 [0.000e+00 0.000e+00 0.000e+00 0.000e+00 0.000e+00 0.000e+00 0.000e+00
  0.000e+00 2.260e+02 0.000e+00 0.000e+00 0.000e+00 0.000e+00 0.000e+00]
 [0.000e+00 0.000e+00 0.000e+00 0.000e+00 0.000e+00 0.000e+00 0.000e+00
  0.000e+00 0.000e+00 1.790e+02 0.000e+00 0.000e+00 0.000e+00 0.000e+00]
 [0.000e+00 0.000e+00 0.000e+00 0.000e+00 0.000e+00 0.000e+00 0.000e+00
  0.000e+00 0.000e+00 2.000e-01 2.198e+02 0.000e+00 0.000e+00 0.000e+00]
 [0.000e+00 0.000e+00 0.000e+00 0.000e+00 0.000e+00 0.000e+00 0.000e+00
  0.000e+00 0.000e+00 0.000e+00 0.000e+00 1.300e+02 0.000e+00 0.000e+00]
 [0.000e+00 0.000e+00 0.000e+00 0.000e+00 0.000e+00 0.000e+00 0.000e+00
  0.000e+00 0.000e+00 0.000e+00 0.000e+00 0.000e+00 1.930e+02 0.000e+00]
 [0.000e+00 0.000e+00 0.000e+00 0.000e+00 4.000e-01 0.000e+00 0.000e+00
  1.000e+00 0.000e+00 0.000e+00 0.000e+00 0.000e+00 2.000e-01 6.640e+01]]---
Accuracy: 99.72 +- 0.26
---
class acc :
	Water: 100.00 +- 0.00
	Hippo grass: 100.00 +- 0.00
	Floodplain grasses 1: 100.00 +- 0.00
	Floodplain grasses 2: 100.00 +- 0.00
	Reeds: 98.87 +- 1.00
	Riparian: 98.66 +- 1.83
	Firescar: 100.00 +- 0.00
	Island interior: 100.00 +- 0.00
	Acacia woodlands: 100.00 +- 0.00
	Acacia shrublands: 100.00 +- 0.00
	Acacia grasslands: 99.91 +- 0.18
	Short mopane: 100.00 +- 0.00
	Mixed mopane: 100.00 +- 0.00
	Exposed soils: 97.65 +- 4.01
---
AA: 99.65 +- 0.39
Kappa: 99.69 +- 0.29
