run 1 / 5
Best validation overall accuracy 1.0
Confusion matrix :
[[194   0   0   0   0   0   0   0   0   0   0   0   0   0]
 [  0  68   0   0   5   0   0   0   0   0   0   0   0   0]
 [  0   0 181   0   0   0   0   0   0   0   0   0   0   0]
 [  0   0   0 155   0   0   0   0   0   0   0   0   0   0]
 [  0   0   0   0 192   2   0   0   0   0   0   0   0   0]
 [  0   0   0   0   2 192   0   0   0   0   0   0   0   0]
 [  0   0   0   0   0   0 186   0   0   0   0   0   0   0]
 [  0   0   0   0   0   0   0 146   0   0   0   0   0   0]
 [  0   0   0   0   0   0   0   0 226   0   0   0   0   0]
 [  0   0   0   0   0   0   0   0   0 179   0   0   0   0]
 [  0   0   0   0   0   0   0   0   0   0 220   0   0   0]
 [  0   0   0   0   0   0   0   0   0   0   0 130   0   0]
 [  0   0   0   0   0   0   0   0   0   0   0   0 193   0]
 [  0   0   0   0   2   0   0   0   0   0   0   0   0  66]]---
Accuracy : 99.53%
---
class acc :
	Water: 100.00
	Hippo grass: 93.15
	Floodplain grasses 1: 100.00
	Floodplain grasses 2: 100.00
	Reeds: 98.97
	Riparian: 98.97
	Firescar: 100.00
	Island interior: 100.00
	Acacia woodlands: 100.00
	Acacia shrublands: 100.00
	Acacia grasslands: 100.00
	Short mopane: 100.00
	Mixed mopane: 100.00
	Exposed soils: 97.06
---
AA: 99.15%
Kappa: 99.49
run 2 / 5
Best validation overall accuracy 1.0
Confusion matrix :
[[194   0   0   0   0   0   0   0   0   0   0   0   0   0]
 [  0  73   0   0   0   0   0   0   0   0   0   0   0   0]
 [  0   0 181   0   0   0   0   0   0   0   0   0   0   0]
 [  0   0   0 155   0   0   0   0   0   0   0   0   0   0]
 [  0   0   0   0 192   2   0   0   0   0   0   0   0   0]
 [  0   0   0   0   0 194   0   0   0   0   0   0   0   0]
 [  0   0   0   0   0   0 186   0   0   0   0   0   0   0]
 [  0   0   0   0   0   0   0 146   0   0   0   0   0   0]
 [  0   0   0   0   0   2   0   0 223   1   0   0   0   0]
 [  0   0   0   0   0   0   0   0   0 179   0   0   0   0]
 [  0   0   0   0   0   0   0   0   0   3 217   0   0   0]
 [  0   0   0   0   0   0   0   0   0   0   0 130   0   0]
 [  0   0   0   0   0   0   0   0   0   0   0   0 193   0]
 [  0   0   0   0   0   0   0   0   0   0   0   0   0  68]]---
Accuracy : 99.66%
---
class acc :
	Water: 100.00
	Hippo grass: 100.00
	Floodplain grasses 1: 100.00
	Floodplain grasses 2: 100.00
	Reeds: 98.97
	Riparian: 100.00
	Firescar: 100.00
	Island interior: 100.00
	Acacia woodlands: 98.67
	Acacia shrublands: 100.00
	Acacia grasslands: 98.64
	Short mopane: 100.00
	Mixed mopane: 100.00
	Exposed soils: 100.00
---
AA: 99.73%
Kappa: 99.63
run 3 / 5
Best validation overall accuracy 1.0
Confusion matrix :
[[194   0   0   0   0   0   0   0   0   0   0   0   0   0]
 [  0  73   0   0   0   0   0   0   0   0   0   0   0   0]
 [  0   0 181   0   0   0   0   0   0   0   0   0   0   0]
 [  0   0   0 155   0   0   0   0   0   0   0   0   0   0]
 [  0   0   0   0 194   0   0   0   0   0   0   0   0   0]
 [  0   0   0   0   4 190   0   0   0   0   0   0   0   0]
 [  0   0   0   0   0   0 186   0   0   0   0   0   0   0]
 [  0   0   0   0   0   0   0 146   0   0   0   0   0   0]
 [  0   0   0   0   0   0   0   0 226   0   0   0   0   0]
 [  0   0   0   0   0   0   0   0   0 179   0   0   0   0]
 [  0   0   0   0   0   0   0   0   0   0 220   0   0   0]
 [  0   0   0   0   0   0   0   0   0   0   0 130   0   0]
 [  0   0   0   0   0   0   0   0   0   0   0   0 193   0]
 [  0   0   0   0   0   0   0   0   0   0   0   0   0  68]]---
Accuracy : 99.83%
---
class acc :
	Water: 100.00
	Hippo grass: 100.00
	Floodplain grasses 1: 100.00
	Floodplain grasses 2: 100.00
	Reeds: 100.00
	Riparian: 97.94
	Firescar: 100.00
	Island interior: 100.00
	Acacia woodlands: 100.00
	Acacia shrublands: 100.00
	Acacia grasslands: 100.00
	Short mopane: 100.00
	Mixed mopane: 100.00
	Exposed soils: 100.00
---
AA: 99.85%
Kappa: 99.81
run 4 / 5
Best validation overall accuracy 0.9977678571428571
Confusion matrix :
[[194   0   0   0   0   0   0   0   0   0   0   0   0   0]
 [  0  73   0   0   0   0   0   0   0   0   0   0   0   0]
 [  0   0 181   0   0   0   0   0   0   0   0   0   0   0]
 [  0   0   0 155   0   0   0   0   0   0   0   0   0   0]
 [  0   0   0   0 189   5   0   0   0   0   0   0   0   0]
 [  0   0   0   0   1 192   0   0   1   0   0   0   0   0]
 [  0   0   0   0   0   0 186   0   0   0   0   0   0   0]
 [  0   0   0   0   0   0   0 146   0   0   0   0   0   0]
 [  0   0   0   0   0   0   0   0 226   0   0   0   0   0]
 [  0   0   0   0   0   0   0   0   0 179   0   0   0   0]
 [  0   0   0   0   0   0   0   0   0   1 219   0   0   0]
 [  0   0   0   0   0   0   0   0   0   0   0 129   1   0]
 [  0   0   0   0   0   0   0   0   0   0   0   0 193   0]
 [  0   0   0   0   0   0   0   0   0   0   0   0   0  68]]---
Accuracy : 99.62%
---
class acc :
	Water: 100.00
	Hippo grass: 100.00
	Floodplain grasses 1: 100.00
	Floodplain grasses 2: 100.00
	Reeds: 97.42
	Riparian: 98.97
	Firescar: 100.00
	Island interior: 100.00
	Acacia woodlands: 100.00
	Acacia shrublands: 100.00
	Acacia grasslands: 99.55
	Short mopane: 99.23
	Mixed mopane: 100.00
	Exposed soils: 100.00
---
AA: 99.65%
Kappa: 99.58
run 5 / 5
Best validation overall accuracy 0.9977678571428571
Confusion matrix :
[[194   0   0   0   0   0   0   0   0   0   0   0   0   0]
 [  0  73   0   0   0   0   0   0   0   0   0   0   0   0]
 [  0   0 181   0   0   0   0   0   0   0   0   0   0   0]
 [  0   0   0 155   0   0   0   0   0   0   0   0   0   0]
 [  0   0   0   1 192   1   0   0   0   0   0   0   0   0]
 [  0   0   0   0   2 190   0   0   2   0   0   0   0   0]
 [  0   0   0   0   0   0 186   0   0   0   0   0   0   0]
 [  0   0   0   0   0   0   0 146   0   0   0   0   0   0]
 [  0   0   0   0   0   0   0   0 226   0   0   0   0   0]
 [  0   0   0   0   0   0   0   0   0 179   0   0   0   0]
 [  0   0   0   0   0   0   0   0   0   0 220   0   0   0]
 [  0   0   0   0   0   0   0   0   0   0   0 130   0   0]
 [  0   0   0   0   0   0   0   0   0   0   0   0 193   0]
 [  0   0   0   0   0   0   0   0   0   0   0   0   0  68]]---
Accuracy : 99.74%
---
class acc :
	Water: 100.00
	Hippo grass: 100.00
	Floodplain grasses 1: 100.00
	Floodplain grasses 2: 100.00
	Reeds: 98.97
	Riparian: 97.94
	Firescar: 100.00
	Island interior: 100.00
	Acacia woodlands: 100.00
	Acacia shrublands: 100.00
	Acacia grasslands: 100.00
	Short mopane: 100.00
	Mixed mopane: 100.00
	Exposed soils: 100.00
---
AA: 99.78%
Kappa: 99.72
Agregated results :
Confusion matrix :
[[1.940e+02 0.000e+00 0.000e+00 0.000e+00 0.000e+00 0.000e+00 0.000e+00
  0.000e+00 0.000e+00 0.000e+00 0.000e+00 0.000e+00 0.000e+00 0.000e+00]
 [0.000e+00 7.200e+01 0.000e+00 0.000e+00 1.000e+00 0.000e+00 0.000e+00
  0.000e+00 0.000e+00 0.000e+00 0.000e+00 0.000e+00 0.000e+00 0.000e+00]
 [0.000e+00 0.000e+00 1.810e+02 0.000e+00 0.000e+00 0.000e+00 0.000e+00
  0.000e+00 0.000e+00 0.000e+00 0.000e+00 0.000e+00 0.000e+00 0.000e+00]
 [0.000e+00 0.000e+00 0.000e+00 1.550e+02 0.000e+00 0.000e+00 0.000e+00
  0.000e+00 0.000e+00 0.000e+00 0.000e+00 0.000e+00 0.000e+00 0.000e+00]
 [0.000e+00 0.000e+00 0.000e+00 2.000e-01 1.918e+02 2.000e+00 0.000e+00
  0.000e+00 0.000e+00 0.000e+00 0.000e+00 0.000e+00 0.000e+00 0.000e+00]
 [0.000e+00 0.000e+00 0.000e+00 0.000e+00 1.800e+00 1.916e+02 0.000e+00
  0.000e+00 6.000e-01 0.000e+00 0.000e+00 0.000e+00 0.000e+00 0.000e+00]
 [0.000e+00 0.000e+00 0.000e+00 0.000e+00 0.000e+00 0.000e+00 1.860e+02
  0.000e+00 0.000e+00 0.000e+00 0.000e+00 0.000e+00 0.000e+00 0.000e+00]
 [0.000e+00 0.000e+00 0.000e+00 0.000e+00 0.000e+00 0.000e+00 0.000e+00
  1.460e+02 0.000e+00 0.000e+00 0.000e+00 0.000e+00 0.000e+00 0.000e+00]
 [0.000e+00 0.000e+00 0.000e+00 0.000e+00 0.000e+00 4.000e-01 0.000e+00
  0.000e+00 2.254e+02 2.000e-01 0.000e+00 0.000e+00 0.000e+00 0.000e+00]
 [0.000e+00 0.000e+00 0.000e+00 0.000e+00 0.000e+00 0.000e+00 0.000e+00
  0.000e+00 0.000e+00 1.790e+02 0.000e+00 0.000e+00 0.000e+00 0.000e+00]
 [0.000e+00 0.000e+00 0.000e+00 0.000e+00 0.000e+00 0.000e+00 0.000e+00
  0.000e+00 0.000e+00 8.000e-01 2.192e+02 0.000e+00 0.000e+00 0.000e+00]
 [0.000e+00 0.000e+00 0.000e+00 0.000e+00 0.000e+00 0.000e+00 0.000e+00
  0.000e+00 0.000e+00 0.000e+00 0.000e+00 1.298e+02 2.000e-01 0.000e+00]
 [0.000e+00 0.000e+00 0.000e+00 0.000e+00 0.000e+00 0.000e+00 0.000e+00
  0.000e+00 0.000e+00 0.000e+00 0.000e+00 0.000e+00 1.930e+02 0.000e+00]
 [0.000e+00 0.000e+00 0.000e+00 0.000e+00 4.000e-01 0.000e+00 0.000e+00
  0.000e+00 0.000e+00 0.000e+00 0.000e+00 0.000e+00 0.000e+00 6.760e+01]]---
Accuracy: 99.68 +- 0.10
---
class acc :
	Water: 100.00 +- 0.00
	Hippo grass: 98.63 +- 2.74
	Floodplain grasses 1: 100.00 +- 0.00
	Floodplain grasses 2: 100.00 +- 0.00
	Reeds: 98.87 +- 0.82
	Riparian: 98.76 +- 0.77
	Firescar: 100.00 +- 0.00
	Island interior: 100.00 +- 0.00
	Acacia woodlands: 99.73 +- 0.53
	Acacia shrublands: 100.00 +- 0.00
	Acacia grasslands: 99.64 +- 0.53
	Short mopane: 99.85 +- 0.31
	Mixed mopane: 100.00 +- 0.00
	Exposed soils: 99.41 +- 1.18
---
AA: 99.63 +- 0.25
Kappa: 99.65 +- 0.11
