run 1 / 5
Best validation overall accuracy 0.9977678571428571
Confusion matrix :
[[194   0   0   0   0   0   0   0   0   0   0   0   0   0]
 [  0  73   0   0   0   0   0   0   0   0   0   0   0   0]
 [  0   0 181   0   0   0   0   0   0   0   0   0   0   0]
 [  0   0   0 155   0   0   0   0   0   0   0   0   0   0]
 [  0   0   0   0 191   3   0   0   0   0   0   0   0   0]
 [  0   0   0   0   0 194   0   0   0   0   0   0   0   0]
 [  0   0   0   0   0   0 186   0   0   0   0   0   0   0]
 [  0   0   0   0   0   0   0 146   0   0   0   0   0   0]
 [  0   0   0   0   0   0   0   0 226   0   0   0   0   0]
 [  0   0   0   0   0   0   0   0   0 179   0   0   0   0]
 [  0   0   0   0   0   0   0   0   0   0 220   0   0   0]
 [  0   0   0   0   0   0   0   0   0   0   0 130   0   0]
 [  0   0   0   0   0   0   0   0   0   0   0   0 193   0]
 [  0   0   0   0   2   0   0   0   0   0   0   1   0  65]]---
Accuracy : 99.74%
---
class acc :
	Water: 100.00
	Hippo grass: 100.00
	Floodplain grasses 1: 100.00
	Floodplain grasses 2: 100.00
	Reeds: 98.45
	Riparian: 100.00
	Firescar: 100.00
	Island interior: 100.00
	Acacia woodlands: 100.00
	Acacia shrublands: 100.00
	Acacia grasslands: 100.00
	Short mopane: 100.00
	Mixed mopane: 100.00
	Exposed soils: 95.59
---
AA: 99.57%
Kappa: 99.72
run 2 / 5
Best validation overall accuracy 1.0
Confusion matrix :
[[194   0   0   0   0   0   0   0   0   0   0   0   0   0]
 [  0  73   0   0   0   0   0   0   0   0   0   0   0   0]
 [  0   0 181   0   0   0   0   0   0   0   0   0   0   0]
 [  0   0   0 155   0   0   0   0   0   0   0   0   0   0]
 [  0   0   0   0 193   1   0   0   0   0   0   0   0   0]
 [  0   0   0   0   0 194   0   0   0   0   0   0   0   0]
 [  0   0   0   0   0   0 186   0   0   0   0   0   0   0]
 [  0   0   0   0   0   0   0 146   0   0   0   0   0   0]
 [  0   0   0   0   0   0   0   0 226   0   0   0   0   0]
 [  0   0   0   0   0   0   0   0   0 179   0   0   0   0]
 [  0   0   0   0   0   0   0   0   0   0 220   0   0   0]
 [  0   0   0   0   0   0   0   0   0   0   0 130   0   0]
 [  0   0   0   0   0   0   0   0   0   0   0   0 193   0]
 [  0   0   0   0   0   0   0   0   0   0   0   0   0  68]]---
Accuracy : 99.96%
---
class acc :
	Water: 100.00
	Hippo grass: 100.00
	Floodplain grasses 1: 100.00
	Floodplain grasses 2: 100.00
	Reeds: 99.48
	Riparian: 100.00
	Firescar: 100.00
	Island interior: 100.00
	Acacia woodlands: 100.00
	Acacia shrublands: 100.00
	Acacia grasslands: 100.00
	Short mopane: 100.00
	Mixed mopane: 100.00
	Exposed soils: 100.00
---
AA: 99.96%
Kappa: 99.95
run 3 / 5
Best validation overall accuracy 1.0
Confusion matrix :
[[194   0   0   0   0   0   0   0   0   0   0   0   0   0]
 [  0  73   0   0   0   0   0   0   0   0   0   0   0   0]
 [  0   0 181   0   0   0   0   0   0   0   0   0   0   0]
 [  0   0   0 155   0   0   0   0   0   0   0   0   0   0]
 [  0   0   0   0 194   0   0   0   0   0   0   0   0   0]
 [  0   0   0   0   3 191   0   0   0   0   0   0   0   0]
 [  0   0   0   0   0   0 186   0   0   0   0   0   0   0]
 [  0   0   0   0   0   0   0 146   0   0   0   0   0   0]
 [  0   0   0   0   0   0   0   0 226   0   0   0   0   0]
 [  0   0   0   0   0   0   0   0   0 179   0   0   0   0]
 [  0   0   0   0   0   0   0   0   0   2 218   0   0   0]
 [  0   0   0   0   0   0   0   0   0   0   0 130   0   0]
 [  0   0   0   0   0   0   0   0   0   0   0   0 193   0]
 [  0   0   0   0   0   0   0   0   0   0   0   0   0  68]]---
Accuracy : 99.79%
---
class acc :
	Water: 100.00
	Hippo grass: 100.00
	Floodplain grasses 1: 100.00
	Floodplain grasses 2: 100.00
	Reeds: 100.00
	Riparian: 98.45
	Firescar: 100.00
	Island interior: 100.00
	Acacia woodlands: 100.00
	Acacia shrublands: 100.00
	Acacia grasslands: 99.09
	Short mopane: 100.00
	Mixed mopane: 100.00
	Exposed soils: 100.00
---
AA: 99.82%
Kappa: 99.77
run 4 / 5
Best validation overall accuracy 1.0
Confusion matrix :
[[194   0   0   0   0   0   0   0   0   0   0   0   0   0]
 [  0  73   0   0   0   0   0   0   0   0   0   0   0   0]
 [  0   0 181   0   0   0   0   0   0   0   0   0   0   0]
 [  0   0   0 155   0   0   0   0   0   0   0   0   0   0]
 [  0   0   0   0 190   4   0   0   0   0   0   0   0   0]
 [  0   0   0   0   0 193   0   0   1   0   0   0   0   0]
 [  0   0   0   0   0   0 186   0   0   0   0   0   0   0]
 [  0   0   0   0   0   0   0 146   0   0   0   0   0   0]
 [  0   0   0   0   0   0   0   0 226   0   0   0   0   0]
 [  0   0   0   0   0   0   0   0   0 179   0   0   0   0]
 [  0   0   0   0   0   0   0   0   0   0 220   0   0   0]
 [  0   0   0   0   0   0   0   0   0   0   0 130   0   0]
 [  0   0   0   0   0   0   0   0   0   0   0   0 193   0]
 [  0   0   0   0   1   0   0   0   0   0   0   0   0  67]]---
Accuracy : 99.74%
---
class acc :
	Water: 100.00
	Hippo grass: 100.00
	Floodplain grasses 1: 100.00
	Floodplain grasses 2: 100.00
	Reeds: 97.94
	Riparian: 99.48
	Firescar: 100.00
	Island interior: 100.00
	Acacia woodlands: 100.00
	Acacia shrublands: 100.00
	Acacia grasslands: 100.00
	Short mopane: 100.00
	Mixed mopane: 100.00
	Exposed soils: 98.53
---
AA: 99.71%
Kappa: 99.72
run 5 / 5
Best validation overall accuracy 0.9977678571428571
Confusion matrix :
[[194   0   0   0   0   0   0   0   0   0   0   0   0   0]
 [  0  73   0   0   0   0   0   0   0   0   0   0   0   0]
 [  0   0 181   0   0   0   0   0   0   0   0   0   0   0]
 [  0   0   0 155   0   0   0   0   0   0   0   0   0   0]
 [  0   0   0   5 187   2   0   0   0   0   0   0   0   0]
 [  0   0   0   0   4 189   0   0   1   0   0   0   0   0]
 [  0   0   0   0   0   0 186   0   0   0   0   0   0   0]
 [  0   0   0   0   0   0   0 146   0   0   0   0   0   0]
 [  0   0   0   0   0   0   0   0 226   0   0   0   0   0]
 [  0   0   0   0   0   0   0   0   0 176   3   0   0   0]
 [  0   0   0   0   0   0   0   0   0   0 220   0   0   0]
 [  0   0   0   0   0   0   0   0   0   0   0 130   0   0]
 [  0   0   0   0   0   0   0   0   0   0   0   0 193   0]
 [  0   0   0   0   0   0   0   0   0   0   0   0   0  68]]---
Accuracy : 99.36%
---
class acc :
	Water: 100.00
	Hippo grass: 100.00
	Floodplain grasses 1: 100.00
	Floodplain grasses 2: 100.00
	Reeds: 96.39
	Riparian: 97.42
	Firescar: 100.00
	Island interior: 100.00
	Acacia woodlands: 100.00
	Acacia shrublands: 98.32
	Acacia grasslands: 100.00
	Short mopane: 100.00
	Mixed mopane: 100.00
	Exposed soils: 100.00
---
AA: 99.44%
Kappa: 99.31
Agregated results :
Confusion matrix :
[[1.940e+02 0.000e+00 0.000e+00 0.000e+00 0.000e+00 0.000e+00 0.000e+00
  0.000e+00 0.000e+00 0.000e+00 0.000e+00 0.000e+00 0.000e+00 0.000e+00]
 [0.000e+00 7.300e+01 0.000e+00 0.000e+00 0.000e+00 0.000e+00 0.000e+00
  0.000e+00 0.000e+00 0.000e+00 0.000e+00 0.000e+00 0.000e+00 0.000e+00]
 [0.000e+00 0.000e+00 1.810e+02 0.000e+00 0.000e+00 0.000e+00 0.000e+00
  0.000e+00 0.000e+00 0.000e+00 0.000e+00 0.000e+00 0.000e+00 0.000e+00]
 [0.000e+00 0.000e+00 0.000e+00 1.550e+02 0.000e+00 0.000e+00 0.000e+00
  0.000e+00 0.000e+00 0.000e+00 0.000e+00 0.000e+00 0.000e+00 0.000e+00]
 [0.000e+00 0.000e+00 0.000e+00 1.000e+00 1.910e+02 2.000e+00 0.000e+00
  0.000e+00 0.000e+00 0.000e+00 0.000e+00 0.000e+00 0.000e+00 0.000e+00]
 [0.000e+00 0.000e+00 0.000e+00 0.000e+00 1.400e+00 1.922e+02 0.000e+00
  0.000e+00 4.000e-01 0.000e+00 0.000e+00 0.000e+00 0.000e+00 0.000e+00]
 [0.000e+00 0.000e+00 0.000e+00 0.000e+00 0.000e+00 0.000e+00 1.860e+02
  0.000e+00 0.000e+00 0.000e+00 0.000e+00 0.000e+00 0.000e+00 0.000e+00]
 [0.000e+00 0.000e+00 0.000e+00 0.000e+00 0.000e+00 0.000e+00 0.000e+00
  1.460e+02 0.000e+00 0.000e+00 0.000e+00 0.000e+00 0.000e+00 0.000e+00]
 [0.000e+00 0.000e+00 0.000e+00 0.000e+00 0.000e+00 0.000e+00 0.000e+00
  0.000e+00 2.260e+02 0.000e+00 0.000e+00 0.000e+00 0.000e+00 0.000e+00]
 [0.000e+00 0.000e+00 0.000e+00 0.000e+00 0.000e+00 0.000e+00 0.000e+00
  0.000e+00 0.000e+00 1.784e+02 6.000e-01 0.000e+00 0.000e+00 0.000e+00]
 [0.000e+00 0.000e+00 0.000e+00 0.000e+00 0.000e+00 0.000e+00 0.000e+00
  0.000e+00 0.000e+00 4.000e-01 2.196e+02 0.000e+00 0.000e+00 0.000e+00]
 [0.000e+00 0.000e+00 0.000e+00 0.000e+00 0.000e+00 0.000e+00 0.000e+00
  0.000e+00 0.000e+00 0.000e+00 0.000e+00 1.300e+02 0.000e+00 0.000e+00]
 [0.000e+00 0.000e+00 0.000e+00 0.000e+00 0.000e+00 0.000e+00 0.000e+00
  0.000e+00 0.000e+00 0.000e+00 0.000e+00 0.000e+00 1.930e+02 0.000e+00]
 [0.000e+00 0.000e+00 0.000e+00 0.000e+00 6.000e-01 0.000e+00 0.000e+00
  0.000e+00 0.000e+00 0.000e+00 0.000e+00 2.000e-01 0.000e+00 6.720e+01]]---
Accuracy: 99.72 +- 0.20
---
class acc :
	Water: 100.00 +- 0.00
	Hippo grass: 100.00 +- 0.00
	Floodplain grasses 1: 100.00 +- 0.00
	Floodplain grasses 2: 100.00 +- 0.00
	Reeds: 98.45 +- 1.26
	Riparian: 99.07 +- 1.00
	Firescar: 100.00 +- 0.00
	Island interior: 100.00 +- 0.00
	Acacia woodlands: 100.00 +- 0.00
	Acacia shrublands: 99.66 +- 0.67
	Acacia grasslands: 99.82 +- 0.36
	Short mopane: 100.00 +- 0.00
	Mixed mopane: 100.00 +- 0.00
	Exposed soils: 98.82 +- 1.71
---
AA: 99.70 +- 0.18
Kappa: 99.69 +- 0.21
