run 1 / 5
Best validation overall accuracy 1.0
Confusion matrix :
[[216   0   0   0   0   0   0   0   0   0   0   0   0   0]
 [  0  81   0   0   0   0   0   0   0   0   0   0   0   0]
 [  0   0 201   0   0   0   0   0   0   0   0   0   0   0]
 [  0   0   0 172   0   0   0   0   0   0   0   0   0   0]
 [  0   0   0   0 212   3   0   0   0   0   0   0   0   0]
 [  0   0   0   0   7 208   0   0   0   0   0   0   0   0]
 [  0   0   0   0   0   0 207   0   0   0   0   0   0   0]
 [  0   0   0   0   0   0   0 162   0   0   0   0   0   0]
 [  0   0   0   0   0   0   0   0 251   0   0   0   0   0]
 [  0   0   0   0   0   0   0   0   0 199   0   0   0   0]
 [  0   0   0   0   0   0   0   0   0   0 244   0   0   0]
 [  0   0   0   0   2   0   0   0   0   0   0 143   0   0]
 [  0   0   0   0   0   0   0   0   0   0   0   0 215   0]
 [  0   0   0   0   2   0   0   0   0   0   0   0   0  74]]---
Accuracy : 99.46%
---
class acc :
	Water: 100.00
	Hippo grass: 100.00
	Floodplain grasses 1: 100.00
	Floodplain grasses 2: 100.00
	Reeds: 98.60
	Riparian: 96.74
	Firescar: 100.00
	Island interior: 100.00
	Acacia woodlands: 100.00
	Acacia shrublands: 100.00
	Acacia grasslands: 100.00
	Short mopane: 98.62
	Mixed mopane: 100.00
	Exposed soils: 97.37
---
AA: 99.38%
Kappa: 99.42
run 2 / 5
Best validation overall accuracy 1.0
Confusion matrix :
[[216   0   0   0   0   0   0   0   0   0   0   0   0   0]
 [  0  81   0   0   0   0   0   0   0   0   0   0   0   0]
 [  0   0 201   0   0   0   0   0   0   0   0   0   0   0]
 [  0   0   0 172   0   0   0   0   0   0   0   0   0   0]
 [  0   0   0   0 215   0   0   0   0   0   0   0   0   0]
 [  0   0   0   0   2 213   0   0   0   0   0   0   0   0]
 [  0   0   0   0   0   0 207   0   0   0   0   0   0   0]
 [  0   0   0   0   0   0   0 162   0   0   0   0   0   0]
 [  0   0   0   0   0   0   0   0 251   0   0   0   0   0]
 [  0   0   0   0   0   0   0   0   0 199   0   0   0   0]
 [  0   0   0   0   0   0   0   0   0   0 244   0   0   0]
 [  0   0   0   0   0   0   0   0   0   0   0 145   0   0]
 [  0   0   0   0   0   0   0   0   0   0   0   0 215   0]
 [  0   0   0   0   5   0   0   0   0   0   0   0   0  71]]---
Accuracy : 99.73%
---
class acc :
	Water: 100.00
	Hippo grass: 100.00
	Floodplain grasses 1: 100.00
	Floodplain grasses 2: 100.00
	Reeds: 100.00
	Riparian: 99.07
	Firescar: 100.00
	Island interior: 100.00
	Acacia woodlands: 100.00
	Acacia shrublands: 100.00
	Acacia grasslands: 100.00
	Short mopane: 100.00
	Mixed mopane: 100.00
	Exposed soils: 93.42
---
AA: 99.46%
Kappa: 99.71
run 3 / 5
Best validation overall accuracy 1.0
Confusion matrix :
[[216   0   0   0   0   0   0   0   0   0   0   0   0   0]
 [  0  81   0   0   0   0   0   0   0   0   0   0   0   0]
 [  0   0 201   0   0   0   0   0   0   0   0   0   0   0]
 [  0   0   0 172   0   0   0   0   0   0   0   0   0   0]
 [  0   0   0   0 215   0   0   0   0   0   0   0   0   0]
 [  0   0   0   0   3 212   0   0   0   0   0   0   0   0]
 [  0   0   0   0   0   0 207   0   0   0   0   0   0   0]
 [  0   0   0   0   0   0   0 162   0   0   0   0   0   0]
 [  0   0   0   0   0   0   0   0 251   0   0   0   0   0]
 [  0   0   0   0   0   0   0   0   0 199   0   0   0   0]
 [  0   0   0   0   0   0   0   0   0   1 243   0   0   0]
 [  0   0   0   0   0   0   0   0   0   0   0 145   0   0]
 [  0   0   0   0   0   0   0   0   0   0   0   0 215   0]
 [  0   0   0   0   0   0   0   0   0   0   0   0   0  76]]---
Accuracy : 99.85%
---
class acc :
	Water: 100.00
	Hippo grass: 100.00
	Floodplain grasses 1: 100.00
	Floodplain grasses 2: 100.00
	Reeds: 100.00
	Riparian: 98.60
	Firescar: 100.00
	Island interior: 100.00
	Acacia woodlands: 100.00
	Acacia shrublands: 100.00
	Acacia grasslands: 99.59
	Short mopane: 100.00
	Mixed mopane: 100.00
	Exposed soils: 100.00
---
AA: 99.87%
Kappa: 99.83
run 4 / 5
Best validation overall accuracy 1.0
Confusion matrix :
[[216   0   0   0   0   0   0   0   0   0   0   0   0   0]
 [  0  81   0   0   0   0   0   0   0   0   0   0   0   0]
 [  0   0 201   0   0   0   0   0   0   0   0   0   0   0]
 [  0   0   0 172   0   0   0   0   0   0   0   0   0   0]
 [  0   0   0   0 214   1   0   0   0   0   0   0   0   0]
 [  0   0   0   0   0 215   0   0   0   0   0   0   0   0]
 [  0   0   0   0   0   0 207   0   0   0   0   0   0   0]
 [  0   0   0   0   0   0   0 162   0   0   0   0   0   0]
 [  0   0   0   0   0   0   0   0 251   0   0   0   0   0]
 [  0   0   0   0   0   0   0   0   0 199   0   0   0   0]
 [  0   0   0   0   0   0   0   0   0   0 244   0   0   0]
 [  0   0   0   0   0   0   0   0   0   0   0 145   0   0]
 [  0   0   0   0   0   0   0   0   0   0   0   0 215   0]
 [  0   0   0   0   0   0   0   0   0   0   0   0   0  76]]---
Accuracy : 99.96%
---
class acc :
	Water: 100.00
	Hippo grass: 100.00
	Floodplain grasses 1: 100.00
	Floodplain grasses 2: 100.00
	Reeds: 99.53
	Riparian: 100.00
	Firescar: 100.00
	Island interior: 100.00
	Acacia woodlands: 100.00
	Acacia shrublands: 100.00
	Acacia grasslands: 100.00
	Short mopane: 100.00
	Mixed mopane: 100.00
	Exposed soils: 100.00
---
AA: 99.97%
Kappa: 99.96
run 5 / 5
Best validation overall accuracy 0.996875
Confusion matrix :
[[216   0   0   0   0   0   0   0   0   0   0   0   0   0]
 [  0  81   0   0   0   0   0   0   0   0   0   0   0   0]
 [  0   0 201   0   0   0   0   0   0   0   0   0   0   0]
 [  0   0   0 172   0   0   0   0   0   0   0   0   0   0]
 [  0   0   0   0 213   2   0   0   0   0   0   0   0   0]
 [  0   0   0   0   6 209   0   0   0   0   0   0   0   0]
 [  0   0   0   0   0   0 207   0   0   0   0   0   0   0]
 [  0   0   0   0   0   0   0 162   0   0   0   0   0   0]
 [  0   0   0   0   0   0   0   0 251   0   0   0   0   0]
 [  0   0   0   0   0   0   0   0   0 199   0   0   0   0]
 [  0   0   0   0   0   0   0   0   0   0 244   0   0   0]
 [  0   0   0   0   0   0   0   0   0   0   0 145   0   0]
 [  0   0   0   0   0   0   0   0   0   0   0   0 215   0]
 [  0   0   0   0   0   0   0   0   0   0   0   0   0  76]]---
Accuracy : 99.69%
---
class acc :
	Water: 100.00
	Hippo grass: 100.00
	Floodplain grasses 1: 100.00
	Floodplain grasses 2: 100.00
	Reeds: 99.07
	Riparian: 97.21
	Firescar: 100.00
	Island interior: 100.00
	Acacia woodlands: 100.00
	Acacia shrublands: 100.00
	Acacia grasslands: 100.00
	Short mopane: 100.00
	Mixed mopane: 100.00
	Exposed soils: 100.00
---
AA: 99.73%
Kappa: 99.67
Agregated results :
Confusion matrix :
[[2.160e+02 0.000e+00 0.000e+00 0.000e+00 0.000e+00 0.000e+00 0.000e+00
  0.000e+00 0.000e+00 0.000e+00 0.000e+00 0.000e+00 0.000e+00 0.000e+00]
 [0.000e+00 8.100e+01 0.000e+00 0.000e+00 0.000e+00 0.000e+00 0.000e+00
  0.000e+00 0.000e+00 0.000e+00 0.000e+00 0.000e+00 0.000e+00 0.000e+00]
 [0.000e+00 0.000e+00 2.010e+02 0.000e+00 0.000e+00 0.000e+00 0.000e+00
  0.000e+00 0.000e+00 0.000e+00 0.000e+00 0.000e+00 0.000e+00 0.000e+00]
 [0.000e+00 0.000e+00 0.000e+00 1.720e+02 0.000e+00 0.000e+00 0.000e+00
  0.000e+00 0.000e+00 0.000e+00 0.000e+00 0.000e+00 0.000e+00 0.000e+00]
 [0.000e+00 0.000e+00 0.000e+00 0.000e+00 2.138e+02 1.200e+00 0.000e+00
  0.000e+00 0.000e+00 0.000e+00 0.000e+00 0.000e+00 0.000e+00 0.000e+00]
 [0.000e+00 0.000e+00 0.000e+00 0.000e+00 3.600e+00 2.114e+02 0.000e+00
  0.000e+00 0.000e+00 0.000e+00 0.000e+00 0.000e+00 0.000e+00 0.000e+00]
 [0.000e+00 0.000e+00 0.000e+00 0.000e+00 0.000e+00 0.000e+00 2.070e+02
  0.000e+00 0.000e+00 0.000e+00 0.000e+00 0.000e+00 0.000e+00 0.000e+00]
 [0.000e+00 0.000e+00 0.000e+00 0.000e+00 0.000e+00 0.000e+00 0.000e+00
  1.620e+02 0.000e+00 0.000e+00 0.000e+00 0.000e+00 0.000e+00 0.000e+00]
 [0.000e+00 0.000e+00 0.000e+00 0.000e+00 0.000e+00 0.000e+00 0.000e+00
  0.000e+00 2.510e+02 0.000e+00 0.000e+00 0.000e+00 0.000e+00 0.000e+00]
 [0.000e+00 0.000e+00 0.000e+00 0.000e+00 0.000e+00 0.000e+00 0.000e+00
  0.000e+00 0.000e+00 1.990e+02 0.000e+00 0.000e+00 0.000e+00 0.000e+00]
 [0.000e+00 0.000e+00 0.000e+00 0.000e+00 0.000e+00 0.000e+00 0.000e+00
  0.000e+00 0.000e+00 2.000e-01 2.438e+02 0.000e+00 0.000e+00 0.000e+00]
 [0.000e+00 0.000e+00 0.000e+00 0.000e+00 4.000e-01 0.000e+00 0.000e+00
  0.000e+00 0.000e+00 0.000e+00 0.000e+00 1.446e+02 0.000e+00 0.000e+00]
 [0.000e+00 0.000e+00 0.000e+00 0.000e+00 0.000e+00 0.000e+00 0.000e+00
  0.000e+00 0.000e+00 0.000e+00 0.000e+00 0.000e+00 2.150e+02 0.000e+00]
 [0.000e+00 0.000e+00 0.000e+00 0.000e+00 1.400e+00 0.000e+00 0.000e+00
  0.000e+00 0.000e+00 0.000e+00 0.000e+00 0.000e+00 0.000e+00 7.460e+01]]---
Accuracy: 99.74 +- 0.17
---
class acc :
	Water: 100.00 +- 0.00
	Hippo grass: 100.00 +- 0.00
	Floodplain grasses 1: 100.00 +- 0.00
	Floodplain grasses 2: 100.00 +- 0.00
	Reeds: 99.44 +- 0.54
	Riparian: 98.33 +- 1.20
	Firescar: 100.00 +- 0.00
	Island interior: 100.00 +- 0.00
	Acacia woodlands: 100.00 +- 0.00
	Acacia shrublands: 100.00 +- 0.00
	Acacia grasslands: 99.92 +- 0.16
	Short mopane: 99.72 +- 0.55
	Mixed mopane: 100.00 +- 0.00
	Exposed soils: 98.16 +- 2.58
---
AA: 99.68 +- 0.23
Kappa: 99.72 +- 0.18
