run 1 / 5
Best validation overall accuracy 1.0
Confusion matrix :
[[216   0   0   0   0   0   0   0   0   0   0   0   0   0]
 [  0  81   0   0   0   0   0   0   0   0   0   0   0   0]
 [  0   0 201   0   0   0   0   0   0   0   0   0   0   0]
 [  0   0   0 172   0   0   0   0   0   0   0   0   0   0]
 [  0   0   0   0 215   0   0   0   0   0   0   0   0   0]
 [  0   0   0   0   9 206   0   0   0   0   0   0   0   0]
 [  0   0   0   0   0   0 207   0   0   0   0   0   0   0]
 [  0   0   0   0   0   0   0 162   0   0   0   0   0   0]
 [  0   0   0   0   0   0   0   0 251   0   0   0   0   0]
 [  0   0   0   0   0   0   0   0   0 199   0   0   0   0]
 [  0   0   0   0   0   0   0   0   0   0 244   0   0   0]
 [  0   0   0   0   0   0   0   0   0   0   0 145   0   0]
 [  0   0   0   0   0   0   0   0   0   0   0   0 215   0]
 [  0   0   0   0   0   0   0   0   0   0   0   0   0  76]]---
Accuracy : 99.65%
---
class acc :
	Water: 100.00
	Hippo grass: 100.00
	Floodplain grasses 1: 100.00
	Floodplain grasses 2: 100.00
	Reeds: 100.00
	Riparian: 95.81
	Firescar: 100.00
	Island interior: 100.00
	Acacia woodlands: 100.00
	Acacia shrublands: 100.00
	Acacia grasslands: 100.00
	Short mopane: 100.00
	Mixed mopane: 100.00
	Exposed soils: 100.00
---
AA: 99.70%
Kappa: 99.62
run 2 / 5
Best validation overall accuracy 1.0
Confusion matrix :
[[214   0   0   0   2   0   0   0   0   0   0   0   0   0]
 [  0  81   0   0   0   0   0   0   0   0   0   0   0   0]
 [  0   0 201   0   0   0   0   0   0   0   0   0   0   0]
 [  0   0   0 172   0   0   0   0   0   0   0   0   0   0]
 [  0   0   0   0 215   0   0   0   0   0   0   0   0   0]
 [  0   0   0   0   0 215   0   0   0   0   0   0   0   0]
 [  0   0   0   0   0   0 207   0   0   0   0   0   0   0]
 [  0   0   0   0   0   0   0 162   0   0   0   0   0   0]
 [  0   0   0   0   0   0   0   0 251   0   0   0   0   0]
 [  0   0   0   0   0   0   0   0   0 199   0   0   0   0]
 [  0   0   0   0   0   0   0   0   0   0 244   0   0   0]
 [  0   0   0   0   0   0   0   0   0   0   0 145   0   0]
 [  0   0   0   0   0   0   0   0   0   0   0   0 215   0]
 [  0   0   0   0   0   0   0   0   0   0   0   0   0  76]]---
Accuracy : 99.92%
---
class acc :
	Water: 99.07
	Hippo grass: 100.00
	Floodplain grasses 1: 100.00
	Floodplain grasses 2: 100.00
	Reeds: 100.00
	Riparian: 100.00
	Firescar: 100.00
	Island interior: 100.00
	Acacia woodlands: 100.00
	Acacia shrublands: 100.00
	Acacia grasslands: 100.00
	Short mopane: 100.00
	Mixed mopane: 100.00
	Exposed soils: 100.00
---
AA: 99.93%
Kappa: 99.92
run 3 / 5
Best validation overall accuracy 1.0
Confusion matrix :
[[216   0   0   0   0   0   0   0   0   0   0   0   0   0]
 [  0  81   0   0   0   0   0   0   0   0   0   0   0   0]
 [  0   0 201   0   0   0   0   0   0   0   0   0   0   0]
 [  0   0   0 172   0   0   0   0   0   0   0   0   0   0]
 [  0   0   0   0 215   0   0   0   0   0   0   0   0   0]
 [  0   0   0   0   0 215   0   0   0   0   0   0   0   0]
 [  0   0   0   0   0   0 207   0   0   0   0   0   0   0]
 [  0   0   0   0   0   0   0 162   0   0   0   0   0   0]
 [  0   0   0   0   0   0   0   0 251   0   0   0   0   0]
 [  0   0   0   0   0   0   0   0   0 199   0   0   0   0]
 [  0   0   0   0   0   0   0   0   0   0 244   0   0   0]
 [  0   0   0   0   0   0   0   0   0   0   0 145   0   0]
 [  0   0   0   0   0   0   0   0   0   0   0   0 215   0]
 [  0   0   0   0   0   0   0   0   0   0   0   0   0  76]]---
Accuracy : 100.00%
---
class acc :
	Water: 100.00
	Hippo grass: 100.00
	Floodplain grasses 1: 100.00
	Floodplain grasses 2: 100.00
	Reeds: 100.00
	Riparian: 100.00
	Firescar: 100.00
	Island interior: 100.00
	Acacia woodlands: 100.00
	Acacia shrublands: 100.00
	Acacia grasslands: 100.00
	Short mopane: 100.00
	Mixed mopane: 100.00
	Exposed soils: 100.00
---
AA: 100.00%
Kappa: 100.00
run 4 / 5
Best validation overall accuracy 0.996875
Confusion matrix :
[[216   0   0   0   0   0   0   0   0   0   0   0   0   0]
 [  0  81   0   0   0   0   0   0   0   0   0   0   0   0]
 [  0   0 201   0   0   0   0   0   0   0   0   0   0   0]
 [  0   0   0 172   0   0   0   0   0   0   0   0   0   0]
 [  0   0   0   0 215   0   0   0   0   0   0   0   0   0]
 [  0   0   0   0   8 207   0   0   0   0   0   0   0   0]
 [  0   0   0   0   0   0 207   0   0   0   0   0   0   0]
 [  0   0   0   0   0   0   0 162   0   0   0   0   0   0]
 [  0   0   0   0   0   0   0   0 251   0   0   0   0   0]
 [  0   0   0   0   0   0   0   0   0 199   0   0   0   0]
 [  0   0   0   0   0   0   0   0   0   0 244   0   0   0]
 [  0   0   0   0   0   0   0   0   0   0   0 145   0   0]
 [  0   0   0   0   0   0   0   0   0   0   0   0 215   0]
 [  0   0   0   0   0   0   0   0   0   0   0   0   0  76]]---
Accuracy : 99.69%
---
class acc :
	Water: 100.00
	Hippo grass: 100.00
	Floodplain grasses 1: 100.00
	Floodplain grasses 2: 100.00
	Reeds: 100.00
	Riparian: 96.28
	Firescar: 100.00
	Island interior: 100.00
	Acacia woodlands: 100.00
	Acacia shrublands: 100.00
	Acacia grasslands: 100.00
	Short mopane: 100.00
	Mixed mopane: 100.00
	Exposed soils: 100.00
---
AA: 99.73%
Kappa: 99.67
run 5 / 5
Best validation overall accuracy 0.990625
Confusion matrix :
[[216   0   0   0   0   0   0   0   0   0   0   0   0   0]
 [  0  81   0   0   0   0   0   0   0   0   0   0   0   0]
 [  0   0 201   0   0   0   0   0   0   0   0   0   0   0]
 [  0   0   0 172   0   0   0   0   0   0   0   0   0   0]
 [  0   0   0  25 185   5   0   0   0   0   0   0   0   0]
 [  0   0   0   0   1 214   0   0   0   0   0   0   0   0]
 [  0   0   0   0   0   0 207   0   0   0   0   0   0   0]
 [  0   0   0   0   0   0   0 162   0   0   0   0   0   0]
 [  0   0   0   0   0   0   0   0 251   0   0   0   0   0]
 [  0   0   0   0   0   0   0   0   0 199   0   0   0   0]
 [  0   0   0   0   0   0   0   0   0   0 244   0   0   0]
 [  0   0   0   0   0   0   0   0   0   0   0 145   0   0]
 [  0   0   0   0   0   0   0   0   0   0   0   0 215   0]
 [  0   0   0   0   1   4   0   0   0   0   0   0   0  71]]---
Accuracy : 98.61%
---
class acc :
	Water: 100.00
	Hippo grass: 100.00
	Floodplain grasses 1: 100.00
	Floodplain grasses 2: 100.00
	Reeds: 86.05
	Riparian: 99.53
	Firescar: 100.00
	Island interior: 100.00
	Acacia woodlands: 100.00
	Acacia shrublands: 100.00
	Acacia grasslands: 100.00
	Short mopane: 100.00
	Mixed mopane: 100.00
	Exposed soils: 93.42
---
AA: 98.50%
Kappa: 98.50
Agregated results :
Confusion matrix :
[[2.156e+02 0.000e+00 0.000e+00 0.000e+00 4.000e-01 0.000e+00 0.000e+00
  0.000e+00 0.000e+00 0.000e+00 0.000e+00 0.000e+00 0.000e+00 0.000e+00]
 [0.000e+00 8.100e+01 0.000e+00 0.000e+00 0.000e+00 0.000e+00 0.000e+00
  0.000e+00 0.000e+00 0.000e+00 0.000e+00 0.000e+00 0.000e+00 0.000e+00]
 [0.000e+00 0.000e+00 2.010e+02 0.000e+00 0.000e+00 0.000e+00 0.000e+00
  0.000e+00 0.000e+00 0.000e+00 0.000e+00 0.000e+00 0.000e+00 0.000e+00]
 [0.000e+00 0.000e+00 0.000e+00 1.720e+02 0.000e+00 0.000e+00 0.000e+00
  0.000e+00 0.000e+00 0.000e+00 0.000e+00 0.000e+00 0.000e+00 0.000e+00]
 [0.000e+00 0.000e+00 0.000e+00 5.000e+00 2.090e+02 1.000e+00 0.000e+00
  0.000e+00 0.000e+00 0.000e+00 0.000e+00 0.000e+00 0.000e+00 0.000e+00]
 [0.000e+00 0.000e+00 0.000e+00 0.000e+00 3.600e+00 2.114e+02 0.000e+00
  0.000e+00 0.000e+00 0.000e+00 0.000e+00 0.000e+00 0.000e+00 0.000e+00]
 [0.000e+00 0.000e+00 0.000e+00 0.000e+00 0.000e+00 0.000e+00 2.070e+02
  0.000e+00 0.000e+00 0.000e+00 0.000e+00 0.000e+00 0.000e+00 0.000e+00]
 [0.000e+00 0.000e+00 0.000e+00 0.000e+00 0.000e+00 0.000e+00 0.000e+00
  1.620e+02 0.000e+00 0.000e+00 0.000e+00 0.000e+00 0.000e+00 0.000e+00]
 [0.000e+00 0.000e+00 0.000e+00 0.000e+00 0.000e+00 0.000e+00 0.000e+00
  0.000e+00 2.510e+02 0.000e+00 0.000e+00 0.000e+00 0.000e+00 0.000e+00]
 [0.000e+00 0.000e+00 0.000e+00 0.000e+00 0.000e+00 0.000e+00 0.000e+00
  0.000e+00 0.000e+00 1.990e+02 0.000e+00 0.000e+00 0.000e+00 0.000e+00]
 [0.000e+00 0.000e+00 0.000e+00 0.000e+00 0.000e+00 0.000e+00 0.000e+00
  0.000e+00 0.000e+00 0.000e+00 2.440e+02 0.000e+00 0.000e+00 0.000e+00]
 [0.000e+00 0.000e+00 0.000e+00 0.000e+00 0.000e+00 0.000e+00 0.000e+00
  0.000e+00 0.000e+00 0.000e+00 0.000e+00 1.450e+02 0.000e+00 0.000e+00]
 [0.000e+00 0.000e+00 0.000e+00 0.000e+00 0.000e+00 0.000e+00 0.000e+00
  0.000e+00 0.000e+00 0.000e+00 0.000e+00 0.000e+00 2.150e+02 0.000e+00]
 [0.000e+00 0.000e+00 0.000e+00 0.000e+00 2.000e-01 8.000e-01 0.000e+00
  0.000e+00 0.000e+00 0.000e+00 0.000e+00 0.000e+00 0.000e+00 7.500e+01]]---
Accuracy: 99.58 +- 0.50
---
class acc :
	Water: 99.81 +- 0.37
	Hippo grass: 100.00 +- 0.00
	Floodplain grasses 1: 100.00 +- 0.00
	Floodplain grasses 2: 100.00 +- 0.00
	Reeds: 97.21 +- 5.58
	Riparian: 98.33 +- 1.87
	Firescar: 100.00 +- 0.00
	Island interior: 100.00 +- 0.00
	Acacia woodlands: 100.00 +- 0.00
	Acacia shrublands: 100.00 +- 0.00
	Acacia grasslands: 100.00 +- 0.00
	Short mopane: 100.00 +- 0.00
	Mixed mopane: 100.00 +- 0.00
	Exposed soils: 98.68 +- 2.63
---
AA: 99.57 +- 0.55
Kappa: 99.54 +- 0.54
