run 1 / 5
Best validation overall accuracy 0.9875
Confusion matrix :
[[216   0   0   0   0   0   0   0   0   0   0   0   0   0]
 [  0  81   0   0   0   0   0   0   0   0   0   0   0   0]
 [  0   0 201   0   0   0   0   0   0   0   0   0   0   0]
 [  0   0   0 171   1   0   0   0   0   0   0   0   0   0]
 [  0   0   0   1 205   9   0   0   0   0   0   0   0   0]
 [  0   0   0   0  13 201   0   0   1   0   0   0   0   0]
 [  2   0   0   0   0   0 205   0   0   0   0   0   0   0]
 [  0   0   0   0   0   0   0 162   0   0   0   0   0   0]
 [  0   0   0   0   0   0   0   0 251   0   0   0   0   0]
 [  0   0   0   0   0   0   0   0   0 198   1   0   0   0]
 [  0   0   0   0   0   0   0   1   0   6 237   0   0   0]
 [  0   0   0   0   0   0   0   0   0   0   0 145   0   0]
 [  0   0   0   0   0   0   0   0   0   0   0   5 210   0]
 [  0   0   0   0   0   0   0   2   0   0   0   0   0  74]]---
Accuracy : 98.38%
---
class acc :
	Water: 100.00
	Hippo grass: 100.00
	Floodplain grasses 1: 100.00
	Floodplain grasses 2: 99.42
	Reeds: 95.35
	Riparian: 93.49
	Firescar: 99.03
	Island interior: 100.00
	Acacia woodlands: 100.00
	Acacia shrublands: 99.50
	Acacia grasslands: 97.13
	Short mopane: 100.00
	Mixed mopane: 97.67
	Exposed soils: 97.37
---
AA: 98.50%
Kappa: 98.25
run 2 / 5
Best validation overall accuracy 0.99375
Confusion matrix :
[[216   0   0   0   0   0   0   0   0   0   0   0   0   0]
 [  0  81   0   0   0   0   0   0   0   0   0   0   0   0]
 [  0   0 201   0   0   0   0   0   0   0   0   0   0   0]
 [  0   0   0 170   0   0   2   0   0   0   0   0   0   0]
 [  0   0   0   0 214   1   0   0   0   0   0   0   0   0]
 [  0   0   0   0   5 206   0   0   4   0   0   0   0   0]
 [  3   0   0   0   0   0 204   0   0   0   0   0   0   0]
 [  0   0   0   0   0   0   0 162   0   0   0   0   0   0]
 [  0   0   0   0   0   6   0   0 243   2   0   0   0   0]
 [  0   0   0   0   0   0   0   0   0 194   5   0   0   0]
 [  0   0   0   0   0   0   0   1   0   3 240   0   0   0]
 [  0   0   0   0   0   0   0   0   0   0   0 145   0   0]
 [  0   0   0   0   0   0   0   0   0   0   0   0 215   0]
 [  0   0   0   0   0   0   0   1   0   0   0   0   0  75]]---
Accuracy : 98.73%
---
class acc :
	Water: 100.00
	Hippo grass: 100.00
	Floodplain grasses 1: 100.00
	Floodplain grasses 2: 98.84
	Reeds: 99.53
	Riparian: 95.81
	Firescar: 98.55
	Island interior: 100.00
	Acacia woodlands: 96.81
	Acacia shrublands: 97.49
	Acacia grasslands: 98.36
	Short mopane: 100.00
	Mixed mopane: 100.00
	Exposed soils: 98.68
---
AA: 98.86%
Kappa: 98.62
run 3 / 5
Best validation overall accuracy 0.996875
Confusion matrix :
[[216   0   0   0   0   0   0   0   0   0   0   0   0   0]
 [  0  81   0   0   0   0   0   0   0   0   0   0   0   0]
 [  0   0 201   0   0   0   0   0   0   0   0   0   0   0]
 [  0   0   0 170   0   0   2   0   0   0   0   0   0   0]
 [  0   1   0   0 207   6   0   0   0   0   0   0   0   1]
 [  0   0   0   0   2 203   0   0  10   0   0   0   0   0]
 [  5   0   0   0   0   0 202   0   0   0   0   0   0   0]
 [  0   0   0   0   0   0   0 162   0   0   0   0   0   0]
 [  0   0   0   0   0   0   0   0 251   0   0   0   0   0]
 [  0   0   0   0   0   0   0   0   0 195   4   0   0   0]
 [  0   0   0   0   0   0   0   0   0   3 241   0   0   0]
 [  0   0   0   0   0   0   0   0   0   0   0 142   3   0]
 [  0   0   0   0   0   0   0   0   0   0   0   0 215   0]
 [  0   0   0   0   0   0   0   0   0   0   0   0   0  76]]---
Accuracy : 98.58%
---
class acc :
	Water: 100.00
	Hippo grass: 100.00
	Floodplain grasses 1: 100.00
	Floodplain grasses 2: 98.84
	Reeds: 96.28
	Riparian: 94.42
	Firescar: 97.58
	Island interior: 100.00
	Acacia woodlands: 100.00
	Acacia shrublands: 97.99
	Acacia grasslands: 98.77
	Short mopane: 97.93
	Mixed mopane: 100.00
	Exposed soils: 100.00
---
AA: 98.70%
Kappa: 98.46
run 4 / 5
Best validation overall accuracy 0.9875
Confusion matrix :
[[216   0   0   0   0   0   0   0   0   0   0   0   0   0]
 [  0  81   0   0   0   0   0   0   0   0   0   0   0   0]
 [  0   0 201   0   0   0   0   0   0   0   0   0   0   0]
 [  0   0   0 171   1   0   0   0   0   0   0   0   0   0]
 [  0   0   0   0 214   1   0   0   0   0   0   0   0   0]
 [  0   0   0   0  25 188   0   0   2   0   0   0   0   0]
 [  0   0   0   0   0   0 207   0   0   0   0   0   0   0]
 [  0   0   0   0   0   0   0 162   0   0   0   0   0   0]
 [  0   0   0   0   0   1   0   0 250   0   0   0   0   0]
 [  0   0   0   0   0   0   0   0   0 199   0   0   0   0]
 [  0   0   0   0   0   0   0   0   0   2 242   0   0   0]
 [  0   0   0   0   0   0   0   0   0   0   0 145   0   0]
 [  0   0   0   0   0   0   0   0   0   0   0   5 210   0]
 [  0   0   0   0   0   0   0   1   0   0   0   0   0  75]]---
Accuracy : 98.54%
---
class acc :
	Water: 100.00
	Hippo grass: 100.00
	Floodplain grasses 1: 100.00
	Floodplain grasses 2: 99.42
	Reeds: 99.53
	Riparian: 87.44
	Firescar: 100.00
	Island interior: 100.00
	Acacia woodlands: 99.60
	Acacia shrublands: 100.00
	Acacia grasslands: 99.18
	Short mopane: 100.00
	Mixed mopane: 97.67
	Exposed soils: 98.68
---
AA: 98.68%
Kappa: 98.42
run 5 / 5
Best validation overall accuracy 0.990625
Confusion matrix :
[[216   0   0   0   0   0   0   0   0   0   0   0   0   0]
 [  0  81   0   0   0   0   0   0   0   0   0   0   0   0]
 [  0   0 201   0   0   0   0   0   0   0   0   0   0   0]
 [  0   0   0 167   0   0   5   0   0   0   0   0   0   0]
 [  0   1   0   5 198  11   0   0   0   0   0   0   0   0]
 [  0   0   0   0  22 193   0   0   0   0   0   0   0   0]
 [  0   0   0   0   0   0 207   0   0   0   0   0   0   0]
 [  0   0   0   0   0   0   0 162   0   0   0   0   0   0]
 [  0   0   0   0   0   0   0   0 251   0   0   0   0   0]
 [  0   0   0   0   0   0   0   0   0 199   0   0   0   0]
 [  0   0   0   0   0   0   0   0   0   1 243   0   0   0]
 [  0   0   0   0   0   0   0   0   0   0   0 145   0   0]
 [  0   0   0   0   0   0   0   0   0   0   0   3 212   0]
 [  0   0   0   0   0   0   0   0   0   0   0   0   0  76]]---
Accuracy : 98.15%
---
class acc :
	Water: 100.00
	Hippo grass: 100.00
	Floodplain grasses 1: 100.00
	Floodplain grasses 2: 97.09
	Reeds: 92.09
	Riparian: 89.77
	Firescar: 100.00
	Island interior: 100.00
	Acacia woodlands: 100.00
	Acacia shrublands: 100.00
	Acacia grasslands: 99.59
	Short mopane: 100.00
	Mixed mopane: 98.60
	Exposed soils: 100.00
---
AA: 98.37%
Kappa: 98.00
Agregated results :
Confusion matrix :
[[2.160e+02 0.000e+00 0.000e+00 0.000e+00 0.000e+00 0.000e+00 0.000e+00
  0.000e+00 0.000e+00 0.000e+00 0.000e+00 0.000e+00 0.000e+00 0.000e+00]
 [0.000e+00 8.100e+01 0.000e+00 0.000e+00 0.000e+00 0.000e+00 0.000e+00
  0.000e+00 0.000e+00 0.000e+00 0.000e+00 0.000e+00 0.000e+00 0.000e+00]
 [0.000e+00 0.000e+00 2.010e+02 0.000e+00 0.000e+00 0.000e+00 0.000e+00
  0.000e+00 0.000e+00 0.000e+00 0.000e+00 0.000e+00 0.000e+00 0.000e+00]
 [0.000e+00 0.000e+00 0.000e+00 1.698e+02 4.000e-01 0.000e+00 1.800e+00
  0.000e+00 0.000e+00 0.000e+00 0.000e+00 0.000e+00 0.000e+00 0.000e+00]
 [0.000e+00 4.000e-01 0.000e+00 1.200e+00 2.076e+02 5.600e+00 0.000e+00
  0.000e+00 0.000e+00 0.000e+00 0.000e+00 0.000e+00 0.000e+00 2.000e-01]
 [0.000e+00 0.000e+00 0.000e+00 0.000e+00 1.340e+01 1.982e+02 0.000e+00
  0.000e+00 3.400e+00 0.000e+00 0.000e+00 0.000e+00 0.000e+00 0.000e+00]
 [2.000e+00 0.000e+00 0.000e+00 0.000e+00 0.000e+00 0.000e+00 2.050e+02
  0.000e+00 0.000e+00 0.000e+00 0.000e+00 0.000e+00 0.000e+00 0.000e+00]
 [0.000e+00 0.000e+00 0.000e+00 0.000e+00 0.000e+00 0.000e+00 0.000e+00
  1.620e+02 0.000e+00 0.000e+00 0.000e+00 0.000e+00 0.000e+00 0.000e+00]
 [0.000e+00 0.000e+00 0.000e+00 0.000e+00 0.000e+00 1.400e+00 0.000e+00
  0.000e+00 2.492e+02 4.000e-01 0.000e+00 0.000e+00 0.000e+00 0.000e+00]
 [0.000e+00 0.000e+00 0.000e+00 0.000e+00 0.000e+00 0.000e+00 0.000e+00
  0.000e+00 0.000e+00 1.970e+02 2.000e+00 0.000e+00 0.000e+00 0.000e+00]
 [0.000e+00 0.000e+00 0.000e+00 0.000e+00 0.000e+00 0.000e+00 0.000e+00
  4.000e-01 0.000e+00 3.000e+00 2.406e+02 0.000e+00 0.000e+00 0.000e+00]
 [0.000e+00 0.000e+00 0.000e+00 0.000e+00 0.000e+00 0.000e+00 0.000e+00
  0.000e+00 0.000e+00 0.000e+00 0.000e+00 1.444e+02 6.000e-01 0.000e+00]
 [0.000e+00 0.000e+00 0.000e+00 0.000e+00 0.000e+00 0.000e+00 0.000e+00
  0.000e+00 0.000e+00 0.000e+00 0.000e+00 2.600e+00 2.124e+02 0.000e+00]
 [0.000e+00 0.000e+00 0.000e+00 0.000e+00 0.000e+00 0.000e+00 0.000e+00
  8.000e-01 0.000e+00 0.000e+00 0.000e+00 0.000e+00 0.000e+00 7.520e+01]]---
Accuracy: 98.48 +- 0.20
---
class acc :
	Water: 100.00 +- 0.00
	Hippo grass: 100.00 +- 0.00
	Floodplain grasses 1: 100.00 +- 0.00
	Floodplain grasses 2: 98.72 +- 0.85
	Reeds: 96.56 +- 2.80
	Riparian: 92.19 +- 3.10
	Firescar: 99.03 +- 0.92
	Island interior: 100.00 +- 0.00
	Acacia woodlands: 99.28 +- 1.24
	Acacia shrublands: 98.99 +- 1.05
	Acacia grasslands: 98.61 +- 0.84
	Short mopane: 99.59 +- 0.83
	Mixed mopane: 98.79 +- 1.04
	Exposed soils: 98.95 +- 0.98
---
AA: 98.62 +- 0.17
Kappa: 98.35 +- 0.21
