run 1 / 5
Best validation overall accuracy 1.0
Confusion matrix :
[[216   0   0   0   0   0   0   0   0   0   0   0   0   0]
 [  0  81   0   0   0   0   0   0   0   0   0   0   0   0]
 [  0   0 201   0   0   0   0   0   0   0   0   0   0   0]
 [  0   0   0 172   0   0   0   0   0   0   0   0   0   0]
 [  0   0   0   0 212   3   0   0   0   0   0   0   0   0]
 [  0   0   0   0   6 209   0   0   0   0   0   0   0   0]
 [  0   0   0   0   0   0 207   0   0   0   0   0   0   0]
 [  0   0   0   0   0   0   0 162   0   0   0   0   0   0]
 [  0   0   0   0   0   0   0   0 251   0   0   0   0   0]
 [  0   0   0   0   0   0   0   0   0 199   0   0   0   0]
 [  0   0   0   0   0   0   0   0   0   0 244   0   0   0]
 [  0   0   0   0   0   0   0   0   0   0   0 145   0   0]
 [  0   0   0   0   0   0   0   0   0   0   0   0 215   0]
 [  0   0   0   0   0   0   0   0   0   0   0   0   0  76]]---
Accuracy : 99.65%
---
class acc :
	Water: 100.00
	Hippo grass: 100.00
	Floodplain grasses 1: 100.00
	Floodplain grasses 2: 100.00
	Reeds: 98.60
	Riparian: 97.21
	Firescar: 100.00
	Island interior: 100.00
	Acacia woodlands: 100.00
	Acacia shrublands: 100.00
	Acacia grasslands: 100.00
	Short mopane: 100.00
	Mixed mopane: 100.00
	Exposed soils: 100.00
---
AA: 99.70%
Kappa: 99.62
run 2 / 5
Best validation overall accuracy 1.0
Confusion matrix :
[[216   0   0   0   0   0   0   0   0   0   0   0   0   0]
 [  0  81   0   0   0   0   0   0   0   0   0   0   0   0]
 [  0   0 201   0   0   0   0   0   0   0   0   0   0   0]
 [  0   0   0 172   0   0   0   0   0   0   0   0   0   0]
 [  0   0   0   0 215   0   0   0   0   0   0   0   0   0]
 [  0   0   0   0   2 213   0   0   0   0   0   0   0   0]
 [  0   0   0   0   0   0 207   0   0   0   0   0   0   0]
 [  0   0   0   0   0   0   0 162   0   0   0   0   0   0]
 [  0   0   0   0   0   0   0   0 250   1   0   0   0   0]
 [  0   0   0   0   0   0   0   0   0 197   2   0   0   0]
 [  0   0   0   0   0   0   0   0   0   0 244   0   0   0]
 [  0   0   0   0   0   0   0   0   0   0   0 145   0   0]
 [  0   0   0   0   0   0   0   0   0   0   0   0 215   0]
 [  0   0   0   0   1   3   0   0   0   0   0   0   0  72]]---
Accuracy : 99.65%
---
class acc :
	Water: 100.00
	Hippo grass: 100.00
	Floodplain grasses 1: 100.00
	Floodplain grasses 2: 100.00
	Reeds: 100.00
	Riparian: 99.07
	Firescar: 100.00
	Island interior: 100.00
	Acacia woodlands: 99.60
	Acacia shrublands: 98.99
	Acacia grasslands: 100.00
	Short mopane: 100.00
	Mixed mopane: 100.00
	Exposed soils: 94.74
---
AA: 99.46%
Kappa: 99.62
run 3 / 5
Best validation overall accuracy 1.0
Confusion matrix :
[[216   0   0   0   0   0   0   0   0   0   0   0   0   0]
 [  0  81   0   0   0   0   0   0   0   0   0   0   0   0]
 [  0   0 201   0   0   0   0   0   0   0   0   0   0   0]
 [  0   0   0 172   0   0   0   0   0   0   0   0   0   0]
 [  0   0   0   0 215   0   0   0   0   0   0   0   0   0]
 [  0   0   0   0   2 213   0   0   0   0   0   0   0   0]
 [  0   0   0   0   0   0 207   0   0   0   0   0   0   0]
 [  0   0   0   0   0   0   0 162   0   0   0   0   0   0]
 [  0   0   0   0   0   0   0   0 251   0   0   0   0   0]
 [  0   0   0   0   0   0   0   0   0 199   0   0   0   0]
 [  0   0   0   0   0   0   0   0   0   1 243   0   0   0]
 [  0   0   0   0   0   0   0   0   0   0   0 143   2   0]
 [  0   0   0   0   0   0   0   0   0   0   0   0 215   0]
 [  0   0   0   0   0   0   0   0   0   0   0   0   0  76]]---
Accuracy : 99.81%
---
class acc :
	Water: 100.00
	Hippo grass: 100.00
	Floodplain grasses 1: 100.00
	Floodplain grasses 2: 100.00
	Reeds: 100.00
	Riparian: 99.07
	Firescar: 100.00
	Island interior: 100.00
	Acacia woodlands: 100.00
	Acacia shrublands: 100.00
	Acacia grasslands: 99.59
	Short mopane: 98.62
	Mixed mopane: 100.00
	Exposed soils: 100.00
---
AA: 99.81%
Kappa: 99.79
run 4 / 5
Best validation overall accuracy 1.0
Confusion matrix :
[[216   0   0   0   0   0   0   0   0   0   0   0   0   0]
 [  0  81   0   0   0   0   0   0   0   0   0   0   0   0]
 [  0   0 201   0   0   0   0   0   0   0   0   0   0   0]
 [  0   0   0 172   0   0   0   0   0   0   0   0   0   0]
 [  0   0   0   6 206   3   0   0   0   0   0   0   0   0]
 [  0   0   0   0   0 215   0   0   0   0   0   0   0   0]
 [  0   0   0   0   0   0 207   0   0   0   0   0   0   0]
 [  0   0   0   0   0   0   0 162   0   0   0   0   0   0]
 [  0   0   0   0   0   0   0   0 251   0   0   0   0   0]
 [  0   0   0   0   0   0   0   0   0 199   0   0   0   0]
 [  0   0   0   0   0   0   0   0   0   0 244   0   0   0]
 [  0   0   0   0   0   0   0   0   0   0   0 145   0   0]
 [  0   0   0   0   0   0   0   0   0   0   0   0 215   0]
 [  0   0   0   0   1   0   0   0   0   0   0   0   0  75]]---
Accuracy : 99.62%
---
class acc :
	Water: 100.00
	Hippo grass: 100.00
	Floodplain grasses 1: 100.00
	Floodplain grasses 2: 100.00
	Reeds: 95.81
	Riparian: 100.00
	Firescar: 100.00
	Island interior: 100.00
	Acacia woodlands: 100.00
	Acacia shrublands: 100.00
	Acacia grasslands: 100.00
	Short mopane: 100.00
	Mixed mopane: 100.00
	Exposed soils: 98.68
---
AA: 99.61%
Kappa: 99.58
run 5 / 5
Best validation overall accuracy 0.996875
Confusion matrix :
[[216   0   0   0   0   0   0   0   0   0   0   0   0   0]
 [  0  81   0   0   0   0   0   0   0   0   0   0   0   0]
 [  0   0 201   0   0   0   0   0   0   0   0   0   0   0]
 [  0   0   0 172   0   0   0   0   0   0   0   0   0   0]
 [  0   0   0   2 213   0   0   0   0   0   0   0   0   0]
 [  0   0   0   0  10 205   0   0   0   0   0   0   0   0]
 [  0   0   0   0   0   0 207   0   0   0   0   0   0   0]
 [  0   0   0   0   0   0   0 162   0   0   0   0   0   0]
 [  0   0   0   0   0   0   0   0 251   0   0   0   0   0]
 [  0   0   0   0   0   0   0   0   0 199   0   0   0   0]
 [  0   0   0   0   0   0   0   0   0   0 244   0   0   0]
 [  0   0   0   0   0   0   0   0   0   0   0 145   0   0]
 [  0   0   0   0   0   0   0   0   0   0   0   0 215   0]
 [  0   0   0   0   0   0   0   0   0   0   0   0   0  76]]---
Accuracy : 99.54%
---
class acc :
	Water: 100.00
	Hippo grass: 100.00
	Floodplain grasses 1: 100.00
	Floodplain grasses 2: 100.00
	Reeds: 99.07
	Riparian: 95.35
	Firescar: 100.00
	Island interior: 100.00
	Acacia woodlands: 100.00
	Acacia shrublands: 100.00
	Acacia grasslands: 100.00
	Short mopane: 100.00
	Mixed mopane: 100.00
	Exposed soils: 100.00
---
AA: 99.60%
Kappa: 99.50
Agregated results :
Confusion matrix :
[[2.160e+02 0.000e+00 0.000e+00 0.000e+00 0.000e+00 0.000e+00 0.000e+00
  0.000e+00 0.000e+00 0.000e+00 0.000e+00 0.000e+00 0.000e+00 0.000e+00]
 [0.000e+00 8.100e+01 0.000e+00 0.000e+00 0.000e+00 0.000e+00 0.000e+00
  0.000e+00 0.000e+00 0.000e+00 0.000e+00 0.000e+00 0.000e+00 0.000e+00]
 [0.000e+00 0.000e+00 2.010e+02 0.000e+00 0.000e+00 0.000e+00 0.000e+00
  0.000e+00 0.000e+00 0.000e+00 0.000e+00 0.000e+00 0.000e+00 0.000e+00]
 [0.000e+00 0.000e+00 0.000e+00 1.720e+02 0.000e+00 0.000e+00 0.000e+00
  0.000e+00 0.000e+00 0.000e+00 0.000e+00 0.000e+00 0.000e+00 0.000e+00]
 [0.000e+00 0.000e+00 0.000e+00 1.600e+00 2.122e+02 1.200e+00 0.000e+00
  0.000e+00 0.000e+00 0.000e+00 0.000e+00 0.000e+00 0.000e+00 0.000e+00]
 [0.000e+00 0.000e+00 0.000e+00 0.000e+00 4.000e+00 2.110e+02 0.000e+00
  0.000e+00 0.000e+00 0.000e+00 0.000e+00 0.000e+00 0.000e+00 0.000e+00]
 [0.000e+00 0.000e+00 0.000e+00 0.000e+00 0.000e+00 0.000e+00 2.070e+02
  0.000e+00 0.000e+00 0.000e+00 0.000e+00 0.000e+00 0.000e+00 0.000e+00]
 [0.000e+00 0.000e+00 0.000e+00 0.000e+00 0.000e+00 0.000e+00 0.000e+00
  1.620e+02 0.000e+00 0.000e+00 0.000e+00 0.000e+00 0.000e+00 0.000e+00]
 [0.000e+00 0.000e+00 0.000e+00 0.000e+00 0.000e+00 0.000e+00 0.000e+00
  0.000e+00 2.508e+02 2.000e-01 0.000e+00 0.000e+00 0.000e+00 0.000e+00]
 [0.000e+00 0.000e+00 0.000e+00 0.000e+00 0.000e+00 0.000e+00 0.000e+00
  0.000e+00 0.000e+00 1.986e+02 4.000e-01 0.000e+00 0.000e+00 0.000e+00]
 [0.000e+00 0.000e+00 0.000e+00 0.000e+00 0.000e+00 0.000e+00 0.000e+00
  0.000e+00 0.000e+00 2.000e-01 2.438e+02 0.000e+00 0.000e+00 0.000e+00]
 [0.000e+00 0.000e+00 0.000e+00 0.000e+00 0.000e+00 0.000e+00 0.000e+00
  0.000e+00 0.000e+00 0.000e+00 0.000e+00 1.446e+02 4.000e-01 0.000e+00]
 [0.000e+00 0.000e+00 0.000e+00 0.000e+00 0.000e+00 0.000e+00 0.000e+00
  0.000e+00 0.000e+00 0.000e+00 0.000e+00 0.000e+00 2.150e+02 0.000e+00]
 [0.000e+00 0.000e+00 0.000e+00 0.000e+00 4.000e-01 6.000e-01 0.000e+00
  0.000e+00 0.000e+00 0.000e+00 0.000e+00 0.000e+00 0.000e+00 7.500e+01]]---
Accuracy: 99.65 +- 0.09
---
class acc :
	Water: 100.00 +- 0.00
	Hippo grass: 100.00 +- 0.00
	Floodplain grasses 1: 100.00 +- 0.00
	Floodplain grasses 2: 100.00 +- 0.00
	Reeds: 98.70 +- 1.54
	Riparian: 98.14 +- 1.66
	Firescar: 100.00 +- 0.00
	Island interior: 100.00 +- 0.00
	Acacia woodlands: 99.92 +- 0.16
	Acacia shrublands: 99.80 +- 0.40
	Acacia grasslands: 99.92 +- 0.16
	Short mopane: 99.72 +- 0.55
	Mixed mopane: 100.00 +- 0.00
	Exposed soils: 98.68 +- 2.04
---
AA: 99.63 +- 0.12
Kappa: 99.62 +- 0.10
