run 1 / 5
Best validation overall accuracy 1.0
Confusion matrix :
[[216   0   0   0   0   0   0   0   0   0   0   0   0   0]
 [  0  81   0   0   0   0   0   0   0   0   0   0   0   0]
 [  0   0 201   0   0   0   0   0   0   0   0   0   0   0]
 [  0   0   0 172   0   0   0   0   0   0   0   0   0   0]
 [  0   0   0   0 208   7   0   0   0   0   0   0   0   0]
 [  0   0   0   0   4 208   0   0   3   0   0   0   0   0]
 [  0   0   0   0   0   0 207   0   0   0   0   0   0   0]
 [  0   0   0   0   0   0   0 162   0   0   0   0   0   0]
 [  0   0   0   0   0   0   0   0 251   0   0   0   0   0]
 [  0   0   0   0   0   0   0   0   0 199   0   0   0   0]
 [  0   0   0   0   0   0   0   0   0   3 241   0   0   0]
 [  0   0   0   0   0   0   0   0   0   0   0 145   0   0]
 [  0   0   0   0   0   0   0   0   0   0   0   0 215   0]
 [  0   0   0   0   1   0   0   0   0   0   0   0   0  75]]---
Accuracy : 99.31%
---
class acc :
	Water: 100.00
	Hippo grass: 100.00
	Floodplain grasses 1: 100.00
	Floodplain grasses 2: 100.00
	Reeds: 96.74
	Riparian: 96.74
	Firescar: 100.00
	Island interior: 100.00
	Acacia woodlands: 100.00
	Acacia shrublands: 100.00
	Acacia grasslands: 98.77
	Short mopane: 100.00
	Mixed mopane: 100.00
	Exposed soils: 98.68
---
AA: 99.35%
Kappa: 99.25
run 2 / 5
Best validation overall accuracy 1.0
Confusion matrix :
[[216   0   0   0   0   0   0   0   0   0   0   0   0   0]
 [  0  81   0   0   0   0   0   0   0   0   0   0   0   0]
 [  0   0 201   0   0   0   0   0   0   0   0   0   0   0]
 [  0   0   0 172   0   0   0   0   0   0   0   0   0   0]
 [  0   0   0   0 215   0   0   0   0   0   0   0   0   0]
 [  0   0   0   0   2 213   0   0   0   0   0   0   0   0]
 [  0   0   0   0   0   0 207   0   0   0   0   0   0   0]
 [  0   0   0   0   0   0   0 162   0   0   0   0   0   0]
 [  0   0   0   0   0   0   0   0 250   1   0   0   0   0]
 [  0   0   0   0   0   0   0   0   0 199   0   0   0   0]
 [  0   0   0   0   0   0   0   0   0   0 244   0   0   0]
 [  0   0   0   0   0   0   0   0   0   0   0 145   0   0]
 [  0   0   0   0   0   0   0   0   0   0   0   0 215   0]
 [  0   0   0   0   3   0   0   0   0   0   0   0   0  73]]---
Accuracy : 99.77%
---
class acc :
	Water: 100.00
	Hippo grass: 100.00
	Floodplain grasses 1: 100.00
	Floodplain grasses 2: 100.00
	Reeds: 100.00
	Riparian: 99.07
	Firescar: 100.00
	Island interior: 100.00
	Acacia woodlands: 99.60
	Acacia shrublands: 100.00
	Acacia grasslands: 100.00
	Short mopane: 100.00
	Mixed mopane: 100.00
	Exposed soils: 96.05
---
AA: 99.62%
Kappa: 99.75
run 3 / 5
Best validation overall accuracy 0.996875
Confusion matrix :
[[216   0   0   0   0   0   0   0   0   0   0   0   0   0]
 [  0  81   0   0   0   0   0   0   0   0   0   0   0   0]
 [  0   0 201   0   0   0   0   0   0   0   0   0   0   0]
 [  0   0   0 172   0   0   0   0   0   0   0   0   0   0]
 [  0   0   0   0 215   0   0   0   0   0   0   0   0   0]
 [  0   0   0   0   5 210   0   0   0   0   0   0   0   0]
 [  0   0   0   0   0   0 207   0   0   0   0   0   0   0]
 [  0   0   0   0   0   0   0 162   0   0   0   0   0   0]
 [  0   0   0   0   0   0   0   0 251   0   0   0   0   0]
 [  0   0   0   0   0   0   0   0   0 199   0   0   0   0]
 [  0   0   0   0   0   0   0   0   0   8 236   0   0   0]
 [  0   0   0   0   0   0   0   0   0   0   0 145   0   0]
 [  0   0   0   0   0   0   0   0   0   0   0   0 215   0]
 [  0   0   0   0   0   0   0   0   0   0   0   0   0  76]]---
Accuracy : 99.50%
---
class acc :
	Water: 100.00
	Hippo grass: 100.00
	Floodplain grasses 1: 100.00
	Floodplain grasses 2: 100.00
	Reeds: 100.00
	Riparian: 97.67
	Firescar: 100.00
	Island interior: 100.00
	Acacia woodlands: 100.00
	Acacia shrublands: 100.00
	Acacia grasslands: 96.72
	Short mopane: 100.00
	Mixed mopane: 100.00
	Exposed soils: 100.00
---
AA: 99.60%
Kappa: 99.46
run 4 / 5
Best validation overall accuracy 1.0
Confusion matrix :
[[216   0   0   0   0   0   0   0   0   0   0   0   0   0]
 [  0  81   0   0   0   0   0   0   0   0   0   0   0   0]
 [  0   0 201   0   0   0   0   0   0   0   0   0   0   0]
 [  0   0   0 172   0   0   0   0   0   0   0   0   0   0]
 [  0   0   0   0 212   3   0   0   0   0   0   0   0   0]
 [  0   0   0   0   0 215   0   0   0   0   0   0   0   0]
 [  0   0   0   0   0   0 207   0   0   0   0   0   0   0]
 [  0   0   0   0   0   0   0 162   0   0   0   0   0   0]
 [  0   0   0   0   0   0   0   0 251   0   0   0   0   0]
 [  0   0   0   0   0   0   0   0   0 199   0   0   0   0]
 [  0   0   0   0   0   0   0   0   0   0 244   0   0   0]
 [  0   0   0   0   0   0   0   0   0   0   0 145   0   0]
 [  0   0   0   0   0   0   0   0   0   0   0   0 215   0]
 [  0   0   0   0   0   0   0   0   0   0   0   0   0  76]]---
Accuracy : 99.88%
---
class acc :
	Water: 100.00
	Hippo grass: 100.00
	Floodplain grasses 1: 100.00
	Floodplain grasses 2: 100.00
	Reeds: 98.60
	Riparian: 100.00
	Firescar: 100.00
	Island interior: 100.00
	Acacia woodlands: 100.00
	Acacia shrublands: 100.00
	Acacia grasslands: 100.00
	Short mopane: 100.00
	Mixed mopane: 100.00
	Exposed soils: 100.00
---
AA: 99.90%
Kappa: 99.87
run 5 / 5
Best validation overall accuracy 0.996875
Confusion matrix :
[[216   0   0   0   0   0   0   0   0   0   0   0   0   0]
 [  0  81   0   0   0   0   0   0   0   0   0   0   0   0]
 [  0   0 201   0   0   0   0   0   0   0   0   0   0   0]
 [  0   0   0 172   0   0   0   0   0   0   0   0   0   0]
 [  0   0   0   6 197  12   0   0   0   0   0   0   0   0]
 [  0   0   0   0   7 208   0   0   0   0   0   0   0   0]
 [  0   0   0   0   0   0 207   0   0   0   0   0   0   0]
 [  0   0   0   0   0   0   0 162   0   0   0   0   0   0]
 [  0   0   0   0   0   0   0   0 251   0   0   0   0   0]
 [  0   0   0   0   0   0   0   0   0 198   1   0   0   0]
 [  0   0   0   0   0   0   0   0   0   0 244   0   0   0]
 [  0   0   0   0   0   0   0   0   0   0   0 145   0   0]
 [  0   0   0   0   0   0   0   0   0   0   0   0 215   0]
 [  0   0   0   0   0   0   0   0   0   0   0   0   0  76]]---
Accuracy : 99.00%
---
class acc :
	Water: 100.00
	Hippo grass: 100.00
	Floodplain grasses 1: 100.00
	Floodplain grasses 2: 100.00
	Reeds: 91.63
	Riparian: 96.74
	Firescar: 100.00
	Island interior: 100.00
	Acacia woodlands: 100.00
	Acacia shrublands: 99.50
	Acacia grasslands: 100.00
	Short mopane: 100.00
	Mixed mopane: 100.00
	Exposed soils: 100.00
---
AA: 99.13%
Kappa: 98.92
Agregated results :
Confusion matrix :
[[2.160e+02 0.000e+00 0.000e+00 0.000e+00 0.000e+00 0.000e+00 0.000e+00
  0.000e+00 0.000e+00 0.000e+00 0.000e+00 0.000e+00 0.000e+00 0.000e+00]
 [0.000e+00 8.100e+01 0.000e+00 0.000e+00 0.000e+00 0.000e+00 0.000e+00
  0.000e+00 0.000e+00 0.000e+00 0.000e+00 0.000e+00 0.000e+00 0.000e+00]
 [0.000e+00 0.000e+00 2.010e+02 0.000e+00 0.000e+00 0.000e+00 0.000e+00
  0.000e+00 0.000e+00 0.000e+00 0.000e+00 0.000e+00 0.000e+00 0.000e+00]
 [0.000e+00 0.000e+00 0.000e+00 1.720e+02 0.000e+00 0.000e+00 0.000e+00
  0.000e+00 0.000e+00 0.000e+00 0.000e+00 0.000e+00 0.000e+00 0.000e+00]
 [0.000e+00 0.000e+00 0.000e+00 1.200e+00 2.094e+02 4.400e+00 0.000e+00
  0.000e+00 0.000e+00 0.000e+00 0.000e+00 0.000e+00 0.000e+00 0.000e+00]
 [0.000e+00 0.000e+00 0.000e+00 0.000e+00 3.600e+00 2.108e+02 0.000e+00
  0.000e+00 6.000e-01 0.000e+00 0.000e+00 0.000e+00 0.000e+00 0.000e+00]
 [0.000e+00 0.000e+00 0.000e+00 0.000e+00 0.000e+00 0.000e+00 2.070e+02
  0.000e+00 0.000e+00 0.000e+00 0.000e+00 0.000e+00 0.000e+00 0.000e+00]
 [0.000e+00 0.000e+00 0.000e+00 0.000e+00 0.000e+00 0.000e+00 0.000e+00
  1.620e+02 0.000e+00 0.000e+00 0.000e+00 0.000e+00 0.000e+00 0.000e+00]
 [0.000e+00 0.000e+00 0.000e+00 0.000e+00 0.000e+00 0.000e+00 0.000e+00
  0.000e+00 2.508e+02 2.000e-01 0.000e+00 0.000e+00 0.000e+00 0.000e+00]
 [0.000e+00 0.000e+00 0.000e+00 0.000e+00 0.000e+00 0.000e+00 0.000e+00
  0.000e+00 0.000e+00 1.988e+02 2.000e-01 0.000e+00 0.000e+00 0.000e+00]
 [0.000e+00 0.000e+00 0.000e+00 0.000e+00 0.000e+00 0.000e+00 0.000e+00
  0.000e+00 0.000e+00 2.200e+00 2.418e+02 0.000e+00 0.000e+00 0.000e+00]
 [0.000e+00 0.000e+00 0.000e+00 0.000e+00 0.000e+00 0.000e+00 0.000e+00
  0.000e+00 0.000e+00 0.000e+00 0.000e+00 1.450e+02 0.000e+00 0.000e+00]
 [0.000e+00 0.000e+00 0.000e+00 0.000e+00 0.000e+00 0.000e+00 0.000e+00
  0.000e+00 0.000e+00 0.000e+00 0.000e+00 0.000e+00 2.150e+02 0.000e+00]
 [0.000e+00 0.000e+00 0.000e+00 0.000e+00 8.000e-01 0.000e+00 0.000e+00
  0.000e+00 0.000e+00 0.000e+00 0.000e+00 0.000e+00 0.000e+00 7.520e+01]]---
Accuracy: 99.49 +- 0.32
---
class acc :
	Water: 100.00 +- 0.00
	Hippo grass: 100.00 +- 0.00
	Floodplain grasses 1: 100.00 +- 0.00
	Floodplain grasses 2: 100.00 +- 0.00
	Reeds: 97.40 +- 3.12
	Riparian: 98.05 +- 1.30
	Firescar: 100.00 +- 0.00
	Island interior: 100.00 +- 0.00
	Acacia woodlands: 99.92 +- 0.16
	Acacia shrublands: 99.90 +- 0.20
	Acacia grasslands: 99.10 +- 1.28
	Short mopane: 100.00 +- 0.00
	Mixed mopane: 100.00 +- 0.00
	Exposed soils: 98.95 +- 1.53
---
AA: 99.52 +- 0.26
Kappa: 99.45 +- 0.35
