run 1 / 5
Best validation overall accuracy 1.0
Confusion matrix :
[[173   0   0   0   0   0   0   0   0   0   0   0   0   0]
 [  0  65   0   0   0   0   0   0   0   0   0   0   0   0]
 [  0   0 161   0   0   0   0   0   0   0   0   0   0   0]
 [  0   0   0 137   0   0   0   0   0   0   0   0   0   0]
 [  0   0   0   0 171   1   0   0   0   0   0   0   0   0]
 [  0   0   0   0   1 171   0   0   0   0   0   0   0   0]
 [  0   0   0   0   0   0 166   0   0   0   0   0   0   0]
 [  0   0   0   0   0   0   0 130   0   0   0   0   0   0]
 [  0   0   0   0   0   0   0   0 201   0   0   0   0   0]
 [  0   0   0   0   0   0   0   0   0 159   0   0   0   0]
 [  0   0   0   0   0   0   0   0   0   0 195   0   0   0]
 [  0   0   0   0   0   0   0   0   0   0   0 116   0   0]
 [  0   0   0   0   0   0   0   0   0   0   0   0 171   0]
 [  0   0   0   0   0   0   0   0   0   0   0   0   0  61]]---
Accuracy : 99.90%
---
class acc :
	Water: 100.00
	Hippo grass: 100.00
	Floodplain grasses 1: 100.00
	Floodplain grasses 2: 100.00
	Reeds: 99.42
	Riparian: 99.42
	Firescar: 100.00
	Island interior: 100.00
	Acacia woodlands: 100.00
	Acacia shrublands: 100.00
	Acacia grasslands: 100.00
	Short mopane: 100.00
	Mixed mopane: 100.00
	Exposed soils: 100.00
---
AA: 99.92%
Kappa: 99.90
run 2 / 5
Best validation overall accuracy 1.0
Confusion matrix :
[[173   0   0   0   0   0   0   0   0   0   0   0   0   0]
 [  0  65   0   0   0   0   0   0   0   0   0   0   0   0]
 [  0   0 161   0   0   0   0   0   0   0   0   0   0   0]
 [  0   0   0 137   0   0   0   0   0   0   0   0   0   0]
 [  0   0   0   0 172   0   0   0   0   0   0   0   0   0]
 [  0   0   0   0   0 172   0   0   0   0   0   0   0   0]
 [  0   0   0   0   0   0 166   0   0   0   0   0   0   0]
 [  0   0   0   0   0   0   0 130   0   0   0   0   0   0]
 [  0   0   0   0   0   0   0   0 201   0   0   0   0   0]
 [  0   0   0   0   0   0   0   0   0 159   0   0   0   0]
 [  0   0   0   0   0   0   0   0   0   0 195   0   0   0]
 [  0   0   0   0   0   0   0   0   0   0   0 116   0   0]
 [  0   0   0   0   0   0   0   0   0   0   0   0 171   0]
 [  0   0   0   0   0   0   0   0   0   0   0   0   0  61]]---
Accuracy : 100.00%
---
class acc :
	Water: 100.00
	Hippo grass: 100.00
	Floodplain grasses 1: 100.00
	Floodplain grasses 2: 100.00
	Reeds: 100.00
	Riparian: 100.00
	Firescar: 100.00
	Island interior: 100.00
	Acacia woodlands: 100.00
	Acacia shrublands: 100.00
	Acacia grasslands: 100.00
	Short mopane: 100.00
	Mixed mopane: 100.00
	Exposed soils: 100.00
---
AA: 100.00%
Kappa: 100.00
run 3 / 5
Best validation overall accuracy 1.0
Confusion matrix :
[[173   0   0   0   0   0   0   0   0   0   0   0   0   0]
 [  0  65   0   0   0   0   0   0   0   0   0   0   0   0]
 [  0   0 161   0   0   0   0   0   0   0   0   0   0   0]
 [  0   0   0 137   0   0   0   0   0   0   0   0   0   0]
 [  0   0   0   0 172   0   0   0   0   0   0   0   0   0]
 [  0   0   0   0   0 172   0   0   0   0   0   0   0   0]
 [  0   0   0   0   0   0 166   0   0   0   0   0   0   0]
 [  0   0   0   0   0   0   0 130   0   0   0   0   0   0]
 [  0   0   0   0   0   0   0   0 201   0   0   0   0   0]
 [  0   0   0   0   0   0   0   0   0 159   0   0   0   0]
 [  0   0   0   0   0   0   0   0   0   1 194   0   0   0]
 [  0   0   0   0   0   0   0   0   0   0   0 116   0   0]
 [  0   0   0   0   0   0   0   0   0   0   0   0 171   0]
 [  0   0   0   0   0   0   0   0   0   0   0   0   0  61]]---
Accuracy : 99.95%
---
class acc :
	Water: 100.00
	Hippo grass: 100.00
	Floodplain grasses 1: 100.00
	Floodplain grasses 2: 100.00
	Reeds: 100.00
	Riparian: 100.00
	Firescar: 100.00
	Island interior: 100.00
	Acacia woodlands: 100.00
	Acacia shrublands: 100.00
	Acacia grasslands: 99.49
	Short mopane: 100.00
	Mixed mopane: 100.00
	Exposed soils: 100.00
---
AA: 99.96%
Kappa: 99.95
run 4 / 5
Best validation overall accuracy 1.0
Confusion matrix :
[[173   0   0   0   0   0   0   0   0   0   0   0   0   0]
 [  0  65   0   0   0   0   0   0   0   0   0   0   0   0]
 [  0   0 161   0   0   0   0   0   0   0   0   0   0   0]
 [  0   0   0 137   0   0   0   0   0   0   0   0   0   0]
 [  0   0   0   0 172   0   0   0   0   0   0   0   0   0]
 [  0   0   0   0   0 172   0   0   0   0   0   0   0   0]
 [  0   0   0   0   0   0 166   0   0   0   0   0   0   0]
 [  0   0   0   0   0   0   0 130   0   0   0   0   0   0]
 [  0   0   0   0   0   0   0   0 201   0   0   0   0   0]
 [  0   0   0   0   0   0   0   0   0 159   0   0   0   0]
 [  0   0   0   0   0   0   0   0   0   0 195   0   0   0]
 [  0   0   0   0   0   0   0   0   0   0   0 116   0   0]
 [  0   0   0   0   0   0   0   0   0   0   0   0 171   0]
 [  0   0   0   0   0   0   0   0   0   0   0   0   0  61]]---
Accuracy : 100.00%
---
class acc :
	Water: 100.00
	Hippo grass: 100.00
	Floodplain grasses 1: 100.00
	Floodplain grasses 2: 100.00
	Reeds: 100.00
	Riparian: 100.00
	Firescar: 100.00
	Island interior: 100.00
	Acacia woodlands: 100.00
	Acacia shrublands: 100.00
	Acacia grasslands: 100.00
	Short mopane: 100.00
	Mixed mopane: 100.00
	Exposed soils: 100.00
---
AA: 100.00%
Kappa: 100.00
run 5 / 5
Best validation overall accuracy 0.9982638888888888
Confusion matrix :
[[173   0   0   0   0   0   0   0   0   0   0   0   0   0]
 [  0  65   0   0   0   0   0   0   0   0   0   0   0   0]
 [  0   0 161   0   0   0   0   0   0   0   0   0   0   0]
 [  0   0   0 137   0   0   0   0   0   0   0   0   0   0]
 [  0   0   0   0 171   1   0   0   0   0   0   0   0   0]
 [  0   0   0   0   0 172   0   0   0   0   0   0   0   0]
 [  0   0   0   0   0   0 166   0   0   0   0   0   0   0]
 [  0   0   0   0   0   0   0 130   0   0   0   0   0   0]
 [  0   0   0   0   0   0   0   0 201   0   0   0   0   0]
 [  0   0   0   0   0   0   0   0   0 158   1   0   0   0]
 [  0   0   0   0   0   0   0   0   0   0 195   0   0   0]
 [  0   0   0   0   0   0   0   0   0   0   0 116   0   0]
 [  0   0   0   0   0   0   0   0   0   0   0   0 171   0]
 [  0   0   0   0   0   0   0   0   0   0   0   0   0  61]]---
Accuracy : 99.90%
---
class acc :
	Water: 100.00
	Hippo grass: 100.00
	Floodplain grasses 1: 100.00
	Floodplain grasses 2: 100.00
	Reeds: 99.42
	Riparian: 100.00
	Firescar: 100.00
	Island interior: 100.00
	Acacia woodlands: 100.00
	Acacia shrublands: 99.37
	Acacia grasslands: 100.00
	Short mopane: 100.00
	Mixed mopane: 100.00
	Exposed soils: 100.00
---
AA: 99.91%
Kappa: 99.90
Agregated results :
Confusion matrix :
[[1.730e+02 0.000e+00 0.000e+00 0.000e+00 0.000e+00 0.000e+00 0.000e+00
  0.000e+00 0.000e+00 0.000e+00 0.000e+00 0.000e+00 0.000e+00 0.000e+00]
 [0.000e+00 6.500e+01 0.000e+00 0.000e+00 0.000e+00 0.000e+00 0.000e+00
  0.000e+00 0.000e+00 0.000e+00 0.000e+00 0.000e+00 0.000e+00 0.000e+00]
 [0.000e+00 0.000e+00 1.610e+02 0.000e+00 0.000e+00 0.000e+00 0.000e+00
  0.000e+00 0.000e+00 0.000e+00 0.000e+00 0.000e+00 0.000e+00 0.000e+00]
 [0.000e+00 0.000e+00 0.000e+00 1.370e+02 0.000e+00 0.000e+00 0.000e+00
  0.000e+00 0.000e+00 0.000e+00 0.000e+00 0.000e+00 0.000e+00 0.000e+00]
 [0.000e+00 0.000e+00 0.000e+00 0.000e+00 1.716e+02 4.000e-01 0.000e+00
  0.000e+00 0.000e+00 0.000e+00 0.000e+00 0.000e+00 0.000e+00 0.000e+00]
 [0.000e+00 0.000e+00 0.000e+00 0.000e+00 2.000e-01 1.718e+02 0.000e+00
  0.000e+00 0.000e+00 0.000e+00 0.000e+00 0.000e+00 0.000e+00 0.000e+00]
 [0.000e+00 0.000e+00 0.000e+00 0.000e+00 0.000e+00 0.000e+00 1.660e+02
  0.000e+00 0.000e+00 0.000e+00 0.000e+00 0.000e+00 0.000e+00 0.000e+00]
 [0.000e+00 0.000e+00 0.000e+00 0.000e+00 0.000e+00 0.000e+00 0.000e+00
  1.300e+02 0.000e+00 0.000e+00 0.000e+00 0.000e+00 0.000e+00 0.000e+00]
 [0.000e+00 0.000e+00 0.000e+00 0.000e+00 0.000e+00 0.000e+00 0.000e+00
  0.000e+00 2.010e+02 0.000e+00 0.000e+00 0.000e+00 0.000e+00 0.000e+00]
 [0.000e+00 0.000e+00 0.000e+00 0.000e+00 0.000e+00 0.000e+00 0.000e+00
  0.000e+00 0.000e+00 1.588e+02 2.000e-01 0.000e+00 0.000e+00 0.000e+00]
 [0.000e+00 0.000e+00 0.000e+00 0.000e+00 0.000e+00 0.000e+00 0.000e+00
  0.000e+00 0.000e+00 2.000e-01 1.948e+02 0.000e+00 0.000e+00 0.000e+00]
 [0.000e+00 0.000e+00 0.000e+00 0.000e+00 0.000e+00 0.000e+00 0.000e+00
  0.000e+00 0.000e+00 0.000e+00 0.000e+00 1.160e+02 0.000e+00 0.000e+00]
 [0.000e+00 0.000e+00 0.000e+00 0.000e+00 0.000e+00 0.000e+00 0.000e+00
  0.000e+00 0.000e+00 0.000e+00 0.000e+00 0.000e+00 1.710e+02 0.000e+00]
 [0.000e+00 0.000e+00 0.000e+00 0.000e+00 0.000e+00 0.000e+00 0.000e+00
  0.000e+00 0.000e+00 0.000e+00 0.000e+00 0.000e+00 0.000e+00 6.100e+01]]---
Accuracy: 99.95 +- 0.04
---
class acc :
	Water: 100.00 +- 0.00
	Hippo grass: 100.00 +- 0.00
	Floodplain grasses 1: 100.00 +- 0.00
	Floodplain grasses 2: 100.00 +- 0.00
	Reeds: 99.77 +- 0.28
	Riparian: 99.88 +- 0.23
	Firescar: 100.00 +- 0.00
	Island interior: 100.00 +- 0.00
	Acacia woodlands: 100.00 +- 0.00
	Acacia shrublands: 99.87 +- 0.25
	Acacia grasslands: 99.90 +- 0.21
	Short mopane: 100.00 +- 0.00
	Mixed mopane: 100.00 +- 0.00
	Exposed soils: 100.00 +- 0.00
---
AA: 99.96 +- 0.04
Kappa: 99.95 +- 0.05
