run 1 / 5
Best validation overall accuracy 1.0
Confusion matrix :
[[173   0   0   0   0   0   0   0   0   0   0   0   0   0]
 [  0  65   0   0   0   0   0   0   0   0   0   0   0   0]
 [  0   0 161   0   0   0   0   0   0   0   0   0   0   0]
 [  0   0   0 137   0   0   0   0   0   0   0   0   0   0]
 [  0   0   0   0 171   1   0   0   0   0   0   0   0   0]
 [  0   0   0   0   0 172   0   0   0   0   0   0   0   0]
 [  0   0   0   0   0   0 166   0   0   0   0   0   0   0]
 [  0   0   0   0   0   0   0 130   0   0   0   0   0   0]
 [  0   0   0   0   0   0   0   0 201   0   0   0   0   0]
 [  0   0   0   0   0   0   0   0   0 157   2   0   0   0]
 [  0   0   0   0   0   0   0   0   0   0 195   0   0   0]
 [  0   0   0   0   0   0   0   0   0   0   0 115   1   0]
 [  0   0   0   0   0   0   0   0   0   0   0   0 171   0]
 [  0   0   0   0   0   0   0   0   0   0   0   0   0  61]]---
Accuracy : 99.81%
---
class acc :
	Water: 100.00
	Hippo grass: 100.00
	Floodplain grasses 1: 100.00
	Floodplain grasses 2: 100.00
	Reeds: 99.42
	Riparian: 100.00
	Firescar: 100.00
	Island interior: 100.00
	Acacia woodlands: 100.00
	Acacia shrublands: 98.74
	Acacia grasslands: 100.00
	Short mopane: 99.14
	Mixed mopane: 100.00
	Exposed soils: 100.00
---
AA: 99.81%
Kappa: 99.79
run 2 / 5
Best validation overall accuracy 1.0
Confusion matrix :
[[173   0   0   0   0   0   0   0   0   0   0   0   0   0]
 [  0  65   0   0   0   0   0   0   0   0   0   0   0   0]
 [  0   0 161   0   0   0   0   0   0   0   0   0   0   0]
 [  0   0   0 137   0   0   0   0   0   0   0   0   0   0]
 [  0   0   0   0 172   0   0   0   0   0   0   0   0   0]
 [  0   0   0   0   2 170   0   0   0   0   0   0   0   0]
 [  0   0   0   0   0   0 166   0   0   0   0   0   0   0]
 [  0   0   0   0   0   0   0 130   0   0   0   0   0   0]
 [  0   0   0   0   0   0   0   0 201   0   0   0   0   0]
 [  0   0   0   0   0   0   0   0   0 159   0   0   0   0]
 [  0   0   0   0   0   0   0   0   0   0 195   0   0   0]
 [  0   0   0   0   0   0   0   0   0   0   0 116   0   0]
 [  0   0   0   0   0   0   0   0   0   0   0   0 171   0]
 [  0   0   0   0   0   0   0   0   0   0   0   0   0  61]]---
Accuracy : 99.90%
---
class acc :
	Water: 100.00
	Hippo grass: 100.00
	Floodplain grasses 1: 100.00
	Floodplain grasses 2: 100.00
	Reeds: 100.00
	Riparian: 98.84
	Firescar: 100.00
	Island interior: 100.00
	Acacia woodlands: 100.00
	Acacia shrublands: 100.00
	Acacia grasslands: 100.00
	Short mopane: 100.00
	Mixed mopane: 100.00
	Exposed soils: 100.00
---
AA: 99.92%
Kappa: 99.90
run 3 / 5
Best validation overall accuracy 1.0
Confusion matrix :
[[173   0   0   0   0   0   0   0   0   0   0   0   0   0]
 [  0  65   0   0   0   0   0   0   0   0   0   0   0   0]
 [  0   0 161   0   0   0   0   0   0   0   0   0   0   0]
 [  0   0   0 137   0   0   0   0   0   0   0   0   0   0]
 [  0   0   0   0 172   0   0   0   0   0   0   0   0   0]
 [  0   0   0   0   0 172   0   0   0   0   0   0   0   0]
 [  0   0   0   0   0   0 166   0   0   0   0   0   0   0]
 [  0   0   0   0   0   0   0 130   0   0   0   0   0   0]
 [  0   0   0   0   0   0   0   0 201   0   0   0   0   0]
 [  0   0   0   0   0   0   0   0   0 159   0   0   0   0]
 [  0   0   0   0   0   0   0   0   0   0 195   0   0   0]
 [  0   0   0   0   0   0   0   0   0   0   0 116   0   0]
 [  0   0   0   0   0   0   0   0   0   0   0   0 171   0]
 [  0   0   0   0   0   0   0   0   0   0   0   0   0  61]]---
Accuracy : 100.00%
---
class acc :
	Water: 100.00
	Hippo grass: 100.00
	Floodplain grasses 1: 100.00
	Floodplain grasses 2: 100.00
	Reeds: 100.00
	Riparian: 100.00
	Firescar: 100.00
	Island interior: 100.00
	Acacia woodlands: 100.00
	Acacia shrublands: 100.00
	Acacia grasslands: 100.00
	Short mopane: 100.00
	Mixed mopane: 100.00
	Exposed soils: 100.00
---
AA: 100.00%
Kappa: 100.00
run 4 / 5
Best validation overall accuracy 1.0
Confusion matrix :
[[173   0   0   0   0   0   0   0   0   0   0   0   0   0]
 [  0  65   0   0   0   0   0   0   0   0   0   0   0   0]
 [  0   0 161   0   0   0   0   0   0   0   0   0   0   0]
 [  0   0   0 137   0   0   0   0   0   0   0   0   0   0]
 [  0   0   0   0 171   1   0   0   0   0   0   0   0   0]
 [  0   0   0   0   0 172   0   0   0   0   0   0   0   0]
 [  0   0   0   0   0   0 166   0   0   0   0   0   0   0]
 [  0   0   0   0   0   0   0 130   0   0   0   0   0   0]
 [  0   0   0   0   0   0   0   0 201   0   0   0   0   0]
 [  0   0   0   0   0   0   0   0   0 159   0   0   0   0]
 [  0   0   0   0   0   0   0   0   0   0 195   0   0   0]
 [  0   0   0   0   0   0   0   0   0   0   0 116   0   0]
 [  0   0   0   0   0   0   0   0   0   0   0   0 171   0]
 [  0   0   0   0   0   0   0   0   0   0   0   0   0  61]]---
Accuracy : 99.95%
---
class acc :
	Water: 100.00
	Hippo grass: 100.00
	Floodplain grasses 1: 100.00
	Floodplain grasses 2: 100.00
	Reeds: 99.42
	Riparian: 100.00
	Firescar: 100.00
	Island interior: 100.00
	Acacia woodlands: 100.00
	Acacia shrublands: 100.00
	Acacia grasslands: 100.00
	Short mopane: 100.00
	Mixed mopane: 100.00
	Exposed soils: 100.00
---
AA: 99.96%
Kappa: 99.95
run 5 / 5
Best validation overall accuracy 1.0
Confusion matrix :
[[173   0   0   0   0   0   0   0   0   0   0   0   0   0]
 [  0  65   0   0   0   0   0   0   0   0   0   0   0   0]
 [  0   0 161   0   0   0   0   0   0   0   0   0   0   0]
 [  0   0   0 137   0   0   0   0   0   0   0   0   0   0]
 [  0   0   0   0 168   4   0   0   0   0   0   0   0   0]
 [  0   0   0   0   0 172   0   0   0   0   0   0   0   0]
 [  0   0   0   0   0   0 166   0   0   0   0   0   0   0]
 [  0   0   0   0   0   0   0 130   0   0   0   0   0   0]
 [  0   0   0   0   0   0   0   0 201   0   0   0   0   0]
 [  0   0   0   0   0   0   0   0   0 158   1   0   0   0]
 [  0   0   0   0   0   0   0   0   0   0 195   0   0   0]
 [  0   0   0   0   0   0   0   0   0   0   0 116   0   0]
 [  0   0   0   0   0   0   0   0   0   0   0   0 171   0]
 [  0   0   0   0   0   0   0   0   0   0   0   0   0  61]]---
Accuracy : 99.76%
---
class acc :
	Water: 100.00
	Hippo grass: 100.00
	Floodplain grasses 1: 100.00
	Floodplain grasses 2: 100.00
	Reeds: 97.67
	Riparian: 100.00
	Firescar: 100.00
	Island interior: 100.00
	Acacia woodlands: 100.00
	Acacia shrublands: 99.37
	Acacia grasslands: 100.00
	Short mopane: 100.00
	Mixed mopane: 100.00
	Exposed soils: 100.00
---
AA: 99.79%
Kappa: 99.74
Agregated results :
Confusion matrix :
[[1.730e+02 0.000e+00 0.000e+00 0.000e+00 0.000e+00 0.000e+00 0.000e+00
  0.000e+00 0.000e+00 0.000e+00 0.000e+00 0.000e+00 0.000e+00 0.000e+00]
 [0.000e+00 6.500e+01 0.000e+00 0.000e+00 0.000e+00 0.000e+00 0.000e+00
  0.000e+00 0.000e+00 0.000e+00 0.000e+00 0.000e+00 0.000e+00 0.000e+00]
 [0.000e+00 0.000e+00 1.610e+02 0.000e+00 0.000e+00 0.000e+00 0.000e+00
  0.000e+00 0.000e+00 0.000e+00 0.000e+00 0.000e+00 0.000e+00 0.000e+00]
 [0.000e+00 0.000e+00 0.000e+00 1.370e+02 0.000e+00 0.000e+00 0.000e+00
  0.000e+00 0.000e+00 0.000e+00 0.000e+00 0.000e+00 0.000e+00 0.000e+00]
 [0.000e+00 0.000e+00 0.000e+00 0.000e+00 1.708e+02 1.200e+00 0.000e+00
  0.000e+00 0.000e+00 0.000e+00 0.000e+00 0.000e+00 0.000e+00 0.000e+00]
 [0.000e+00 0.000e+00 0.000e+00 0.000e+00 4.000e-01 1.716e+02 0.000e+00
  0.000e+00 0.000e+00 0.000e+00 0.000e+00 0.000e+00 0.000e+00 0.000e+00]
 [0.000e+00 0.000e+00 0.000e+00 0.000e+00 0.000e+00 0.000e+00 1.660e+02
  0.000e+00 0.000e+00 0.000e+00 0.000e+00 0.000e+00 0.000e+00 0.000e+00]
 [0.000e+00 0.000e+00 0.000e+00 0.000e+00 0.000e+00 0.000e+00 0.000e+00
  1.300e+02 0.000e+00 0.000e+00 0.000e+00 0.000e+00 0.000e+00 0.000e+00]
 [0.000e+00 0.000e+00 0.000e+00 0.000e+00 0.000e+00 0.000e+00 0.000e+00
  0.000e+00 2.010e+02 0.000e+00 0.000e+00 0.000e+00 0.000e+00 0.000e+00]
 [0.000e+00 0.000e+00 0.000e+00 0.000e+00 0.000e+00 0.000e+00 0.000e+00
  0.000e+00 0.000e+00 1.584e+02 6.000e-01 0.000e+00 0.000e+00 0.000e+00]
 [0.000e+00 0.000e+00 0.000e+00 0.000e+00 0.000e+00 0.000e+00 0.000e+00
  0.000e+00 0.000e+00 0.000e+00 1.950e+02 0.000e+00 0.000e+00 0.000e+00]
 [0.000e+00 0.000e+00 0.000e+00 0.000e+00 0.000e+00 0.000e+00 0.000e+00
  0.000e+00 0.000e+00 0.000e+00 0.000e+00 1.158e+02 2.000e-01 0.000e+00]
 [0.000e+00 0.000e+00 0.000e+00 0.000e+00 0.000e+00 0.000e+00 0.000e+00
  0.000e+00 0.000e+00 0.000e+00 0.000e+00 0.000e+00 1.710e+02 0.000e+00]
 [0.000e+00 0.000e+00 0.000e+00 0.000e+00 0.000e+00 0.000e+00 0.000e+00
  0.000e+00 0.000e+00 0.000e+00 0.000e+00 0.000e+00 0.000e+00 6.100e+01]]---
Accuracy: 99.88 +- 0.09
---
class acc :
	Water: 100.00 +- 0.00
	Hippo grass: 100.00 +- 0.00
	Floodplain grasses 1: 100.00 +- 0.00
	Floodplain grasses 2: 100.00 +- 0.00
	Reeds: 99.30 +- 0.85
	Riparian: 99.77 +- 0.47
	Firescar: 100.00 +- 0.00
	Island interior: 100.00 +- 0.00
	Acacia woodlands: 100.00 +- 0.00
	Acacia shrublands: 99.62 +- 0.50
	Acacia grasslands: 100.00 +- 0.00
	Short mopane: 99.83 +- 0.34
	Mixed mopane: 100.00 +- 0.00
	Exposed soils: 100.00 +- 0.00
---
AA: 99.89 +- 0.08
Kappa: 99.87 +- 0.10
