run 1 / 5
Best validation overall accuracy 1.0
Confusion matrix :
[[173   0   0   0   0   0   0   0   0   0   0   0   0   0]
 [  0  65   0   0   0   0   0   0   0   0   0   0   0   0]
 [  0   0 161   0   0   0   0   0   0   0   0   0   0   0]
 [  0   0   0 137   0   0   0   0   0   0   0   0   0   0]
 [  0   0   0   0 172   0   0   0   0   0   0   0   0   0]
 [  0   0   0   0   3 169   0   0   0   0   0   0   0   0]
 [  0   0   0   0   0   0 166   0   0   0   0   0   0   0]
 [  0   0   0   0   0   0   0 130   0   0   0   0   0   0]
 [  0   0   0   0   0   0   0   0 201   0   0   0   0   0]
 [  0   0   0   0   0   0   0   0   0 159   0   0   0   0]
 [  0   0   0   0   0   0   0   0   0   0 195   0   0   0]
 [  0   0   0   0   0   0   0   0   0   0   0 116   0   0]
 [  0   0   0   0   0   0   0   0   0   0   0   0 171   0]
 [  0   0   0   0   0   0   0   0   0   0   0   0   0  61]]---
Accuracy : 99.86%
---
class acc :
	Water: 100.00
	Hippo grass: 100.00
	Floodplain grasses 1: 100.00
	Floodplain grasses 2: 100.00
	Reeds: 100.00
	Riparian: 98.26
	Firescar: 100.00
	Island interior: 100.00
	Acacia woodlands: 100.00
	Acacia shrublands: 100.00
	Acacia grasslands: 100.00
	Short mopane: 100.00
	Mixed mopane: 100.00
	Exposed soils: 100.00
---
AA: 99.88%
Kappa: 99.84
run 2 / 5
Best validation overall accuracy 1.0
Confusion matrix :
[[173   0   0   0   0   0   0   0   0   0   0   0   0   0]
 [  0  65   0   0   0   0   0   0   0   0   0   0   0   0]
 [  0   0 161   0   0   0   0   0   0   0   0   0   0   0]
 [  0   0   0 137   0   0   0   0   0   0   0   0   0   0]
 [  0   0   0   0 172   0   0   0   0   0   0   0   0   0]
 [  0   0   0   0   0 172   0   0   0   0   0   0   0   0]
 [  0   0   0   0   0   0 166   0   0   0   0   0   0   0]
 [  0   0   0   0   0   0   0 130   0   0   0   0   0   0]
 [  0   0   0   0   0   0   0   0 201   0   0   0   0   0]
 [  0   0   0   0   0   0   0   0   0 159   0   0   0   0]
 [  0   0   0   0   0   0   0   0   0   0 195   0   0   0]
 [  0   0   0   0   0   0   0   0   0   0   0 116   0   0]
 [  0   0   0   0   0   0   0   0   0   0   0   0 171   0]
 [  0   0   0   0   0   0   0   0   0   0   0   0   0  61]]---
Accuracy : 100.00%
---
class acc :
	Water: 100.00
	Hippo grass: 100.00
	Floodplain grasses 1: 100.00
	Floodplain grasses 2: 100.00
	Reeds: 100.00
	Riparian: 100.00
	Firescar: 100.00
	Island interior: 100.00
	Acacia woodlands: 100.00
	Acacia shrublands: 100.00
	Acacia grasslands: 100.00
	Short mopane: 100.00
	Mixed mopane: 100.00
	Exposed soils: 100.00
---
AA: 100.00%
Kappa: 100.00
run 3 / 5
Best validation overall accuracy 1.0
Confusion matrix :
[[173   0   0   0   0   0   0   0   0   0   0   0   0   0]
 [  0  65   0   0   0   0   0   0   0   0   0   0   0   0]
 [  0   0 161   0   0   0   0   0   0   0   0   0   0   0]
 [  0   0   0 137   0   0   0   0   0   0   0   0   0   0]
 [  0   0   0   0 172   0   0   0   0   0   0   0   0   0]
 [  0   0   0   0   0 172   0   0   0   0   0   0   0   0]
 [  0   0   0   0   0   0 166   0   0   0   0   0   0   0]
 [  0   0   0   0   0   0   0 130   0   0   0   0   0   0]
 [  0   0   0   0   0   0   0   0 201   0   0   0   0   0]
 [  0   0   0   0   0   0   0   0   0 159   0   0   0   0]
 [  0   0   0   0   0   0   0   0   0   0 195   0   0   0]
 [  0   0   0   0   0   0   0   0   0   0   0 116   0   0]
 [  0   0   0   0   0   0   0   0   0   0   0   0 171   0]
 [  0   0   0   0   0   0   0   0   0   0   0   0   0  61]]---
Accuracy : 100.00%
---
class acc :
	Water: 100.00
	Hippo grass: 100.00
	Floodplain grasses 1: 100.00
	Floodplain grasses 2: 100.00
	Reeds: 100.00
	Riparian: 100.00
	Firescar: 100.00
	Island interior: 100.00
	Acacia woodlands: 100.00
	Acacia shrublands: 100.00
	Acacia grasslands: 100.00
	Short mopane: 100.00
	Mixed mopane: 100.00
	Exposed soils: 100.00
---
AA: 100.00%
Kappa: 100.00
run 4 / 5
Best validation overall accuracy 1.0
Confusion matrix :
[[173   0   0   0   0   0   0   0   0   0   0   0   0   0]
 [  0  65   0   0   0   0   0   0   0   0   0   0   0   0]
 [  0   0 161   0   0   0   0   0   0   0   0   0   0   0]
 [  0   0   0 137   0   0   0   0   0   0   0   0   0   0]
 [  0   0   0   1 171   0   0   0   0   0   0   0   0   0]
 [  0   0   0   0   0 172   0   0   0   0   0   0   0   0]
 [  0   0   0   0   0   0 166   0   0   0   0   0   0   0]
 [  0   0   0   0   0   0   0 130   0   0   0   0   0   0]
 [  0   0   0   0   0   0   0   0 201   0   0   0   0   0]
 [  0   0   0   0   0   0   0   0   0 159   0   0   0   0]
 [  0   0   0   0   0   0   0   0   0   0 195   0   0   0]
 [  0   0   0   0   0   0   0   0   0   0   0 116   0   0]
 [  0   0   0   0   0   0   0   0   0   0   0   0 171   0]
 [  0   0   0   0   0   0   0   0   0   0   0   0   0  61]]---
Accuracy : 99.95%
---
class acc :
	Water: 100.00
	Hippo grass: 100.00
	Floodplain grasses 1: 100.00
	Floodplain grasses 2: 100.00
	Reeds: 99.42
	Riparian: 100.00
	Firescar: 100.00
	Island interior: 100.00
	Acacia woodlands: 100.00
	Acacia shrublands: 100.00
	Acacia grasslands: 100.00
	Short mopane: 100.00
	Mixed mopane: 100.00
	Exposed soils: 100.00
---
AA: 99.96%
Kappa: 99.95
run 5 / 5
Best validation overall accuracy 1.0
Confusion matrix :
[[173   0   0   0   0   0   0   0   0   0   0   0   0   0]
 [  0  65   0   0   0   0   0   0   0   0   0   0   0   0]
 [  0   0 161   0   0   0   0   0   0   0   0   0   0   0]
 [  0   0   0 137   0   0   0   0   0   0   0   0   0   0]
 [  0   0   0   0 172   0   0   0   0   0   0   0   0   0]
 [  0   0   0   0   1 171   0   0   0   0   0   0   0   0]
 [  0   0   0   0   0   0 166   0   0   0   0   0   0   0]
 [  0   0   0   0   0   0   0 130   0   0   0   0   0   0]
 [  0   0   0   0   0   0   0   0 201   0   0   0   0   0]
 [  0   0   0   0   0   0   0   0   0 159   0   0   0   0]
 [  0   0   0   0   0   0   0   0   0   0 195   0   0   0]
 [  0   0   0   0   0   0   0   0   0   0   0 116   0   0]
 [  0   0   0   0   0   0   0   0   0   0   0   0 171   0]
 [  0   0   0   0   0   0   0   0   0   0   0   0   0  61]]---
Accuracy : 99.95%
---
class acc :
	Water: 100.00
	Hippo grass: 100.00
	Floodplain grasses 1: 100.00
	Floodplain grasses 2: 100.00
	Reeds: 100.00
	Riparian: 99.42
	Firescar: 100.00
	Island interior: 100.00
	Acacia woodlands: 100.00
	Acacia shrublands: 100.00
	Acacia grasslands: 100.00
	Short mopane: 100.00
	Mixed mopane: 100.00
	Exposed soils: 100.00
---
AA: 99.96%
Kappa: 99.95
Agregated results :
Confusion matrix :
[[1.730e+02 0.000e+00 0.000e+00 0.000e+00 0.000e+00 0.000e+00 0.000e+00
  0.000e+00 0.000e+00 0.000e+00 0.000e+00 0.000e+00 0.000e+00 0.000e+00]
 [0.000e+00 6.500e+01 0.000e+00 0.000e+00 0.000e+00 0.000e+00 0.000e+00
  0.000e+00 0.000e+00 0.000e+00 0.000e+00 0.000e+00 0.000e+00 0.000e+00]
 [0.000e+00 0.000e+00 1.610e+02 0.000e+00 0.000e+00 0.000e+00 0.000e+00
  0.000e+00 0.000e+00 0.000e+00 0.000e+00 0.000e+00 0.000e+00 0.000e+00]
 [0.000e+00 0.000e+00 0.000e+00 1.370e+02 0.000e+00 0.000e+00 0.000e+00
  0.000e+00 0.000e+00 0.000e+00 0.000e+00 0.000e+00 0.000e+00 0.000e+00]
 [0.000e+00 0.000e+00 0.000e+00 2.000e-01 1.718e+02 0.000e+00 0.000e+00
  0.000e+00 0.000e+00 0.000e+00 0.000e+00 0.000e+00 0.000e+00 0.000e+00]
 [0.000e+00 0.000e+00 0.000e+00 0.000e+00 8.000e-01 1.712e+02 0.000e+00
  0.000e+00 0.000e+00 0.000e+00 0.000e+00 0.000e+00 0.000e+00 0.000e+00]
 [0.000e+00 0.000e+00 0.000e+00 0.000e+00 0.000e+00 0.000e+00 1.660e+02
  0.000e+00 0.000e+00 0.000e+00 0.000e+00 0.000e+00 0.000e+00 0.000e+00]
 [0.000e+00 0.000e+00 0.000e+00 0.000e+00 0.000e+00 0.000e+00 0.000e+00
  1.300e+02 0.000e+00 0.000e+00 0.000e+00 0.000e+00 0.000e+00 0.000e+00]
 [0.000e+00 0.000e+00 0.000e+00 0.000e+00 0.000e+00 0.000e+00 0.000e+00
  0.000e+00 2.010e+02 0.000e+00 0.000e+00 0.000e+00 0.000e+00 0.000e+00]
 [0.000e+00 0.000e+00 0.000e+00 0.000e+00 0.000e+00 0.000e+00 0.000e+00
  0.000e+00 0.000e+00 1.590e+02 0.000e+00 0.000e+00 0.000e+00 0.000e+00]
 [0.000e+00 0.000e+00 0.000e+00 0.000e+00 0.000e+00 0.000e+00 0.000e+00
  0.000e+00 0.000e+00 0.000e+00 1.950e+02 0.000e+00 0.000e+00 0.000e+00]
 [0.000e+00 0.000e+00 0.000e+00 0.000e+00 0.000e+00 0.000e+00 0.000e+00
  0.000e+00 0.000e+00 0.000e+00 0.000e+00 1.160e+02 0.000e+00 0.000e+00]
 [0.000e+00 0.000e+00 0.000e+00 0.000e+00 0.000e+00 0.000e+00 0.000e+00
  0.000e+00 0.000e+00 0.000e+00 0.000e+00 0.000e+00 1.710e+02 0.000e+00]
 [0.000e+00 0.000e+00 0.000e+00 0.000e+00 0.000e+00 0.000e+00 0.000e+00
  0.000e+00 0.000e+00 0.000e+00 0.000e+00 0.000e+00 0.000e+00 6.100e+01]]---
Accuracy: 99.95 +- 0.05
---
class acc :
	Water: 100.00 +- 0.00
	Hippo grass: 100.00 +- 0.00
	Floodplain grasses 1: 100.00 +- 0.00
	Floodplain grasses 2: 100.00 +- 0.00
	Reeds: 99.88 +- 0.23
	Riparian: 99.53 +- 0.68
	Firescar: 100.00 +- 0.00
	Island interior: 100.00 +- 0.00
	Acacia woodlands: 100.00 +- 0.00
	Acacia shrublands: 100.00 +- 0.00
	Acacia grasslands: 100.00 +- 0.00
	Short mopane: 100.00 +- 0.00
	Mixed mopane: 100.00 +- 0.00
	Exposed soils: 100.00 +- 0.00
---
AA: 99.96 +- 0.05
Kappa: 99.95 +- 0.06
