run 1 / 5
Best validation overall accuracy 0.859375
Confusion matrix :
[[1119    8    0   68    0    0    1    5    0    0    0    0    0    0
     0]
 [ 115 1076    0    0    0    0    3    0   10    0    0    0    0    0
     0]
 [   0    0  667    0    0    0    0    0    0    2    0    0    0    0
     0]
 [   3   17    0 1122    0    0   38    3    2    0    0    0    0    9
     0]
 [   0    1    0    0 1184    0    0    3    0    2    1    1    0    0
     0]
 [  21    0    0    0    0  235   51    0    1    1    1    2    0    0
     0]
 [   4   35    0   20    0    0  962   37   20    0  117    2    0   19
     1]
 [   0    0    2    0   37    2    0  984   14   42    3   79   12    0
    19]
 [   0   22    0    0   18    0   73   22  955   30   33   34   15    0
     0]
 [   0    0    0    0   18    0    0   15   62  899  129    0   55    0
     0]
 [   0    0   11    0   17    0   40    1   90   86  909    2   30    0
     0]
 [   0    0    0    0   99    0    0   31   17    0    0  997   40    0
     0]
 [   0    0    0    0    0    0    1  100   10    0    0  125  214    0
     0]
 [   0    0    0   12    0    0    0    7   22    0    0    0    0  370
     0]
 [   0    0    0    0    0    0    0    0    0    0    0    0    0    4
   630]]---
Accuracy : 85.41%
---
class acc :
	Healthy grass: 93.17
	Stressed grass: 89.37
	Synthetic grass: 99.70
	Trees: 93.97
	Soil: 99.33
	Water: 75.32
	Residential: 79.05
	Commercial: 82.41
	Road: 79.45
	Highway: 76.32
	Railway: 76.64
	Parking Lot 1: 84.21
	Parking Lot 2: 47.56
	Tennis Court: 90.02
	Running Track: 99.37
---
AA: 84.39%
Kappa: 84.22
run 2 / 5
Best validation overall accuracy 0.87890625
Confusion matrix :
[[1106   34    0   60    0    0    0    0    1    0    0    0    0    0
     0]
 [ 242  934    0   13    0    0   11    0    4    0    0    0    0    0
     0]
 [   0    0  612    0    0    0    0   57    0    0    0    0    0    0
     0]
 [ 124    8    0  986    0    4   41    0    7    0    5    0    0   19
     0]
 [   0    0    0    0 1172    0    0   18    0    0    1    1    0    0
     0]
 [  15    0    0   25    0  204    3    0    5   38    3   14    5    0
     0]
 [  37   36    0   34    0   15  883   15    8    0  143    0    0   46
     0]
 [   0    0   29    0   18    0    0  956    4   26    3   65   53   31
     9]
 [   0   28    0    0   22    0  111   25  851   24   73   35   13   20
     0]
 [   0    0    0    0    4    0    0   50   76  993   38   10    0    7
     0]
 [   0    0    7    0    0    0   28   14   13  216  906    2    0    0
     0]
 [   0    0    0    0    7    0    6   33    4    0    0 1065   69    0
     0]
 [   0    0    0    0    0    0    3   25   16   19    2   98  287    0
     0]
 [   0    0    0    0    0    0    2    1   14    0    2    0    0  392
     0]
 [   0    3    0    0    0    0    0   14    0    0    0    0    0    0
   617]]---
Accuracy : 82.92%
---
class acc :
	Healthy grass: 92.09
	Stressed grass: 77.57
	Synthetic grass: 91.48
	Trees: 82.58
	Soil: 98.32
	Water: 65.38
	Residential: 72.56
	Commercial: 80.07
	Road: 70.80
	Highway: 84.30
	Railway: 76.39
	Parking Lot 1: 89.95
	Parking Lot 2: 63.78
	Tennis Court: 95.38
	Running Track: 97.32
---
AA: 82.53%
Kappa: 81.54
run 3 / 5
Best validation overall accuracy 0.8828125
Confusion matrix :
[[1045   23    0  133    0    0    0    0    0    0    0    0    0    0
     0]
 [  86 1084    0    6    0    0   14    0   14    0    0    0    0    0
     0]
 [   0    0  656    0    0    0    0   10    0    0    0    0    0    0
     3]
 [   8   22    0 1124    0    0   27    1    2    0    2    0    0    8
     0]
 [   0    0    0    0 1146    0    0   11    0    0    0   22    0   13
     0]
 [   0    0    0   13    0  154   85    4    9    5    3   15   24    0
     0]
 [   7   50    2   13    0    0  972   33   26    0   94    0    2   18
     0]
 [   0    0   47    0   16   14    3  865   58   18    4  100   34    0
    35]
 [   0    8    0    0    2    0   57    8  964   26   71   42   20    4
     0]
 [   0    0    0    0    0    0    0   76   23  979   76   17    0    7
     0]
 [   0    0   10    0    1    0   57    8   49  181  878    0    0    2
     0]
 [   0    0   29    0   11    0   24   53    2    0   31  972   62    0
     0]
 [   0    0    0    0    0    0    9   41    9   20    2  128  241    0
     0]
 [   0    0    0    2    0    0    5   27   36    2    9    3    0  327
     0]
 [   0    0    0    0   49    0    0    0    0    0    0    0    0   20
   565]]---
Accuracy : 82.98%
---
class acc :
	Healthy grass: 87.01
	Stressed grass: 90.03
	Synthetic grass: 98.06
	Trees: 94.14
	Soil: 96.14
	Water: 49.36
	Residential: 79.87
	Commercial: 72.45
	Road: 80.20
	Highway: 83.11
	Railway: 74.03
	Parking Lot 1: 82.09
	Parking Lot 2: 53.56
	Tennis Court: 79.56
	Running Track: 89.12
---
AA: 80.58%
Kappa: 81.58
run 4 / 5
Best validation overall accuracy 0.8046875
Confusion matrix :
[[1092   46    0   60    0    0    0    3    0    0    0    0    0    0
     0]
 [  42 1133    0    0    0    0   26    0    3    0    0    0    0    0
     0]
 [   0    0  569    0    0    0    0   96    0    4    0    0    0    0
     0]
 [  75   23    0 1041    0    0   28    1   26    0    0    0    0    0
     0]
 [   0    3    2    0 1141    0    0    7    0    0    4   34    0    1
     0]
 [   4    0    0   40    0  187   31    0   16   11    3    0   20    0
     0]
 [  12   39    0   26    0    0  914   30   60    1  114    5    4   12
     0]
 [   0    0    0    0   13    2    2 1006    1   26    9   66   25   25
    19]
 [   0   30    0    0    2    0   15   69  976   28   35   23   23    1
     0]
 [   0    1    0    0   22    0    0   26    1  947   93   39   49    0
     0]
 [   0    0   12    0    0    0  117   18   34   52  940    1   12    0
     0]
 [   0    0    0    0    1    0   12   82   26    2    0  970   91    0
     0]
 [   0    0    0    0    0    0    0   49   14    2    7  107  271    0
     0]
 [   0    0    0    0    0    0   15    2   60    1    2    0    0  331
     0]
 [   0    0    0    0   41    0    0   62    0    0    0    0    0   22
   509]]---
Accuracy : 83.36%
---
class acc :
	Healthy grass: 90.92
	Stressed grass: 94.10
	Synthetic grass: 85.05
	Trees: 87.19
	Soil: 95.72
	Water: 59.94
	Residential: 75.10
	Commercial: 84.25
	Road: 81.20
	Highway: 80.39
	Railway: 79.26
	Parking Lot 1: 81.93
	Parking Lot 2: 60.22
	Tennis Court: 80.54
	Running Track: 80.28
---
AA: 81.07%
Kappa: 81.99
run 5 / 5
Best validation overall accuracy 0.84765625
Confusion matrix :
[[1023   66    0  107    0    0    4    0    1    0    0    0    0    0
     0]
 [  44 1078    0   26    1    0   55    0    0    0    0    0    0    0
     0]
 [   0    0  646    0    0    0    0   21    0    0    0    0    0    0
     2]
 [   7   13    0 1124    0    3   40    0    1    0    0    0    0    6
     0]
 [   0    0    0    0 1145    0    0   11   27    5    0    4    0    0
     0]
 [   0    0    5   26    0  204   39    0   18    6   11    0    3    0
     0]
 [   0   22    0   33    5    5  856   18   37    0  221    0    1   16
     3]
 [   0    0   27   33    8    0    4  880   46    6   15  136    3    5
    31]
 [   0    4    0    0   19    5   74   14  891   44   73   17   48   13
     0]
 [   0    0    0    0   14    0    0    9   13  953  106    0   83    0
     0]
 [   0    0    8    0    0    0   14   63    0   45 1022    0    8   26
     0]
 [   0    0   36    0   15    0   24   18    4    1    0  980  106    0
     0]
 [   0    0    0    0    0    1    0   62   20    0    0  120  247    0
     0]
 [   0    0    0    4    0    0   49   11   11    8    1    0    1  326
     0]
 [   0    0    0    0   13    0    0    1    0    0    0    0    0    0
   620]]---
Accuracy : 83.14%
---
class acc :
	Healthy grass: 85.18
	Stressed grass: 89.53
	Synthetic grass: 96.56
	Trees: 94.14
	Soil: 96.06
	Water: 65.38
	Residential: 70.34
	Commercial: 73.70
	Road: 74.13
	Highway: 80.90
	Railway: 86.17
	Parking Lot 1: 82.77
	Parking Lot 2: 54.89
	Tennis Court: 79.32
	Running Track: 97.79
---
AA: 81.79%
Kappa: 81.77
Agregated results :
Confusion matrix :
[[1.0770e+03 3.5400e+01 0.0000e+00 8.5600e+01 0.0000e+00 0.0000e+00
  1.0000e+00 1.6000e+00 4.0000e-01 0.0000e+00 0.0000e+00 0.0000e+00
  0.0000e+00 0.0000e+00 0.0000e+00]
 [1.0580e+02 1.0610e+03 0.0000e+00 9.0000e+00 2.0000e-01 0.0000e+00
  2.1800e+01 0.0000e+00 6.2000e+00 0.0000e+00 0.0000e+00 0.0000e+00
  0.0000e+00 0.0000e+00 0.0000e+00]
 [0.0000e+00 0.0000e+00 6.3000e+02 0.0000e+00 0.0000e+00 0.0000e+00
  0.0000e+00 3.6800e+01 0.0000e+00 1.2000e+00 0.0000e+00 0.0000e+00
  0.0000e+00 0.0000e+00 1.0000e+00]
 [4.3400e+01 1.6600e+01 0.0000e+00 1.0794e+03 0.0000e+00 1.4000e+00
  3.4800e+01 1.0000e+00 7.6000e+00 0.0000e+00 1.4000e+00 0.0000e+00
  0.0000e+00 8.4000e+00 0.0000e+00]
 [0.0000e+00 8.0000e-01 4.0000e-01 0.0000e+00 1.1576e+03 0.0000e+00
  0.0000e+00 1.0000e+01 5.4000e+00 1.4000e+00 1.2000e+00 1.2400e+01
  0.0000e+00 2.8000e+00 0.0000e+00]
 [8.0000e+00 0.0000e+00 1.0000e+00 2.0800e+01 0.0000e+00 1.9680e+02
  4.1800e+01 8.0000e-01 9.8000e+00 1.2200e+01 4.2000e+00 6.2000e+00
  1.0400e+01 0.0000e+00 0.0000e+00]
 [1.2000e+01 3.6400e+01 4.0000e-01 2.5200e+01 1.0000e+00 4.0000e+00
  9.1740e+02 2.6600e+01 3.0200e+01 2.0000e-01 1.3780e+02 1.4000e+00
  1.4000e+00 2.2200e+01 8.0000e-01]
 [0.0000e+00 0.0000e+00 2.1000e+01 6.6000e+00 1.8400e+01 3.6000e+00
  1.8000e+00 9.3820e+02 2.4600e+01 2.3600e+01 6.8000e+00 8.9200e+01
  2.5400e+01 1.2200e+01 2.2600e+01]
 [0.0000e+00 1.8400e+01 0.0000e+00 0.0000e+00 1.2600e+01 1.0000e+00
  6.6000e+01 2.7600e+01 9.2740e+02 3.0400e+01 5.7000e+01 3.0200e+01
  2.3800e+01 7.6000e+00 0.0000e+00]
 [0.0000e+00 2.0000e-01 0.0000e+00 0.0000e+00 1.1600e+01 0.0000e+00
  0.0000e+00 3.5200e+01 3.5000e+01 9.5420e+02 8.8400e+01 1.3200e+01
  3.7400e+01 2.8000e+00 0.0000e+00]
 [0.0000e+00 0.0000e+00 9.6000e+00 0.0000e+00 3.6000e+00 0.0000e+00
  5.1200e+01 2.0800e+01 3.7200e+01 1.1600e+02 9.3100e+02 1.0000e+00
  1.0000e+01 5.6000e+00 0.0000e+00]
 [0.0000e+00 0.0000e+00 1.3000e+01 0.0000e+00 2.6600e+01 0.0000e+00
  1.3200e+01 4.3400e+01 1.0600e+01 6.0000e-01 6.2000e+00 9.9680e+02
  7.3600e+01 0.0000e+00 0.0000e+00]
 [0.0000e+00 0.0000e+00 0.0000e+00 0.0000e+00 0.0000e+00 2.0000e-01
  2.6000e+00 5.5400e+01 1.3800e+01 8.2000e+00 2.2000e+00 1.1560e+02
  2.5200e+02 0.0000e+00 0.0000e+00]
 [0.0000e+00 0.0000e+00 0.0000e+00 3.6000e+00 0.0000e+00 0.0000e+00
  1.4200e+01 9.6000e+00 2.8600e+01 2.2000e+00 2.8000e+00 6.0000e-01
  2.0000e-01 3.4920e+02 0.0000e+00]
 [0.0000e+00 6.0000e-01 0.0000e+00 0.0000e+00 2.0600e+01 0.0000e+00
  0.0000e+00 1.5400e+01 0.0000e+00 0.0000e+00 0.0000e+00 0.0000e+00
  0.0000e+00 9.2000e+00 5.8820e+02]]---
Accuracy: 83.56 +- 0.94
---
class acc :
	Healthy grass: 89.68 +- 3.06
	Stressed grass: 88.12 +- 5.55
	Synthetic grass: 94.17 +- 5.33
	Trees: 90.40 +- 4.74
	Soil: 97.11 +- 1.44
	Water: 63.08 +- 8.47
	Residential: 75.38 +- 3.66
	Commercial: 78.58 +- 4.70
	Road: 77.15 +- 4.01
	Highway: 81.00 +- 2.74
	Railway: 78.50 +- 4.18
	Parking Lot 1: 84.19 +- 2.99
	Parking Lot 2: 56.00 +- 5.60
	Tennis Court: 84.96 +- 6.55
	Running Track: 92.78 +- 7.19
---
AA: 82.07 +- 1.33
Kappa: 82.22 +- 1.01
