run 1 / 5
Best validation overall accuracy 0.90625
Confusion matrix :
[[1040   32    0   53    0    0    0    1    0    0    0    0    0    0
     0]
 [  15 1114    0    0    0    0    0    0    0    0    0    0    0    0
     0]
 [   0    0  598    0    0    0    3   26    0    0    0    0    0    0
     0]
 [  21   21    0 1071    0    0    5    1    1    0    0    0    0    0
     0]
 [   0    0    0    0 1092    0    0    0    1    2    0    2    0    0
    21]
 [   0    0    0    1    0  253   13    5    4    4    3    7    2    0
     0]
 [   2   55   21    0    5   22  931    9    5    1   38   36    0   15
     1]
 [   0    0   19    0    1    8    5  947   19   11    0   17   67    4
    22]
 [   0    8    2    0    8    0   25    8  926   14   38   53   44    1
     0]
 [   0    0    0    0    2    0    0    0   35 1034   26    5    2    0
     0]
 [   0    0   15    0    3    1   21    3   59   47  919    2   20   22
     0]
 [   0    0    0    0    0    0    9   49    5    3    0  976   68    0
     0]
 [   0    0    0    0    0    4    0   11   47   21    1   75  263    0
     0]
 [   0    6    0    2    0    0   22    4   47    2    1    0    0  301
     0]
 [   0    2    0    0    3    0    2    8    0    0    0    0    0    0
   579]]---
Accuracy : 89.04%
---
class acc :
	Healthy grass: 92.36
	Stressed grass: 98.67
	Synthetic grass: 95.37
	Trees: 95.62
	Soil: 97.67
	Water: 86.64
	Residential: 81.60
	Commercial: 84.55
	Road: 82.17
	Highway: 93.66
	Railway: 82.64
	Parking Lot 1: 87.93
	Parking Lot 2: 62.32
	Tennis Court: 78.18
	Running Track: 97.47
---
AA: 87.79%
Kappa: 88.15
run 2 / 5
Best validation overall accuracy 0.890625
Confusion matrix :
[[1045   48    0   32    0    0    0    1    0    0    0    0    0    0
     0]
 [  21 1106    0    0    0    0    1    0    1    0    0    0    0    0
     0]
 [   0    0  624    0    0    0    0    1    0    0    2    0    0    0
     0]
 [  17   10    0 1086    0    0    6    1    0    0    0    0    0    0
     0]
 [   0    0    0    0 1113    0    0    3    0    0    0    2    0    0
     0]
 [   6    0    0    1    0  247   17    6    3    6    3    3    0    0
     0]
 [   0   45    4    7    6   35  930    7   15    1   70   10    1   10
     0]
 [   0    0   28    0    8    2   13  958   24   10    9   28   19    8
    13]
 [   0   18    1    0   33    0   12    2  923   28   41   45   24    0
     0]
 [   0    0    0    0    0    0    0    0   26 1027   51    0    0    0
     0]
 [   0    0    5    0    5    0   25    1   58   76  920    2    0   20
     0]
 [   0    0    0    0    0    0   36   19    6   36    0 1007    6    0
     0]
 [   0    0    0    0    0    0    0   42   89   20    2  126  143    0
     0]
 [   0    2    0    0    0    0   19    1   26    0    1    0    0  336
     0]
 [   0    1    0    0    0    0    0   19    0    0    0    0    0    0
   574]]---
Accuracy : 89.00%
---
class acc :
	Healthy grass: 92.81
	Stressed grass: 97.96
	Synthetic grass: 99.52
	Trees: 96.96
	Soil: 99.55
	Water: 84.59
	Residential: 81.51
	Commercial: 85.54
	Road: 81.90
	Highway: 93.03
	Railway: 82.73
	Parking Lot 1: 90.72
	Parking Lot 2: 33.89
	Tennis Court: 87.27
	Running Track: 96.63
---
AA: 86.97%
Kappa: 88.10
run 3 / 5
Best validation overall accuracy 0.9076704545454546
Confusion matrix :
[[1063    5    0   56    0    0    0    2    0    0    0    0    0    0
     0]
 [  44 1027    0    0    0    0   57    1    0    0    0    0    0    0
     0]
 [   0    0  605    0    0    0    0   21    0    0    1    0    0    0
     0]
 [  20    9    0 1069    0    0   17    1    3    0    0    0    0    1
     0]
 [   0    0    0    0 1110    0    0    2    0    3    0    3    0    0
     0]
 [   0    0    0    2    0  219   45    4   11    4    3    4    0    0
     0]
 [   0    6   30    3    6   11  988   10   12    0   43   19    0   13
     0]
 [   0    0   26    5    4    2   14  909    8   27    1   37   56   20
    11]
 [   0    2    2    0    7    1   11    8  921   37   40   48   35   15
     0]
 [   0    0    0    0    1    0    0    3    4  990  106    0    0    0
     0]
 [   0    0    6    0    3    0   70    5   23   19  948    2    4   32
     0]
 [   0    0    0    0    0    0   10    3   32    6    0 1023   36    0
     0]
 [   0    0    0    0    0    0    0    2   59   18    6  108  229    0
     0]
 [   0    0    0    0    0    0   23    0   42    0    8    0    0  312
     0]
 [   0    2    0    0    0    0    0    0    0    0    0    0    0    0
   592]]---
Accuracy : 88.75%
---
class acc :
	Healthy grass: 94.40
	Stressed grass: 90.97
	Synthetic grass: 96.49
	Trees: 95.45
	Soil: 99.28
	Water: 75.00
	Residential: 86.59
	Commercial: 81.16
	Road: 81.72
	Highway: 89.67
	Railway: 85.25
	Parking Lot 1: 92.16
	Parking Lot 2: 54.27
	Tennis Court: 81.04
	Running Track: 99.66
---
AA: 86.87%
Kappa: 87.83
run 4 / 5
Best validation overall accuracy 0.8849431818181818
Confusion matrix :
[[1025   61    0   40    0    0    0    0    0    0    0    0    0    0
     0]
 [  14 1085    0    0    0    0   29    0    1    0    0    0    0    0
     0]
 [   0    0  601    0    0    0    0   25    0    0    1    0    0    0
     0]
 [  10   18    0 1075    0    0   13    1    3    0    0    0    0    0
     0]
 [   0    0    0    0 1104    0    0    0    0    3   10    0    0    0
     1]
 [   0    0    0    1    0  221   42   12    0    1    5   10    0    0
     0]
 [   0   23   15    2    5   16  944    9   22    0   75    4    0   22
     4]
 [   0    0   33    0    3    0    1  920   42   23   11   43    6    5
    33]
 [   0    3    2    0    7    0    4    2  880   48   40   34   24   83
     0]
 [   0    0    0    0    8    0    0    0   15 1021   44    6   10    0
     0]
 [   0    0    2    0    0    1   12    0   70   57  957    2    4    7
     0]
 [   0    0    0    0    0    0   16   90    6    0    0  992    6    0
     0]
 [   0    0    0    0    0    0    0   31   44   12    2  108  225    0
     0]
 [   0    1    0    0    0    0    4    1   17    0    5    0    0  357
     0]
 [   0    7    0    0    3    0    0    0    0    0    0    0    0    0
   584]]---
Accuracy : 88.64%
---
class acc :
	Healthy grass: 91.03
	Stressed grass: 96.10
	Synthetic grass: 95.85
	Trees: 95.98
	Soil: 98.75
	Water: 75.68
	Residential: 82.73
	Commercial: 82.14
	Road: 78.08
	Highway: 92.48
	Railway: 86.06
	Parking Lot 1: 89.37
	Parking Lot 2: 53.32
	Tennis Court: 92.73
	Running Track: 98.32
---
AA: 87.24%
Kappa: 87.72
run 5 / 5
Best validation overall accuracy 0.9232954545454546
Confusion matrix :
[[1054   29    0   34    0    0    6    3    0    0    0    0    0    0
     0]
 [  24 1062    0    1    0    0   42    0    0    0    0    0    0    0
     0]
 [   0    0  582    0    0    0    8   22    0    0   15    0    0    0
     0]
 [  15    3    0 1098    0    0    1    1    2    0    0    0    0    0
     0]
 [   0    0    0    0 1104    0    7    1    0    2    0    0    0    0
     4]
 [   0    0    0    1    0  261   10    9    0    4    4    2    1    0
     0]
 [   0   11    1   13    6   25  958    1    7    0   69   38    0   12
     0]
 [   0    0    1    0    4    9    6  991   19    6    4   51   17    3
     9]
 [   0    5    0    0    6    0   11   13  969   24   63   12    5   19
     0]
 [   0    0    0    0    3    0    0    3   28 1020   48    2    0    0
     0]
 [   0    0    4    0    1    0   47    0   32   49  947    2   13   17
     0]
 [   0    0    0    0    0    0    0   22   13    0    0 1048   27    0
     0]
 [   0    0    0    0    0    2    0   33   81   21    4  109  172    0
     0]
 [   0    2    0    0    0    0   18    3   24    0    5    0    0  333
     0]
 [   0    7    0    0    2    0    6   21    0    0    0    0    0    0
   558]]---
Accuracy : 89.87%
---
class acc :
	Healthy grass: 93.61
	Stressed grass: 94.07
	Synthetic grass: 92.82
	Trees: 98.04
	Soil: 98.75
	Water: 89.38
	Residential: 83.96
	Commercial: 88.48
	Road: 85.98
	Highway: 92.39
	Railway: 85.16
	Parking Lot 1: 94.41
	Parking Lot 2: 40.76
	Tennis Court: 86.49
	Running Track: 93.94
---
AA: 87.88%
Kappa: 89.04
Agregated results :
Confusion matrix :
[[1.0454e+03 3.5000e+01 0.0000e+00 4.3000e+01 0.0000e+00 0.0000e+00
  1.2000e+00 1.4000e+00 0.0000e+00 0.0000e+00 0.0000e+00 0.0000e+00
  0.0000e+00 0.0000e+00 0.0000e+00]
 [2.3600e+01 1.0788e+03 0.0000e+00 2.0000e-01 0.0000e+00 0.0000e+00
  2.5800e+01 2.0000e-01 4.0000e-01 0.0000e+00 0.0000e+00 0.0000e+00
  0.0000e+00 0.0000e+00 0.0000e+00]
 [0.0000e+00 0.0000e+00 6.0200e+02 0.0000e+00 0.0000e+00 0.0000e+00
  2.2000e+00 1.9000e+01 0.0000e+00 0.0000e+00 3.8000e+00 0.0000e+00
  0.0000e+00 0.0000e+00 0.0000e+00]
 [1.6600e+01 1.2200e+01 0.0000e+00 1.0798e+03 0.0000e+00 0.0000e+00
  8.4000e+00 1.0000e+00 1.8000e+00 0.0000e+00 0.0000e+00 0.0000e+00
  0.0000e+00 2.0000e-01 0.0000e+00]
 [0.0000e+00 0.0000e+00 0.0000e+00 0.0000e+00 1.1046e+03 0.0000e+00
  1.4000e+00 1.2000e+00 2.0000e-01 2.0000e+00 2.0000e+00 1.4000e+00
  0.0000e+00 0.0000e+00 5.2000e+00]
 [1.2000e+00 0.0000e+00 0.0000e+00 1.2000e+00 0.0000e+00 2.4020e+02
  2.5400e+01 7.2000e+00 3.6000e+00 3.8000e+00 3.6000e+00 5.2000e+00
  6.0000e-01 0.0000e+00 0.0000e+00]
 [4.0000e-01 2.8000e+01 1.4200e+01 5.0000e+00 5.6000e+00 2.1800e+01
  9.5020e+02 7.2000e+00 1.2200e+01 4.0000e-01 5.9000e+01 2.1400e+01
  2.0000e-01 1.4400e+01 1.0000e+00]
 [0.0000e+00 0.0000e+00 2.1400e+01 1.0000e+00 4.0000e+00 4.2000e+00
  7.8000e+00 9.4500e+02 2.2400e+01 1.5400e+01 5.0000e+00 3.5200e+01
  3.3000e+01 8.0000e+00 1.7600e+01]
 [0.0000e+00 7.2000e+00 1.4000e+00 0.0000e+00 1.2200e+01 2.0000e-01
  1.2600e+01 6.6000e+00 9.2380e+02 3.0200e+01 4.4400e+01 3.8400e+01
  2.6400e+01 2.3600e+01 0.0000e+00]
 [0.0000e+00 0.0000e+00 0.0000e+00 0.0000e+00 2.8000e+00 0.0000e+00
  0.0000e+00 1.2000e+00 2.1600e+01 1.0184e+03 5.5000e+01 2.6000e+00
  2.4000e+00 0.0000e+00 0.0000e+00]
 [0.0000e+00 0.0000e+00 6.4000e+00 0.0000e+00 2.4000e+00 4.0000e-01
  3.5000e+01 1.8000e+00 4.8400e+01 4.9600e+01 9.3820e+02 2.0000e+00
  8.2000e+00 1.9600e+01 0.0000e+00]
 [0.0000e+00 0.0000e+00 0.0000e+00 0.0000e+00 0.0000e+00 0.0000e+00
  1.4200e+01 3.6600e+01 1.2400e+01 9.0000e+00 0.0000e+00 1.0092e+03
  2.8600e+01 0.0000e+00 0.0000e+00]
 [0.0000e+00 0.0000e+00 0.0000e+00 0.0000e+00 0.0000e+00 1.2000e+00
  0.0000e+00 2.3800e+01 6.4000e+01 1.8400e+01 3.0000e+00 1.0520e+02
  2.0640e+02 0.0000e+00 0.0000e+00]
 [0.0000e+00 2.2000e+00 0.0000e+00 4.0000e-01 0.0000e+00 0.0000e+00
  1.7200e+01 1.8000e+00 3.1200e+01 4.0000e-01 4.0000e+00 0.0000e+00
  0.0000e+00 3.2780e+02 0.0000e+00]
 [0.0000e+00 3.8000e+00 0.0000e+00 0.0000e+00 1.6000e+00 0.0000e+00
  1.6000e+00 9.6000e+00 0.0000e+00 0.0000e+00 0.0000e+00 0.0000e+00
  0.0000e+00 0.0000e+00 5.7740e+02]]---
Accuracy: 89.06 +- 0.43
---
class acc :
	Healthy grass: 92.84 +- 1.14
	Stressed grass: 95.55 +- 2.80
	Synthetic grass: 96.01 +- 2.15
	Trees: 96.41 +- 0.97
	Soil: 98.80 +- 0.64
	Water: 82.26 +- 5.85
	Residential: 83.28 +- 1.88
	Commercial: 84.37 +- 2.59
	Road: 81.97 +- 2.50
	Highway: 92.25 +- 1.36
	Railway: 84.37 +- 1.41
	Parking Lot 1: 90.92 +- 2.24
	Parking Lot 2: 48.91 +- 10.20
	Tennis Court: 85.14 +- 5.08
	Running Track: 97.21 +- 1.92
---
AA: 87.35 +- 0.41
Kappa: 88.17 +- 0.46
