run 1 / 5
Best validation overall accuracy 0.9504076086956522
Confusion matrix :
[[953  11   0  37   0   0   0   0   0   0   0   0   0   0   0]
 [ 15 986   0   0   0   0   2   0   0   0   0   0   0   0   0]
 [  0   0 557   0   0   0   0   1   0   0   0   0   0   0   0]
 [  5   1   0 986   0   0   1   1   0   0   0   0   0   1   0]
 [  0   0   0   0 991   0   0   0   1   1   1   0   0   0   0]
 [  0   0   0   1   0 255   1   0   0   3   0   0   0   0   0]
 [  0   5   1   5   5   9 932   1   5   0  33  16   0   3   0]
 [  0   0   0   0   7   0   6 896  12  12   0  30   5   2  25]
 [  0   1   0   0   4   0   5   3 896  16  32  43   2   0   0]
 [  0   0   0   0   1   0   0   0   4 918  56   3   0   0   0]
 [  0   0   2   0   7   0  16   1  37  19 893   0  13   0   0]
 [  0   0   0   0   0   0  10   1   3   0   0 967   5   0   0]
 [  0   0   0   0   0   0   0  15  50  17   2  51 240   0   0]
 [  0   0   0   2   0   0   0   2  10   0   0   1   0 327   0]
 [  0   0   0   0   0   0   0   0   0   0   0   0   0   0 528]]---
Accuracy : 94.19%
---
class acc :
	Healthy grass: 95.20
	Stressed grass: 98.31
	Synthetic grass: 99.82
	Trees: 99.10
	Soil: 99.70
	Water: 98.08
	Residential: 91.82
	Commercial: 90.05
	Road: 89.42
	Highway: 93.48
	Railway: 90.38
	Parking Lot 1: 98.07
	Parking Lot 2: 64.00
	Tennis Court: 95.61
	Running Track: 100.00
---
AA: 93.54%
Kappa: 93.71
run 2 / 5
Best validation overall accuracy 0.9286684782608695
Confusion matrix :
[[947  27   0  27   0   0   0   0   0   0   0   0   0   0   0]
 [ 12 990   0   0   0   0   0   0   1   0   0   0   0   0   0]
 [  0   0 555   0   0   0   0   0   0   0   2   0   0   1   0]
 [  2   2   0 985   0   0   4   1   0   0   0   0   0   1   0]
 [  0   0   0   0 992   0   0   1   1   0   0   0   0   0   0]
 [  0   0   2   0   0 219  33   5   1   0   0   0   0   0   0]
 [  0  36   8   2   5   1 872   3  16   0  45  22   0   5   0]
 [  0   0   0   0   6   0   2 889  11   6   4  28  26   1  22]
 [  0   4   0   3   0   0   2   2 889  31  26  35  10   0   0]
 [  0   0   0   0   0   0   0   0   1 942  38   1   0   0   0]
 [  0   0   4   0   0   4   6   0  30  60 869   1  12   2   0]
 [  0   0   0   0   0   0   2  10   3   0   0 942  29   0   0]
 [  0   0   0   0   0   0   0  18  33  20   1  42 261   0   0]
 [  0   0   0   2   0   0   1   0   0   0   0   1   0 338   0]
 [  0   1   0   0   1   0   0   0   0   0   0   0   0   0 526]]---
Accuracy : 93.28%
---
class acc :
	Healthy grass: 94.61
	Stressed grass: 98.70
	Synthetic grass: 99.46
	Trees: 98.99
	Soil: 99.80
	Water: 84.23
	Residential: 85.91
	Commercial: 89.35
	Road: 88.72
	Highway: 95.93
	Railway: 87.96
	Parking Lot 1: 95.54
	Parking Lot 2: 69.60
	Tennis Court: 98.83
	Running Track: 99.62
---
AA: 92.48%
Kappa: 92.73
run 3 / 5
Best validation overall accuracy 0.9368206521739131
Confusion matrix :
[[971   9   0  21   0   0   0   0   0   0   0   0   0   0   0]
 [ 19 984   0   0   0   0   0   0   0   0   0   0   0   0   0]
 [  0   0 542   0   0   0   0  16   0   0   0   0   0   0   0]
 [ 11   4   0 968   0   5   1   3   0   0   0   0   0   3   0]
 [  0   1   0   0 993   0   0   0   0   0   0   0   0   0   0]
 [  0   0   0   0   0 233  17   1   2   6   0   0   1   0   0]
 [  0  30   6   5   5   8 864  14  14   1  32  20   1  11   4]
 [  0   0   0   0   4  17   0 899  12   7   7  29   6   5   9]
 [  0   0   0   0   5   0  13   6 836  20  70  45   6   1   0]
 [  0   0   0   0   3   0   0   0  15 920  39   5   0   0   0]
 [  0   0   5   0   1   0  12   6  20  53 884   1   3   3   0]
 [  0   0   0   0   0   0  12   7   4   0   0 941  22   0   0]
 [  0   0   0   0   0   0   0  29  43  17   4  50 232   0   0]
 [  0   0   0   0   0   0   0   2   7   0   0   0   0 333   0]
 [  0   0   0   0   1   0   0   1   0   0   0   0   0   0 526]]---
Accuracy : 92.53%
---
class acc :
	Healthy grass: 97.00
	Stressed grass: 98.11
	Synthetic grass: 97.13
	Trees: 97.29
	Soil: 99.90
	Water: 89.62
	Residential: 85.12
	Commercial: 90.35
	Road: 83.43
	Highway: 93.69
	Railway: 89.47
	Parking Lot 1: 95.44
	Parking Lot 2: 61.87
	Tennis Court: 97.37
	Running Track: 99.62
---
AA: 91.69%
Kappa: 91.92
run 4 / 5
Best validation overall accuracy 0.9293478260869565
Confusion matrix :
[[946  23   0  28   0   0   1   3   0   0   0   0   0   0   0]
 [  7 946   0   0   0   0  40  10   0   0   0   0   0   0   0]
 [  0   0 551   0   0   0   7   0   0   0   0   0   0   0   0]
 [ 25   5   0 959   0   0   2   0   0   0   0   0   0   4   0]
 [  0   0   0   0 987   0   0   4   0   3   0   0   0   0   0]
 [  0   0   0   3   0 227  21   9   0   0   0   0   0   0   0]
 [  0   3   1   3   0  19 927   3  11   0  39   5   1   3   0]
 [  0   0   7   0   2   0   1 921  11  11   2  15  16   0   9]
 [  0   3   0   0   5   0   5   4 830  27  49  50  29   0   0]
 [  0   0   0   0   0   0   0   1   3 926  34  11   7   0   0]
 [  0   0   3   0   0   2  26   2   8  22 920   2   3   0   0]
 [  0   0   0   0   0   0  22  19   2   0   0 930  13   0   0]
 [  0   0   0   0   0   0   0  15  45   7   4  65 239   0   0]
 [  0   0   0   0   0   0   1   2   6   0   0   0   0 333   0]
 [  0   1   0   0   1   0   3   0   0   0   0   0   0   0 523]]---
Accuracy : 92.86%
---
class acc :
	Healthy grass: 94.51
	Stressed grass: 94.32
	Synthetic grass: 98.75
	Trees: 96.38
	Soil: 99.30
	Water: 87.31
	Residential: 91.33
	Commercial: 92.56
	Road: 82.83
	Highway: 94.30
	Railway: 93.12
	Parking Lot 1: 94.32
	Parking Lot 2: 63.73
	Tennis Court: 97.37
	Running Track: 99.05
---
AA: 91.94%
Kappa: 92.27
run 5 / 5
Best validation overall accuracy 0.9375
Confusion matrix :
[[951  28   0  20   0   0   0   2   0   0   0   0   0   0   0]
 [  8 992   0   0   0   0   0   3   0   0   0   0   0   0   0]
 [  0   0 553   0   0   0   1   0   0   0   3   0   0   1   0]
 [  0   5   0 984   0   0   2   2   0   0   0   0   0   2   0]
 [  0   0   0   0 987   0   0   0   1   3   2   1   0   0   0]
 [  0   0   0   0   0 246   5   5   1   3   0   0   0   0   0]
 [  0  20   2   2   6   8 901   1  21   0  49   4   0   1   0]
 [  0   0   4   0   0   0   1 920   5   9   1  14  14   0  27]
 [  0   5   0   0   2   0   6   6 875  44  33  20   8   3   0]
 [  0   0   0   0   1   0   0   0   3 946  30   2   0   0   0]
 [  0   0   7   0   0   0   3   2  15  23 922   7   8   1   0]
 [  0   0   0   0   0   0  15  18  11   0   0 930  12   0   0]
 [  0   0   0   0   0   0   0  15  40  19   1  79 221   0   0]
 [  0   0   0   0   0   0   0   5   5   0   0   0   0 332   0]
 [  0   0   0   0   0   0   0   4   0   0   0   0   0   0 524]]---
Accuracy : 93.85%
---
class acc :
	Healthy grass: 95.00
	Stressed grass: 98.90
	Synthetic grass: 99.10
	Trees: 98.89
	Soil: 99.30
	Water: 94.62
	Residential: 88.77
	Commercial: 92.46
	Road: 87.33
	Highway: 96.33
	Railway: 93.32
	Parking Lot 1: 94.32
	Parking Lot 2: 58.93
	Tennis Court: 97.08
	Running Track: 99.24
---
AA: 92.91%
Kappa: 93.34
Agregated results :
Confusion matrix :
[[9.536e+02 1.960e+01 0.000e+00 2.660e+01 0.000e+00 0.000e+00 2.000e-01
  1.000e+00 0.000e+00 0.000e+00 0.000e+00 0.000e+00 0.000e+00 0.000e+00
  0.000e+00]
 [1.220e+01 9.796e+02 0.000e+00 0.000e+00 0.000e+00 0.000e+00 8.400e+00
  2.600e+00 2.000e-01 0.000e+00 0.000e+00 0.000e+00 0.000e+00 0.000e+00
  0.000e+00]
 [0.000e+00 0.000e+00 5.516e+02 0.000e+00 0.000e+00 0.000e+00 1.600e+00
  3.400e+00 0.000e+00 0.000e+00 1.000e+00 0.000e+00 0.000e+00 4.000e-01
  0.000e+00]
 [8.600e+00 3.400e+00 0.000e+00 9.764e+02 0.000e+00 1.000e+00 2.000e+00
  1.400e+00 0.000e+00 0.000e+00 0.000e+00 0.000e+00 0.000e+00 2.200e+00
  0.000e+00]
 [0.000e+00 2.000e-01 0.000e+00 0.000e+00 9.900e+02 0.000e+00 0.000e+00
  1.000e+00 6.000e-01 1.400e+00 6.000e-01 2.000e-01 0.000e+00 0.000e+00
  0.000e+00]
 [0.000e+00 0.000e+00 4.000e-01 8.000e-01 0.000e+00 2.360e+02 1.540e+01
  4.000e+00 8.000e-01 2.400e+00 0.000e+00 0.000e+00 2.000e-01 0.000e+00
  0.000e+00]
 [0.000e+00 1.880e+01 3.600e+00 3.400e+00 4.200e+00 9.000e+00 8.992e+02
  4.400e+00 1.340e+01 2.000e-01 3.960e+01 1.340e+01 4.000e-01 4.600e+00
  8.000e-01]
 [0.000e+00 0.000e+00 2.200e+00 0.000e+00 3.800e+00 3.400e+00 2.000e+00
  9.050e+02 1.020e+01 9.000e+00 2.800e+00 2.320e+01 1.340e+01 1.600e+00
  1.840e+01]
 [0.000e+00 2.600e+00 0.000e+00 6.000e-01 3.200e+00 0.000e+00 6.200e+00
  4.200e+00 8.652e+02 2.760e+01 4.200e+01 3.860e+01 1.100e+01 8.000e-01
  0.000e+00]
 [0.000e+00 0.000e+00 0.000e+00 0.000e+00 1.000e+00 0.000e+00 0.000e+00
  2.000e-01 5.200e+00 9.304e+02 3.940e+01 4.400e+00 1.400e+00 0.000e+00
  0.000e+00]
 [0.000e+00 0.000e+00 4.200e+00 0.000e+00 1.600e+00 1.200e+00 1.260e+01
  2.200e+00 2.200e+01 3.540e+01 8.976e+02 2.200e+00 7.800e+00 1.200e+00
  0.000e+00]
 [0.000e+00 0.000e+00 0.000e+00 0.000e+00 0.000e+00 0.000e+00 1.220e+01
  1.100e+01 4.600e+00 0.000e+00 0.000e+00 9.420e+02 1.620e+01 0.000e+00
  0.000e+00]
 [0.000e+00 0.000e+00 0.000e+00 0.000e+00 0.000e+00 0.000e+00 0.000e+00
  1.840e+01 4.220e+01 1.600e+01 2.400e+00 5.740e+01 2.386e+02 0.000e+00
  0.000e+00]
 [0.000e+00 0.000e+00 0.000e+00 8.000e-01 0.000e+00 0.000e+00 4.000e-01
  2.200e+00 5.600e+00 0.000e+00 0.000e+00 4.000e-01 0.000e+00 3.326e+02
  0.000e+00]
 [0.000e+00 4.000e-01 0.000e+00 0.000e+00 6.000e-01 0.000e+00 6.000e-01
  1.000e+00 0.000e+00 0.000e+00 0.000e+00 0.000e+00 0.000e+00 0.000e+00
  5.254e+02]]---
Accuracy: 93.34 +- 0.61
---
class acc :
	Healthy grass: 95.26 +- 0.91
	Stressed grass: 97.67 +- 1.70
	Synthetic grass: 98.85 +- 0.93
	Trees: 98.13 +- 1.10
	Soil: 99.60 +- 0.25
	Water: 90.77 +- 4.99
	Residential: 88.59 +- 2.73
	Commercial: 90.95 +- 1.31
	Road: 86.35 +- 2.72
	Highway: 94.75 +- 1.17
	Railway: 90.85 +- 2.08
	Parking Lot 1: 95.54 +- 1.37
	Parking Lot 2: 63.63 +- 3.49
	Tennis Court: 97.25 +- 1.02
	Running Track: 99.51 +- 0.33
---
AA: 92.51 +- 0.66
Kappa: 92.80 +- 0.66
