run 1 / 5
Best validation overall accuracy 0.998046875
Confusion matrix :
[[ 877  152    0   24    0    0    0    0    0    0    0    0    0    0
     0]
 [   1 1016    0    2    0    0   38    0    7    0    0    0    0    0
     0]
 [   0    0  488    0    0    0    0   17    0    0    0    0    0    0
     0]
 [  11   44    0  981    0   10    1    0    0    0    0    0    0    9
     0]
 [   0    0    0    0 1032    0   12   12    0    0    0    0    0    0
     0]
 [   0    0    0    0    0  128    3    2    5    5    0    0    0    0
     0]
 [   0   11    8    3    0   26  920   21   24    1    1    9    1   46
     1]
 [   0    0   76    0    7   23   34  764    7   15    8   81   15    2
    21]
 [   0    2    2    0    5    0   46   39  864   39   33   16   13    0
     0]
 [   0    0  108    0    0    0   34    0   20  741  125    8    0    0
     0]
 [   0    0   11    0    0    0  127   20   63   72  748    2    6    5
     0]
 [   0    0    0    0    0    0    1   98   74    0    0  831   37    0
     0]
 [   0    0    0    0    0    0    1   10   14    1   25   91  143    0
     0]
 [   0    0    0    0    0    0    0    0    9    0    0    0    0  238
     0]
 [   0    0    0    0    0    0    0   15    0    0    0    0    0    0
   458]]---
Accuracy : 83.86%
---
class acc :
	Healthy grass: 83.29
	Stressed grass: 95.49
	Synthetic grass: 96.63
	Trees: 92.90
	Soil: 97.73
	Water: 89.51
	Residential: 85.82
	Commercial: 72.55
	Road: 81.59
	Highway: 71.53
	Railway: 70.97
	Parking Lot 1: 79.83
	Parking Lot 2: 50.18
	Tennis Court: 96.36
	Running Track: 96.83
---
AA: 84.08%
Kappa: 82.50
run 2 / 5
Best validation overall accuracy 0.998046875
Confusion matrix :
[[ 872  157    0   24    0    0    0    0    0    0    0    0    0    0
     0]
 [   1 1023    0    0    0    0   37    0    3    0    0    0    0    0
     0]
 [   0    0  495    0    0    0    0    7    0    0    0    0    0    3
     0]
 [  14   44    0  985    0    1    4    0    2    0    0    0    0    6
     0]
 [   0    0    0    0 1022    0   10   23    0    0    1    0    0    0
     0]
 [   0    0    0    0    0  135    0    6    0    2    0    0    0    0
     0]
 [   0   21   11    0    0   29  935   23   24    0    1   10    1   17
     0]
 [   0    0  125    0   12    0   32  685    6   21   23  117   12    0
    20]
 [   0    0    2    0   21    0   66   59  790   18   81   13    9    0
     0]
 [   0    0    0    0    0    0    2    3   43  695  287    6    0    0
     0]
 [   0    0   13    0    0    0  183    7   77   71  685    1   10    7
     0]
 [   0    0    0    0    0    0    3  104   76    0    0  817   41    0
     0]
 [   0    0    0    0    0    0    2   10   14    0   30   89  140    0
     0]
 [   0    0    0    0    0    0    0    4    5    0    0    0    1  237
     0]
 [   0    0    0    0    0    0    0   10    0    0    0    0    0    0
   463]]---
Accuracy : 81.82%
---
class acc :
	Healthy grass: 82.81
	Stressed grass: 96.15
	Synthetic grass: 98.02
	Trees: 93.28
	Soil: 96.78
	Water: 94.41
	Residential: 87.22
	Commercial: 65.05
	Road: 74.60
	Highway: 67.08
	Railway: 64.99
	Parking Lot 1: 78.48
	Parking Lot 2: 49.12
	Tennis Court: 95.95
	Running Track: 97.89
---
AA: 82.79%
Kappa: 80.26
run 3 / 5
Best validation overall accuracy 0.99609375
Confusion matrix :
[[ 867  162    0   24    0    0    0    0    0    0    0    0    0    0
     0]
 [  13  997    0    0    0    0   48    0    6    0    0    0    0    0
     0]
 [   0    0  502    0    0    0    0    0    0    0    0    0    0    3
     0]
 [   3   49    0  988    0    0    6    0    1    0    0    0    0    9
     0]
 [   0    0    0    0 1032    0   11   12    0    0    0    1    0    0
     0]
 [   0    0    0    0    0  135    1    5    1    0    0    1    0    0
     0]
 [   0   12   16    3    0   28  898   18   34    1    2   12    1   44
     3]
 [   0    0  118    0   10    0   27  732    8   27    5   94   10    1
    21]
 [   0    0    2    0   22    0   66   31  823   33   40   26   16    0
     0]
 [   0    0   45    0    0    0  123    0   78  657  133    0    0    0
     0]
 [   0    0   11    0    1    0  134   15  138   58  689    0    6    2
     0]
 [   0    0    0    0    0    0    1   95   81    2    0  840   22    0
     0]
 [   0    0    0    0    0    0    0   12   12    8   27   81  145    0
     0]
 [   0    0    0    0    0    0    1    1    9    0    0    0    0  236
     0]
 [   0    1    0    0    0    0    0    6    0    0    0    0    0    2
   464]]---
Accuracy : 82.03%
---
class acc :
	Healthy grass: 82.34
	Stressed grass: 93.70
	Synthetic grass: 99.41
	Trees: 93.56
	Soil: 97.73
	Water: 94.41
	Residential: 83.77
	Commercial: 69.52
	Road: 77.71
	Highway: 63.42
	Railway: 65.37
	Parking Lot 1: 80.69
	Parking Lot 2: 50.88
	Tennis Court: 95.55
	Running Track: 98.10
---
AA: 83.08%
Kappa: 80.50
run 4 / 5
Best validation overall accuracy 0.99609375
Confusion matrix :
[[ 863  153    0   37    0    0    0    0    0    0    0    0    0    0
     0]
 [   0 1031    0    0    0    0   31    0    2    0    0    0    0    0
     0]
 [   0    0  498    0    0    0    0    6    0    0    0    0    0    1
     0]
 [   2   39    0 1000    0    2    7    0    0    0    0    0    0    6
     0]
 [   0    0    0    0 1033    0   11   11    0    0    1    0    0    0
     0]
 [   0    0    0    0    0  133    2    6    0    2    0    0    0    0
     0]
 [   0   21   14    3    0   42  891   18   19    0    1   10    1   49
     3]
 [   0    0  118    0    6   17   44  738    6    3    0   91    8    2
    20]
 [   0    0    2    0    5    0   48   51  839   35   48   20   11    0
     0]
 [   0    0   58    0    0    0    0    0  120  687  163    8    0    0
     0]
 [   0    0   15    0    0    0  150   10   90   63  710    2    9    5
     0]
 [   0    0    0    0    0    0    9  103   77    1    0  819   32    0
     0]
 [   0    0    0    0    0    0    2   12    7    0   31   73  160    0
     0]
 [   0    0    0    0    0    0    0    0    4    0    0    1    0  242
     0]
 [   0    1    0    0    0    0    0   14    0    0    0    0    0    1
   457]]---
Accuracy : 82.82%
---
class acc :
	Healthy grass: 81.96
	Stressed grass: 96.90
	Synthetic grass: 98.61
	Trees: 94.70
	Soil: 97.82
	Water: 93.01
	Residential: 83.12
	Commercial: 70.09
	Road: 79.23
	Highway: 66.31
	Railway: 67.36
	Parking Lot 1: 78.67
	Parking Lot 2: 56.14
	Tennis Court: 97.98
	Running Track: 96.62
---
AA: 83.90%
Kappa: 81.36
run 5 / 5
Best validation overall accuracy 0.99609375
Confusion matrix :
[[ 874  145    0   34    0    0    0    0    0    0    0    0    0    0
     0]
 [  21  989    0    0    0    0   51    0    3    0    0    0    0    0
     0]
 [   0    0  487    0    0    0    0   18    0    0    0    0    0    0
     0]
 [   6   31    0 1003    0    5    1    0    2    0    0    2    0    6
     0]
 [   0    0    0    0 1030    0   11   11    0    4    0    0    0    0
     0]
 [   0    0    0    0    0  135    0    6    2    0    0    0    0    0
     0]
 [   0   11    4    3    0   42  884   39   34    0    2   15    1   37
     0]
 [   0    0   71    0    7   15   10  780    4   30   10   93   10    2
    21]
 [   0    0    2    0    6    0   60   54  808   20   73   25   11    0
     0]
 [   0    0    1    0    0    0    8    3   46  675  301    2    0    0
     0]
 [   0    0   10    0    1    0  164    2   85   82  688    2    6   14
     0]
 [   0    0    0    0    0    0    3   87   77    1    0  841   32    0
     0]
 [   0    0    0    0    0    0    0    7   16    4   26   78  154    0
     0]
 [   0    0    0    0    0    0    0    4    5    0    0    0    0  238
     0]
 [   0    2    0    0    0    0    0   11    0    0    0    0    0    0
   460]]---
Accuracy : 82.36%
---
class acc :
	Healthy grass: 83.00
	Stressed grass: 92.95
	Synthetic grass: 96.44
	Trees: 94.98
	Soil: 97.54
	Water: 94.41
	Residential: 82.46
	Commercial: 74.07
	Road: 76.30
	Highway: 65.15
	Railway: 65.28
	Parking Lot 1: 80.79
	Parking Lot 2: 54.04
	Tennis Court: 96.36
	Running Track: 97.25
---
AA: 83.40%
Kappa: 80.86
Agregated results :
Confusion matrix :
[[8.7060e+02 1.5380e+02 0.0000e+00 2.8600e+01 0.0000e+00 0.0000e+00
  0.0000e+00 0.0000e+00 0.0000e+00 0.0000e+00 0.0000e+00 0.0000e+00
  0.0000e+00 0.0000e+00 0.0000e+00]
 [7.2000e+00 1.0112e+03 0.0000e+00 4.0000e-01 0.0000e+00 0.0000e+00
  4.1000e+01 0.0000e+00 4.2000e+00 0.0000e+00 0.0000e+00 0.0000e+00
  0.0000e+00 0.0000e+00 0.0000e+00]
 [0.0000e+00 0.0000e+00 4.9400e+02 0.0000e+00 0.0000e+00 0.0000e+00
  0.0000e+00 9.6000e+00 0.0000e+00 0.0000e+00 0.0000e+00 0.0000e+00
  0.0000e+00 1.4000e+00 0.0000e+00]
 [7.2000e+00 4.1400e+01 0.0000e+00 9.9140e+02 0.0000e+00 3.6000e+00
  3.8000e+00 0.0000e+00 1.0000e+00 0.0000e+00 0.0000e+00 4.0000e-01
  0.0000e+00 7.2000e+00 0.0000e+00]
 [0.0000e+00 0.0000e+00 0.0000e+00 0.0000e+00 1.0298e+03 0.0000e+00
  1.1000e+01 1.3800e+01 0.0000e+00 8.0000e-01 4.0000e-01 2.0000e-01
  0.0000e+00 0.0000e+00 0.0000e+00]
 [0.0000e+00 0.0000e+00 0.0000e+00 0.0000e+00 0.0000e+00 1.3320e+02
  1.2000e+00 5.0000e+00 1.6000e+00 1.8000e+00 0.0000e+00 2.0000e-01
  0.0000e+00 0.0000e+00 0.0000e+00]
 [0.0000e+00 1.5200e+01 1.0600e+01 2.4000e+00 0.0000e+00 3.3400e+01
  9.0560e+02 2.3800e+01 2.7000e+01 4.0000e-01 1.4000e+00 1.1200e+01
  1.0000e+00 3.8600e+01 1.4000e+00]
 [0.0000e+00 0.0000e+00 1.0160e+02 0.0000e+00 8.4000e+00 1.1000e+01
  2.9400e+01 7.3980e+02 6.2000e+00 1.9200e+01 9.2000e+00 9.5200e+01
  1.1000e+01 1.4000e+00 2.0600e+01]
 [0.0000e+00 4.0000e-01 2.0000e+00 0.0000e+00 1.1800e+01 0.0000e+00
  5.7200e+01 4.6800e+01 8.2480e+02 2.9000e+01 5.5000e+01 2.0000e+01
  1.2000e+01 0.0000e+00 0.0000e+00]
 [0.0000e+00 0.0000e+00 4.2400e+01 0.0000e+00 0.0000e+00 0.0000e+00
  3.3400e+01 1.2000e+00 6.1400e+01 6.9100e+02 2.0180e+02 4.8000e+00
  0.0000e+00 0.0000e+00 0.0000e+00]
 [0.0000e+00 0.0000e+00 1.2000e+01 0.0000e+00 4.0000e-01 0.0000e+00
  1.5160e+02 1.0800e+01 9.0600e+01 6.9200e+01 7.0400e+02 1.4000e+00
  7.4000e+00 6.6000e+00 0.0000e+00]
 [0.0000e+00 0.0000e+00 0.0000e+00 0.0000e+00 0.0000e+00 0.0000e+00
  3.4000e+00 9.7400e+01 7.7000e+01 8.0000e-01 0.0000e+00 8.2960e+02
  3.2800e+01 0.0000e+00 0.0000e+00]
 [0.0000e+00 0.0000e+00 0.0000e+00 0.0000e+00 0.0000e+00 0.0000e+00
  1.0000e+00 1.0200e+01 1.2600e+01 2.6000e+00 2.7800e+01 8.2400e+01
  1.4840e+02 0.0000e+00 0.0000e+00]
 [0.0000e+00 0.0000e+00 0.0000e+00 0.0000e+00 0.0000e+00 0.0000e+00
  2.0000e-01 1.8000e+00 6.4000e+00 0.0000e+00 0.0000e+00 2.0000e-01
  2.0000e-01 2.3820e+02 0.0000e+00]
 [0.0000e+00 8.0000e-01 0.0000e+00 0.0000e+00 0.0000e+00 0.0000e+00
  0.0000e+00 1.1200e+01 0.0000e+00 0.0000e+00 0.0000e+00 0.0000e+00
  0.0000e+00 6.0000e-01 4.6040e+02]]---
Accuracy: 82.58 +- 0.73
---
class acc :
	Healthy grass: 82.68 +- 0.48
	Stressed grass: 95.04 +- 1.49
	Synthetic grass: 97.82 +- 1.14
	Trees: 93.88 +- 0.81
	Soil: 97.52 +- 0.38
	Water: 93.15 +- 1.90
	Residential: 84.48 +- 1.77
	Commercial: 70.26 +- 3.08
	Road: 77.88 +- 2.40
	Highway: 66.70 +- 2.71
	Railway: 66.79 +- 2.25
	Parking Lot 1: 79.69 +- 0.97
	Parking Lot 2: 52.07 +- 2.61
	Tennis Court: 96.44 +- 0.83
	Running Track: 97.34 +- 0.58
---
AA: 83.45 +- 0.49
Kappa: 81.10 +- 0.79
