run 1 / 5
Best validation overall accuracy 0.9936755952380952
Confusion matrix :
[[1808    0    0    0    0    0    0    0    0    0    0    0    0    0
     0    0]
 [   0 3354    0    0    0    0    0    0    0    0    0    0    0    0
     0    0]
 [   0    0 1776    0    3    0    0    0    0    0    0    0    0    0
     0    0]
 [   0    0    0 1253    2    0    0    0    0    0    0    0    0    0
     0    0]
 [   0    0    0   41 2369    0    0    0    0    0    0    0    0    0
     0    0]
 [   0    0    0    0    0 3563    0    0    0    0    0    0    0    0
     0    0]
 [   0    0    0    0    0    0 3221    0    0    0    0    0    0    0
     0    0]
 [   0    0    0    0    0    0    0 9913    0    4    4    0    0    0
   223    0]
 [   0    0    0    0    0    0    0    0 5583    0    0    0    0    0
     0    0]
 [   0    0   12    0    0    0    0   10    0 2910    8    0    0    8
     0    2]
 [   0    0    0    0    0    0    0    0    0    1  956    4    0    0
     0    0]
 [   0    0    0    0    0    0    0    0    0    0    0 1734    0    0
     0    0]
 [   0    0    0    0    0    0    0    0    0    0    0    0  825    0
     0    0]
 [   0    0    0    0    0    0    0    9    0    0    0    0    0  954
     0    0]
 [   0    0    0    0   10    0    0  104    0    0    0    0    0    0
  6427    0]
 [   0    0    0    0    0    0    0    0    0    0    0    0    0    0
     0 1626]]---
Accuracy : 99.09%
---
class acc :
	Brocoli_green_weeds_1: 100.00
	Brocoli_green_weeds_2: 100.00
	Fallow: 99.83
	Fallow_rough_plow: 99.84
	Fallow_smooth: 98.30
	Stubble: 100.00
	Celery: 100.00
	Grapes_untrained: 97.72
	Soil_vinyard_develop: 100.00
	Corn_senesced_green_weeds: 98.64
	Lettuce_romaine_4wk: 99.48
	Lettuce_romaine_5wk: 100.00
	Lettuce_romaine_6wk: 100.00
	Lettuce_romaine_7wk: 99.07
	Vinyard_untrained: 98.26
	Vinyard_vertical_trellis: 100.00
---
AA: 99.45%
Kappa: 98.98
run 2 / 5
Best validation overall accuracy 0.9836309523809523
Confusion matrix :
[[1808    0    0    0    0    0    0    0    0    0    0    0    0    0
     0    0]
 [   0 3352    0    0    0    0    1    0    0    0    0    0    0    0
     0    1]
 [   0    0 1779    0    0    0    0    0    0    0    0    0    0    0
     0    0]
 [   0    0    0 1241   14    0    0    0    0    0    0    0    0    0
     0    0]
 [   0    0    0    2 2408    0    0    0    0    0    0    0    0    0
     0    0]
 [   0    0    0    0    0 3563    0    0    0    0    0    0    0    0
     0    0]
 [   0    0    0    0    0    0 3219    2    0    0    0    0    0    0
     0    0]
 [   0    0    0    0    0    0    0 9657    0    5    4    0    0    0
   478    0]
 [   0    0    0    0    0    0    0    0 5583    0    0    0    0    0
     0    0]
 [   0    0    0    0    0    0    0    0    1 2937    0    0    0   12
     0    0]
 [   0    0    0    0    0    0    0    0    0    0  960    1    0    0
     0    0]
 [   0    0    0    0    0    0    0    0    0    0    0 1734    0    0
     0    0]
 [   0    0    0    0    0    0    0    0    0    0    0    0  825    0
     0    0]
 [   0    0    0    0    0    0    0    0    0    3    0    0    0  960
     0    0]
 [   0    0    0    0    0    0    0  174    0    0    0    0    0    0
  6367    0]
 [   0    4    0    0    0    0    5    1    0    0    0    0    0    0
     0 1616]]---
Accuracy : 98.55%
---
class acc :
	Brocoli_green_weeds_1: 100.00
	Brocoli_green_weeds_2: 99.94
	Fallow: 100.00
	Fallow_rough_plow: 98.88
	Fallow_smooth: 99.92
	Stubble: 100.00
	Celery: 99.94
	Grapes_untrained: 95.20
	Soil_vinyard_develop: 100.00
	Corn_senesced_green_weeds: 99.56
	Lettuce_romaine_4wk: 99.90
	Lettuce_romaine_5wk: 100.00
	Lettuce_romaine_6wk: 100.00
	Lettuce_romaine_7wk: 99.69
	Vinyard_untrained: 97.34
	Vinyard_vertical_trellis: 99.38
---
AA: 99.36%
Kappa: 98.38
run 3 / 5
Best validation overall accuracy 0.9925595238095238
Confusion matrix :
[[1808    0    0    0    0    0    0    0    0    0    0    0    0    0
     0    0]
 [   0 3354    0    0    0    0    0    0    0    0    0    0    0    0
     0    0]
 [   0    0 1779    0    0    0    0    0    0    0    0    0    0    0
     0    0]
 [   0    0    0 1251    2    0    0    0    2    0    0    0    0    0
     0    0]
 [   0    0    0    2 2407    0    0    0    0    1    0    0    0    0
     0    0]
 [   0    0    0    0    0 3563    0    0    0    0    0    0    0    0
     0    0]
 [   0    0    0    0    0    0 3221    0    0    0    0    0    0    0
     0    0]
 [   0    0    0    0    0    0    0 9913    0    0    1    0    0    0
   230    0]
 [   0    0    0    0    0    0    0    0 5583    0    0    0    0    0
     0    0]
 [   0    0    0    0    0    0    0    0    0 2930    4    0    0   16
     0    0]
 [   0    0    0    3    0    0    0    0    0    0  958    0    0    0
     0    0]
 [   0    0    0    0    0    0    0    0    0    0    0 1734    0    0
     0    0]
 [   0    0    0    0    0    0    0    0    0    0    0    0  825    0
     0    0]
 [   0    0    0    0    0    0    0    0    0    4    0    0    0  959
     0    0]
 [   0    0    0    0    0    0    0  137    0    0    0    0    0    0
  6404    0]
 [   0    0    0    0    0    0    0    0    0    1    0    0    0    0
     0 1625]]---
Accuracy : 99.17%
---
class acc :
	Brocoli_green_weeds_1: 100.00
	Brocoli_green_weeds_2: 100.00
	Fallow: 100.00
	Fallow_rough_plow: 99.68
	Fallow_smooth: 99.88
	Stubble: 100.00
	Celery: 100.00
	Grapes_untrained: 97.72
	Soil_vinyard_develop: 100.00
	Corn_senesced_green_weeds: 99.32
	Lettuce_romaine_4wk: 99.69
	Lettuce_romaine_5wk: 100.00
	Lettuce_romaine_6wk: 100.00
	Lettuce_romaine_7wk: 99.58
	Vinyard_untrained: 97.91
	Vinyard_vertical_trellis: 99.94
---
AA: 99.61%
Kappa: 99.08
run 4 / 5
Best validation overall accuracy 0.9929315476190477
Confusion matrix :
[[1808    0    0    0    0    0    0    0    0    0    0    0    0    0
     0    0]
 [   0 3350    0    0    0    0    0    0    0    0    0    0    0    0
     0    4]
 [   0    0 1779    0    0    0    0    0    0    0    0    0    0    0
     0    0]
 [   0    0    0 1254    1    0    0    0    0    0    0    0    0    0
     0    0]
 [   0    0    0    9 2401    0    0    0    0    0    0    0    0    0
     0    0]
 [   0    0    0    0    0 3563    0    0    0    0    0    0    0    0
     0    0]
 [   0    0    0    0    0    0 3221    0    0    0    0    0    0    0
     0    0]
 [   0    0    0    0    0    0    0 9801    0    1    3    0    0    0
   339    0]
 [   0    0    0    0    0    0    0    0 5583    0    0    0    0    0
     0    0]
 [   0    0    0    0    0    0    0    6    9 2929    2    0    0    4
     0    0]
 [   0    0    0    4    0    0    0    0    0    0  957    0    0    0
     0    0]
 [   0    0    0    0    0    0    0    0    0    0    0 1734    0    0
     0    0]
 [   0    0    0    0    0    0    0    0    0    0    0    0  825    0
     0    0]
 [   0    0    0    0    0    0    0    0    0    7    0    0    0  956
     0    0]
 [   0    0    0    2    0    0    0  168    0    0    0    0    0    0
  6371    0]
 [   0    1    0    0    0    0    0    0    0    0    0    0    0    0
     0 1625]]---
Accuracy : 98.85%
---
class acc :
	Brocoli_green_weeds_1: 100.00
	Brocoli_green_weeds_2: 99.88
	Fallow: 100.00
	Fallow_rough_plow: 99.92
	Fallow_smooth: 99.63
	Stubble: 100.00
	Celery: 100.00
	Grapes_untrained: 96.62
	Soil_vinyard_develop: 100.00
	Corn_senesced_green_weeds: 99.29
	Lettuce_romaine_4wk: 99.58
	Lettuce_romaine_5wk: 100.00
	Lettuce_romaine_6wk: 100.00
	Lettuce_romaine_7wk: 99.27
	Vinyard_untrained: 97.40
	Vinyard_vertical_trellis: 99.94
---
AA: 99.47%
Kappa: 98.72
run 5 / 5
Best validation overall accuracy 0.9888392857142857
Confusion matrix :
[[1808    0    0    0    0    0    0    0    0    0    0    0    0    0
     0    0]
 [   0 3354    0    0    0    0    0    0    0    0    0    0    0    0
     0    0]
 [   0    0 1779    0    0    0    0    0    0    0    0    0    0    0
     0    0]
 [   0    0    0 1254    1    0    0    0    0    0    0    0    0    0
     0    0]
 [   0    0    0    6 2404    0    0    0    0    0    0    0    0    0
     0    0]
 [   0    0    0    0    0 3563    0    0    0    0    0    0    0    0
     0    0]
 [   0    0    0    0    0    0 3221    0    0    0    0    0    0    0
     0    0]
 [   0    0    0    0    0    0    0 9855    0    3    0    0    0    0
   286    0]
 [   0    0    0    0    0    0    0    0 5583    0    0    0    0    0
     0    0]
 [   0    0    0    0    0    0    0    7    0 2934    7    0    0    2
     0    0]
 [   0    0    0    0    0    0    0    0    0    0  959    2    0    0
     0    0]
 [   0    0    0    0    0    0    0    0    0    0    0 1734    0    0
     0    0]
 [   0    0    0    0    0    0    0    0    0    0    0    0  825    0
     0    0]
 [   0    0    0    0    0    0    0    5    0    0    0    0    0  958
     0    0]
 [   0    0    0    0    0    0    0  133    0    0    0    0    0    0
  6408    0]
 [   0    0    3    0    0    0    8    0    0    0    0    0    0    2
     2 1611]]---
Accuracy : 99.04%
---
class acc :
	Brocoli_green_weeds_1: 100.00
	Brocoli_green_weeds_2: 100.00
	Fallow: 100.00
	Fallow_rough_plow: 99.92
	Fallow_smooth: 99.75
	Stubble: 100.00
	Celery: 100.00
	Grapes_untrained: 97.15
	Soil_vinyard_develop: 100.00
	Corn_senesced_green_weeds: 99.46
	Lettuce_romaine_4wk: 99.79
	Lettuce_romaine_5wk: 100.00
	Lettuce_romaine_6wk: 100.00
	Lettuce_romaine_7wk: 99.48
	Vinyard_untrained: 97.97
	Vinyard_vertical_trellis: 99.08
---
AA: 99.54%
Kappa: 98.93
Agregated results :
Confusion matrix :
[[1.8080e+03 0.0000e+00 0.0000e+00 0.0000e+00 0.0000e+00 0.0000e+00
  0.0000e+00 0.0000e+00 0.0000e+00 0.0000e+00 0.0000e+00 0.0000e+00
  0.0000e+00 0.0000e+00 0.0000e+00 0.0000e+00]
 [0.0000e+00 3.3528e+03 0.0000e+00 0.0000e+00 0.0000e+00 0.0000e+00
  2.0000e-01 0.0000e+00 0.0000e+00 0.0000e+00 0.0000e+00 0.0000e+00
  0.0000e+00 0.0000e+00 0.0000e+00 1.0000e+00]
 [0.0000e+00 0.0000e+00 1.7784e+03 0.0000e+00 6.0000e-01 0.0000e+00
  0.0000e+00 0.0000e+00 0.0000e+00 0.0000e+00 0.0000e+00 0.0000e+00
  0.0000e+00 0.0000e+00 0.0000e+00 0.0000e+00]
 [0.0000e+00 0.0000e+00 0.0000e+00 1.2506e+03 4.0000e+00 0.0000e+00
  0.0000e+00 0.0000e+00 4.0000e-01 0.0000e+00 0.0000e+00 0.0000e+00
  0.0000e+00 0.0000e+00 0.0000e+00 0.0000e+00]
 [0.0000e+00 0.0000e+00 0.0000e+00 1.2000e+01 2.3978e+03 0.0000e+00
  0.0000e+00 0.0000e+00 0.0000e+00 2.0000e-01 0.0000e+00 0.0000e+00
  0.0000e+00 0.0000e+00 0.0000e+00 0.0000e+00]
 [0.0000e+00 0.0000e+00 0.0000e+00 0.0000e+00 0.0000e+00 3.5630e+03
  0.0000e+00 0.0000e+00 0.0000e+00 0.0000e+00 0.0000e+00 0.0000e+00
  0.0000e+00 0.0000e+00 0.0000e+00 0.0000e+00]
 [0.0000e+00 0.0000e+00 0.0000e+00 0.0000e+00 0.0000e+00 0.0000e+00
  3.2206e+03 4.0000e-01 0.0000e+00 0.0000e+00 0.0000e+00 0.0000e+00
  0.0000e+00 0.0000e+00 0.0000e+00 0.0000e+00]
 [0.0000e+00 0.0000e+00 0.0000e+00 0.0000e+00 0.0000e+00 0.0000e+00
  0.0000e+00 9.8278e+03 0.0000e+00 2.6000e+00 2.4000e+00 0.0000e+00
  0.0000e+00 0.0000e+00 3.1120e+02 0.0000e+00]
 [0.0000e+00 0.0000e+00 0.0000e+00 0.0000e+00 0.0000e+00 0.0000e+00
  0.0000e+00 0.0000e+00 5.5830e+03 0.0000e+00 0.0000e+00 0.0000e+00
  0.0000e+00 0.0000e+00 0.0000e+00 0.0000e+00]
 [0.0000e+00 0.0000e+00 2.4000e+00 0.0000e+00 0.0000e+00 0.0000e+00
  0.0000e+00 4.6000e+00 2.0000e+00 2.9280e+03 4.2000e+00 0.0000e+00
  0.0000e+00 8.4000e+00 0.0000e+00 4.0000e-01]
 [0.0000e+00 0.0000e+00 0.0000e+00 1.4000e+00 0.0000e+00 0.0000e+00
  0.0000e+00 0.0000e+00 0.0000e+00 2.0000e-01 9.5800e+02 1.4000e+00
  0.0000e+00 0.0000e+00 0.0000e+00 0.0000e+00]
 [0.0000e+00 0.0000e+00 0.0000e+00 0.0000e+00 0.0000e+00 0.0000e+00
  0.0000e+00 0.0000e+00 0.0000e+00 0.0000e+00 0.0000e+00 1.7340e+03
  0.0000e+00 0.0000e+00 0.0000e+00 0.0000e+00]
 [0.0000e+00 0.0000e+00 0.0000e+00 0.0000e+00 0.0000e+00 0.0000e+00
  0.0000e+00 0.0000e+00 0.0000e+00 0.0000e+00 0.0000e+00 0.0000e+00
  8.2500e+02 0.0000e+00 0.0000e+00 0.0000e+00]
 [0.0000e+00 0.0000e+00 0.0000e+00 0.0000e+00 0.0000e+00 0.0000e+00
  0.0000e+00 2.8000e+00 0.0000e+00 2.8000e+00 0.0000e+00 0.0000e+00
  0.0000e+00 9.5740e+02 0.0000e+00 0.0000e+00]
 [0.0000e+00 0.0000e+00 0.0000e+00 4.0000e-01 2.0000e+00 0.0000e+00
  0.0000e+00 1.4320e+02 0.0000e+00 0.0000e+00 0.0000e+00 0.0000e+00
  0.0000e+00 0.0000e+00 6.3954e+03 0.0000e+00]
 [0.0000e+00 1.0000e+00 6.0000e-01 0.0000e+00 0.0000e+00 0.0000e+00
  2.6000e+00 2.0000e-01 0.0000e+00 2.0000e-01 0.0000e+00 0.0000e+00
  0.0000e+00 4.0000e-01 4.0000e-01 1.6206e+03]]---
Accuracy: 98.94 +- 0.22
---
class acc :
	Brocoli_green_weeds_1: 100.00 +- 0.00
	Brocoli_green_weeds_2: 99.96 +- 0.05
	Fallow: 99.97 +- 0.07
	Fallow_rough_plow: 99.65 +- 0.39
	Fallow_smooth: 99.49 +- 0.61
	Stubble: 100.00 +- 0.00
	Celery: 99.99 +- 0.02
	Grapes_untrained: 96.88 +- 0.94
	Soil_vinyard_develop: 100.00 +- 0.00
	Corn_senesced_green_weeds: 99.25 +- 0.32
	Lettuce_romaine_4wk: 99.69 +- 0.15
	Lettuce_romaine_5wk: 100.00 +- 0.00
	Lettuce_romaine_6wk: 100.00 +- 0.00
	Lettuce_romaine_7wk: 99.42 +- 0.22
	Vinyard_untrained: 97.77 +- 0.35
	Vinyard_vertical_trellis: 99.67 +- 0.37
---
AA: 99.48 +- 0.08
Kappa: 98.82 +- 0.25
