run 1 / 5
Best validation overall accuracy 0.9977678571428571
Confusion matrix :
[[1607    0    0    0    0    0    0    0    0    0    0    0    0    0
     0    0]
 [   0 2981    0    0    0    0    0    0    0    0    0    0    0    0
     0    0]
 [   0    0 1581    0    0    0    0    0    0    0    0    0    0    0
     0    0]
 [   0    0    0 1106    9    0    0    0    0    0    0    0    0    0
     0    0]
 [   0    0    0    2 2140    0    0    0    0    0    0    0    0    0
     0    0]
 [   0    0    0    0    0 3167    0    0    0    0    0    0    0    0
     0    0]
 [   0    0    0    0    0    0 2863    0    0    0    0    0    0    0
     0    0]
 [   0    0    0    0    0    0    0 8927    0    2    0    0    0    0
    88    0]
 [   0    0    0    0    0    0    0    0 4963    0    0    0    0    0
     0    0]
 [   0    0    0    0    0    0    0    0    0 2618    0    0    0    4
     0    0]
 [   0    0    0    0    0    0    0    0    0    0  852    2    0    0
     0    0]
 [   0    0    0    0    0    0    0    0    0    0    0 1542    0    0
     0    0]
 [   0    0    0    0    0    0    0    0    0    0    0    0  733    0
     0    0]
 [   0    0    0    0    0    0    0    0    0    3    0    0    0  853
     0    0]
 [   0    0    0    0    0    0    0   40    0    0    0    0    0    0
  5775    0]
 [   0    0    0    0    0    0    0    0    0    1    0    0    0    0
     0 1445]]---
Accuracy : 99.65%
---
class acc :
	Brocoli_green_weeds_1: 100.00
	Brocoli_green_weeds_2: 100.00
	Fallow: 100.00
	Fallow_rough_plow: 99.19
	Fallow_smooth: 99.91
	Stubble: 100.00
	Celery: 100.00
	Grapes_untrained: 99.00
	Soil_vinyard_develop: 100.00
	Corn_senesced_green_weeds: 99.85
	Lettuce_romaine_4wk: 99.77
	Lettuce_romaine_5wk: 100.00
	Lettuce_romaine_6wk: 100.00
	Lettuce_romaine_7wk: 99.65
	Vinyard_untrained: 99.31
	Vinyard_vertical_trellis: 99.93
---
AA: 99.79%
Kappa: 99.61
run 2 / 5
Best validation overall accuracy 0.9985119047619048
Confusion matrix :
[[1607    0    0    0    0    0    0    0    0    0    0    0    0    0
     0    0]
 [   0 2981    0    0    0    0    0    0    0    0    0    0    0    0
     0    0]
 [   0    0 1581    0    0    0    0    0    0    0    0    0    0    0
     0    0]
 [   0    0    0 1112    3    0    0    0    0    0    0    0    0    0
     0    0]
 [   0    0    0    6 2136    0    0    0    0    0    0    0    0    0
     0    0]
 [   0    0    0    0    0 3167    0    0    0    0    0    0    0    0
     0    0]
 [   0    0    0    0    0    0 2863    0    0    0    0    0    0    0
     0    0]
 [   0    0    0    0    0    0    0 8936    0    0    1    0    0    0
    80    0]
 [   0    0    0    0    0    0    0    0 4963    0    0    0    0    0
     0    0]
 [   0    0    0    0    0    0    0    0    5 2612    0    0    0    5
     0    0]
 [   0    0    0    0    0    0    0    0    0    0  852    2    0    0
     0    0]
 [   0    0    0    0    0    0    0    0    0    0    0 1542    0    0
     0    0]
 [   0    0    0    0    0    0    0    0    0    0    0    0  733    0
     0    0]
 [   0    0    0    0    0    0    0    0    0    5    0    0    0  851
     0    0]
 [   0    0    0    0    0    0    0   37    0    0    0    0    0    0
  5778    0]
 [   0    0    0    0    0    0    0    0    0    0    0    0    0    0
     0 1446]]---
Accuracy : 99.67%
---
class acc :
	Brocoli_green_weeds_1: 100.00
	Brocoli_green_weeds_2: 100.00
	Fallow: 100.00
	Fallow_rough_plow: 99.73
	Fallow_smooth: 99.72
	Stubble: 100.00
	Celery: 100.00
	Grapes_untrained: 99.10
	Soil_vinyard_develop: 100.00
	Corn_senesced_green_weeds: 99.62
	Lettuce_romaine_4wk: 99.77
	Lettuce_romaine_5wk: 100.00
	Lettuce_romaine_6wk: 100.00
	Lettuce_romaine_7wk: 99.42
	Vinyard_untrained: 99.36
	Vinyard_vertical_trellis: 100.00
---
AA: 99.79%
Kappa: 99.63
run 3 / 5
Best validation overall accuracy 0.9977678571428571
Confusion matrix :
[[1607    0    0    0    0    0    0    0    0    0    0    0    0    0
     0    0]
 [   0 2978    0    0    0    0    3    0    0    0    0    0    0    0
     0    0]
 [   0    0 1581    0    0    0    0    0    0    0    0    0    0    0
     0    0]
 [   0    0    0 1110    5    0    0    0    0    0    0    0    0    0
     0    0]
 [   0    0    0    0 2142    0    0    0    0    0    0    0    0    0
     0    0]
 [   0    0    0    0    0 3167    0    0    0    0    0    0    0    0
     0    0]
 [   0    0    0    0    0    0 2863    0    0    0    0    0    0    0
     0    0]
 [   0    0    0    0    0    0    0 8946    0    0    0    0    0    0
    71    0]
 [   0    0    0    0    0    0    0    0 4963    0    0    0    0    0
     0    0]
 [   0    0    0    0    0    0    0    0    6 2614    0    0    0    2
     0    0]
 [   0    0    0    6    0    0    0    0    0    0  848    0    0    0
     0    0]
 [   0    0    0    0    0    0    0    0    0    0    0 1542    0    0
     0    0]
 [   0    0    0    0    0    0    0    0    0    0    0    0  733    0
     0    0]
 [   0    0    0    0    0    0    0    0    0    0    0    0    0  856
     0    0]
 [   0    0    0    0    0    0    0   33    0    0    0    0    0    0
  5782    0]
 [   0    0    0    0    0    0    2    0    0    0    0    0    0    0
     2 1442]]---
Accuracy : 99.70%
---
class acc :
	Brocoli_green_weeds_1: 100.00
	Brocoli_green_weeds_2: 99.90
	Fallow: 100.00
	Fallow_rough_plow: 99.55
	Fallow_smooth: 100.00
	Stubble: 100.00
	Celery: 100.00
	Grapes_untrained: 99.21
	Soil_vinyard_develop: 100.00
	Corn_senesced_green_weeds: 99.69
	Lettuce_romaine_4wk: 99.30
	Lettuce_romaine_5wk: 100.00
	Lettuce_romaine_6wk: 100.00
	Lettuce_romaine_7wk: 100.00
	Vinyard_untrained: 99.43
	Vinyard_vertical_trellis: 99.72
---
AA: 99.80%
Kappa: 99.67
run 4 / 5
Best validation overall accuracy 0.9981398809523809
Confusion matrix :
[[1607    0    0    0    0    0    0    0    0    0    0    0    0    0
     0    0]
 [   0 2981    0    0    0    0    0    0    0    0    0    0    0    0
     0    0]
 [   0    0 1581    0    0    0    0    0    0    0    0    0    0    0
     0    0]
 [   0    0    0 1111    4    0    0    0    0    0    0    0    0    0
     0    0]
 [   0    0    0    0 2142    0    0    0    0    0    0    0    0    0
     0    0]
 [   0    0    0    0    0 3167    0    0    0    0    0    0    0    0
     0    0]
 [   0    0    0    0    0    0 2863    0    0    0    0    0    0    0
     0    0]
 [   0    0    0    0    0    0    0 8952    0    0    0    0    0    0
    65    0]
 [   0    0    0    0    0    0    0    0 4963    0    0    0    0    0
     0    0]
 [   0    0    0    0    0    0    0    1    0 2611    0    0    0   10
     0    0]
 [   0    0    0    0    0    0    0    0    0    0  854    0    0    0
     0    0]
 [   0    0    0    0    0    0    0    0    0    0    0 1542    0    0
     0    0]
 [   0    0    0    0    0    0    0    0    0    0    0    0  733    0
     0    0]
 [   0    0    0    0    0    0    0    0    0    0    0    0    0  856
     0    0]
 [   0    0    0    0    0    0    0   52    0    0    0    0    0    0
  5763    0]
 [   0    5    0    0    0    0    0    0    0    0    0    0    0    0
     0 1441]]---
Accuracy : 99.68%
---
class acc :
	Brocoli_green_weeds_1: 100.00
	Brocoli_green_weeds_2: 100.00
	Fallow: 100.00
	Fallow_rough_plow: 99.64
	Fallow_smooth: 100.00
	Stubble: 100.00
	Celery: 100.00
	Grapes_untrained: 99.28
	Soil_vinyard_develop: 100.00
	Corn_senesced_green_weeds: 99.58
	Lettuce_romaine_4wk: 100.00
	Lettuce_romaine_5wk: 100.00
	Lettuce_romaine_6wk: 100.00
	Lettuce_romaine_7wk: 100.00
	Vinyard_untrained: 99.11
	Vinyard_vertical_trellis: 99.65
---
AA: 99.83%
Kappa: 99.65
run 5 / 5
Best validation overall accuracy 0.9966517857142857
Confusion matrix :
[[1607    0    0    0    0    0    0    0    0    0    0    0    0    0
     0    0]
 [   0 2981    0    0    0    0    0    0    0    0    0    0    0    0
     0    0]
 [   0    0 1581    0    0    0    0    0    0    0    0    0    0    0
     0    0]
 [   0    0    0 1114    1    0    0    0    0    0    0    0    0    0
     0    0]
 [   0    0    1    2 2139    0    0    0    0    0    0    0    0    0
     0    0]
 [   0    0    0    0    0 3167    0    0    0    0    0    0    0    0
     0    0]
 [   0    0    0    0    0    0 2863    0    0    0    0    0    0    0
     0    0]
 [   0    0    0    0    0    0    0 8960    0    0    1    0    0    0
    56    0]
 [   0    0    0    0    0    0    0    0 4963    0    0    0    0    0
     0    0]
 [   0    1    0    0    0    0    0    0    0 2620    0    0    0    1
     0    0]
 [   0    0    0    2    0    0    0    0    0    0  852    0    0    0
     0    0]
 [   0    0    0    0    0    0    0    0    0    0    0 1542    0    0
     0    0]
 [   0    0    0    0    0    0    0    0    0    0    0    0  733    0
     0    0]
 [   0    0    0    0    0    0    0    0    0    0    0    0    0  856
     0    0]
 [   0    0    0    0    0    0    0   51    0    0    0    0    0    0
  5764    0]
 [   0    0    0    0    0    0    1    0    0    0    0    0    0    0
     1 1444]]---
Accuracy : 99.73%
---
class acc :
	Brocoli_green_weeds_1: 100.00
	Brocoli_green_weeds_2: 100.00
	Fallow: 100.00
	Fallow_rough_plow: 99.91
	Fallow_smooth: 99.86
	Stubble: 100.00
	Celery: 100.00
	Grapes_untrained: 99.37
	Soil_vinyard_develop: 100.00
	Corn_senesced_green_weeds: 99.92
	Lettuce_romaine_4wk: 99.77
	Lettuce_romaine_5wk: 100.00
	Lettuce_romaine_6wk: 100.00
	Lettuce_romaine_7wk: 100.00
	Vinyard_untrained: 99.12
	Vinyard_vertical_trellis: 99.86
---
AA: 99.86%
Kappa: 99.70
Agregated results :
Confusion matrix :
[[1.6070e+03 0.0000e+00 0.0000e+00 0.0000e+00 0.0000e+00 0.0000e+00
  0.0000e+00 0.0000e+00 0.0000e+00 0.0000e+00 0.0000e+00 0.0000e+00
  0.0000e+00 0.0000e+00 0.0000e+00 0.0000e+00]
 [0.0000e+00 2.9804e+03 0.0000e+00 0.0000e+00 0.0000e+00 0.0000e+00
  6.0000e-01 0.0000e+00 0.0000e+00 0.0000e+00 0.0000e+00 0.0000e+00
  0.0000e+00 0.0000e+00 0.0000e+00 0.0000e+00]
 [0.0000e+00 0.0000e+00 1.5810e+03 0.0000e+00 0.0000e+00 0.0000e+00
  0.0000e+00 0.0000e+00 0.0000e+00 0.0000e+00 0.0000e+00 0.0000e+00
  0.0000e+00 0.0000e+00 0.0000e+00 0.0000e+00]
 [0.0000e+00 0.0000e+00 0.0000e+00 1.1106e+03 4.4000e+00 0.0000e+00
  0.0000e+00 0.0000e+00 0.0000e+00 0.0000e+00 0.0000e+00 0.0000e+00
  0.0000e+00 0.0000e+00 0.0000e+00 0.0000e+00]
 [0.0000e+00 0.0000e+00 2.0000e-01 2.0000e+00 2.1398e+03 0.0000e+00
  0.0000e+00 0.0000e+00 0.0000e+00 0.0000e+00 0.0000e+00 0.0000e+00
  0.0000e+00 0.0000e+00 0.0000e+00 0.0000e+00]
 [0.0000e+00 0.0000e+00 0.0000e+00 0.0000e+00 0.0000e+00 3.1670e+03
  0.0000e+00 0.0000e+00 0.0000e+00 0.0000e+00 0.0000e+00 0.0000e+00
  0.0000e+00 0.0000e+00 0.0000e+00 0.0000e+00]
 [0.0000e+00 0.0000e+00 0.0000e+00 0.0000e+00 0.0000e+00 0.0000e+00
  2.8630e+03 0.0000e+00 0.0000e+00 0.0000e+00 0.0000e+00 0.0000e+00
  0.0000e+00 0.0000e+00 0.0000e+00 0.0000e+00]
 [0.0000e+00 0.0000e+00 0.0000e+00 0.0000e+00 0.0000e+00 0.0000e+00
  0.0000e+00 8.9442e+03 0.0000e+00 4.0000e-01 4.0000e-01 0.0000e+00
  0.0000e+00 0.0000e+00 7.2000e+01 0.0000e+00]
 [0.0000e+00 0.0000e+00 0.0000e+00 0.0000e+00 0.0000e+00 0.0000e+00
  0.0000e+00 0.0000e+00 4.9630e+03 0.0000e+00 0.0000e+00 0.0000e+00
  0.0000e+00 0.0000e+00 0.0000e+00 0.0000e+00]
 [0.0000e+00 2.0000e-01 0.0000e+00 0.0000e+00 0.0000e+00 0.0000e+00
  0.0000e+00 2.0000e-01 2.2000e+00 2.6150e+03 0.0000e+00 0.0000e+00
  0.0000e+00 4.4000e+00 0.0000e+00 0.0000e+00]
 [0.0000e+00 0.0000e+00 0.0000e+00 1.6000e+00 0.0000e+00 0.0000e+00
  0.0000e+00 0.0000e+00 0.0000e+00 0.0000e+00 8.5160e+02 8.0000e-01
  0.0000e+00 0.0000e+00 0.0000e+00 0.0000e+00]
 [0.0000e+00 0.0000e+00 0.0000e+00 0.0000e+00 0.0000e+00 0.0000e+00
  0.0000e+00 0.0000e+00 0.0000e+00 0.0000e+00 0.0000e+00 1.5420e+03
  0.0000e+00 0.0000e+00 0.0000e+00 0.0000e+00]
 [0.0000e+00 0.0000e+00 0.0000e+00 0.0000e+00 0.0000e+00 0.0000e+00
  0.0000e+00 0.0000e+00 0.0000e+00 0.0000e+00 0.0000e+00 0.0000e+00
  7.3300e+02 0.0000e+00 0.0000e+00 0.0000e+00]
 [0.0000e+00 0.0000e+00 0.0000e+00 0.0000e+00 0.0000e+00 0.0000e+00
  0.0000e+00 0.0000e+00 0.0000e+00 1.6000e+00 0.0000e+00 0.0000e+00
  0.0000e+00 8.5440e+02 0.0000e+00 0.0000e+00]
 [0.0000e+00 0.0000e+00 0.0000e+00 0.0000e+00 0.0000e+00 0.0000e+00
  0.0000e+00 4.2600e+01 0.0000e+00 0.0000e+00 0.0000e+00 0.0000e+00
  0.0000e+00 0.0000e+00 5.7724e+03 0.0000e+00]
 [0.0000e+00 1.0000e+00 0.0000e+00 0.0000e+00 0.0000e+00 0.0000e+00
  6.0000e-01 0.0000e+00 0.0000e+00 2.0000e-01 0.0000e+00 0.0000e+00
  0.0000e+00 0.0000e+00 6.0000e-01 1.4436e+03]]---
Accuracy: 99.69 +- 0.03
---
class acc :
	Brocoli_green_weeds_1: 100.00 +- 0.00
	Brocoli_green_weeds_2: 99.98 +- 0.04
	Fallow: 100.00 +- 0.00
	Fallow_rough_plow: 99.61 +- 0.24
	Fallow_smooth: 99.90 +- 0.10
	Stubble: 100.00 +- 0.00
	Celery: 100.00 +- 0.00
	Grapes_untrained: 99.19 +- 0.13
	Soil_vinyard_develop: 100.00 +- 0.00
	Corn_senesced_green_weeds: 99.73 +- 0.13
	Lettuce_romaine_4wk: 99.72 +- 0.23
	Lettuce_romaine_5wk: 100.00 +- 0.00
	Lettuce_romaine_6wk: 100.00 +- 0.00
	Lettuce_romaine_7wk: 99.81 +- 0.24
	Vinyard_untrained: 99.27 +- 0.13
	Vinyard_vertical_trellis: 99.83 +- 0.13
---
AA: 99.82 +- 0.03
Kappa: 99.65 +- 0.03
