run 1 / 5
Best validation overall accuracy 0.9468005952380952
Confusion matrix :
[[1808    0    0    0    0    0    0    0    0    0    0    0    0    0
     0    0]
 [   0 3354    0    0    0    0    0    0    0    0    0    0    0    0
     0    0]
 [   0    0 1722    0   34    0    0    0   10   13    0    0    0    0
     0    0]
 [   0    0    0 1247    8    0    0    0    0    0    0    0    0    0
     0    0]
 [   0    0   36   46 2321    0    0    0    6    1    0    0    0    0
     0    0]
 [   0    0    0    0    0 3563    0    0    0    0    0    0    0    0
     0    0]
 [   0    0    0    0    0    0 3219    1    0    0    0    0    0    0
     1    0]
 [   0    0    0    0    0    1    8 8880    4   90    0    0    0    8
  1153    0]
 [   0    0    0    0    0    0    0    0 5581    2    0    0    0    0
     0    0]
 [   0    0   63    0    0    0    0   20   51 2758   30    0    0   28
     0    0]
 [   0    0   20    1    0    0    0    2    0    3  921   14    0    0
     0    0]
 [   0    0    2    0    0    0    0    0    0    0    0 1732    0    0
     0    0]
 [   0    0    0    0    0    0    0    0    0    0    0    0  822    3
     0    0]
 [   0    0    0    0    0    0    0    1    0   11    0    0    0  951
     0    0]
 [   0    0    0    0   10    0    1  970    0    0    0    0    0    0
  5549   11]
 [   0    6    0    0    0    0    0    0    0    0    0    0    0    0
     0 1620]]---
Accuracy : 94.52%
---
class acc :
	Brocoli_green_weeds_1: 100.00
	Brocoli_green_weeds_2: 100.00
	Fallow: 96.80
	Fallow_rough_plow: 99.36
	Fallow_smooth: 96.31
	Stubble: 100.00
	Celery: 99.94
	Grapes_untrained: 87.54
	Soil_vinyard_develop: 99.96
	Corn_senesced_green_weeds: 93.49
	Lettuce_romaine_4wk: 95.84
	Lettuce_romaine_5wk: 99.88
	Lettuce_romaine_6wk: 99.64
	Lettuce_romaine_7wk: 98.75
	Vinyard_untrained: 84.83
	Vinyard_vertical_trellis: 99.63
---
AA: 97.00%
Kappa: 93.90
run 2 / 5
Best validation overall accuracy 0.9423363095238095
Confusion matrix :
[[1796   12    0    0    0    0    0    0    0    0    0    0    0    0
     0    0]
 [   0 3354    0    0    0    0    0    0    0    0    0    0    0    0
     0    0]
 [   0    0 1632    0   80    0    0    0    9   58    0    0    0    0
     0    0]
 [   0    0    0 1237   18    0    0    0    0    0    0    0    0    0
     0    0]
 [   0    0   47    9 2352    0    0    0    1    0    1    0    0    0
     0    0]
 [   0    0    0    0    0 3557    0    0    0    0    0    0    0    6
     0    0]
 [   0    0    0    0    0    0 3220    1    0    0    0    0    0    0
     0    0]
 [   0    0    0    0    0    0    0 9073    5   41   12    0    0    2
  1011    0]
 [   0    0    0    0    0    0    0    0 5578    5    0    0    0    0
     0    0]
 [   0    0   55    0    0    0    0   15   52 2735   73    2    0   18
     0    0]
 [   0    0    0    1    0    0    0    0    0    3  942   15    0    0
     0    0]
 [   0    0    1    0    0    0    0    0    0    0    0 1733    0    0
     0    0]
 [   0    0    0    0    0    0    0    0    0    0    0    0  819    6
     0    0]
 [   0    0    0    0    0    0    0    0    0   10    0    0   10  943
     0    0]
 [   0    0    0    0   10    0    1 1034    0    0    0    0    0    0
  5483   13]
 [   0    0    0    3    3    0   54   18    0    0    0    0    0    0
     0 1548]]---
Accuracy : 94.43%
---
class acc :
	Brocoli_green_weeds_1: 99.34
	Brocoli_green_weeds_2: 100.00
	Fallow: 91.74
	Fallow_rough_plow: 98.57
	Fallow_smooth: 97.59
	Stubble: 99.83
	Celery: 99.97
	Grapes_untrained: 89.44
	Soil_vinyard_develop: 99.91
	Corn_senesced_green_weeds: 92.71
	Lettuce_romaine_4wk: 98.02
	Lettuce_romaine_5wk: 99.94
	Lettuce_romaine_6wk: 99.27
	Lettuce_romaine_7wk: 97.92
	Vinyard_untrained: 83.83
	Vinyard_vertical_trellis: 95.20
---
AA: 96.46%
Kappa: 93.79
run 3 / 5
Best validation overall accuracy 0.9516369047619048
Confusion matrix :
[[1808    0    0    0    0    0    0    0    0    0    0    0    0    0
     0    0]
 [   0 3354    0    0    0    0    0    0    0    0    0    0    0    0
     0    0]
 [   0    0 1728    0   17    0    0    0    8   26    0    0    0    0
     0    0]
 [   0    0    1 1232   22    0    0    0    0    0    0    0    0    0
     0    0]
 [   0    0   53   13 2340    0    0    0    3    1    0    0    0    0
     0    0]
 [   0    0    0    0    0 3563    0    0    0    0    0    0    0    0
     0    0]
 [   0    0    0    0    0    0 3217    4    0    0    0    0    0    0
     0    0]
 [   0    0    0    0    0    0    7 9157    3   88    0    0    0   12
   877    0]
 [   0    0    0    0    0    0    0    0 5581    2    0    0    0    0
     0    0]
 [   0    0   52    0    1    0    0    8   28 2799   32    0    0   30
     0    0]
 [   0    0    5    1    0    0    0    1    0    1  942   11    0    0
     0    0]
 [   0    0    8    0    0    0    0    0    0    0    0 1726    0    0
     0    0]
 [   0    0    0    0    0    0    0    0    0    0    0    0  820    5
     0    0]
 [   0    0    0    0    0    0    0    0    0   10    0    0   12  941
     0    0]
 [   0    0    0    0   10    0    4 1087    0    0    0    0    0    0
  5424   16]
 [   0    0    0    2    3    0   16   11    0    0    0    0    0    0
     0 1594]]---
Accuracy : 94.89%
---
class acc :
	Brocoli_green_weeds_1: 100.00
	Brocoli_green_weeds_2: 100.00
	Fallow: 97.13
	Fallow_rough_plow: 98.17
	Fallow_smooth: 97.10
	Stubble: 100.00
	Celery: 99.88
	Grapes_untrained: 90.27
	Soil_vinyard_develop: 99.96
	Corn_senesced_green_weeds: 94.88
	Lettuce_romaine_4wk: 98.02
	Lettuce_romaine_5wk: 99.54
	Lettuce_romaine_6wk: 99.39
	Lettuce_romaine_7wk: 97.72
	Vinyard_untrained: 82.92
	Vinyard_vertical_trellis: 98.03
---
AA: 97.06%
Kappa: 94.31
run 4 / 5
Best validation overall accuracy 0.9512648809523809
Confusion matrix :
[[1808    0    0    0    0    0    0    0    0    0    0    0    0    0
     0    0]
 [   0 3354    0    0    0    0    0    0    0    0    0    0    0    0
     0    0]
 [   0    0 1718    0   58    0    0    0    3    0    0    0    0    0
     0    0]
 [   0    0    0 1246    9    0    0    0    0    0    0    0    0    0
     0    0]
 [   0    0   43   12 2353    0    0    0    2    0    0    0    0    0
     0    0]
 [   0    0    0    0    1 3562    0    0    0    0    0    0    0    0
     0    0]
 [   0    0    0    0    0    0 3216    5    0    0    0    0    0    0
     0    0]
 [   0    0    0    0    0    0   18 8976    2  108    0    0    0    5
  1035    0]
 [   0    0    0    0    0    0    0    0 5564   19    0    0    0    0
     0    0]
 [   0    0   56    0    0    0    0    7   37 2812   20    0    0   18
     0    0]
 [   0    0    7    3    0    0    0    0    0    0  935   16    0    0
     0    0]
 [   0    0    8    0    0    0    0    0    0    0    0 1726    0    0
     0    0]
 [   0    0    0    0    0    0    0    0    0    0    0    0  822    3
     0    0]
 [   0    0    0    0    0    0    0    2    0   16    0    0   23  922
     0    0]
 [   0    0    0    0   15    0    4 1049    0    0    0    0    0    0
  5469    4]
 [   0    6    0    3    3    0   13    2    0    0    0    2    0    0
     0 1597]]---
Accuracy : 94.59%
---
class acc :
	Brocoli_green_weeds_1: 100.00
	Brocoli_green_weeds_2: 100.00
	Fallow: 96.57
	Fallow_rough_plow: 99.28
	Fallow_smooth: 97.63
	Stubble: 99.97
	Celery: 99.84
	Grapes_untrained: 88.49
	Soil_vinyard_develop: 99.66
	Corn_senesced_green_weeds: 95.32
	Lettuce_romaine_4wk: 97.29
	Lettuce_romaine_5wk: 99.54
	Lettuce_romaine_6wk: 99.64
	Lettuce_romaine_7wk: 95.74
	Vinyard_untrained: 83.61
	Vinyard_vertical_trellis: 98.22
---
AA: 96.93%
Kappa: 93.98
run 5 / 5
Best validation overall accuracy 0.9516369047619048
Confusion matrix :
[[1808    0    0    0    0    0    0    0    0    0    0    0    0    0
     0    0]
 [   0 3354    0    0    0    0    0    0    0    0    0    0    0    0
     0    0]
 [   0    0 1709    0   58    0    0    0    8    4    0    0    0    0
     0    0]
 [   0    0    0 1247    8    0    0    0    0    0    0    0    0    0
     0    0]
 [   0    0   45   19 2338    0    0    0    4    0    4    0    0    0
     0    0]
 [   0    0    0    0    0 3563    0    0    0    0    0    0    0    0
     0    0]
 [   0    0    0    0    0    0 3221    0    0    0    0    0    0    0
     0    0]
 [   0    0    0    0    0    5    5 9061    3   66    3    0    0    7
   994    0]
 [   0    0    0    0    0    0    0    0 5580    3    0    0    0    0
     0    0]
 [   0    0   58    0    0    0    0   19   30 2785   41    0    0   17
     0    0]
 [   0    0   14    1    0    0    0    0    0   25  905   16    0    0
     0    0]
 [   0    0    1    0    0    0    0    0    0    0    0 1733    0    0
     0    0]
 [   0    0    0    0    0    0    0    0    0    0    0    0  823    2
     0    0]
 [   0    0    0    0    0    2    0    4    0    8    0    0    7  942
     0    0]
 [   0    0    0    0    2    0    0 1042    0    0    0    0    0    0
  5495    2]
 [   0    0    0    4    0    0    3    0    0    0    0    1    0    7
    21 1590]]---
Accuracy : 94.74%
---
class acc :
	Brocoli_green_weeds_1: 100.00
	Brocoli_green_weeds_2: 100.00
	Fallow: 96.07
	Fallow_rough_plow: 99.36
	Fallow_smooth: 97.01
	Stubble: 100.00
	Celery: 100.00
	Grapes_untrained: 89.32
	Soil_vinyard_develop: 99.95
	Corn_senesced_green_weeds: 94.41
	Lettuce_romaine_4wk: 94.17
	Lettuce_romaine_5wk: 99.94
	Lettuce_romaine_6wk: 99.76
	Lettuce_romaine_7wk: 97.82
	Vinyard_untrained: 84.01
	Vinyard_vertical_trellis: 97.79
---
AA: 96.85%
Kappa: 94.14
Agregated results :
Confusion matrix :
[[1.8056e+03 2.4000e+00 0.0000e+00 0.0000e+00 0.0000e+00 0.0000e+00
  0.0000e+00 0.0000e+00 0.0000e+00 0.0000e+00 0.0000e+00 0.0000e+00
  0.0000e+00 0.0000e+00 0.0000e+00 0.0000e+00]
 [0.0000e+00 3.3540e+03 0.0000e+00 0.0000e+00 0.0000e+00 0.0000e+00
  0.0000e+00 0.0000e+00 0.0000e+00 0.0000e+00 0.0000e+00 0.0000e+00
  0.0000e+00 0.0000e+00 0.0000e+00 0.0000e+00]
 [0.0000e+00 0.0000e+00 1.7018e+03 0.0000e+00 4.9400e+01 0.0000e+00
  0.0000e+00 0.0000e+00 7.6000e+00 2.0200e+01 0.0000e+00 0.0000e+00
  0.0000e+00 0.0000e+00 0.0000e+00 0.0000e+00]
 [0.0000e+00 0.0000e+00 2.0000e-01 1.2418e+03 1.3000e+01 0.0000e+00
  0.0000e+00 0.0000e+00 0.0000e+00 0.0000e+00 0.0000e+00 0.0000e+00
  0.0000e+00 0.0000e+00 0.0000e+00 0.0000e+00]
 [0.0000e+00 0.0000e+00 4.4800e+01 1.9800e+01 2.3408e+03 0.0000e+00
  0.0000e+00 0.0000e+00 3.2000e+00 4.0000e-01 1.0000e+00 0.0000e+00
  0.0000e+00 0.0000e+00 0.0000e+00 0.0000e+00]
 [0.0000e+00 0.0000e+00 0.0000e+00 0.0000e+00 2.0000e-01 3.5616e+03
  0.0000e+00 0.0000e+00 0.0000e+00 0.0000e+00 0.0000e+00 0.0000e+00
  0.0000e+00 1.2000e+00 0.0000e+00 0.0000e+00]
 [0.0000e+00 0.0000e+00 0.0000e+00 0.0000e+00 0.0000e+00 0.0000e+00
  3.2186e+03 2.2000e+00 0.0000e+00 0.0000e+00 0.0000e+00 0.0000e+00
  0.0000e+00 0.0000e+00 2.0000e-01 0.0000e+00]
 [0.0000e+00 0.0000e+00 0.0000e+00 0.0000e+00 0.0000e+00 1.2000e+00
  7.6000e+00 9.0294e+03 3.4000e+00 7.8600e+01 3.0000e+00 0.0000e+00
  0.0000e+00 6.8000e+00 1.0140e+03 0.0000e+00]
 [0.0000e+00 0.0000e+00 0.0000e+00 0.0000e+00 0.0000e+00 0.0000e+00
  0.0000e+00 0.0000e+00 5.5768e+03 6.2000e+00 0.0000e+00 0.0000e+00
  0.0000e+00 0.0000e+00 0.0000e+00 0.0000e+00]
 [0.0000e+00 0.0000e+00 5.6800e+01 0.0000e+00 2.0000e-01 0.0000e+00
  0.0000e+00 1.3800e+01 3.9600e+01 2.7778e+03 3.9200e+01 4.0000e-01
  0.0000e+00 2.2200e+01 0.0000e+00 0.0000e+00]
 [0.0000e+00 0.0000e+00 9.2000e+00 1.4000e+00 0.0000e+00 0.0000e+00
  0.0000e+00 6.0000e-01 0.0000e+00 6.4000e+00 9.2900e+02 1.4400e+01
  0.0000e+00 0.0000e+00 0.0000e+00 0.0000e+00]
 [0.0000e+00 0.0000e+00 4.0000e+00 0.0000e+00 0.0000e+00 0.0000e+00
  0.0000e+00 0.0000e+00 0.0000e+00 0.0000e+00 0.0000e+00 1.7300e+03
  0.0000e+00 0.0000e+00 0.0000e+00 0.0000e+00]
 [0.0000e+00 0.0000e+00 0.0000e+00 0.0000e+00 0.0000e+00 0.0000e+00
  0.0000e+00 0.0000e+00 0.0000e+00 0.0000e+00 0.0000e+00 0.0000e+00
  8.2120e+02 3.8000e+00 0.0000e+00 0.0000e+00]
 [0.0000e+00 0.0000e+00 0.0000e+00 0.0000e+00 0.0000e+00 4.0000e-01
  0.0000e+00 1.4000e+00 0.0000e+00 1.1000e+01 0.0000e+00 0.0000e+00
  1.0400e+01 9.3980e+02 0.0000e+00 0.0000e+00]
 [0.0000e+00 0.0000e+00 0.0000e+00 0.0000e+00 9.4000e+00 0.0000e+00
  2.0000e+00 1.0364e+03 0.0000e+00 0.0000e+00 0.0000e+00 0.0000e+00
  0.0000e+00 0.0000e+00 5.4840e+03 9.2000e+00]
 [0.0000e+00 2.4000e+00 0.0000e+00 2.4000e+00 1.8000e+00 0.0000e+00
  1.7200e+01 6.2000e+00 0.0000e+00 0.0000e+00 0.0000e+00 6.0000e-01
  0.0000e+00 1.4000e+00 4.2000e+00 1.5898e+03]]---
Accuracy: 94.63 +- 0.16
---
class acc :
	Brocoli_green_weeds_1: 99.87 +- 0.27
	Brocoli_green_weeds_2: 100.00 +- 0.00
	Fallow: 95.66 +- 1.99
	Fallow_rough_plow: 98.95 +- 0.49
	Fallow_smooth: 97.13 +- 0.48
	Stubble: 99.96 +- 0.07
	Celery: 99.93 +- 0.06
	Grapes_untrained: 89.01 +- 0.93
	Soil_vinyard_develop: 99.89 +- 0.12
	Corn_senesced_green_weeds: 94.16 +- 0.95
	Lettuce_romaine_4wk: 96.67 +- 1.48
	Lettuce_romaine_5wk: 99.77 +- 0.19
	Lettuce_romaine_6wk: 99.54 +- 0.18
	Lettuce_romaine_7wk: 97.59 +- 0.99
	Vinyard_untrained: 83.84 +- 0.62
	Vinyard_vertical_trellis: 97.77 +- 1.44
---
AA: 96.86 +- 0.21
Kappa: 94.02 +- 0.18
