run 1 / 5
Best validation overall accuracy 0.9542410714285714
Confusion matrix :
[[1606    1    0    0    0    0    0    0    0    0    0    0    0    0
     0    0]
 [   0 2981    0    0    0    0    0    0    0    0    0    0    0    0
     0    0]
 [   0    0 1572    0    4    0    0    0    5    0    0    0    0    0
     0    0]
 [   0    0    0 1111    4    0    0    0    0    0    0    0    0    0
     0    0]
 [   0    0   11   18 2113    0    0    0    0    0    0    0    0    0
     0    0]
 [   0    0    0    0    1 3166    0    0    0    0    0    0    0    0
     0    0]
 [   0    0    0    0    0    0 2859    4    0    0    0    0    0    0
     0    0]
 [   0    0    0    0    0    0    1 8134    4   48    0    0    0    4
   826    0]
 [   0    0    0    0    0    0    0    0 4958    5    0    0    0    0
     0    0]
 [   0    0   46    0    0    0    0    1    9 2529   28    1    0    8
     0    0]
 [   0    0    0    1    0    0    0    0    0    1  839   13    0    0
     0    0]
 [   0    0    0    0    0    0    0    0    0    0    0 1542    0    0
     0    0]
 [   0    0    0    0    0    0    0    0    0    0    0    0  731    2
     0    0]
 [   0    0    0    0    0    2    0    0    0    8    0    0    5  841
     0    0]
 [   0    0    0    0    0    0    0  743    0    0    0    0    0    0
  5060   12]
 [   0    2    0    0    0    0    0    0    0    0    0    0    0    0
    12 1432]]---
Accuracy : 95.77%
---
class acc :
	Brocoli_green_weeds_1: 99.94
	Brocoli_green_weeds_2: 100.00
	Fallow: 99.43
	Fallow_rough_plow: 99.64
	Fallow_smooth: 98.65
	Stubble: 99.97
	Celery: 99.86
	Grapes_untrained: 90.21
	Soil_vinyard_develop: 99.90
	Corn_senesced_green_weeds: 96.45
	Lettuce_romaine_4wk: 98.24
	Lettuce_romaine_5wk: 100.00
	Lettuce_romaine_6wk: 99.73
	Lettuce_romaine_7wk: 98.25
	Vinyard_untrained: 87.02
	Vinyard_vertical_trellis: 99.03
---
AA: 97.89%
Kappa: 95.30
run 2 / 5
Best validation overall accuracy 0.9635416666666666
Confusion matrix :
[[1607    0    0    0    0    0    0    0    0    0    0    0    0    0
     0    0]
 [   0 2981    0    0    0    0    0    0    0    0    0    0    0    0
     0    0]
 [   0    0 1573    0    6    0    0    0    2    0    0    0    0    0
     0    0]
 [   0    0    0 1110    5    0    0    0    0    0    0    0    0    0
     0    0]
 [   0    0   24   12 2101    0    0    0    2    3    0    0    0    0
     0    0]
 [   0    0    0    0    0 3167    0    0    0    0    0    0    0    0
     0    0]
 [   0    0    0    0    0    0 2858    5    0    0    0    0    0    0
     0    0]
 [   0    0    0    0    0    3    0 8281    0   15    0    0    0    2
   716    0]
 [   0    0    0    0    0    0    0    1 4962    0    0    0    0    0
     0    0]
 [   0    0   36    0    0    0    0    3   34 2515   18    3    0    6
     7    0]
 [   0    0    1    0    0    0    0    0    0    1  839   13    0    0
     0    0]
 [   0    0    0    0    0    0    0    0    0    2    0 1540    0    0
     0    0]
 [   0    0    0    0    0    0    0    0    0    0    0    0  733    0
     0    0]
 [   0    0    0    0    0    0    0    2    0   14    0    0    1  839
     0    0]
 [   0    0    0    0    7    0    0  742    0    0    0    0    0    0
  5064    2]
 [   0    0    0    0    1    0    0    3    0    0    0    0    0    0
     8 1434]]---
Accuracy : 96.07%
---
class acc :
	Brocoli_green_weeds_1: 100.00
	Brocoli_green_weeds_2: 100.00
	Fallow: 99.49
	Fallow_rough_plow: 99.55
	Fallow_smooth: 98.09
	Stubble: 100.00
	Celery: 99.83
	Grapes_untrained: 91.84
	Soil_vinyard_develop: 99.98
	Corn_senesced_green_weeds: 95.92
	Lettuce_romaine_4wk: 98.24
	Lettuce_romaine_5wk: 99.87
	Lettuce_romaine_6wk: 100.00
	Lettuce_romaine_7wk: 98.01
	Vinyard_untrained: 87.09
	Vinyard_vertical_trellis: 99.17
---
AA: 97.94%
Kappa: 95.63
run 3 / 5
Best validation overall accuracy 0.9637276785714286
Confusion matrix :
[[1607    0    0    0    0    0    0    0    0    0    0    0    0    0
     0    0]
 [   0 2981    0    0    0    0    0    0    0    0    0    0    0    0
     0    0]
 [   0    0 1576    0    2    0    0    0    3    0    0    0    0    0
     0    0]
 [   0    0    0 1106    9    0    0    0    0    0    0    0    0    0
     0    0]
 [   0    0   36    9 2093    0    0    0    3    1    0    0    0    0
     0    0]
 [   0    0    0    0    0 3167    0    0    0    0    0    0    0    0
     0    0]
 [   0    0    0    0    0    0 2858    4    0    0    0    0    0    0
     1    0]
 [   0    0    0    0    0    1    1 8335    1    1    0    1    0    0
   677    0]
 [   0    0    0    0    0    0    0    2 4961    0    0    0    0    0
     0    0]
 [   0    0   46    0    0    0    0   13   39 2503   15    0    0    6
     0    0]
 [   0    0    3    0    0    0    0    4    0    1  840    5    0    0
     1    0]
 [   0    0    0    0    0    0    0    0    0    0    0 1542    0    0
     0    0]
 [   0    0    0    0    0    0    0    0    0    0    0    0  731    2
     0    0]
 [   0    0    0    0    0    0    0    0    0    3    0    0    0  853
     0    0]
 [   0    0    0    0    0    0    6  623    0    0    0    0    0    0
  5186    0]
 [   0    1    0    0    0    0    6    0    0    0    0    0    0    0
    14 1425]]---
Accuracy : 96.44%
---
class acc :
	Brocoli_green_weeds_1: 100.00
	Brocoli_green_weeds_2: 100.00
	Fallow: 99.68
	Fallow_rough_plow: 99.19
	Fallow_smooth: 97.71
	Stubble: 100.00
	Celery: 99.83
	Grapes_untrained: 92.44
	Soil_vinyard_develop: 99.96
	Corn_senesced_green_weeds: 95.46
	Lettuce_romaine_4wk: 98.36
	Lettuce_romaine_5wk: 100.00
	Lettuce_romaine_6wk: 99.73
	Lettuce_romaine_7wk: 99.65
	Vinyard_untrained: 89.18
	Vinyard_vertical_trellis: 98.55
---
AA: 98.11%
Kappa: 96.04
run 4 / 5
Best validation overall accuracy 0.9613095238095238
Confusion matrix :
[[1607    0    0    0    0    0    0    0    0    0    0    0    0    0
     0    0]
 [   0 2981    0    0    0    0    0    0    0    0    0    0    0    0
     0    0]
 [   0    0 1572    0    1    0    0    0    8    0    0    0    0    0
     0    0]
 [   0    0    0 1112    3    0    0    0    0    0    0    0    0    0
     0    0]
 [   0    0   23    1 2113    0    0    0    4    1    0    0    0    0
     0    0]
 [   0    0    0    0    0 3167    0    0    0    0    0    0    0    0
     0    0]
 [   0    0    0    0    1    0 2859    3    0    0    0    0    0    0
     0    0]
 [   0    0    0    0    0    0    1 8350    0   23    0    0    0    0
   643    0]
 [   0    0    0    0    0    0    0    2 4961    0    0    0    0    0
     0    0]
 [   0    0   44    0    0    0    0    8   28 2492   37    2    0   10
     1    0]
 [   0    0    1    4    0    0    0    1    0    0  844    4    0    0
     0    0]
 [   0    0    0    0    0    0    0    0    0    0    0 1542    0    0
     0    0]
 [   0    0    0    0    0    0    0    0    0    0    0    0  725    8
     0    0]
 [   0    0    0    0    0    3    0    0    0    7    0    0    0  846
     0    0]
 [   0    0    0    0    0    0    0  884    0    0    0    0    0    0
  4931    0]
 [   0    5    0    0    0    0    0    0    0    0    0    0    0    0
     7 1434]]---
Accuracy : 95.92%
---
class acc :
	Brocoli_green_weeds_1: 100.00
	Brocoli_green_weeds_2: 100.00
	Fallow: 99.43
	Fallow_rough_plow: 99.73
	Fallow_smooth: 98.65
	Stubble: 100.00
	Celery: 99.86
	Grapes_untrained: 92.60
	Soil_vinyard_develop: 99.96
	Corn_senesced_green_weeds: 95.04
	Lettuce_romaine_4wk: 98.83
	Lettuce_romaine_5wk: 100.00
	Lettuce_romaine_6wk: 98.91
	Lettuce_romaine_7wk: 98.83
	Vinyard_untrained: 84.80
	Vinyard_vertical_trellis: 99.17
---
AA: 97.86%
Kappa: 95.45
run 5 / 5
Best validation overall accuracy 0.9600074404761905
Confusion matrix :
[[1607    0    0    0    0    0    0    0    0    0    0    0    0    0
     0    0]
 [   0 2981    0    0    0    0    0    0    0    0    0    0    0    0
     0    0]
 [   0    0 1578    0    1    0    0    0    2    0    0    0    0    0
     0    0]
 [   0    0    0 1113    2    0    0    0    0    0    0    0    0    0
     0    0]
 [   0    0   31    9 2097    0    0    0    1    1    3    0    0    0
     0    0]
 [   0    0    0    0    0 3167    0    0    0    0    0    0    0    0
     0    0]
 [   0    0    0    0    0    0 2860    3    0    0    0    0    0    0
     0    0]
 [   0    0    0    0    0    4    0 8346    1   21    0    1    0    1
   643    0]
 [   0    0    0    0    0    0    0    2 4958    3    0    0    0    0
     0    0]
 [   0    0   39    1    0    0    0    3   27 2518   19    1    0   10
     4    0]
 [   0    0    2    1    0    0    0    3    0    0  838   10    0    0
     0    0]
 [   0    0    0    0    0    0    0    0    0    0    0 1542    0    0
     0    0]
 [   0    0    0    0    0    0    0    0    0    0    0    0  730    3
     0    0]
 [   0    0    0    0    0    0    0    0    0    7    0    0    8  841
     0    0]
 [   0    0    0    0    0    0    0  796    0    0    0    0    0    0
  5005   14]
 [   0    2    0    0    0    0    1    0    0    0    0    0    0    0
     9 1434]]---
Accuracy : 96.10%
---
class acc :
	Brocoli_green_weeds_1: 100.00
	Brocoli_green_weeds_2: 100.00
	Fallow: 99.81
	Fallow_rough_plow: 99.82
	Fallow_smooth: 97.90
	Stubble: 100.00
	Celery: 99.90
	Grapes_untrained: 92.56
	Soil_vinyard_develop: 99.90
	Corn_senesced_green_weeds: 96.03
	Lettuce_romaine_4wk: 98.13
	Lettuce_romaine_5wk: 100.00
	Lettuce_romaine_6wk: 99.59
	Lettuce_romaine_7wk: 98.25
	Vinyard_untrained: 86.07
	Vinyard_vertical_trellis: 99.17
---
AA: 97.95%
Kappa: 95.66
Agregated results :
Confusion matrix :
[[1.6068e+03 2.0000e-01 0.0000e+00 0.0000e+00 0.0000e+00 0.0000e+00
  0.0000e+00 0.0000e+00 0.0000e+00 0.0000e+00 0.0000e+00 0.0000e+00
  0.0000e+00 0.0000e+00 0.0000e+00 0.0000e+00]
 [0.0000e+00 2.9810e+03 0.0000e+00 0.0000e+00 0.0000e+00 0.0000e+00
  0.0000e+00 0.0000e+00 0.0000e+00 0.0000e+00 0.0000e+00 0.0000e+00
  0.0000e+00 0.0000e+00 0.0000e+00 0.0000e+00]
 [0.0000e+00 0.0000e+00 1.5742e+03 0.0000e+00 2.8000e+00 0.0000e+00
  0.0000e+00 0.0000e+00 4.0000e+00 0.0000e+00 0.0000e+00 0.0000e+00
  0.0000e+00 0.0000e+00 0.0000e+00 0.0000e+00]
 [0.0000e+00 0.0000e+00 0.0000e+00 1.1104e+03 4.6000e+00 0.0000e+00
  0.0000e+00 0.0000e+00 0.0000e+00 0.0000e+00 0.0000e+00 0.0000e+00
  0.0000e+00 0.0000e+00 0.0000e+00 0.0000e+00]
 [0.0000e+00 0.0000e+00 2.5000e+01 9.8000e+00 2.1034e+03 0.0000e+00
  0.0000e+00 0.0000e+00 2.0000e+00 1.2000e+00 6.0000e-01 0.0000e+00
  0.0000e+00 0.0000e+00 0.0000e+00 0.0000e+00]
 [0.0000e+00 0.0000e+00 0.0000e+00 0.0000e+00 2.0000e-01 3.1668e+03
  0.0000e+00 0.0000e+00 0.0000e+00 0.0000e+00 0.0000e+00 0.0000e+00
  0.0000e+00 0.0000e+00 0.0000e+00 0.0000e+00]
 [0.0000e+00 0.0000e+00 0.0000e+00 0.0000e+00 2.0000e-01 0.0000e+00
  2.8588e+03 3.8000e+00 0.0000e+00 0.0000e+00 0.0000e+00 0.0000e+00
  0.0000e+00 0.0000e+00 2.0000e-01 0.0000e+00]
 [0.0000e+00 0.0000e+00 0.0000e+00 0.0000e+00 0.0000e+00 1.6000e+00
  6.0000e-01 8.2892e+03 1.2000e+00 2.1600e+01 0.0000e+00 4.0000e-01
  0.0000e+00 1.4000e+00 7.0100e+02 0.0000e+00]
 [0.0000e+00 0.0000e+00 0.0000e+00 0.0000e+00 0.0000e+00 0.0000e+00
  0.0000e+00 1.4000e+00 4.9600e+03 1.6000e+00 0.0000e+00 0.0000e+00
  0.0000e+00 0.0000e+00 0.0000e+00 0.0000e+00]
 [0.0000e+00 0.0000e+00 4.2200e+01 2.0000e-01 0.0000e+00 0.0000e+00
  0.0000e+00 5.6000e+00 2.7400e+01 2.5114e+03 2.3400e+01 1.4000e+00
  0.0000e+00 8.0000e+00 2.4000e+00 0.0000e+00]
 [0.0000e+00 0.0000e+00 1.4000e+00 1.2000e+00 0.0000e+00 0.0000e+00
  0.0000e+00 1.6000e+00 0.0000e+00 6.0000e-01 8.4000e+02 9.0000e+00
  0.0000e+00 0.0000e+00 2.0000e-01 0.0000e+00]
 [0.0000e+00 0.0000e+00 0.0000e+00 0.0000e+00 0.0000e+00 0.0000e+00
  0.0000e+00 0.0000e+00 0.0000e+00 4.0000e-01 0.0000e+00 1.5416e+03
  0.0000e+00 0.0000e+00 0.0000e+00 0.0000e+00]
 [0.0000e+00 0.0000e+00 0.0000e+00 0.0000e+00 0.0000e+00 0.0000e+00
  0.0000e+00 0.0000e+00 0.0000e+00 0.0000e+00 0.0000e+00 0.0000e+00
  7.3000e+02 3.0000e+00 0.0000e+00 0.0000e+00]
 [0.0000e+00 0.0000e+00 0.0000e+00 0.0000e+00 0.0000e+00 1.0000e+00
  0.0000e+00 4.0000e-01 0.0000e+00 7.8000e+00 0.0000e+00 0.0000e+00
  2.8000e+00 8.4400e+02 0.0000e+00 0.0000e+00]
 [0.0000e+00 0.0000e+00 0.0000e+00 0.0000e+00 1.4000e+00 0.0000e+00
  1.2000e+00 7.5760e+02 0.0000e+00 0.0000e+00 0.0000e+00 0.0000e+00
  0.0000e+00 0.0000e+00 5.0492e+03 5.6000e+00]
 [0.0000e+00 2.0000e+00 0.0000e+00 0.0000e+00 2.0000e-01 0.0000e+00
  1.4000e+00 6.0000e-01 0.0000e+00 0.0000e+00 0.0000e+00 0.0000e+00
  0.0000e+00 0.0000e+00 1.0000e+01 1.4318e+03]]---
Accuracy: 96.06 +- 0.22
---
class acc :
	Brocoli_green_weeds_1: 99.99 +- 0.02
	Brocoli_green_weeds_2: 100.00 +- 0.00
	Fallow: 99.57 +- 0.15
	Fallow_rough_plow: 99.59 +- 0.22
	Fallow_smooth: 98.20 +- 0.38
	Stubble: 99.99 +- 0.01
	Celery: 99.85 +- 0.03
	Grapes_untrained: 91.93 +- 0.90
	Soil_vinyard_develop: 99.94 +- 0.03
	Corn_senesced_green_weeds: 95.78 +- 0.49
	Lettuce_romaine_4wk: 98.36 +- 0.25
	Lettuce_romaine_5wk: 99.97 +- 0.05
	Lettuce_romaine_6wk: 99.59 +- 0.37
	Lettuce_romaine_7wk: 98.60 +- 0.59
	Vinyard_untrained: 86.83 +- 1.44
	Vinyard_vertical_trellis: 99.02 +- 0.24
---
AA: 97.95 +- 0.08
Kappa: 95.61 +- 0.25
