run 1 / 5
Best validation overall accuracy 0.640625
Confusion matrix :
[[243   0   0   0   0   0   0   0   0   0   0   0   0   0]
 [  0  84   0   0   0   7   0   0   0   0   0   0   0   0]
 [  0   0 202  16   0   0   4   0   0   1   0   0   3   0]
 [  0   0 135  56   1   0   0   0   1   0   0   0   1   0]
 [  0   2  16  52  55  50   0   0  30  14   0   0  23   0]
 [  1   8   1   4  11 162   0   0  50   3   0   0   2   0]
 [  1   0  12   0   0   0 218   0   1   0   0   0   1   0]
 [  0   0   0   0   0   0   0  92   0  60  31   0   0   0]
 [  0   0  11   8   7  96   0   0 161   0   0   0   0   0]
 [  0   0  21  43   0   0   0  13   0  96   4   0  46   0]
 [  0   0   0   0   0   0   0   3   0  18 253   0   1   0]
 [  0   0   0   0   0   0   0  85   0  33  45   0   0   0]
 [  0   0   6  68  10   0   0   4   1 100   6   0  46   0]
 [  0   0   0   0   0   0   0   0   0   0  85   0   0   0]]---
Accuracy : 57.05%
---
class acc :
	Water: 100.00
	Hippo grass: 92.31
	Floodplain grasses 1: 89.38
	Floodplain grasses 2: 28.87
	Reeds: 22.73
	Riparian: 66.94
	Firescar: 93.56
	Island interior: 50.27
	Acacia woodlands: 56.89
	Acacia shrublands: 43.05
	Acacia grasslands: 92.00
	Short mopane: 0.00
	Mixed mopane: 19.09
	Exposed soils: 0.00
---
AA: 53.93%
Kappa: 53.34
run 2 / 5
Best validation overall accuracy 0.625
Confusion matrix :
[[243   0   0   0   0   0   0   0   0   0   0   0   0   0]
 [  0  86   0   0   0   5   0   0   0   0   0   0   0   0]
 [  0   0 125  40   2   0   5   0   6   9   0   0  39   0]
 [  0   0  34 157   0   0   0   0   0   1   0   0   2   0]
 [  0   0   7  20 121  59   0   0   3  26   2   0   4   0]
 [  0  15   0   3  29 149   0   0  41   4   1   0   0   0]
 [  0   0  14   4   0   0 161   0  48   1   0   0   5   0]
 [  0   0   0   0   0   0   0   0   0  32 151   0   0   0]
 [  0   0   5  20   2  48   0   0 205   1   0   0   2   0]
 [  0   0  17   2   0   0   0   0   0 161  17   0  26   0]
 [  0   0   0   0   0   0   0   0   0  16 259   0   0   0]
 [  0   0   0   0   0   0   0   0   0   0 163   0   0   0]
 [  0   0  23  11   0   0   0   0   0 142  32   0  33   0]
 [  0   0   0   0   0   0   0   0   0   0  85   0   0   0]]---
Accuracy : 58.14%
---
class acc :
	Water: 100.00
	Hippo grass: 94.51
	Floodplain grasses 1: 55.31
	Floodplain grasses 2: 80.93
	Reeds: 50.00
	Riparian: 61.57
	Firescar: 69.10
	Island interior: 0.00
	Acacia woodlands: 72.44
	Acacia shrublands: 72.20
	Acacia grasslands: 94.18
	Short mopane: 0.00
	Mixed mopane: 13.69
	Exposed soils: 0.00
---
AA: 54.57%
Kappa: 54.39
run 3 / 5
Best validation overall accuracy 0.6015625
Confusion matrix :
[[232   0   0   0   0   4   0   0   7   0   0   0   0   0]
 [  0  82   0   0   0   9   0   0   0   0   0   0   0   0]
 [  0   0 197   4   0   0   2   0   0   3   0   0  20   0]
 [  0   0  94  83   0   0   0   0  11   1   0   0   5   0]
 [  0   0  11  33  81  37   0   2  14  48   0   0  16   0]
 [  0   7   1  12   9 168   0   1  39   2   0   0   3   0]
 [  0   0  79   0   0   0 149   0   3   1   0   0   1   0]
 [  0   0   0   0   0   0   0 123   0   1  44   0  15   0]
 [  0   0  10   8   0  76   0   0 183   0   0   0   6   0]
 [  0   0  22   1   0   0   0  25   0  72   8   0  95   0]
 [  0   0   0   0   0   0   0  11   0   3 257   0   4   0]
 [  0   0   0   0   0   0   0  18   0   0 144   0   1   0]
 [  0   0  21   2   0   0   0  26   1  85  13   0  93   0]
 [  0   0   0   0   0   0   0   0   0   0  85   0   0   0]]---
Accuracy : 58.82%
---
class acc :
	Water: 95.47
	Hippo grass: 90.11
	Floodplain grasses 1: 87.17
	Floodplain grasses 2: 42.78
	Reeds: 33.47
	Riparian: 69.42
	Firescar: 63.95
	Island interior: 67.21
	Acacia woodlands: 64.66
	Acacia shrublands: 32.29
	Acacia grasslands: 93.45
	Short mopane: 0.00
	Mixed mopane: 38.59
	Exposed soils: 0.00
---
AA: 55.61%
Kappa: 55.20
run 4 / 5
Best validation overall accuracy 0.6171875
Confusion matrix :
[[243   0   0   0   0   0   0   0   0   0   0   0   0   0]
 [  0   0  12   0   0   0   0   0  79   0   0   0   0   0]
 [  0   0 153  35   0   0   0   0  16  18   0   0   4   0]
 [  0   0 105  66   3   0   0   0   0  19   0   0   1   0]
 [  0   0  64  27  31   0   0   1   5  10   0   0 104   0]
 [  0   0  86   9   3   0   0   0 135   2   0   0   7   0]
 [  0   0   4   0   0   0 210   0  18   0   0   0   1   0]
 [  0   0   0   0   0   0   0 153   0  17   6   5   2   0]
 [  0   0  95  12   0   0   1   0 171   4   0   0   0   0]
 [  0   0   5  12   0   0   0   6   0  71   0   1 128   0]
 [  0   0   0   0   0   0   0  12   0   3 226  11  17   6]
 [  0   0   0   0   0   0   0   0   0   0   0 147  16   0]
 [  0   0   0   3   0   0   0   8   0  64   0   1 165   0]
 [  0   0   0   0   0   0   0   0   0   0   7   0   0  78]]---
Accuracy : 58.62%
---
class acc :
	Water: 100.00
	Hippo grass: 0.00
	Floodplain grasses 1: 67.70
	Floodplain grasses 2: 34.02
	Reeds: 12.81
	Riparian: 0.00
	Firescar: 90.13
	Island interior: 83.61
	Acacia woodlands: 60.42
	Acacia shrublands: 31.84
	Acacia grasslands: 82.18
	Short mopane: 90.18
	Mixed mopane: 68.46
	Exposed soils: 91.76
---
AA: 58.08%
Kappa: 55.08
run 5 / 5
Best validation overall accuracy 0.6328125
Confusion matrix :
[[240   3   0   0   0   0   0   0   0   0   0   0   0   0]
 [  5  85   0   0   0   1   0   0   0   0   0   0   0   0]
 [  0   0 190  31   2   0   0   0   0   3   0   0   0   0]
 [  0   0  73 107  13   0   0   0   1   0   0   0   0   0]
 [  0   5   4  14 101  77   0   0  22  18   1   0   0   0]
 [  1  33   0   2  16 147   1   0  42   0   0   0   0   0]
 [  0   0   1   0   0   0 232   0   0   0   0   0   0   0]
 [  0   0   0   0   0   0   0   0   0  46 137   0   0   0]
 [  0   1   9  16  10  84   0   0 163   0   0   0   0   0]
 [  0   0  85   0   0   0   0   0   0 137   1   0   0   0]
 [  0   0   0   0   0   0   0   0   0  44 231   0   0   0]
 [  0   0   0   0   0   0   0   0   0  23 140   0   0   0]
 [  0   0  88  15   1   0   0   0   2 116  19   0   0   0]
 [  0   0   0   0   0   0   0   0   0   0  62   0   0  23]]---
Accuracy : 56.63%
---
class acc :
	Water: 98.77
	Hippo grass: 93.41
	Floodplain grasses 1: 84.07
	Floodplain grasses 2: 55.15
	Reeds: 41.74
	Riparian: 60.74
	Firescar: 99.57
	Island interior: 0.00
	Acacia woodlands: 57.60
	Acacia shrublands: 61.43
	Acacia grasslands: 84.00
	Short mopane: 0.00
	Mixed mopane: 0.00
	Exposed soils: 27.06
---
AA: 54.54%
Kappa: 52.84
Agregated results :
Confusion matrix :
[[2.402e+02 6.000e-01 0.000e+00 0.000e+00 0.000e+00 8.000e-01 0.000e+00
  0.000e+00 1.400e+00 0.000e+00 0.000e+00 0.000e+00 0.000e+00 0.000e+00]
 [1.000e+00 6.740e+01 2.400e+00 0.000e+00 0.000e+00 4.400e+00 0.000e+00
  0.000e+00 1.580e+01 0.000e+00 0.000e+00 0.000e+00 0.000e+00 0.000e+00]
 [0.000e+00 0.000e+00 1.734e+02 2.520e+01 8.000e-01 0.000e+00 2.200e+00
  0.000e+00 4.400e+00 6.800e+00 0.000e+00 0.000e+00 1.320e+01 0.000e+00]
 [0.000e+00 0.000e+00 8.820e+01 9.380e+01 3.400e+00 0.000e+00 0.000e+00
  0.000e+00 2.600e+00 4.200e+00 0.000e+00 0.000e+00 1.800e+00 0.000e+00]
 [0.000e+00 1.400e+00 2.040e+01 2.920e+01 7.780e+01 4.460e+01 0.000e+00
  6.000e-01 1.480e+01 2.320e+01 6.000e-01 0.000e+00 2.940e+01 0.000e+00]
 [4.000e-01 1.260e+01 1.760e+01 6.000e+00 1.360e+01 1.252e+02 2.000e-01
  2.000e-01 6.140e+01 2.200e+00 2.000e-01 0.000e+00 2.400e+00 0.000e+00]
 [2.000e-01 0.000e+00 2.200e+01 8.000e-01 0.000e+00 0.000e+00 1.940e+02
  0.000e+00 1.400e+01 4.000e-01 0.000e+00 0.000e+00 1.600e+00 0.000e+00]
 [0.000e+00 0.000e+00 0.000e+00 0.000e+00 0.000e+00 0.000e+00 0.000e+00
  7.360e+01 0.000e+00 3.120e+01 7.380e+01 1.000e+00 3.400e+00 0.000e+00]
 [0.000e+00 2.000e-01 2.600e+01 1.280e+01 3.800e+00 6.080e+01 2.000e-01
  0.000e+00 1.766e+02 1.000e+00 0.000e+00 0.000e+00 1.600e+00 0.000e+00]
 [0.000e+00 0.000e+00 3.000e+01 1.160e+01 0.000e+00 0.000e+00 0.000e+00
  8.800e+00 0.000e+00 1.074e+02 6.000e+00 2.000e-01 5.900e+01 0.000e+00]
 [0.000e+00 0.000e+00 0.000e+00 0.000e+00 0.000e+00 0.000e+00 0.000e+00
  5.200e+00 0.000e+00 1.680e+01 2.452e+02 2.200e+00 4.400e+00 1.200e+00]
 [0.000e+00 0.000e+00 0.000e+00 0.000e+00 0.000e+00 0.000e+00 0.000e+00
  2.060e+01 0.000e+00 1.120e+01 9.840e+01 2.940e+01 3.400e+00 0.000e+00]
 [0.000e+00 0.000e+00 2.760e+01 1.980e+01 2.200e+00 0.000e+00 0.000e+00
  7.600e+00 8.000e-01 1.014e+02 1.400e+01 2.000e-01 6.740e+01 0.000e+00]
 [0.000e+00 0.000e+00 0.000e+00 0.000e+00 0.000e+00 0.000e+00 0.000e+00
  0.000e+00 0.000e+00 0.000e+00 6.480e+01 0.000e+00 0.000e+00 2.020e+01]]---
Accuracy: 57.85 +- 0.87
---
class acc :
	Water: 98.85 +- 1.75
	Hippo grass: 74.07 +- 37.06
	Floodplain grasses 1: 76.73 +- 13.14
	Floodplain grasses 2: 48.35 +- 18.57
	Reeds: 32.15 +- 13.23
	Riparian: 51.74 +- 26.07
	Firescar: 83.26 +- 14.09
	Island interior: 40.22 +- 34.49
	Acacia woodlands: 62.40 +- 5.71
	Acacia shrublands: 48.16 +- 16.12
	Acacia grasslands: 89.16 +- 5.04
	Short mopane: 18.04 +- 36.07
	Mixed mopane: 27.97 +- 23.74
	Exposed soils: 23.76 +- 35.58
---
AA: 55.35 +- 1.47
Kappa: 54.17 +- 0.94
