run 1 / 5
Best validation overall accuracy 0.85
Confusion matrix :
[[216   0   0   0   0   0   0   0   0   0   0   0   0   0]
 [  0  81   0   0   0   0   0   0   0   0   0   0   0   0]
 [  0   0 191   0   0   0   2   0   1   4   0   0   3   0]
 [  0   0   0 166   2   0   0   0   0   3   0   0   1   0]
 [  2   3   0  16 169   9   0   1   0   9   0   0   6   0]
 [  0   1   0   3   5 199   0   1   6   0   0   0   0   0]
 [  0   0   1   0   0   0 204   1   1   0   0   0   0   0]
 [  0   0   0   0   0   0   0 156   0   5   0   1   0   0]
 [  0   0   2   3   0  43   1   0 202   0   0   0   0   0]
 [  0   0  22   1   0   0   0   6   0 107   0   2  61   0]
 [  0   0   0   0   0   0   0   6   0  14 206  17   1   0]
 [  0   0   0   0   0   0   0   4   0   0   0 141   0   0]
 [  0   0   4   9   0   0   0  15   0  19   0   1 167   0]
 [  0   0   0   0   0   0   0   0   0   0  75   1   0   0]]---
Accuracy : 84.84%
---
class acc :
	Water: 100.00
	Hippo grass: 100.00
	Floodplain grasses 1: 95.02
	Floodplain grasses 2: 96.51
	Reeds: 78.60
	Riparian: 92.56
	Firescar: 98.55
	Island interior: 96.30
	Acacia woodlands: 80.48
	Acacia shrublands: 53.77
	Acacia grasslands: 84.43
	Short mopane: 97.24
	Mixed mopane: 77.67
	Exposed soils: 0.00
---
AA: 82.22%
Kappa: 83.56
run 2 / 5
Best validation overall accuracy 0.909375
Confusion matrix :
[[216   0   0   0   0   0   0   0   0   0   0   0   0   0]
 [  0  81   0   0   0   0   0   0   0   0   0   0   0   0]
 [  0   0 188   0   0   0   4   0   0   6   0   0   3   0]
 [  0   0  19 153   0   0   0   0   0   0   0   0   0   0]
 [  0   0   0   3 204   4   0   1   0   0   0   3   0   0]
 [  0   4   0   4  10 184   0   0  13   0   0   0   0   0]
 [  0   0  17   1   0   0 188   0   1   0   0   0   0   0]
 [  0   0   0   0   0   0   0 127   0   0  34   1   0   0]
 [  0   0   0   1   0  26   0   0 214   0   0   0  10   0]
 [  0   0  17   0   0   0   0   0   0 159  12   1  10   0]
 [  0   0   0   0   0   0   0   0   0   4 240   0   0   0]
 [  0   0   0   3   2   0   0   0   0   0   0 134   6   0]
 [  0   0   0   3   0   0   0   0   1  19   2   7 183   0]
 [  0   0   0   0   1   0   0   0   0   0   0   0   0  75]]---
Accuracy : 90.27%
---
class acc :
	Water: 100.00
	Hippo grass: 100.00
	Floodplain grasses 1: 93.53
	Floodplain grasses 2: 88.95
	Reeds: 94.88
	Riparian: 85.58
	Firescar: 90.82
	Island interior: 78.40
	Acacia woodlands: 85.26
	Acacia shrublands: 79.90
	Acacia grasslands: 98.36
	Short mopane: 92.41
	Mixed mopane: 85.12
	Exposed soils: 98.68
---
AA: 90.85%
Kappa: 89.45
run 3 / 5
Best validation overall accuracy 0.703125
Confusion matrix :
[[214   0   0   0   0   2   0   0   0   0   0   0   0   0]
 [  0  81   0   0   0   0   0   0   0   0   0   0   0   0]
 [  0   0 188   0   0   0   7   0   0   0   0   0   6   0]
 [  0   0  15 150   5   0   0   0   0   1   0   0   1   0]
 [  0  18   0   7 148  14   0   0   0   4   2   0  22   0]
 [  0   1   0   6   5 191   0   0   8   0   0   0   4   0]
 [  0   0  12   1   0   0 193   0   0   1   0   0   0   0]
 [  0   0   0   0   0   0   0   0   0   1 161   0   0   0]
 [  0   0   4   8   0  12   0   0 227   0   0   0   0   0]
 [  0   0  31   0   0   0   0   0   0  47  18   0 103   0]
 [  0   0   0   0   0   0   0   0   0   8 231   0   5   0]
 [  0   0   0   0   0   0   0   0   0   4 141   0   0   0]
 [  0   0  12   2   0   0   0   0   0  52  16   0 133   0]
 [  0   0   0   0   0   0   0   0   0   0  76   0   0   0]]---
Accuracy : 69.37%
---
class acc :
	Water: 99.07
	Hippo grass: 100.00
	Floodplain grasses 1: 93.53
	Floodplain grasses 2: 87.21
	Reeds: 68.84
	Riparian: 88.84
	Firescar: 93.24
	Island interior: 0.00
	Acacia woodlands: 90.44
	Acacia shrublands: 23.62
	Acacia grasslands: 94.67
	Short mopane: 0.00
	Mixed mopane: 61.86
	Exposed soils: 0.00
---
AA: 64.38%
Kappa: 66.61
run 4 / 5
Best validation overall accuracy 0.859375
Confusion matrix :
[[216   0   0   0   0   0   0   0   0   0   0   0   0   0]
 [  0  79   0   0   2   0   0   0   0   0   0   0   0   0]
 [  0   0 188   0   0   0   3   0   1   5   0   0   4   0]
 [  0   0   0 167   1   0   0   0   0   2   0   0   2   0]
 [  0   1   0  15 188   0   0   5   0   4   0   2   0   0]
 [  0   0   0  12  15 185   0   0   3   0   0   0   0   0]
 [  0   0   7   0   0   0 198   0   1   1   0   0   0   0]
 [  0   0   0   0   0   0   0 152   0   9   0   1   0   0]
 [  0   0   0   3   0   0   0   0 245   0   0   0   3   0]
 [  0   0   0   0   0   0   0   1   0 161   7   0  30   0]
 [  0   0   0   0   0   0   0   0   0   6 238   0   0   0]
 [  0   0   0   1   0   0   0 132   0   0   0  10   2   0]
 [  0   0   0  10   0   0   0  11   0  24   0   8 162   0]
 [  0   0   0   2   3   0   0   0   0   0   0   0   0  71]]---
Accuracy : 86.96%
---
class acc :
	Water: 100.00
	Hippo grass: 97.53
	Floodplain grasses 1: 93.53
	Floodplain grasses 2: 97.09
	Reeds: 87.44
	Riparian: 86.05
	Firescar: 95.65
	Island interior: 93.83
	Acacia woodlands: 97.61
	Acacia shrublands: 80.90
	Acacia grasslands: 97.54
	Short mopane: 6.90
	Mixed mopane: 75.35
	Exposed soils: 93.42
---
AA: 85.92%
Kappa: 85.87
run 5 / 5
Best validation overall accuracy 0.728125
Confusion matrix :
[[216   0   0   0   0   0   0   0   0   0   0   0   0   0]
 [  0  81   0   0   0   0   0   0   0   0   0   0   0   0]
 [  0   0 186   6   0   0   2   0   0   0   0   0   7   0]
 [  0   0   6 161   4   0   0   0   0   0   0   0   1   0]
 [  0   2   0   3 181  20   0   0   0   4   0   0   5   0]
 [  0   0   0  13  17 177   0   0   8   0   0   0   0   0]
 [  0   0   4   1   0   0 200   0   2   0   0   0   0   0]
 [  0   0   0   0   0   0   0   0   0   2 160   0   0   0]
 [  0   0   9  23   0  16   0   0 200   0   0   0   3   0]
 [  0   0  33   0   0   0   0   0   0  48  15   0 103   0]
 [  0   0   0   0   0   0   0   0   0   6 238   0   0   0]
 [  0   0   0   0   0   0   0   0   0  10 135   0   0   0]
 [  0   0  23  12   0   0   0   0   0  44  15   0 121   0]
 [  0   7   0   0   4   0   0   0   0   1   0   0   0  64]]---
Accuracy : 72.07%
---
class acc :
	Water: 100.00
	Hippo grass: 100.00
	Floodplain grasses 1: 92.54
	Floodplain grasses 2: 93.60
	Reeds: 84.19
	Riparian: 82.33
	Firescar: 96.62
	Island interior: 0.00
	Acacia woodlands: 79.68
	Acacia shrublands: 24.12
	Acacia grasslands: 97.54
	Short mopane: 0.00
	Mixed mopane: 56.28
	Exposed soils: 84.21
---
AA: 70.79%
Kappa: 69.61
Agregated results :
Confusion matrix :
[[2.156e+02 0.000e+00 0.000e+00 0.000e+00 0.000e+00 4.000e-01 0.000e+00
  0.000e+00 0.000e+00 0.000e+00 0.000e+00 0.000e+00 0.000e+00 0.000e+00]
 [0.000e+00 8.060e+01 0.000e+00 0.000e+00 4.000e-01 0.000e+00 0.000e+00
  0.000e+00 0.000e+00 0.000e+00 0.000e+00 0.000e+00 0.000e+00 0.000e+00]
 [0.000e+00 0.000e+00 1.882e+02 1.200e+00 0.000e+00 0.000e+00 3.600e+00
  0.000e+00 4.000e-01 3.000e+00 0.000e+00 0.000e+00 4.600e+00 0.000e+00]
 [0.000e+00 0.000e+00 8.000e+00 1.594e+02 2.400e+00 0.000e+00 0.000e+00
  0.000e+00 0.000e+00 1.200e+00 0.000e+00 0.000e+00 1.000e+00 0.000e+00]
 [4.000e-01 4.800e+00 0.000e+00 8.800e+00 1.780e+02 9.400e+00 0.000e+00
  1.400e+00 0.000e+00 4.200e+00 4.000e-01 1.000e+00 6.600e+00 0.000e+00]
 [0.000e+00 1.200e+00 0.000e+00 7.600e+00 1.040e+01 1.872e+02 0.000e+00
  2.000e-01 7.600e+00 0.000e+00 0.000e+00 0.000e+00 8.000e-01 0.000e+00]
 [0.000e+00 0.000e+00 8.200e+00 6.000e-01 0.000e+00 0.000e+00 1.966e+02
  2.000e-01 1.000e+00 4.000e-01 0.000e+00 0.000e+00 0.000e+00 0.000e+00]
 [0.000e+00 0.000e+00 0.000e+00 0.000e+00 0.000e+00 0.000e+00 0.000e+00
  8.700e+01 0.000e+00 3.400e+00 7.100e+01 6.000e-01 0.000e+00 0.000e+00]
 [0.000e+00 0.000e+00 3.000e+00 7.600e+00 0.000e+00 1.940e+01 2.000e-01
  0.000e+00 2.176e+02 0.000e+00 0.000e+00 0.000e+00 3.200e+00 0.000e+00]
 [0.000e+00 0.000e+00 2.060e+01 2.000e-01 0.000e+00 0.000e+00 0.000e+00
  1.400e+00 0.000e+00 1.044e+02 1.040e+01 6.000e-01 6.140e+01 0.000e+00]
 [0.000e+00 0.000e+00 0.000e+00 0.000e+00 0.000e+00 0.000e+00 0.000e+00
  1.200e+00 0.000e+00 7.600e+00 2.306e+02 3.400e+00 1.200e+00 0.000e+00]
 [0.000e+00 0.000e+00 0.000e+00 8.000e-01 4.000e-01 0.000e+00 0.000e+00
  2.720e+01 0.000e+00 2.800e+00 5.520e+01 5.700e+01 1.600e+00 0.000e+00]
 [0.000e+00 0.000e+00 7.800e+00 7.200e+00 0.000e+00 0.000e+00 0.000e+00
  5.200e+00 2.000e-01 3.160e+01 6.600e+00 3.200e+00 1.532e+02 0.000e+00]
 [0.000e+00 1.400e+00 0.000e+00 4.000e-01 1.600e+00 0.000e+00 0.000e+00
  0.000e+00 0.000e+00 2.000e-01 3.020e+01 2.000e-01 0.000e+00 4.200e+01]]---
Accuracy: 80.70 +- 8.37
---
class acc :
	Water: 99.81 +- 0.37
	Hippo grass: 99.51 +- 0.99
	Floodplain grasses 1: 93.63 +- 0.80
	Floodplain grasses 2: 92.67 +- 3.97
	Reeds: 82.79 +- 8.74
	Riparian: 87.07 +- 3.44
	Firescar: 94.98 +- 2.69
	Island interior: 53.70 +- 44.28
	Acacia woodlands: 86.69 +- 6.68
	Acacia shrublands: 52.46 +- 25.29
	Acacia grasslands: 94.51 +- 5.19
	Short mopane: 39.31 +- 45.43
	Mixed mopane: 71.26 +- 10.61
	Exposed soils: 55.26 +- 45.36
---
AA: 78.83 +- 9.79
Kappa: 79.02 +- 9.15
