run 1 / 5
Best validation overall accuracy 0.755859375
Confusion matrix :
[[  12    0    1    3    0    0    0   25    0    0    0    0    0    0
     0    0]
 [   2  819   83   15    6    6    0    0    0   86  141  127    0    0
     0    0]
 [   0   61  436    0    0    8    0    0    1   49  128   63    1    0
     0    0]
 [  10   34   14  121    9    0    0    0    0    2   13   10    0    0
     0    0]
 [  14    1    0    1  300   18   10   16    0    6   10   15    0   24
    20    0]
 [   0    1    0    0    4  555    0    0    2    0   20    0    0    3
    72    0]
 [   0    0    0    0    6    0   14    5    0    0    0    0    0    0
     0    0]
 [   4    0    0    0    9    0    1  416    0    0    0    0    0    0
     0    0]
 [   0    0    4    0    0    4    0    0    6    0    3    1    0    0
     0    0]
 [   0   17   61    1    3   18    0    0    1  665   92   12    5    0
     0    0]
 [   0   84  117   15    7   14    3    0    0   90 1822   52    0    0
     5    1]
 [   0   69   41   33   10    6    0    0    1   34   51  267    0    0
    13    9]
 [   0    0    0    0    0    0    0    0    0    0    2    0  183    0
     0    0]
 [   0    0    0    0   12   10    0    0    1    0    0    1    6 1052
    57    0]
 [   0    0    0    0    0   46    1    0    3    0   16    1   17   52
   211    0]
 [   0    0    0    0    0    0    0    0    0    0    0    0    0    0
     0   84]]---
Accuracy : 75.48%
---
class acc :
	Alfalfa: 29.27
	Corn-notill: 63.74
	Corn-mintill: 58.37
	Corn: 56.81
	Grass-pasture: 68.97
	Grass-trees: 84.47
	Grass-pasture-mowed: 56.00
	Hay-windrowed: 96.74
	Oats: 33.33
	Soybean-notill: 76.00
	Soybean-mintill: 82.44
	Soybean-clean: 50.00
	Wheat: 98.92
	Woods: 92.36
	Buildings-Grass-Trees-Drives: 60.81
	Stone-Steel-Towers: 100.00
---
AA: 69.26%
Kappa: 72.04
run 2 / 5
Best validation overall accuracy 0.814453125
Confusion matrix :
[[   8    0    0    6    0    0    0   26    0    0    1    0    0    0
     0    0]
 [   0  924   49   35    7    4    0    0    0   61  128   73    0    0
     4    0]
 [   0   30  515    1    1    0    0    0    3   16  141   27   11    1
     1    0]
 [   0   41   14  127    0    2    0    0    0    0   16   13    0    0
     0    0]
 [  11    0    1    0  353    5   11    1    1   11    7   11    0   19
     4    0]
 [   0    0    0    0    3  601    0    0    3    3   10    0    1    3
    33    0]
 [   0    0    0    0    0    0   13   12    0    0    0    0    0    0
     0    0]
 [   0    0    0    0    1    0    4  425    0    0    0    0    0    0
     0    0]
 [   0    0    3    0    0    0    0    0    6    4    1    0    0    4
     0    0]
 [   0   14   61    4    4   17    0    0    3  691   57   22    0    0
     2    0]
 [   0  101   82    2    4   22    1    0    1   78 1855   54    1    0
     9    0]
 [   0   68   26   29    4   12    0    0    2   21   38  320    1    0
     7    6]
 [   0    0    0    0    0    0    0    0    0    3    0    0  178    0
     4    0]
 [   0    0    0    0   33    0    0    0    0    0    0    0    7 1061
    38    0]
 [   0    0    0    1    1    4    0    3    1   11    0    5    6   45
   270    0]
 [   0    0    0    0    0    0    0    0    0    0    0    1    0    0
     0   83]]---
Accuracy : 80.54%
---
class acc :
	Alfalfa: 19.51
	Corn-notill: 71.91
	Corn-mintill: 68.94
	Corn: 59.62
	Grass-pasture: 81.15
	Grass-trees: 91.48
	Grass-pasture-mowed: 52.00
	Hay-windrowed: 98.84
	Oats: 33.33
	Soybean-notill: 78.97
	Soybean-mintill: 83.94
	Soybean-clean: 59.93
	Wheat: 96.22
	Woods: 93.15
	Buildings-Grass-Trees-Drives: 77.81
	Stone-Steel-Towers: 98.81
---
AA: 72.85%
Kappa: 77.82
run 3 / 5
Best validation overall accuracy 0.806640625
Confusion matrix :
[[  23    0    1    4    2    0    0   11    0    0    0    0    0    0
     0    0]
 [   0  860   31   20    5    7    0    0    0   70  191  100    0    0
     1    0]
 [   0   83  508    0    0    1    0    0    2   31  117    2    1    1
     1    0]
 [   0   38   22  111    1    0    0    0    0    2   17   22    0    0
     0    0]
 [   4   10    3    4  308   13   10   17    1    4    7    0    0   54
     0    0]
 [   0    0    0    0   40  600    0    0    0    5    5    0    0    2
     5    0]
 [  11    0    0    0    5    0    9    0    0    0    0    0    0    0
     0    0]
 [  27    0    0    0   19    0    5  379    0    0    0    0    0    0
     0    0]
 [   0    6    0    0    0    1    0    0    8    3    0    0    0    0
     0    0]
 [   0   20   40    5    3   12    0    0    0  707   73   15    0    0
     0    0]
 [   0   76   84    7    8   16    0    0    1   77 1907   25    0    1
     8    0]
 [   0  112   39   18    1   10    0    0    0   61   67  219    0    0
     4    3]
 [   0    0    0    0    0    0    0    0    0    6    0    0  174    5
     0    0]
 [   0    0    2    0    3    0    0    0    0    0    0    0    3 1120
    11    0]
 [   0    4    0    0    3    4    0    0    0    9    0    4    3   96
   224    0]
 [   0    0    0    0    0    0    0    0    0    0    0    1    0    0
     0   83]]---
Accuracy : 78.48%
---
class acc :
	Alfalfa: 56.10
	Corn-notill: 66.93
	Corn-mintill: 68.01
	Corn: 52.11
	Grass-pasture: 70.80
	Grass-trees: 91.32
	Grass-pasture-mowed: 36.00
	Hay-windrowed: 88.14
	Oats: 44.44
	Soybean-notill: 80.80
	Soybean-mintill: 86.29
	Soybean-clean: 41.01
	Wheat: 94.05
	Woods: 98.33
	Buildings-Grass-Trees-Drives: 64.55
	Stone-Steel-Towers: 98.81
---
AA: 71.11%
Kappa: 75.34
run 4 / 5
Best validation overall accuracy 0.796875
Confusion matrix :
[[  13    2    1    1    1    0    1   19    0    0    3    0    0    0
     0    0]
 [   0  855   64   23    6    2    0    0    0   42  173  114    0    0
     6    0]
 [   0   45  502    8    2    2    0    0   10   45  101   28    1    0
     3    0]
 [   0   30   12  107    1    0    0    0    1    2   30   30    0    0
     0    0]
 [   0    6   16    0  311    6   13    2    0   15    1    7    0   53
     5    0]
 [   0    1    0    0    2  637    1    0    4    9    0    0    0    1
     2    0]
 [   0    0    0    0   15    0    2    0    0    4    2    2    0    0
     0    0]
 [  22    0    0    1    1    0    0  389    0    5   11    0    0    0
     1    0]
 [   0    0    2    0    0    1    0    0    7    0    0    0    0    0
     8    0]
 [   0   38   35    0    3    8    0    0    1  680   74   27    3    0
     6    0]
 [   0   68   86   14   17   18    1    0    1  112 1822   64    0    0
     7    0]
 [   0  110   36   11    0    1    0    0    1   26   51  294    0    0
     1    3]
 [   0    0    0    0    0    0    0    0    0    1    1    0  182    0
     1    0]
 [   0    0    1    0   20    0    0    0    0    0    0    1    3 1078
    36    0]
 [   0    4    0    0    0   16    0    0    3    2    5   23   10   42
   242    0]
 [   0    0    0    0    0    0    0    0    0    0    0    3    0    0
     0   81]]---
Accuracy : 78.07%
---
class acc :
	Alfalfa: 31.71
	Corn-notill: 66.54
	Corn-mintill: 67.20
	Corn: 50.23
	Grass-pasture: 71.49
	Grass-trees: 96.96
	Grass-pasture-mowed: 8.00
	Hay-windrowed: 90.47
	Oats: 38.89
	Soybean-notill: 77.71
	Soybean-mintill: 82.44
	Soybean-clean: 55.06
	Wheat: 98.38
	Woods: 94.64
	Buildings-Grass-Trees-Drives: 69.74
	Stone-Steel-Towers: 96.43
---
AA: 68.49%
Kappa: 74.97
run 5 / 5
Best validation overall accuracy 0.796875
Confusion matrix :
[[  12    2    0    7    0    0    2   18    0    0    0    0    0    0
     0    0]
 [   0  921   56   14    1    2    0    1    0   66  149   75    0    0
     0    0]
 [   0   19  495   18    4    6    0    0    7   68  119    9    2    0
     0    0]
 [   0   60    8  104    1    0    0    0    0    2   35    3    0    0
     0    0]
 [  17   11    2    2  328    4   14    0    0    3    9    0    0   42
     3    0]
 [   0   19    1    0    6  607    0    0    0    7    2    0    2    2
    11    0]
 [   0    0    0    0    9    0   16    0    0    0    0    0    0    0
     0    0]
 [  22    0    0    1   20    0   11  376    0    0    0    0    0    0
     0    0]
 [   0    7    1    0    1    0    0    0    6    1    0    0    0    0
     2    0]
 [   0   48   34    3    8   10    0    0    0  693   59   15    4    0
     1    0]
 [   0  133   72   11    1   18    0    0    1   99 1834   32    0    0
     6    3]
 [   0  133   14   50    4    2    0    0    0   15   74  226    0    0
     9    7]
 [   0    0    0    0    0    0    0    0    0    0    1    0  183    0
     1    0]
 [   0    0    0    0   23    3    0    0    0    0    0    0    4 1037
    72    0]
 [   0    0    0    0    8   18    0    0    1    0    6    0   13   53
   248    0]
 [   0    0    0    0    0    0    0    0    0    0    0    3    0    0
     0   81]]---
Accuracy : 77.69%
---
class acc :
	Alfalfa: 29.27
	Corn-notill: 71.67
	Corn-mintill: 66.27
	Corn: 48.83
	Grass-pasture: 75.40
	Grass-trees: 92.39
	Grass-pasture-mowed: 64.00
	Hay-windrowed: 87.44
	Oats: 33.33
	Soybean-notill: 79.20
	Soybean-mintill: 82.99
	Soybean-clean: 42.32
	Wheat: 98.92
	Woods: 91.04
	Buildings-Grass-Trees-Drives: 71.47
	Stone-Steel-Towers: 96.43
---
AA: 70.69%
Kappa: 74.51
Agregated results :
Confusion matrix :
[[1.3600e+01 8.0000e-01 6.0000e-01 4.2000e+00 6.0000e-01 0.0000e+00
  6.0000e-01 1.9800e+01 0.0000e+00 0.0000e+00 8.0000e-01 0.0000e+00
  0.0000e+00 0.0000e+00 0.0000e+00 0.0000e+00]
 [4.0000e-01 8.7580e+02 5.6600e+01 2.1400e+01 5.0000e+00 4.2000e+00
  0.0000e+00 2.0000e-01 0.0000e+00 6.5000e+01 1.5640e+02 9.7800e+01
  0.0000e+00 0.0000e+00 2.2000e+00 0.0000e+00]
 [0.0000e+00 4.7600e+01 4.9120e+02 5.4000e+00 1.4000e+00 3.4000e+00
  0.0000e+00 0.0000e+00 4.6000e+00 4.1800e+01 1.2120e+02 2.5800e+01
  3.2000e+00 4.0000e-01 1.0000e+00 0.0000e+00]
 [2.0000e+00 4.0600e+01 1.4000e+01 1.1400e+02 2.4000e+00 4.0000e-01
  0.0000e+00 0.0000e+00 2.0000e-01 1.6000e+00 2.2200e+01 1.5600e+01
  0.0000e+00 0.0000e+00 0.0000e+00 0.0000e+00]
 [9.2000e+00 5.6000e+00 4.4000e+00 1.4000e+00 3.2000e+02 9.2000e+00
  1.1600e+01 7.2000e+00 4.0000e-01 7.8000e+00 6.8000e+00 6.6000e+00
  0.0000e+00 3.8400e+01 6.4000e+00 0.0000e+00]
 [0.0000e+00 4.2000e+00 2.0000e-01 0.0000e+00 1.1000e+01 6.0000e+02
  2.0000e-01 0.0000e+00 1.8000e+00 4.8000e+00 7.4000e+00 0.0000e+00
  6.0000e-01 2.2000e+00 2.4600e+01 0.0000e+00]
 [2.2000e+00 0.0000e+00 0.0000e+00 0.0000e+00 7.0000e+00 0.0000e+00
  1.0800e+01 3.4000e+00 0.0000e+00 8.0000e-01 4.0000e-01 4.0000e-01
  0.0000e+00 0.0000e+00 0.0000e+00 0.0000e+00]
 [1.5000e+01 0.0000e+00 0.0000e+00 4.0000e-01 1.0000e+01 0.0000e+00
  4.2000e+00 3.9700e+02 0.0000e+00 1.0000e+00 2.2000e+00 0.0000e+00
  0.0000e+00 0.0000e+00 2.0000e-01 0.0000e+00]
 [0.0000e+00 2.6000e+00 2.0000e+00 0.0000e+00 2.0000e-01 1.2000e+00
  0.0000e+00 0.0000e+00 6.6000e+00 1.6000e+00 8.0000e-01 2.0000e-01
  0.0000e+00 8.0000e-01 2.0000e+00 0.0000e+00]
 [0.0000e+00 2.7400e+01 4.6200e+01 2.6000e+00 4.2000e+00 1.3000e+01
  0.0000e+00 0.0000e+00 1.0000e+00 6.8720e+02 7.1000e+01 1.8200e+01
  2.4000e+00 0.0000e+00 1.8000e+00 0.0000e+00]
 [0.0000e+00 9.2400e+01 8.8200e+01 9.8000e+00 7.4000e+00 1.7600e+01
  1.0000e+00 0.0000e+00 8.0000e-01 9.1200e+01 1.8480e+03 4.5400e+01
  2.0000e-01 2.0000e-01 7.0000e+00 8.0000e-01]
 [0.0000e+00 9.8400e+01 3.1200e+01 2.8200e+01 3.8000e+00 6.2000e+00
  0.0000e+00 0.0000e+00 8.0000e-01 3.1400e+01 5.6200e+01 2.6520e+02
  2.0000e-01 0.0000e+00 6.8000e+00 5.6000e+00]
 [0.0000e+00 0.0000e+00 0.0000e+00 0.0000e+00 0.0000e+00 0.0000e+00
  0.0000e+00 0.0000e+00 0.0000e+00 2.0000e+00 8.0000e-01 0.0000e+00
  1.8000e+02 1.0000e+00 1.2000e+00 0.0000e+00]
 [0.0000e+00 0.0000e+00 6.0000e-01 0.0000e+00 1.8200e+01 2.6000e+00
  0.0000e+00 0.0000e+00 2.0000e-01 0.0000e+00 0.0000e+00 4.0000e-01
  4.6000e+00 1.0696e+03 4.2800e+01 0.0000e+00]
 [0.0000e+00 1.6000e+00 0.0000e+00 2.0000e-01 2.4000e+00 1.7600e+01
  2.0000e-01 6.0000e-01 1.6000e+00 4.4000e+00 5.4000e+00 6.6000e+00
  9.8000e+00 5.7600e+01 2.3900e+02 0.0000e+00]
 [0.0000e+00 0.0000e+00 0.0000e+00 0.0000e+00 0.0000e+00 0.0000e+00
  0.0000e+00 0.0000e+00 0.0000e+00 0.0000e+00 0.0000e+00 1.6000e+00
  0.0000e+00 0.0000e+00 0.0000e+00 8.2400e+01]]---
Accuracy: 78.05 +- 1.62
---
class acc :
	Alfalfa: 33.17 +- 12.20
	Corn-notill: 68.16 +- 3.17
	Corn-mintill: 65.76 +- 3.80
	Corn: 53.52 +- 4.07
	Grass-pasture: 73.56 +- 4.34
	Grass-trees: 91.32 +- 3.99
	Grass-pasture-mowed: 43.20 +- 19.82
	Hay-windrowed: 92.33 +- 4.62
	Oats: 36.67 +- 4.44
	Soybean-notill: 78.54 +- 1.60
	Soybean-mintill: 83.62 +- 1.44
	Soybean-clean: 49.66 +- 7.26
	Wheat: 97.30 +- 1.90
	Woods: 93.91 +- 2.50
	Buildings-Grass-Trees-Drives: 68.88 +- 5.85
	Stone-Steel-Towers: 98.10 +- 1.43
---
AA: 70.48 +- 1.52
Kappa: 74.94 +- 1.85
