run 1 / 5
Best validation overall accuracy 0.9453125
Confusion matrix :
[[  19    1    0    1    1    0    0    4    0    0    0    1    0    0
     0    0]
 [   0  780   11    0    0    0    0    0    0   13   25   28    0    0
     0    0]
 [   0    5  463    7    0    0    0    0    0    5   13    4    1    0
     0    0]
 [   0   10    0  131    0    0    0    0    0    0    0    1    0    0
     0    0]
 [   0    3    1    0  275    1    0    0    0    3    1    5    0    0
     1    0]
 [   0    1    0    0    0  436    0    0    0    1    0    0    0    0
     0    0]
 [   0    0    0    0    4    0   13    0    0    0    0    0    0    0
     0    0]
 [   0    0    0    0    0    0    0  287    0    0    0    0    0    0
     0    0]
 [   0    0    0    0    0    0    0    0   12    0    0    0    0    0
     0    0]
 [   0    4    0    0    0    0    0    0    4  551   22    2    0    0
     0    0]
 [   0   30   16    0    0    0    0    0    0   14 1401   10    0    0
     2    0]
 [   0   42    5    8    1    0    0    0    0    2    7  279    0    0
     7    5]
 [   0    0    0    0    0    0    0    0    0    0    0    0  122    0
     1    0]
 [   0    0    0    0    0    0    0    0    0    0    0    0    0  736
    23    0]
 [   0    0    0    0    0    0    0    0    0    0    0    1    0   11
   220    0]
 [   0    0    0    0    0    0    0    0    0    0    0    1    0    0
     0   55]]---
Accuracy : 93.98%
---
class acc :
	Alfalfa: 70.37
	Corn-notill: 91.02
	Corn-mintill: 92.97
	Corn: 92.25
	Grass-pasture: 94.83
	Grass-trees: 99.54
	Grass-pasture-mowed: 76.47
	Hay-windrowed: 100.00
	Oats: 100.00
	Soybean-notill: 94.51
	Soybean-mintill: 95.11
	Soybean-clean: 78.37
	Wheat: 99.19
	Woods: 96.97
	Buildings-Grass-Trees-Drives: 94.83
	Stone-Steel-Towers: 98.21
---
AA: 92.17%
Kappa: 93.14
run 2 / 5
Best validation overall accuracy 0.94775390625
Confusion matrix :
[[  14    2    0    0    1    0    0   10    0    0    0    0    0    0
     0    0]
 [   0  772   13    6    0    0    0    1    0   16   18   31    0    0
     0    0]
 [   0    6  463    9    1    0    0    0    0    3   12    4    0    0
     0    0]
 [   0    1    0  141    0    0    0    0    0    0    0    0    0    0
     0    0]
 [   0    0    0    0  266    5    9    0    1    0    3    4    0    0
     2    0]
 [   0    0    0    0    0  431    0    0    1    4    1    0    0    1
     0    0]
 [   0    0    0    0    0    0   17    0    0    0    0    0    0    0
     0    0]
 [   0    0    0    0    0    0    0  287    0    0    0    0    0    0
     0    0]
 [   0    0    0    0    0    1    0    0   10    0    0    0    0    0
     1    0]
 [   0    8    4    0    0    4    0    0    2  559    5    0    0    0
     1    0]
 [   0   23    8    0    0    0    0    0    1   15 1419    7    0    0
     0    0]
 [   0   11    4    2    0    0    0    0    0   12   11  312    0    0
     3    1]
 [   0    0    3    0    0    0    0    0    2    0    0    0  114    0
     4    0]
 [   0    0    0    0    0    0    0    0    0    0    0    0    0  749
    10    0]
 [   0    0    0    0    0    0    0    0    0    0    0    0    0   16
   216    0]
 [   0    0    0    0    0    0    0    0    0    0    0    2    0    0
     0   54]]---
Accuracy : 94.70%
---
class acc :
	Alfalfa: 51.85
	Corn-notill: 90.08
	Corn-mintill: 92.97
	Corn: 99.30
	Grass-pasture: 91.72
	Grass-trees: 98.40
	Grass-pasture-mowed: 100.00
	Hay-windrowed: 100.00
	Oats: 83.33
	Soybean-notill: 95.88
	Soybean-mintill: 96.33
	Soybean-clean: 87.64
	Wheat: 92.68
	Woods: 98.68
	Buildings-Grass-Trees-Drives: 93.10
	Stone-Steel-Towers: 96.43
---
AA: 91.78%
Kappa: 93.96
run 3 / 5
Best validation overall accuracy 0.9453125
Confusion matrix :
[[  23    0    0    1    2    0    0    1    0    0    0    0    0    0
     0    0]
 [   0  776    5    0    1    0    0    0    0   14   33   26    0    2
     0    0]
 [   0   11  451    0    0    0    0    0    0   18   16    1    1    0
     0    0]
 [   0    4    8  126    0    0    0    0    0    2    0    2    0    0
     0    0]
 [   0    0    0    0  279    2    1    0    0    1    0    5    0    0
     2    0]
 [   0    0    0    0    0  433    0    0    0    2    2    0    0    1
     0    0]
 [   0    0    0    0    2    0   13    2    0    0    0    0    0    0
     0    0]
 [  10    0    0    0    0    0    0  277    0    0    0    0    0    0
     0    0]
 [   0    0    0    0    0    2    0    0    9    1    0    0    0    0
     0    0]
 [   0    6   10    0    0    2    0    0    2  551    8    2    2    0
     0    0]
 [   0   29   14    0    1    1    0    0    0   18 1404    4    2    0
     0    0]
 [   0    5    6    7    2    0    0    0    0   11   10  311    0    0
     2    2]
 [   0    0    0    0    0    0    0    0    2    0    0    0  121    0
     0    0]
 [   0    0    0    0    4    0    0    0    0    0    0    0    0  752
     3    0]
 [   0    0    0    0    0    0    0    0    0    0    0    1    0   16
   215    0]
 [   0    0    0    0    0    0    0    0    0    0    0    2    0    0
     0   54]]---
Accuracy : 94.23%
---
class acc :
	Alfalfa: 85.19
	Corn-notill: 90.55
	Corn-mintill: 90.56
	Corn: 88.73
	Grass-pasture: 96.21
	Grass-trees: 98.86
	Grass-pasture-mowed: 76.47
	Hay-windrowed: 96.52
	Oats: 75.00
	Soybean-notill: 94.51
	Soybean-mintill: 95.32
	Soybean-clean: 87.36
	Wheat: 98.37
	Woods: 99.08
	Buildings-Grass-Trees-Drives: 92.67
	Stone-Steel-Towers: 96.43
---
AA: 91.36%
Kappa: 93.42
run 4 / 5
Best validation overall accuracy 0.93994140625
Confusion matrix :
[[  22    0    0    3    1    0    0    0    0    0    0    1    0    0
     0    0]
 [   0  785    5    2    0    0    0    0    0    3   37   25    0    0
     0    0]
 [   0    7  468    1    0    0    0    0    0    1   16    3    2    0
     0    0]
 [   0   19   12  105    0    0    0    0    0    0    0    6    0    0
     0    0]
 [   0    0    0    0  274    2    0    0    1    5    0    8    0    0
     0    0]
 [   0    0    0    0    0  434    0    0    0    2    1    1    0    0
     0    0]
 [   0    0    0    0    2    0   15    0    0    0    0    0    0    0
     0    0]
 [   8    0    0    0    0    0    0  279    0    0    0    0    0    0
     0    0]
 [   0    0    1    0    0    2    0    0    9    0    0    0    0    0
     0    0]
 [   0   11    2    0    0    0    0    0    2  549   12    7    0    0
     0    0]
 [   0   39   22    1    0    0    0    0    0   25 1378    7    0    0
     0    1]
 [   0   30    6    2    1    0    0    0    0    7    8  296    1    0
     4    1]
 [   0    0    0    0    0    0    0    0    0    0    0    0  123    0
     0    0]
 [   0    1    0    0    4    0    0    0    0    0    0    0    3  743
     8    0]
 [   0    0    0    0    0    6    0    0    0    1    0    1    3    8
   213    0]
 [   0    0    0    0    0    0    0    0    0    0    0    0    0    0
     0   56]]---
Accuracy : 93.48%
---
class acc :
	Alfalfa: 81.48
	Corn-notill: 91.60
	Corn-mintill: 93.98
	Corn: 73.94
	Grass-pasture: 94.48
	Grass-trees: 99.09
	Grass-pasture-mowed: 88.24
	Hay-windrowed: 97.21
	Oats: 75.00
	Soybean-notill: 94.17
	Soybean-mintill: 93.55
	Soybean-clean: 83.15
	Wheat: 100.00
	Woods: 97.89
	Buildings-Grass-Trees-Drives: 91.81
	Stone-Steel-Towers: 100.00
---
AA: 90.97%
Kappa: 92.57
run 5 / 5
Best validation overall accuracy 0.95068359375
Confusion matrix :
[[  23    3    0    1    0    0    0    0    0    0    0    0    0    0
     0    0]
 [   0  787   15    4    0    0    0    0    0    5   35   11    0    0
     0    0]
 [   0    3  468    0    0    0    0    0    0    3   20    4    0    0
     0    0]
 [   0    0    0  142    0    0    0    0    0    0    0    0    0    0
     0    0]
 [   0    2    0    0  272    0    0    0    0    3    6    4    0    0
     3    0]
 [   0    0    0    0    0  423    0    0    5    6    2    0    0    1
     1    0]
 [   0    0    0    0    1    0   16    0    0    0    0    0    0    0
     0    0]
 [   0    0    0    0    0    0    0  287    0    0    0    0    0    0
     0    0]
 [   0    0    0    0    0    0    0    0   11    1    0    0    0    0
     0    0]
 [   0   25    3    0    0    0    0    0    0  541   10    1    2    1
     0    0]
 [   0   22   12    0    0    1    0    0    0   19 1406   12    1    0
     0    0]
 [   0   31    4    9    0    0    0    0    0   11   15  285    0    0
     1    0]
 [   0    0    0    0    0    0    0    0    1    0    0    0  122    0
     0    0]
 [   0    0    0    0    0    0    0    0    0    0    0    1    2  749
     7    0]
 [   0    0    0    0    0    1    0    0    0    1    0    0    2   25
   203    0]
 [   0    0    0    0    0    0    0    0    0    0    0    4    0    0
     0   52]]---
Accuracy : 94.10%
---
class acc :
	Alfalfa: 85.19
	Corn-notill: 91.83
	Corn-mintill: 93.98
	Corn: 100.00
	Grass-pasture: 93.79
	Grass-trees: 96.58
	Grass-pasture-mowed: 94.12
	Hay-windrowed: 100.00
	Oats: 91.67
	Soybean-notill: 92.80
	Soybean-mintill: 95.45
	Soybean-clean: 80.06
	Wheat: 99.19
	Woods: 98.68
	Buildings-Grass-Trees-Drives: 87.50
	Stone-Steel-Towers: 92.86
---
AA: 93.35%
Kappa: 93.26
Agregated results :
Confusion matrix :
[[2.0200e+01 1.2000e+00 0.0000e+00 1.2000e+00 1.0000e+00 0.0000e+00
  0.0000e+00 3.0000e+00 0.0000e+00 0.0000e+00 0.0000e+00 4.0000e-01
  0.0000e+00 0.0000e+00 0.0000e+00 0.0000e+00]
 [0.0000e+00 7.8000e+02 9.8000e+00 2.4000e+00 2.0000e-01 0.0000e+00
  0.0000e+00 2.0000e-01 0.0000e+00 1.0200e+01 2.9600e+01 2.4200e+01
  0.0000e+00 4.0000e-01 0.0000e+00 0.0000e+00]
 [0.0000e+00 6.4000e+00 4.6260e+02 3.4000e+00 2.0000e-01 0.0000e+00
  0.0000e+00 0.0000e+00 0.0000e+00 6.0000e+00 1.5400e+01 3.2000e+00
  8.0000e-01 0.0000e+00 0.0000e+00 0.0000e+00]
 [0.0000e+00 6.8000e+00 4.0000e+00 1.2900e+02 0.0000e+00 0.0000e+00
  0.0000e+00 0.0000e+00 0.0000e+00 4.0000e-01 0.0000e+00 1.8000e+00
  0.0000e+00 0.0000e+00 0.0000e+00 0.0000e+00]
 [0.0000e+00 1.0000e+00 2.0000e-01 0.0000e+00 2.7320e+02 2.0000e+00
  2.0000e+00 0.0000e+00 4.0000e-01 2.4000e+00 2.0000e+00 5.2000e+00
  0.0000e+00 0.0000e+00 1.6000e+00 0.0000e+00]
 [0.0000e+00 2.0000e-01 0.0000e+00 0.0000e+00 0.0000e+00 4.3140e+02
  0.0000e+00 0.0000e+00 1.2000e+00 3.0000e+00 1.2000e+00 2.0000e-01
  0.0000e+00 6.0000e-01 2.0000e-01 0.0000e+00]
 [0.0000e+00 0.0000e+00 0.0000e+00 0.0000e+00 1.8000e+00 0.0000e+00
  1.4800e+01 4.0000e-01 0.0000e+00 0.0000e+00 0.0000e+00 0.0000e+00
  0.0000e+00 0.0000e+00 0.0000e+00 0.0000e+00]
 [3.6000e+00 0.0000e+00 0.0000e+00 0.0000e+00 0.0000e+00 0.0000e+00
  0.0000e+00 2.8340e+02 0.0000e+00 0.0000e+00 0.0000e+00 0.0000e+00
  0.0000e+00 0.0000e+00 0.0000e+00 0.0000e+00]
 [0.0000e+00 0.0000e+00 2.0000e-01 0.0000e+00 0.0000e+00 1.0000e+00
  0.0000e+00 0.0000e+00 1.0200e+01 4.0000e-01 0.0000e+00 0.0000e+00
  0.0000e+00 0.0000e+00 2.0000e-01 0.0000e+00]
 [0.0000e+00 1.0800e+01 3.8000e+00 0.0000e+00 0.0000e+00 1.2000e+00
  0.0000e+00 0.0000e+00 2.0000e+00 5.5020e+02 1.1400e+01 2.4000e+00
  8.0000e-01 2.0000e-01 2.0000e-01 0.0000e+00]
 [0.0000e+00 2.8600e+01 1.4400e+01 2.0000e-01 2.0000e-01 4.0000e-01
  0.0000e+00 0.0000e+00 2.0000e-01 1.8200e+01 1.4016e+03 8.0000e+00
  6.0000e-01 0.0000e+00 4.0000e-01 2.0000e-01]
 [0.0000e+00 2.3800e+01 5.0000e+00 5.6000e+00 8.0000e-01 0.0000e+00
  0.0000e+00 0.0000e+00 0.0000e+00 8.6000e+00 1.0200e+01 2.9660e+02
  2.0000e-01 0.0000e+00 3.4000e+00 1.8000e+00]
 [0.0000e+00 0.0000e+00 6.0000e-01 0.0000e+00 0.0000e+00 0.0000e+00
  0.0000e+00 0.0000e+00 1.0000e+00 0.0000e+00 0.0000e+00 0.0000e+00
  1.2040e+02 0.0000e+00 1.0000e+00 0.0000e+00]
 [0.0000e+00 2.0000e-01 0.0000e+00 0.0000e+00 1.6000e+00 0.0000e+00
  0.0000e+00 0.0000e+00 0.0000e+00 0.0000e+00 0.0000e+00 2.0000e-01
  1.0000e+00 7.4580e+02 1.0200e+01 0.0000e+00]
 [0.0000e+00 0.0000e+00 0.0000e+00 0.0000e+00 0.0000e+00 1.4000e+00
  0.0000e+00 0.0000e+00 0.0000e+00 4.0000e-01 0.0000e+00 6.0000e-01
  1.0000e+00 1.5200e+01 2.1340e+02 0.0000e+00]
 [0.0000e+00 0.0000e+00 0.0000e+00 0.0000e+00 0.0000e+00 0.0000e+00
  0.0000e+00 0.0000e+00 0.0000e+00 0.0000e+00 0.0000e+00 1.8000e+00
  0.0000e+00 0.0000e+00 0.0000e+00 5.4200e+01]]---
Accuracy: 94.10 +- 0.39
---
class acc :
	Alfalfa: 74.81 +- 12.70
	Corn-notill: 91.02 +- 0.65
	Corn-mintill: 92.89 +- 1.25
	Corn: 90.85 +- 9.46
	Grass-pasture: 94.21 +- 1.47
	Grass-trees: 98.49 +- 1.03
	Grass-pasture-mowed: 87.06 +- 9.41
	Hay-windrowed: 98.75 +- 1.55
	Oats: 85.00 +- 9.72
	Soybean-notill: 94.37 +- 0.98
	Soybean-mintill: 95.15 +- 0.90
	Soybean-clean: 83.31 +- 3.75
	Wheat: 97.89 +- 2.65
	Woods: 98.26 +- 0.75
	Buildings-Grass-Trees-Drives: 91.98 +- 2.45
	Stone-Steel-Towers: 96.79 +- 2.37
---
AA: 91.93 +- 0.82
Kappa: 93.27 +- 0.45
