run 1 / 5
Best validation overall accuracy 0.9787946428571429
Confusion matrix :
[[1808    0    0    0    0    0    0    0    0    0    0    0    0    0
     0    0]
 [   0 3354    0    0    0    0    0    0    0    0    0    0    0    0
     0    0]
 [   0    0 1770    0    4    0    0    1    0    3    1    0    0    0
     0    0]
 [   0    0    0 1252    1    0    0    2    0    0    0    0    0    0
     0    0]
 [   0    0    0    7 2395    0    0    5    0    0    0    0    0    0
     0    3]
 [   0    0    0    0    0 3551    8    4    0    0    0    0    0    0
     0    0]
 [   0    0    0    0    0    0 3219    2    0    0    0    0    0    0
     0    0]
 [   0    0    0    0    0    0    0 9804    0    0    0    0    0    0
   340    0]
 [   0    0    0    0    0    0    0    0 5580    0    1    0    0    0
     0    2]
 [   0    0    0    0    0    0    0   14    6 2920    0    0    0    0
     5    5]
 [   0    0    0    0    0    0    0    3    0    5  946    3    0    0
     4    0]
 [   0    0    0    0    0    0    0    0    0    0    0 1734    0    0
     0    0]
 [   0    0    0    0    0    0    0    0    0    0    0    0  824    1
     0    0]
 [   0    0    0    0    0    0    0   11    0    4    0    0   15  933
     0    0]
 [   0    0    0    0    0    0    0  466    0    0    0    0    0    0
  6074    1]
 [   0    3    0    7    0    2    0    0    0    0    0    0    0    1
    13 1600]]---
Accuracy : 98.04%
---
class acc :
	Brocoli_green_weeds_1: 100.00
	Brocoli_green_weeds_2: 100.00
	Fallow: 99.49
	Fallow_rough_plow: 99.76
	Fallow_smooth: 99.38
	Stubble: 99.66
	Celery: 99.94
	Grapes_untrained: 96.65
	Soil_vinyard_develop: 99.95
	Corn_senesced_green_weeds: 98.98
	Lettuce_romaine_4wk: 98.44
	Lettuce_romaine_5wk: 100.00
	Lettuce_romaine_6wk: 99.88
	Lettuce_romaine_7wk: 96.88
	Vinyard_untrained: 92.86
	Vinyard_vertical_trellis: 98.40
---
AA: 98.77%
Kappa: 97.82
run 2 / 5
Best validation overall accuracy 0.9758184523809523
Confusion matrix :
[[1808    0    0    0    0    0    0    0    0    0    0    0    0    0
     0    0]
 [   0 3354    0    0    0    0    0    0    0    0    0    0    0    0
     0    0]
 [   0    0 1759    0   12    0    0    0    0    8    0    0    0    0
     0    0]
 [   0    0    0 1252    3    0    0    0    0    0    0    0    0    0
     0    0]
 [   0    0    0   11 2395    0    0    2    0    0    0    0    0    0
     0    2]
 [   0    0    0    0    0 3563    0    0    0    0    0    0    0    0
     0    0]
 [   0    0    0    0    1    1 3218    1    0    0    0    0    0    0
     0    0]
 [   0    0    0    0    0    1    0 9443    0    1    0    0    0    0
   699    0]
 [   0    0    0    0    0    1    0    3 5579    0    0    0    0    0
     0    0]
 [   0    0    0    0    0    0    0    9   19 2909   11    0    2    0
     0    0]
 [   0    0    0    0    0    0    0    3    0   19  937    1    0    0
     1    0]
 [   0    0    0    0    0    0    0    0    0    0    0 1734    0    0
     0    0]
 [   0    0    0    0    0    0    0    0    0    0    0    0  825    0
     0    0]
 [   0    0    0    0    0    1    0    0    0   27    0    0    0  935
     0    0]
 [   0    0    0    0    1    0    0  359    0    0    0    0    0    0
  6181    0]
 [   0    2    0    3    8    0    0    0    0    3    0    0    0    0
    17 1593]]---
Accuracy : 97.47%
---
class acc :
	Brocoli_green_weeds_1: 100.00
	Brocoli_green_weeds_2: 100.00
	Fallow: 98.88
	Fallow_rough_plow: 99.76
	Fallow_smooth: 99.38
	Stubble: 100.00
	Celery: 99.91
	Grapes_untrained: 93.09
	Soil_vinyard_develop: 99.93
	Corn_senesced_green_weeds: 98.61
	Lettuce_romaine_4wk: 97.50
	Lettuce_romaine_5wk: 100.00
	Lettuce_romaine_6wk: 100.00
	Lettuce_romaine_7wk: 97.09
	Vinyard_untrained: 94.50
	Vinyard_vertical_trellis: 97.97
---
AA: 98.54%
Kappa: 97.19
run 3 / 5
Best validation overall accuracy 0.9784226190476191
Confusion matrix :
[[1808    0    0    0    0    0    0    0    0    0    0    0    0    0
     0    0]
 [   0 3354    0    0    0    0    0    0    0    0    0    0    0    0
     0    0]
 [   0    0 1776    0    0    0    0    0    3    0    0    0    0    0
     0    0]
 [   0    0    0 1249    4    0    0    0    0    0    0    0    0    0
     2    0]
 [   0    0    4   11 2387    0    0    1    3    0    1    0    0    0
     0    3]
 [   0    0    0    0    0 3561    2    0    0    0    0    0    0    0
     0    0]
 [   0    0    0    0    0    0 3220    1    0    0    0    0    0    0
     0    0]
 [   0    0    0    0    0    0    0 9817    1    6    1    0    0    1
   318    0]
 [   0    0    0    0    0    0    0    0 5583    0    0    0    0    0
     0    0]
 [   0    0   24    0    0    0    0    3   51 2817   38   13    0    1
     3    0]
 [   0    0    0    1    0    0    0    0   20    0  936    2    0    0
     2    0]
 [   0    0    0    0    0    0    0    0    0    0    0 1734    0    0
     0    0]
 [   0    0    0    0    0    0    0    0    0    0    0    0  812   13
     0    0]
 [   0    0    0    0    0    0    0    5    0    7    0    0    0  951
     0    0]
 [   0    0    0    0    0    0    0  443    0    0    0    0    0    0
  6098    0]
 [   0    0    0    0    0    0    0    0    0    0    0    0    0    5
     0 1621]]---
Accuracy : 97.96%
---
class acc :
	Brocoli_green_weeds_1: 100.00
	Brocoli_green_weeds_2: 100.00
	Fallow: 99.83
	Fallow_rough_plow: 99.52
	Fallow_smooth: 99.05
	Stubble: 99.94
	Celery: 99.97
	Grapes_untrained: 96.78
	Soil_vinyard_develop: 100.00
	Corn_senesced_green_weeds: 95.49
	Lettuce_romaine_4wk: 97.40
	Lettuce_romaine_5wk: 100.00
	Lettuce_romaine_6wk: 98.42
	Lettuce_romaine_7wk: 98.75
	Vinyard_untrained: 93.23
	Vinyard_vertical_trellis: 99.69
---
AA: 98.63%
Kappa: 97.73
run 4 / 5
Best validation overall accuracy 0.9854910714285714
Confusion matrix :
[[1808    0    0    0    0    0    0    0    0    0    0    0    0    0
     0    0]
 [   0 3354    0    0    0    0    0    0    0    0    0    0    0    0
     0    0]
 [   0    0 1779    0    0    0    0    0    0    0    0    0    0    0
     0    0]
 [   0    0    0 1254    1    0    0    0    0    0    0    0    0    0
     0    0]
 [   0    0    1    1 2408    0    0    0    0    0    0    0    0    0
     0    0]
 [   0    0    0    0    0 3563    0    0    0    0    0    0    0    0
     0    0]
 [   0    0    0    0    0    0 3221    0    0    0    0    0    0    0
     0    0]
 [   0    0    0    0    0    0    0 9657    0   17    0    0    0    0
   470    0]
 [   0    0    0    0    0    0    0    0 5583    0    0    0    0    0
     0    0]
 [   0    0    0    0    0    0    0    3    7 2931    4    0    0    2
     2    1]
 [   0    0    0    0    0    0    0    0    3    0  951    7    0    0
     0    0]
 [   0    0    0    0    0    0    0    0    0    0    0 1734    0    0
     0    0]
 [   0    0    0    0    0    0    0    0    0    0    0    0  821    4
     0    0]
 [   0    0    0    0    0    0    0    1    0   10    0    0    0  952
     0    0]
 [   0    0    0    0    2    0    0  135    0    1    0    0    0    0
  6403    0]
 [   0    0    0   18    6    0    1    0    0    0    0    0    0    0
     0 1601]]---
Accuracy : 98.57%
---
class acc :
	Brocoli_green_weeds_1: 100.00
	Brocoli_green_weeds_2: 100.00
	Fallow: 100.00
	Fallow_rough_plow: 99.92
	Fallow_smooth: 99.92
	Stubble: 100.00
	Celery: 100.00
	Grapes_untrained: 95.20
	Soil_vinyard_develop: 100.00
	Corn_senesced_green_weeds: 99.36
	Lettuce_romaine_4wk: 98.96
	Lettuce_romaine_5wk: 100.00
	Lettuce_romaine_6wk: 99.52
	Lettuce_romaine_7wk: 98.86
	Vinyard_untrained: 97.89
	Vinyard_vertical_trellis: 98.46
---
AA: 99.25%
Kappa: 98.41
run 5 / 5
Best validation overall accuracy 0.9791666666666666
Confusion matrix :
[[1808    0    0    0    0    0    0    0    0    0    0    0    0    0
     0    0]
 [   0 3354    0    0    0    0    0    0    0    0    0    0    0    0
     0    0]
 [   0    0 1779    0    0    0    0    0    0    0    0    0    0    0
     0    0]
 [   0    0    0 1255    0    0    0    0    0    0    0    0    0    0
     0    0]
 [   0    0    7   24 2374    0    0    1    1    0    0    0    0    0
     0    3]
 [   0    0    0    0    0 3563    0    0    0    0    0    0    0    0
     0    0]
 [   0    0    0    0    0    0 3220    0    0    0    0    0    0    0
     0    1]
 [   0    0    0    0    1    0    3 9712    0    8    0    0    0    0
   420    0]
 [   0    0    0    0    0    0    0    1 5577    5    0    0    0    0
     0    0]
 [   1    0   25    0    0    2    0   19    9 2877   16    0    0    0
     1    0]
 [   0    0    6    2    0    0    0    0    0    4  948    1    0    0
     0    0]
 [   0    0    0    0    0    0    0    0    0    0    0 1734    0    0
     0    0]
 [   0    0    0    0    0    0    0    0    0    0    0    0  821    4
     0    0]
 [   0    0    0    0    0    3    0    4    0    2    0    0    0  954
     0    0]
 [   0    0    0    4    0    1    0  598    0    1    0    0    0    0
  5936    1]
 [   0    0    0    0    0    0    9   13    0    0    0    0    0    0
     0 1604]]---
Accuracy : 97.53%
---
class acc :
	Brocoli_green_weeds_1: 100.00
	Brocoli_green_weeds_2: 100.00
	Fallow: 100.00
	Fallow_rough_plow: 100.00
	Fallow_smooth: 98.51
	Stubble: 100.00
	Celery: 99.97
	Grapes_untrained: 95.74
	Soil_vinyard_develop: 99.89
	Corn_senesced_green_weeds: 97.53
	Lettuce_romaine_4wk: 98.65
	Lettuce_romaine_5wk: 100.00
	Lettuce_romaine_6wk: 99.52
	Lettuce_romaine_7wk: 99.07
	Vinyard_untrained: 90.75
	Vinyard_vertical_trellis: 98.65
---
AA: 98.64%
Kappa: 97.25
Agregated results :
Confusion matrix :
[[1.8080e+03 0.0000e+00 0.0000e+00 0.0000e+00 0.0000e+00 0.0000e+00
  0.0000e+00 0.0000e+00 0.0000e+00 0.0000e+00 0.0000e+00 0.0000e+00
  0.0000e+00 0.0000e+00 0.0000e+00 0.0000e+00]
 [0.0000e+00 3.3540e+03 0.0000e+00 0.0000e+00 0.0000e+00 0.0000e+00
  0.0000e+00 0.0000e+00 0.0000e+00 0.0000e+00 0.0000e+00 0.0000e+00
  0.0000e+00 0.0000e+00 0.0000e+00 0.0000e+00]
 [0.0000e+00 0.0000e+00 1.7726e+03 0.0000e+00 3.2000e+00 0.0000e+00
  0.0000e+00 2.0000e-01 6.0000e-01 2.2000e+00 2.0000e-01 0.0000e+00
  0.0000e+00 0.0000e+00 0.0000e+00 0.0000e+00]
 [0.0000e+00 0.0000e+00 0.0000e+00 1.2524e+03 1.8000e+00 0.0000e+00
  0.0000e+00 4.0000e-01 0.0000e+00 0.0000e+00 0.0000e+00 0.0000e+00
  0.0000e+00 0.0000e+00 4.0000e-01 0.0000e+00]
 [0.0000e+00 0.0000e+00 2.4000e+00 1.0800e+01 2.3918e+03 0.0000e+00
  0.0000e+00 1.8000e+00 8.0000e-01 0.0000e+00 2.0000e-01 0.0000e+00
  0.0000e+00 0.0000e+00 0.0000e+00 2.2000e+00]
 [0.0000e+00 0.0000e+00 0.0000e+00 0.0000e+00 0.0000e+00 3.5602e+03
  2.0000e+00 8.0000e-01 0.0000e+00 0.0000e+00 0.0000e+00 0.0000e+00
  0.0000e+00 0.0000e+00 0.0000e+00 0.0000e+00]
 [0.0000e+00 0.0000e+00 0.0000e+00 0.0000e+00 2.0000e-01 2.0000e-01
  3.2196e+03 8.0000e-01 0.0000e+00 0.0000e+00 0.0000e+00 0.0000e+00
  0.0000e+00 0.0000e+00 0.0000e+00 2.0000e-01]
 [0.0000e+00 0.0000e+00 0.0000e+00 0.0000e+00 2.0000e-01 2.0000e-01
  6.0000e-01 9.6866e+03 2.0000e-01 6.4000e+00 2.0000e-01 0.0000e+00
  0.0000e+00 2.0000e-01 4.4940e+02 0.0000e+00]
 [0.0000e+00 0.0000e+00 0.0000e+00 0.0000e+00 0.0000e+00 2.0000e-01
  0.0000e+00 8.0000e-01 5.5804e+03 1.0000e+00 2.0000e-01 0.0000e+00
  0.0000e+00 0.0000e+00 0.0000e+00 4.0000e-01]
 [2.0000e-01 0.0000e+00 9.8000e+00 0.0000e+00 0.0000e+00 4.0000e-01
  0.0000e+00 9.6000e+00 1.8400e+01 2.8908e+03 1.3800e+01 2.6000e+00
  4.0000e-01 6.0000e-01 2.2000e+00 1.2000e+00]
 [0.0000e+00 0.0000e+00 1.2000e+00 6.0000e-01 0.0000e+00 0.0000e+00
  0.0000e+00 1.2000e+00 4.6000e+00 5.6000e+00 9.4360e+02 2.8000e+00
  0.0000e+00 0.0000e+00 1.4000e+00 0.0000e+00]
 [0.0000e+00 0.0000e+00 0.0000e+00 0.0000e+00 0.0000e+00 0.0000e+00
  0.0000e+00 0.0000e+00 0.0000e+00 0.0000e+00 0.0000e+00 1.7340e+03
  0.0000e+00 0.0000e+00 0.0000e+00 0.0000e+00]
 [0.0000e+00 0.0000e+00 0.0000e+00 0.0000e+00 0.0000e+00 0.0000e+00
  0.0000e+00 0.0000e+00 0.0000e+00 0.0000e+00 0.0000e+00 0.0000e+00
  8.2060e+02 4.4000e+00 0.0000e+00 0.0000e+00]
 [0.0000e+00 0.0000e+00 0.0000e+00 0.0000e+00 0.0000e+00 8.0000e-01
  0.0000e+00 4.2000e+00 0.0000e+00 1.0000e+01 0.0000e+00 0.0000e+00
  3.0000e+00 9.4500e+02 0.0000e+00 0.0000e+00]
 [0.0000e+00 0.0000e+00 0.0000e+00 8.0000e-01 6.0000e-01 2.0000e-01
  0.0000e+00 4.0020e+02 0.0000e+00 4.0000e-01 0.0000e+00 0.0000e+00
  0.0000e+00 0.0000e+00 6.1384e+03 4.0000e-01]
 [0.0000e+00 1.0000e+00 0.0000e+00 5.6000e+00 2.8000e+00 4.0000e-01
  2.0000e+00 2.6000e+00 0.0000e+00 6.0000e-01 0.0000e+00 0.0000e+00
  0.0000e+00 1.2000e+00 6.0000e+00 1.6038e+03]]---
Accuracy: 97.92 +- 0.40
---
class acc :
	Brocoli_green_weeds_1: 100.00 +- 0.00
	Brocoli_green_weeds_2: 100.00 +- 0.00
	Fallow: 99.64 +- 0.42
	Fallow_rough_plow: 99.79 +- 0.16
	Fallow_smooth: 99.24 +- 0.46
	Stubble: 99.92 +- 0.13
	Celery: 99.96 +- 0.03
	Grapes_untrained: 95.49 +- 1.33
	Soil_vinyard_develop: 99.95 +- 0.04
	Corn_senesced_green_weeds: 97.99 +- 1.39
	Lettuce_romaine_4wk: 98.19 +- 0.63
	Lettuce_romaine_5wk: 100.00 +- 0.00
	Lettuce_romaine_6wk: 99.47 +- 0.56
	Lettuce_romaine_7wk: 98.13 +- 0.94
	Vinyard_untrained: 93.84 +- 2.35
	Vinyard_vertical_trellis: 98.63 +- 0.57
---
AA: 98.77 +- 0.25
Kappa: 97.68 +- 0.44
