run 1 / 5
Best validation overall accuracy 0.9910714285714286
Confusion matrix :
[[1607    0    0    0    0    0    0    0    0    0    0    0    0    0
     0    0]
 [   0 2981    0    0    0    0    0    0    0    0    0    0    0    0
     0    0]
 [   0    0 1577    0    0    0    0    0    0    4    0    0    0    0
     0    0]
 [   0    0    0 1115    0    0    0    0    0    0    0    0    0    0
     0    0]
 [   0    0    1    3 2137    0    0    1    0    0    0    0    0    0
     0    0]
 [   1    0    0    0    0 3166    0    0    0    0    0    0    0    0
     0    0]
 [   0    0    0    0    0    0 2861    2    0    0    0    0    0    0
     0    0]
 [   0    0    0    0    0    0    0 8919    0    1    0    0    0    1
    96    0]
 [   0    0    0    0    0    0    0    0 4956    6    0    0    0    0
     1    0]
 [   0    0    1    0    0    0    0    2    0 2585   28    0    0    0
     6    0]
 [   0    0    0    1    0    0    0    0    0    2  849    2    0    0
     0    0]
 [   0    0    0    0    0    0    0    0    0    0    0 1542    0    0
     0    0]
 [   0    0    0    0    0    0    0    0    0    0    0    0  731    2
     0    0]
 [   0    0    0    0    0    0    0    0    0    6    0    0    0  850
     0    0]
 [   0    0    0    0    0    0    0  153    0    0    0    0    0    0
  5662    0]
 [   0    0    0    0    5    0    0    0    0    0    0    0    0    0
     0 1441]]---
Accuracy : 99.25%
---
class acc :
	Brocoli_green_weeds_1: 100.00
	Brocoli_green_weeds_2: 100.00
	Fallow: 99.75
	Fallow_rough_plow: 100.00
	Fallow_smooth: 99.77
	Stubble: 99.97
	Celery: 99.93
	Grapes_untrained: 98.91
	Soil_vinyard_develop: 99.86
	Corn_senesced_green_weeds: 98.59
	Lettuce_romaine_4wk: 99.41
	Lettuce_romaine_5wk: 100.00
	Lettuce_romaine_6wk: 99.73
	Lettuce_romaine_7wk: 99.30
	Vinyard_untrained: 97.37
	Vinyard_vertical_trellis: 99.65
---
AA: 99.51%
Kappa: 99.16
run 2 / 5
Best validation overall accuracy 0.9925595238095238
Confusion matrix :
[[1607    0    0    0    0    0    0    0    0    0    0    0    0    0
     0    0]
 [   0 2981    0    0    0    0    0    0    0    0    0    0    0    0
     0    0]
 [   0    0 1572    0    6    0    0    0    0    3    0    0    0    0
     0    0]
 [   0    0    0 1113    2    0    0    0    0    0    0    0    0    0
     0    0]
 [   0    0    0    8 2128    0    0    0    0    2    1    0    0    0
     0    3]
 [   0    0    0    0    0 3167    0    0    0    0    0    0    0    0
     0    0]
 [   0    0    0    0    0    0 2861    2    0    0    0    0    0    0
     0    0]
 [   0    0    0    0    0    0    0 8921    0    2    0    0    0    0
    94    0]
 [   0    0    0    0    0    0    0    0 4963    0    0    0    0    0
     0    0]
 [   0    0    0    0    0    0    0    1    5 2612    0    0    0    0
     3    1]
 [   0    0    0    0    0    0    0    0    0    7  846    1    0    0
     0    0]
 [   0    0    0    0    0    0    0    0    0    0    0 1542    0    0
     0    0]
 [   0    0    0    0    0    0    0    0    0    0    0    0  733    0
     0    0]
 [   0    0    0    0    0    0    0    0    0    7    0    0    0  849
     0    0]
 [   0    0    0    0    0    0    0  244    0    0    0    0    0    0
  5562    9]
 [   0    0    0    0    0    0    0    0    0    0    0    0    0    0
     0 1446]]---
Accuracy : 99.07%
---
class acc :
	Brocoli_green_weeds_1: 100.00
	Brocoli_green_weeds_2: 100.00
	Fallow: 99.43
	Fallow_rough_plow: 99.82
	Fallow_smooth: 99.35
	Stubble: 100.00
	Celery: 99.93
	Grapes_untrained: 98.94
	Soil_vinyard_develop: 100.00
	Corn_senesced_green_weeds: 99.62
	Lettuce_romaine_4wk: 99.06
	Lettuce_romaine_5wk: 100.00
	Lettuce_romaine_6wk: 100.00
	Lettuce_romaine_7wk: 99.18
	Vinyard_untrained: 95.65
	Vinyard_vertical_trellis: 100.00
---
AA: 99.44%
Kappa: 98.97
run 3 / 5
Best validation overall accuracy 0.9908854166666666
Confusion matrix :
[[1607    0    0    0    0    0    0    0    0    0    0    0    0    0
     0    0]
 [   0 2980    0    0    0    0    0    1    0    0    0    0    0    0
     0    0]
 [   0    0 1581    0    0    0    0    0    0    0    0    0    0    0
     0    0]
 [   0    0    0 1108    5    0    0    0    0    2    0    0    0    0
     0    0]
 [   0    0    0    0 2137    0    0    1    0    2    0    0    0    0
     0    2]
 [   0    0    0    0    0 3163    4    0    0    0    0    0    0    0
     0    0]
 [   0    0    0    0    0    0 2862    1    0    0    0    0    0    0
     0    0]
 [   0    0    0    0    0    0    0 8786    0    2    0    0    0    0
   229    0]
 [   0    0    0    0    0    0    0    0 4960    3    0    0    0    0
     0    0]
 [   0    0    0    0    0    0    0    0   11 2607    1    0    0    0
     0    3]
 [   0    0    0    0    2    0    0    0    0   11  841    0    0    0
     0    0]
 [   0    0    0    0    0    0    0    0    0    0    0 1542    0    0
     0    0]
 [   0    0    0    0    0    0    0    0    0    0    0    0  731    2
     0    0]
 [   0    0    0    0    0    0    0    0    0    1    0    0    0  855
     0    0]
 [   0    0    0    0    0    0    0   67    0    0    0    0    0    0
  5748    0]
 [   0    2    0    0    0    0    3    0    0    0    0    0    0    0
     0 1441]]---
Accuracy : 99.18%
---
class acc :
	Brocoli_green_weeds_1: 100.00
	Brocoli_green_weeds_2: 99.97
	Fallow: 100.00
	Fallow_rough_plow: 99.37
	Fallow_smooth: 99.77
	Stubble: 99.87
	Celery: 99.97
	Grapes_untrained: 97.44
	Soil_vinyard_develop: 99.94
	Corn_senesced_green_weeds: 99.43
	Lettuce_romaine_4wk: 98.48
	Lettuce_romaine_5wk: 100.00
	Lettuce_romaine_6wk: 99.73
	Lettuce_romaine_7wk: 99.88
	Vinyard_untrained: 98.85
	Vinyard_vertical_trellis: 99.65
---
AA: 99.52%
Kappa: 99.09
run 4 / 5
Best validation overall accuracy 0.9921875
Confusion matrix :
[[1607    0    0    0    0    0    0    0    0    0    0    0    0    0
     0    0]
 [   0 2981    0    0    0    0    0    0    0    0    0    0    0    0
     0    0]
 [   0    0 1579    0    2    0    0    0    0    0    0    0    0    0
     0    0]
 [   0    0    0 1111    4    0    0    0    0    0    0    0    0    0
     0    0]
 [   0    0    0    0 2139    0    0    0    1    1    0    1    0    0
     0    0]
 [   0    0    0    0    0 3167    0    0    0    0    0    0    0    0
     0    0]
 [   0    0    0    0    0    0 2862    0    0    0    0    0    0    1
     0    0]
 [   0    0    0    0    0    0    0 8790    0    4    0    0    0    0
   223    0]
 [   0    0    0    0    0    0    0    0 4963    0    0    0    0    0
     0    0]
 [   0    0    0    1    0    0    0    6    3 2610    1    0    0    0
     0    1]
 [   0    0    0    1    0    0    0    0    0    0  850    3    0    0
     0    0]
 [   0    0    0    0    0    0    0    0    0    0    0 1542    0    0
     0    0]
 [   0    0    0    0    0    0    0    0    0    0    0    0  724    9
     0    0]
 [   0    0    0    0    0    0    0    0    0    4    0    0    0  852
     0    0]
 [   0    0    0    0    0    0    0  111    0    0    0    0    0    0
  5704    0]
 [   0    0    0    0    0    0    6    0    0    0    0    0    0    0
     0 1440]]---
Accuracy : 99.12%
---
class acc :
	Brocoli_green_weeds_1: 100.00
	Brocoli_green_weeds_2: 100.00
	Fallow: 99.87
	Fallow_rough_plow: 99.64
	Fallow_smooth: 99.86
	Stubble: 100.00
	Celery: 99.97
	Grapes_untrained: 97.48
	Soil_vinyard_develop: 100.00
	Corn_senesced_green_weeds: 99.54
	Lettuce_romaine_4wk: 99.53
	Lettuce_romaine_5wk: 100.00
	Lettuce_romaine_6wk: 98.77
	Lettuce_romaine_7wk: 99.53
	Vinyard_untrained: 98.09
	Vinyard_vertical_trellis: 99.59
---
AA: 99.49%
Kappa: 99.02
run 5 / 5
Best validation overall accuracy 0.9903273809523809
Confusion matrix :
[[1607    0    0    0    0    0    0    0    0    0    0    0    0    0
     0    0]
 [   0 2981    0    0    0    0    0    0    0    0    0    0    0    0
     0    0]
 [   0    0 1581    0    0    0    0    0    0    0    0    0    0    0
     0    0]
 [   0    0    0 1112    3    0    0    0    0    0    0    0    0    0
     0    0]
 [   0    0    1    2 2135    0    0    0    0    3    0    0    0    0
     0    1]
 [   0    0    0    0    0 3167    0    0    0    0    0    0    0    0
     0    0]
 [   0    0    0    0    0    0 2863    0    0    0    0    0    0    0
     0    0]
 [   0    0    0    0    0    2    1 8865    0    3    1    0    0    0
   145    0]
 [   0    0    0    0    0    0    0    0 4963    0    0    0    0    0
     0    0]
 [   0    0    1    0    0    0    1    2    0 2612    2    0    0    0
     1    3]
 [   0    0    0    0    0    0    0    0    0   12  839    1    0    0
     0    2]
 [   0    0    0    0    0    0    0    0    0    0    0 1542    0    0
     0    0]
 [   0    0    0    0    0    0    0    0    0    0    0    0  730    3
     0    0]
 [   0    0    0    0    0    0    0    0    0    0    0    0    0  856
     0    0]
 [   0    0    0    2    0    0    0  273    0    1    0    0    0    0
  5529   10]
 [   0    0    0    0    6    0    0    0    0    0    0    0    0    0
     0 1440]]---
Accuracy : 98.89%
---
class acc :
	Brocoli_green_weeds_1: 100.00
	Brocoli_green_weeds_2: 100.00
	Fallow: 100.00
	Fallow_rough_plow: 99.73
	Fallow_smooth: 99.67
	Stubble: 100.00
	Celery: 100.00
	Grapes_untrained: 98.31
	Soil_vinyard_develop: 100.00
	Corn_senesced_green_weeds: 99.62
	Lettuce_romaine_4wk: 98.24
	Lettuce_romaine_5wk: 100.00
	Lettuce_romaine_6wk: 99.59
	Lettuce_romaine_7wk: 100.00
	Vinyard_untrained: 95.08
	Vinyard_vertical_trellis: 99.59
---
AA: 99.36%
Kappa: 98.76
Agregated results :
Confusion matrix :
[[1.6070e+03 0.0000e+00 0.0000e+00 0.0000e+00 0.0000e+00 0.0000e+00
  0.0000e+00 0.0000e+00 0.0000e+00 0.0000e+00 0.0000e+00 0.0000e+00
  0.0000e+00 0.0000e+00 0.0000e+00 0.0000e+00]
 [0.0000e+00 2.9808e+03 0.0000e+00 0.0000e+00 0.0000e+00 0.0000e+00
  0.0000e+00 2.0000e-01 0.0000e+00 0.0000e+00 0.0000e+00 0.0000e+00
  0.0000e+00 0.0000e+00 0.0000e+00 0.0000e+00]
 [0.0000e+00 0.0000e+00 1.5780e+03 0.0000e+00 1.6000e+00 0.0000e+00
  0.0000e+00 0.0000e+00 0.0000e+00 1.4000e+00 0.0000e+00 0.0000e+00
  0.0000e+00 0.0000e+00 0.0000e+00 0.0000e+00]
 [0.0000e+00 0.0000e+00 0.0000e+00 1.1118e+03 2.8000e+00 0.0000e+00
  0.0000e+00 0.0000e+00 0.0000e+00 4.0000e-01 0.0000e+00 0.0000e+00
  0.0000e+00 0.0000e+00 0.0000e+00 0.0000e+00]
 [0.0000e+00 0.0000e+00 4.0000e-01 2.6000e+00 2.1352e+03 0.0000e+00
  0.0000e+00 4.0000e-01 2.0000e-01 1.6000e+00 2.0000e-01 2.0000e-01
  0.0000e+00 0.0000e+00 0.0000e+00 1.2000e+00]
 [2.0000e-01 0.0000e+00 0.0000e+00 0.0000e+00 0.0000e+00 3.1660e+03
  8.0000e-01 0.0000e+00 0.0000e+00 0.0000e+00 0.0000e+00 0.0000e+00
  0.0000e+00 0.0000e+00 0.0000e+00 0.0000e+00]
 [0.0000e+00 0.0000e+00 0.0000e+00 0.0000e+00 0.0000e+00 0.0000e+00
  2.8618e+03 1.0000e+00 0.0000e+00 0.0000e+00 0.0000e+00 0.0000e+00
  0.0000e+00 2.0000e-01 0.0000e+00 0.0000e+00]
 [0.0000e+00 0.0000e+00 0.0000e+00 0.0000e+00 0.0000e+00 4.0000e-01
  2.0000e-01 8.8562e+03 0.0000e+00 2.4000e+00 2.0000e-01 0.0000e+00
  0.0000e+00 2.0000e-01 1.5740e+02 0.0000e+00]
 [0.0000e+00 0.0000e+00 0.0000e+00 0.0000e+00 0.0000e+00 0.0000e+00
  0.0000e+00 0.0000e+00 4.9610e+03 1.8000e+00 0.0000e+00 0.0000e+00
  0.0000e+00 0.0000e+00 2.0000e-01 0.0000e+00]
 [0.0000e+00 0.0000e+00 4.0000e-01 2.0000e-01 0.0000e+00 0.0000e+00
  2.0000e-01 2.2000e+00 3.8000e+00 2.6052e+03 6.4000e+00 0.0000e+00
  0.0000e+00 0.0000e+00 2.0000e+00 1.6000e+00]
 [0.0000e+00 0.0000e+00 0.0000e+00 4.0000e-01 4.0000e-01 0.0000e+00
  0.0000e+00 0.0000e+00 0.0000e+00 6.4000e+00 8.4500e+02 1.4000e+00
  0.0000e+00 0.0000e+00 0.0000e+00 4.0000e-01]
 [0.0000e+00 0.0000e+00 0.0000e+00 0.0000e+00 0.0000e+00 0.0000e+00
  0.0000e+00 0.0000e+00 0.0000e+00 0.0000e+00 0.0000e+00 1.5420e+03
  0.0000e+00 0.0000e+00 0.0000e+00 0.0000e+00]
 [0.0000e+00 0.0000e+00 0.0000e+00 0.0000e+00 0.0000e+00 0.0000e+00
  0.0000e+00 0.0000e+00 0.0000e+00 0.0000e+00 0.0000e+00 0.0000e+00
  7.2980e+02 3.2000e+00 0.0000e+00 0.0000e+00]
 [0.0000e+00 0.0000e+00 0.0000e+00 0.0000e+00 0.0000e+00 0.0000e+00
  0.0000e+00 0.0000e+00 0.0000e+00 3.6000e+00 0.0000e+00 0.0000e+00
  0.0000e+00 8.5240e+02 0.0000e+00 0.0000e+00]
 [0.0000e+00 0.0000e+00 0.0000e+00 4.0000e-01 0.0000e+00 0.0000e+00
  0.0000e+00 1.6960e+02 0.0000e+00 2.0000e-01 0.0000e+00 0.0000e+00
  0.0000e+00 0.0000e+00 5.6410e+03 3.8000e+00]
 [0.0000e+00 4.0000e-01 0.0000e+00 0.0000e+00 2.2000e+00 0.0000e+00
  1.8000e+00 0.0000e+00 0.0000e+00 0.0000e+00 0.0000e+00 0.0000e+00
  0.0000e+00 0.0000e+00 0.0000e+00 1.4416e+03]]---
Accuracy: 99.10 +- 0.12
---
class acc :
	Brocoli_green_weeds_1: 100.00 +- 0.00
	Brocoli_green_weeds_2: 99.99 +- 0.01
	Fallow: 99.81 +- 0.21
	Fallow_rough_plow: 99.71 +- 0.21
	Fallow_smooth: 99.68 +- 0.18
	Stubble: 99.97 +- 0.05
	Celery: 99.96 +- 0.03
	Grapes_untrained: 98.22 +- 0.66
	Soil_vinyard_develop: 99.96 +- 0.06
	Corn_senesced_green_weeds: 99.36 +- 0.39
	Lettuce_romaine_4wk: 98.95 +- 0.51
	Lettuce_romaine_5wk: 100.00 +- 0.00
	Lettuce_romaine_6wk: 99.56 +- 0.42
	Lettuce_romaine_7wk: 99.58 +- 0.32
	Vinyard_untrained: 97.01 +- 1.43
	Vinyard_vertical_trellis: 99.70 +- 0.16
---
AA: 99.47 +- 0.06
Kappa: 99.00 +- 0.14
