run 1 / 5
Best validation overall accuracy 0.9076704545454546
Confusion matrix :
[[1050    9    0   67    0    0    0    0    0    0    0    0    0    0
     0]
 [  25 1100    0    2    1    0    0    0    0    0    0    0    0    0
     1]
 [   0    0  611    0    0    6    0    0    0    0    0    0   10    0
     0]
 [   7    0    0 1110    0    0    3    0    0    0    0    0    0    0
     0]
 [   0    0    0    0 1096    0    0    0    1    0    1    0    0   19
     1]
 [   0    0    2    8    0  262   16    0    0    1    0    0    3    0
     0]
 [   0    3   10    5    0    0 1023   34   12    0   15   34    1    4
     0]
 [   1    7    0    0   29    0   20  842    8   28    9  135   18   10
    13]
 [   0    0    0    0   21    0    0   10  913   89   56   35    2    1
     0]
 [   0    0    0    0    2    0    0    0   45 1007   34   16    0    0
     0]
 [   0    0    0    0   14    0   23    3   22   36  987    3    1   23
     0]
 [   0    0    0    0    0    0   55   14   11   22    4 1003    1    0
     0]
 [   0    0    3    0    8    5    0   75   17   20    5   53  226    8
     2]
 [   0    1    0    0    2    0   41    4    0    0   11    0    0  321
     5]
 [   0    0    0    0    5    0    1    6    0    0    0    0    0    0
   582]]---
Accuracy : 89.69%
---
class acc :
	Healthy grass: 93.25
	Stressed grass: 97.43
	Synthetic grass: 97.45
	Trees: 99.11
	Soil: 98.03
	Water: 89.73
	Residential: 89.66
	Commercial: 75.18
	Road: 81.01
	Highway: 91.21
	Railway: 88.76
	Parking Lot 1: 90.36
	Parking Lot 2: 53.55
	Tennis Court: 83.38
	Running Track: 97.98
---
AA: 88.41%
Kappa: 88.85
run 2 / 5
Best validation overall accuracy 0.9048295454545454
Confusion matrix :
[[1073   31    0   22    0    0    0    0    0    0    0    0    0    0
     0]
 [  21 1106    0    0    2    0    0    0    0    0    0    0    0    0
     0]
 [   0    0  618    0    0    6    0    0    0    3    0    0    0    0
     0]
 [  13    2    0 1105    0    0    0    0    0    0    0    0    0    0
     0]
 [   0    0    0    0 1071    0    0    0    7    3   25    7    0    4
     1]
 [   2    0    3    0    0  259   26    0    0    2    0    0    0    0
     0]
 [   2   12    8    1    0   10 1006   36   14    1   26    5    5   14
     1]
 [   1    3    0    0   39    0   38  873   17    8    8   90    2   23
    18]
 [   0    0    0    0   31    0    0   22  964   58   16   36    0    0
     0]
 [   0    0    0    0    0    0    0    0  108  962   25    9    0    0
     0]
 [   0    0    0    0   16    0    1    9   20   38 1014    1    0    8
     5]
 [   0    0    0    0    5    0   47   44   51   16    3  944    0    0
     0]
 [   0    1    5    0    3    0    5   82   12   19   32   69  188    3
     3]
 [   0    8    0    0    0    0   24    4    2    0    6    2    0  339
     0]
 [   0    0    0    0    6    0    0    2    0    0    0    0    0    0
   586]]---
Accuracy : 89.51%
---
class acc :
	Healthy grass: 95.29
	Stressed grass: 97.96
	Synthetic grass: 98.56
	Trees: 98.66
	Soil: 95.80
	Water: 88.70
	Residential: 88.17
	Commercial: 77.95
	Road: 85.54
	Highway: 87.14
	Railway: 91.19
	Parking Lot 1: 85.05
	Parking Lot 2: 44.55
	Tennis Court: 88.05
	Running Track: 98.65
---
AA: 88.08%
Kappa: 88.65
run 3 / 5
Best validation overall accuracy 0.9048295454545454
Confusion matrix :
[[1055   51    0   20    0    0    0    0    0    0    0    0    0    0
     0]
 [   4 1116    0    0    0    0    5    0    0    0    1    0    0    3
     0]
 [   0    0  616    0    0    0    9    1    0    1    0    0    0    0
     0]
 [  46    0    0 1073    0    0    0    0    0    0    1    0    0    0
     0]
 [   0    0    0    0 1087    0    0    4   19    2    0    1    0    4
     1]
 [   0    0    4    0    0  236   33    0    0    2    0   17    0    0
     0]
 [   0    0    0    0    3    0  994    6    8    5   34    2   25   57
     7]
 [   3    6    0    0   18    0   29  814   16   34   21  148   16   13
     2]
 [   0    0    0    0    7    0    0    1  980   59   44   34    1    1
     0]
 [   0    0    0    0    0    0    0    3   12  985   89   15    0    0
     0]
 [   0    0    0    0    7    0   13    7   57   25  996    1    0    6
     0]
 [   0    0    0    0    0    0   59    4   56   59   26  900    6    0
     0]
 [   0    0    1    0   11    1   13   93   30   13    9   78  167    3
     3]
 [   0    0    0    0    0    0    0    2    0    0    0    0    0  383
     0]
 [   0    0    0    0    9    0    0    2    0    0    0    0    0    5
   578]]---
Accuracy : 88.56%
---
class acc :
	Healthy grass: 93.69
	Stressed grass: 98.85
	Synthetic grass: 98.25
	Trees: 95.80
	Soil: 97.23
	Water: 80.82
	Residential: 87.12
	Commercial: 72.68
	Road: 86.96
	Highway: 89.22
	Railway: 89.57
	Parking Lot 1: 81.08
	Parking Lot 2: 39.57
	Tennis Court: 99.48
	Running Track: 97.31
---
AA: 87.17%
Kappa: 87.63
run 4 / 5
Best validation overall accuracy 0.8948863636363636
Confusion matrix :
[[1023   79    0   24    0    0    0    0    0    0    0    0    0    0
     0]
 [   3 1126    0    0    0    0    0    0    0    0    0    0    0    0
     0]
 [   0    0  608    0    0    0   15    1    0    3    0    0    0    0
     0]
 [  19    3    0 1098    0    0    0    0    0    0    0    0    0    0
     0]
 [   0    0    0    0 1079    0    0    0    0    1    6    0    0   28
     4]
 [   3    1    2    1    0  237   29    8    0   10    0    0    0    0
     1]
 [   1    1    1    0    1    0 1060    1   18    6   38   12    0    2
     0]
 [   2    7    4    4   28    1   37  838   11   26   30   74   16   24
    18]
 [   0    0    0    0   17    0    0    0  923   87   24   44   31    1
     0]
 [   0    0    0    0    0    0    0    0   12  925  157   10    0    0
     0]
 [   0    0    0    0    9    0    0    0   99   34  923   17    0   30
     0]
 [   0    0    0    0    0    0   33    8   96   22   18  933    0    0
     0]
 [   0    0   19    0    4    1   13   35   26   11   16   50  245    0
     2]
 [   0    0    0    0    1    0   32    1    5    0   14    0    0  332
     0]
 [   0    0    0    0    0    0    1    2    0    0    0    1    0    0
   590]]---
Accuracy : 88.27%
---
class acc :
	Healthy grass: 90.85
	Stressed grass: 99.73
	Synthetic grass: 96.97
	Trees: 98.04
	Soil: 96.51
	Water: 81.16
	Residential: 92.90
	Commercial: 74.82
	Road: 81.90
	Highway: 83.79
	Railway: 83.00
	Parking Lot 1: 84.05
	Parking Lot 2: 58.06
	Tennis Court: 86.23
	Running Track: 99.33
---
AA: 87.16%
Kappa: 87.31
run 5 / 5
Best validation overall accuracy 0.9019886363636364
Confusion matrix :
[[1042   31    0   53    0    0    0    0    0    0    0    0    0    0
     0]
 [  19 1109    0    0    0    0    1    0    0    0    0    0    0    0
     0]
 [   0    0  590    0    0    0   23    0    0    1    0    1   12    0
     0]
 [  51    0    0 1068    0    0    0    0    0    0    1    0    0    0
     0]
 [   0    0    0    0 1042    0    0    2    2    0   16    4   52    0
     0]
 [   0    0    6    0    0  276    7    0    1    0    0    1    1    0
     0]
 [   0    3    8    0    6   17 1020   15    4    7   28   28    5    0
     0]
 [   0    7    0    0   11    0   11  905   24    7   19  115   11    9
     1]
 [   0    0    0    0   19    0    2    4  959   33   80   28    0    2
     0]
 [   0    0    0    0    1    0    0    4   16 1031   36   15    1    0
     0]
 [   0    0    0    0   35    0    9   10   15   46  994    1    0    2
     0]
 [   0    0    0    0    0    0    5   19   48   11    3 1023    1    0
     0]
 [   0    0    3    0    3   10    0   53   33   25    8   67  216    3
     1]
 [   0    0    0    0    0    0   19    4    0    0   15    3    0  344
     0]
 [   0    0    0    0    4    0    3    3    0    0    0    1    0    1
   582]]---
Accuracy : 90.20%
---
class acc :
	Healthy grass: 92.54
	Stressed grass: 98.23
	Synthetic grass: 94.10
	Trees: 95.36
	Soil: 93.20
	Water: 94.52
	Residential: 89.40
	Commercial: 80.80
	Road: 85.09
	Highway: 93.39
	Railway: 89.39
	Parking Lot 1: 92.16
	Parking Lot 2: 51.18
	Tennis Court: 89.35
	Running Track: 97.98
---
AA: 89.11%
Kappa: 89.40
Agregated results :
Confusion matrix :
[[1.0486e+03 4.0200e+01 0.0000e+00 3.7200e+01 0.0000e+00 0.0000e+00
  0.0000e+00 0.0000e+00 0.0000e+00 0.0000e+00 0.0000e+00 0.0000e+00
  0.0000e+00 0.0000e+00 0.0000e+00]
 [1.4400e+01 1.1114e+03 0.0000e+00 4.0000e-01 6.0000e-01 0.0000e+00
  1.2000e+00 0.0000e+00 0.0000e+00 0.0000e+00 2.0000e-01 0.0000e+00
  0.0000e+00 6.0000e-01 2.0000e-01]
 [0.0000e+00 0.0000e+00 6.0860e+02 0.0000e+00 0.0000e+00 2.4000e+00
  9.4000e+00 4.0000e-01 0.0000e+00 1.6000e+00 0.0000e+00 2.0000e-01
  4.4000e+00 0.0000e+00 0.0000e+00]
 [2.7200e+01 1.0000e+00 0.0000e+00 1.0908e+03 0.0000e+00 0.0000e+00
  6.0000e-01 0.0000e+00 0.0000e+00 0.0000e+00 4.0000e-01 0.0000e+00
  0.0000e+00 0.0000e+00 0.0000e+00]
 [0.0000e+00 0.0000e+00 0.0000e+00 0.0000e+00 1.0750e+03 0.0000e+00
  0.0000e+00 1.2000e+00 5.8000e+00 1.2000e+00 9.6000e+00 2.4000e+00
  1.0400e+01 1.1000e+01 1.4000e+00]
 [1.0000e+00 2.0000e-01 3.4000e+00 1.8000e+00 0.0000e+00 2.5400e+02
  2.2200e+01 1.6000e+00 2.0000e-01 3.0000e+00 0.0000e+00 3.6000e+00
  8.0000e-01 0.0000e+00 2.0000e-01]
 [6.0000e-01 3.8000e+00 5.4000e+00 1.2000e+00 2.0000e+00 5.4000e+00
  1.0206e+03 1.8400e+01 1.1200e+01 3.8000e+00 2.8200e+01 1.6200e+01
  7.2000e+00 1.5400e+01 1.6000e+00]
 [1.4000e+00 6.0000e+00 8.0000e-01 8.0000e-01 2.5000e+01 2.0000e-01
  2.7000e+01 8.5440e+02 1.5200e+01 2.0600e+01 1.7400e+01 1.1240e+02
  1.2600e+01 1.5800e+01 1.0400e+01]
 [0.0000e+00 0.0000e+00 0.0000e+00 0.0000e+00 1.9000e+01 0.0000e+00
  4.0000e-01 7.4000e+00 9.4780e+02 6.5200e+01 4.4000e+01 3.5400e+01
  6.8000e+00 1.0000e+00 0.0000e+00]
 [0.0000e+00 0.0000e+00 0.0000e+00 0.0000e+00 6.0000e-01 0.0000e+00
  0.0000e+00 1.4000e+00 3.8600e+01 9.8200e+02 6.8200e+01 1.3000e+01
  2.0000e-01 0.0000e+00 0.0000e+00]
 [0.0000e+00 0.0000e+00 0.0000e+00 0.0000e+00 1.6200e+01 0.0000e+00
  9.2000e+00 5.8000e+00 4.2600e+01 3.5800e+01 9.8280e+02 4.6000e+00
  2.0000e-01 1.3800e+01 1.0000e+00]
 [0.0000e+00 0.0000e+00 0.0000e+00 0.0000e+00 1.0000e+00 0.0000e+00
  3.9800e+01 1.7800e+01 5.2400e+01 2.6000e+01 1.0800e+01 9.6060e+02
  1.6000e+00 0.0000e+00 0.0000e+00]
 [0.0000e+00 2.0000e-01 6.2000e+00 0.0000e+00 5.8000e+00 3.4000e+00
  6.2000e+00 6.7600e+01 2.3600e+01 1.7600e+01 1.4000e+01 6.3400e+01
  2.0840e+02 3.4000e+00 2.2000e+00]
 [0.0000e+00 1.8000e+00 0.0000e+00 0.0000e+00 6.0000e-01 0.0000e+00
  2.3200e+01 3.0000e+00 1.4000e+00 0.0000e+00 9.2000e+00 1.0000e+00
  0.0000e+00 3.4380e+02 1.0000e+00]
 [0.0000e+00 0.0000e+00 0.0000e+00 0.0000e+00 4.8000e+00 0.0000e+00
  1.0000e+00 3.0000e+00 0.0000e+00 0.0000e+00 0.0000e+00 4.0000e-01
  0.0000e+00 1.2000e+00 5.8360e+02]]---
Accuracy: 89.25 +- 0.72
---
class acc :
	Healthy grass: 93.13 +- 1.45
	Stressed grass: 98.44 +- 0.79
	Synthetic grass: 97.07 +- 1.59
	Trees: 97.39 +- 1.53
	Soil: 96.15 +- 1.65
	Water: 86.99 +- 5.27
	Residential: 89.45 +- 1.95
	Commercial: 76.29 +- 2.81
	Road: 84.10 +- 2.26
	Highway: 88.95 +- 3.31
	Railway: 88.38 +- 2.81
	Parking Lot 1: 86.54 +- 4.11
	Parking Lot 2: 49.38 +- 6.56
	Tennis Court: 89.30 +- 5.47
	Running Track: 98.25 +- 0.69
---
AA: 87.99 +- 0.75
Kappa: 88.37 +- 0.78
