run 1 / 5
Best validation overall accuracy 0.9626358695652174
Confusion matrix :
[[981   0   0  20   0   0   0   0   0   0   0   0   0   0   0]
 [ 17 986   0   0   0   0   0   0   0   0   0   0   0   0   0]
 [  0   0 556   0   0   0   0   0   0   2   0   0   0   0   0]
 [  5   0   0 990   0   0   0   0   0   0   0   0   0   0   0]
 [  0   0   0   1 985   0   0   8   0   0   0   0   0   0   0]
 [  0   0   0   2   0 256   0   0   0   1   0   1   0   0   0]
 [  0   1   0   1   0   0 975   0   5   0   8  20   2   1   2]
 [  0   0  17   0  18   0   9 852   9   0   0  59   6  23   2]
 [  0   0   0   0   1   0   0   0 904  39  35  21   2   0   0]
 [  0   0   0   0   1   0   0   0  36 932   9   4   0   0   0]
 [  0   0   0   0   1   0   2   1  38  19 922   0   0   5   0]
 [  0   0   0   0   0   0  17   0   6   5   1 956   1   0   0]
 [  1   1   0   0   6   5   4  10  19   8   9  32 278   1   1]
 [  0   1   0   0   0   0  18   1   0   0   1   0   0 321   0]
 [  0   3   0   0   3   0   1   0   0   0   0   3   2   0 516]]---
Accuracy : 94.89%
---
class acc :
	Healthy grass: 98.00
	Stressed grass: 98.31
	Synthetic grass: 99.64
	Trees: 99.50
	Soil: 99.09
	Water: 98.46
	Residential: 96.06
	Commercial: 85.63
	Road: 90.22
	Highway: 94.91
	Railway: 93.32
	Parking Lot 1: 96.96
	Parking Lot 2: 74.13
	Tennis Court: 93.86
	Running Track: 97.73
---
AA: 94.39%
Kappa: 94.48
run 2 / 5
Best validation overall accuracy 0.9334239130434783
Confusion matrix :
[[944  30   0  27   0   0   0   0   0   0   0   0   0   0   0]
 [  3 999   0   0   0   0   0   0   0   0   0   0   0   1   0]
 [  0   0 555   0   1   1   0   0   0   1   0   0   0   0   0]
 [  2   0   0 990   0   0   3   0   0   0   0   0   0   0   0]
 [  0   0   0   0 956   0   0   3   2   0  23   0   0   9   1]
 [  0   0   1   4   2 241   6   5   0   1   0   0   0   0   0]
 [  0   2   2   6   8   0 960   6   6   0  10  13   0   1   1]
 [  0   0   0   0  17   0   7 858   5   5  18  62  11   3   9]
 [  0   0   0   0   7   0   1   7 922  31   9  21   3   1   0]
 [  0   0   0   0   0   0   0   0  11 953  12   5   1   0   0]
 [  0   0   0   0   3   0   5   2   5   4 963   4   0   0   2]
 [  0   0   0   0   0   0  38   9   3   6   1 929   0   0   0]
 [  0   0   0   0   6   0   1  47   3  24  22  39 228   1   4]
 [  0   0   0   0   0   0  13   0   1   0   3   2   0 323   0]
 [  0   0   0   0   4   0   1   0   0   0   0   0   1   1 521]]---
Accuracy : 94.33%
---
class acc :
	Healthy grass: 94.31
	Stressed grass: 99.60
	Synthetic grass: 99.46
	Trees: 99.50
	Soil: 96.18
	Water: 92.69
	Residential: 94.58
	Commercial: 86.23
	Road: 92.02
	Highway: 97.05
	Railway: 97.47
	Parking Lot 1: 94.22
	Parking Lot 2: 60.80
	Tennis Court: 94.44
	Running Track: 98.67
---
AA: 93.15%
Kappa: 93.86
run 3 / 5
Best validation overall accuracy 0.9415760869565217
Confusion matrix :
[[963  22   0  16   0   0   0   0   0   0   0   0   0   0   0]
 [  9 993   0   0   0   0   1   0   0   0   0   0   0   0   0]
 [  0   0 548   0   0   0   4   0   0   6   0   0   0   0   0]
 [ 22   1   0 972   0   0   0   0   0   0   0   0   0   0   0]
 [  0   0   0   0 986   0   0   0   2   0   5   0   0   1   0]
 [  0   0   1   0   0 244  12   0   2   1   0   0   0   0   0]
 [  1   2   0   0   0  12 925  26   5   1  20  17   0   6   0]
 [  0   2   8   1  39   0   5 821  15   9   6  60   4  13  12]
 [  0   0   0   0   4   0   0   2 944  11  32   7   1   1   0]
 [  0   0   0   0   0   0   0   0  15 946  14   7   0   0   0]
 [  0   0   0   0  26   0   1  18  33  18 889   0   0   3   0]
 [  0   0   0   0   0   0  11   1  27  11   3 929   4   0   0]
 [  2   0   0   0   3  10  16  80  22   9   6  27 191   1   8]
 [  0   0   0   0   0   0   0   0   0   0   4   1   0 337   0]
 [  0   0   0   0   2   0   0   1   0   0   0   0   0   0 525]]---
Accuracy : 93.26%
---
class acc :
	Healthy grass: 96.20
	Stressed grass: 99.00
	Synthetic grass: 98.21
	Trees: 97.69
	Soil: 99.20
	Water: 93.85
	Residential: 91.13
	Commercial: 82.51
	Road: 94.21
	Highway: 96.33
	Railway: 89.98
	Parking Lot 1: 94.22
	Parking Lot 2: 50.93
	Tennis Court: 98.54
	Running Track: 99.43
---
AA: 92.10%
Kappa: 92.70
run 4 / 5
Best validation overall accuracy 0.9422554347826086
Confusion matrix :
[[937  31   0  33   0   0   0   0   0   0   0   0   0   0   0]
 [ 12 990   0   0   0   0   0   0   0   0   0   0   0   1   0]
 [  0   0 548   0   0   2   0   0   0   8   0   0   0   0   0]
 [ 12   1   0 982   0   0   0   0   0   0   0   0   0   0   0]
 [  0   0   0   0 986   0   0   0   1   0   6   0   0   1   0]
 [  0   0   1   1   0 245   0   5   0   6   0   0   2   0   0]
 [  0   0  14   0   0  14 919  27  13   5  10  13   0   0   0]
 [  0   0   1   0  14   0  21 837  32   7  13  27  30   2  11]
 [  0   0   0   0  15   0   0   1 900  44  17  25   0   0   0]
 [  0   0   0   0   0   0   0   0  22 931  13  16   0   0   0]
 [  0   0   0   0   7   0   3  11  17  25 916   3   2   1   3]
 [  0   0   0   0   0   0   9   4   7  10   5 947   4   0   0]
 [  0   0   4   0   9   1   2  25   2  18   7  33 267   2   5]
 [  0   0   0   0   0   0   7   2   0   0   3   2   0 328   0]
 [  0   0   0   0   0   0   0   2   0   0   0   0   0   0 526]]---
Accuracy : 93.64%
---
class acc :
	Healthy grass: 93.61
	Stressed grass: 98.70
	Synthetic grass: 98.21
	Trees: 98.69
	Soil: 99.20
	Water: 94.23
	Residential: 90.54
	Commercial: 84.12
	Road: 89.82
	Highway: 94.81
	Railway: 92.71
	Parking Lot 1: 96.04
	Parking Lot 2: 71.20
	Tennis Court: 95.91
	Running Track: 99.62
---
AA: 93.16%
Kappa: 93.12
run 5 / 5
Best validation overall accuracy 0.9395380434782609
Confusion matrix :
[[937  39   0  25   0   0   0   0   0   0   0   0   0   0   0]
 [ 10 991   0   0   0   0   2   0   0   0   0   0   0   0   0]
 [  0   0 556   0   0   0   0   0   0   2   0   0   0   0   0]
 [ 13   1   0 980   0   0   1   0   0   0   0   0   0   0   0]
 [  0   0   0   0 983   0   0   0   2   1   2   6   0   0   0]
 [  0   0   2   0   0 243   8   1   0   2   0   0   4   0   0]
 [  0   1   1   2   1  13 967   2   1   3  14   9   1   0   0]
 [  0   0   0   0   3   0   1 905   4  17   1  36   7  16   5]
 [  0   0   0   0   8   0   0   0 905  21  57  10   0   1   0]
 [  0   0   0   0   0   0   0   0  13 948  18   3   0   0   0]
 [  0   0   0   0   3   0   3   2  19  11 947   3   0   0   0]
 [  0   0   0   0   0   0  41   1  21   5   1 917   0   0   0]
 [  2   1  15   0   2   0   7  22   6  21   4  18 274   2   1]
 [  0   0   0   0   0   0  13   0   0   0   0   0   0 329   0]
 [  0   0   0   0   0   0   1   1   0   0   0   1   1   0 524]]---
Accuracy : 94.86%
---
class acc :
	Healthy grass: 93.61
	Stressed grass: 98.80
	Synthetic grass: 99.64
	Trees: 98.49
	Soil: 98.89
	Water: 93.46
	Residential: 95.27
	Commercial: 90.95
	Road: 90.32
	Highway: 96.54
	Railway: 95.85
	Parking Lot 1: 93.00
	Parking Lot 2: 73.07
	Tennis Court: 96.20
	Running Track: 99.24
---
AA: 94.22%
Kappa: 94.44
Agregated results :
Confusion matrix :
[[9.524e+02 2.440e+01 0.000e+00 2.420e+01 0.000e+00 0.000e+00 0.000e+00
  0.000e+00 0.000e+00 0.000e+00 0.000e+00 0.000e+00 0.000e+00 0.000e+00
  0.000e+00]
 [1.020e+01 9.918e+02 0.000e+00 0.000e+00 0.000e+00 0.000e+00 6.000e-01
  0.000e+00 0.000e+00 0.000e+00 0.000e+00 0.000e+00 0.000e+00 4.000e-01
  0.000e+00]
 [0.000e+00 0.000e+00 5.526e+02 0.000e+00 2.000e-01 6.000e-01 8.000e-01
  0.000e+00 0.000e+00 3.800e+00 0.000e+00 0.000e+00 0.000e+00 0.000e+00
  0.000e+00]
 [1.080e+01 6.000e-01 0.000e+00 9.828e+02 0.000e+00 0.000e+00 8.000e-01
  0.000e+00 0.000e+00 0.000e+00 0.000e+00 0.000e+00 0.000e+00 0.000e+00
  0.000e+00]
 [0.000e+00 0.000e+00 0.000e+00 2.000e-01 9.792e+02 0.000e+00 0.000e+00
  2.200e+00 1.400e+00 2.000e-01 7.200e+00 1.200e+00 0.000e+00 2.200e+00
  2.000e-01]
 [0.000e+00 0.000e+00 1.000e+00 1.400e+00 4.000e-01 2.458e+02 5.200e+00
  2.200e+00 4.000e-01 2.200e+00 0.000e+00 2.000e-01 1.200e+00 0.000e+00
  0.000e+00]
 [2.000e-01 1.200e+00 3.400e+00 1.800e+00 1.800e+00 7.800e+00 9.492e+02
  1.220e+01 6.000e+00 1.800e+00 1.240e+01 1.440e+01 6.000e-01 1.600e+00
  6.000e-01]
 [0.000e+00 4.000e-01 5.200e+00 2.000e-01 1.820e+01 0.000e+00 8.600e+00
  8.546e+02 1.300e+01 7.600e+00 7.600e+00 4.880e+01 1.160e+01 1.140e+01
  7.800e+00]
 [0.000e+00 0.000e+00 0.000e+00 0.000e+00 7.000e+00 0.000e+00 2.000e-01
  2.000e+00 9.150e+02 2.920e+01 3.000e+01 1.680e+01 1.200e+00 6.000e-01
  0.000e+00]
 [0.000e+00 0.000e+00 0.000e+00 0.000e+00 2.000e-01 0.000e+00 0.000e+00
  0.000e+00 1.940e+01 9.420e+02 1.320e+01 7.000e+00 2.000e-01 0.000e+00
  0.000e+00]
 [0.000e+00 0.000e+00 0.000e+00 0.000e+00 8.000e+00 0.000e+00 2.800e+00
  6.800e+00 2.240e+01 1.540e+01 9.274e+02 2.000e+00 4.000e-01 1.800e+00
  1.000e+00]
 [0.000e+00 0.000e+00 0.000e+00 0.000e+00 0.000e+00 0.000e+00 2.320e+01
  3.000e+00 1.280e+01 7.400e+00 2.200e+00 9.356e+02 1.800e+00 0.000e+00
  0.000e+00]
 [1.000e+00 4.000e-01 3.800e+00 0.000e+00 5.200e+00 3.200e+00 6.000e+00
  3.680e+01 1.040e+01 1.600e+01 9.600e+00 2.980e+01 2.476e+02 1.400e+00
  3.800e+00]
 [0.000e+00 2.000e-01 0.000e+00 0.000e+00 0.000e+00 0.000e+00 1.020e+01
  6.000e-01 2.000e-01 0.000e+00 2.200e+00 1.000e+00 0.000e+00 3.276e+02
  0.000e+00]
 [0.000e+00 6.000e-01 0.000e+00 0.000e+00 1.800e+00 0.000e+00 6.000e-01
  8.000e-01 0.000e+00 0.000e+00 0.000e+00 8.000e-01 8.000e-01 2.000e-01
  5.224e+02]]---
Accuracy: 94.19 +- 0.65
---
class acc :
	Healthy grass: 95.14 +- 1.72
	Stressed grass: 98.88 +- 0.42
	Synthetic grass: 99.03 +- 0.68
	Trees: 98.77 +- 0.68
	Soil: 98.51 +- 1.17
	Water: 94.54 +- 2.03
	Residential: 93.52 +- 2.25
	Commercial: 85.89 +- 2.84
	Road: 91.32 +- 1.63
	Highway: 95.93 +- 0.90
	Railway: 93.87 +- 2.59
	Parking Lot 1: 94.89 +- 1.42
	Parking Lot 2: 66.03 +- 8.91
	Tennis Court: 95.79 +- 1.63
	Running Track: 98.94 +- 0.68
---
AA: 93.40 +- 0.83
Kappa: 93.72 +- 0.71
