run 1 / 5
Best validation overall accuracy 0.98828125
Confusion matrix :
[[ 864  133    0   56    0    0    0    0    0    0    0    0    0    0
     0]
 [   7 1055    0    1    0    0    0    1    0    0    0    0    0    0
     0]
 [   0    0  501    0    0    0    3    0    1    0    0    0    0    0
     0]
 [   2   12    0 1042    0    0    0    0    0    0    0    0    0    0
     0]
 [   0    0    0    0 1029    0    0    4    0    5   12    4    0    2
     0]
 [   0    0    0    0    0  140    0    0    1    0    0    0    2    0
     0]
 [   0    1    5    0    0   26  961    0    3    1    1    1    0   73
     0]
 [   0    0    0    0    6    7   29  800   13   38   18   93   29    7
    13]
 [   0    0    0    0    9    0   60    1  878   70   13   28    0    0
     0]
 [   0    0   23    0    0    0    0    0  182  537  293    1    0    0
     0]
 [   0    0    4    0   11    2   83   30   54   43  813    0    3   11
     0]
 [   0    0    0    0    0    0   16  115   70   43   13  779    3    2
     0]
 [   0    0    0    0    0    1    1    5    1    6   10    9  252    0
     0]
 [   0    0    0    0    0    0    1    1    0    0    0    0    1  244
     0]
 [   0    0    0    0    1    0    0    5    0    0    0    0    2    5
   460]]---
Accuracy : 84.90%
---
class acc :
	Healthy grass: 82.05
	Stressed grass: 99.15
	Synthetic grass: 99.21
	Trees: 98.67
	Soil: 97.44
	Water: 97.90
	Residential: 89.65
	Commercial: 75.97
	Road: 82.91
	Highway: 51.83
	Railway: 77.13
	Parking Lot 1: 74.83
	Parking Lot 2: 88.42
	Tennis Court: 98.79
	Running Track: 97.25
---
AA: 87.41%
Kappa: 83.62
run 2 / 5
Best validation overall accuracy 0.994140625
Confusion matrix :
[[ 861  148    0   43    0    0    0    0    0    0    0    0    0    1
     0]
 [  32  986    0    0    0    0    9    1    0    0    0    0    0   36
     0]
 [   0    0  503    0    0    0    0    0    0    2    0    0    0    0
     0]
 [   7   11    0 1031    0    0    6    0    0    0    0    0    0    1
     0]
 [   0    2    0    0 1015    0    0    7    7    1   24    0    0    0
     0]
 [   0    0    2    0    0  136    0    4    0    0    0    1    0    0
     0]
 [   0    3   15    0    0   13  940   42    5    0    0   17    5   32
     0]
 [   0    0   26    0    2    0   29  693   44   27   16  135   26   55
     0]
 [   0    0    0    0   16    0   32    6  876   66   34   28    1    0
     0]
 [   0    0   16    0    0    5    0    0   53  686  253   23    0    0
     0]
 [   0    0    0    0    9    0   41   14   48   28  900    0    0   14
     0]
 [   0    0    0    0    0    0    4   23   21   56   64  862   11    0
     0]
 [   0    0    5    0    0    0    3    7    3    1   10   16  237    0
     3]
 [   0    1    0    0    0    0    2    0    0    0    0    0    1  243
     0]
 [   0    4    0    0    1    0    0    3    0    0    0    1    5    0
   459]]---
Accuracy : 85.50%
---
class acc :
	Healthy grass: 81.77
	Stressed grass: 92.67
	Synthetic grass: 99.60
	Trees: 97.63
	Soil: 96.12
	Water: 95.10
	Residential: 87.69
	Commercial: 65.81
	Road: 82.72
	Highway: 66.22
	Railway: 85.39
	Parking Lot 1: 82.80
	Parking Lot 2: 83.16
	Tennis Court: 98.38
	Running Track: 97.04
---
AA: 87.47%
Kappa: 84.27
run 3 / 5
Best validation overall accuracy 0.98046875
Confusion matrix :
[[ 860  150    0   42    0    0    0    0    0    0    0    0    0    1
     0]
 [  22 1012    0    0    0    0    4    0    0    0    0    0    0   26
     0]
 [   0    0  503    0    0    2    0    0    0    0    0    0    0    0
     0]
 [   7    5    0 1042    0    0    1    0    0    0    0    0    0    1
     0]
 [   0    0    0    0 1028    0    8   13    2    1    3    1    0    0
     0]
 [   0    0    0    0    0  134    0    0    0    3    0    6    0    0
     0]
 [   0   15    3    0    0   16  969   32    1    0    0    7    2   27
     0]
 [   0    0    0    0    8    0   36  728  115   25   43   66   27    5
     0]
 [   0    0    0    0    3    0   12    5  871   75   63   30    0    0
     0]
 [   0    0    0    0    0    0    3    1   17  512  502    1    0    0
     0]
 [   0    1    0    0   10    0   98   13   61   87  779    3    1    1
     0]
 [   0    0    0    0    2    0    7  100   84   39   25  776    8    0
     0]
 [   0    1    0    0    0    0   17   15    6    3   13    4  226    0
     0]
 [   0    0    0    0    0    0    6    0    0    0    0    0    0  240
     1]
 [   0    4    0    0    0    0    0    4    0    0    0    0    1    0
   464]]---
Accuracy : 83.17%
---
class acc :
	Healthy grass: 81.67
	Stressed grass: 95.11
	Synthetic grass: 99.60
	Trees: 98.67
	Soil: 97.35
	Water: 93.71
	Residential: 90.39
	Commercial: 69.14
	Road: 82.25
	Highway: 49.42
	Railway: 73.91
	Parking Lot 1: 74.54
	Parking Lot 2: 79.30
	Tennis Court: 97.17
	Running Track: 98.10
---
AA: 85.36%
Kappa: 81.73
run 4 / 5
Best validation overall accuracy 0.990234375
Confusion matrix :
[[ 861  115    0   77    0    0    0    0    0    0    0    0    0    0
     0]
 [   4 1056    0    2    0    0    0    0    0    0    0    0    0    2
     0]
 [   0    0  503    0    0    0    0    2    0    0    0    0    0    0
     0]
 [   6    5    3 1042    0    0    0    0    0    0    0    0    0    0
     0]
 [   0    0    0    0 1020    0    8    7   10    0   11    0    0    0
     0]
 [   0    0    0    0    0  136    0    6    0    1    0    0    0    0
     0]
 [   0    1    6    0    0    7  971   24    1    0    1   10    0   51
     0]
 [   0    0    0    0    4    0   27  830   21   23   12   86   28   22
     0]
 [   0    0    0    0    1    0   40   15  851   52   81   19    0    0
     0]
 [   0    0    0    0    0    0    0    7  293  551  172   13    0    0
     0]
 [   0    0    0    0    5    0   11   39   23   28  934    0    0   14
     0]
 [   0    0    0    0    2    0    0   88   21    8   46  872    1    3
     0]
 [   0    2    0    0    1    0   14    8    6    0    8    6  239    1
     0]
 [   0    0    0    0    0    0    3    2    0    0    0    0    0  242
     0]
 [   0    0    0    0    0    0    0    2    0    0    0    0    2    6
   463]]---
Accuracy : 86.67%
---
class acc :
	Healthy grass: 81.77
	Stressed grass: 99.25
	Synthetic grass: 99.60
	Trees: 98.67
	Soil: 96.59
	Water: 95.10
	Residential: 90.58
	Commercial: 78.82
	Road: 80.36
	Highway: 53.19
	Railway: 88.61
	Parking Lot 1: 83.77
	Parking Lot 2: 83.86
	Tennis Court: 97.98
	Running Track: 97.89
---
AA: 88.40%
Kappa: 85.53
run 5 / 5
Best validation overall accuracy 0.9921875
Confusion matrix :
[[ 861  145    0   47    0    0    0    0    0    0    0    0    0    0
     0]
 [  28 1026    0    5    1    0    0    0    0    0    0    0    0    2
     2]
 [   0    0  497    0    0    1    0    0    0    2    0    5    0    0
     0]
 [   6   11    0 1034    0    0    5    0    0    0    0    0    0    0
     0]
 [   0    0    0    0 1038    0    0    1   15    0    0    0    0    0
     2]
 [   0    0    0    0    0  136    0    3    2    1    0    1    0    0
     0]
 [   0    1    2    0    0   14  942   34    0    0    3   23    2   51
     0]
 [   0    1    0    0   35    0   27  775   14   26   15   83   76    1
     0]
 [   0    0    0    0   24    0   28   25  873   51   37   21    0    0
     0]
 [   0    0    1    0    1    0    0    0   61  758  214    1    0    0
     0]
 [   0    0    0    0    3    0   47    0   40   74  886    4    0    0
     0]
 [   0    0    0    0    0    0   14   52   78   32   31  830    4    0
     0]
 [   1    1    0    0    0    0   21    9    4   13    5    6  225    0
     0]
 [   0    0    0    0    0    0    0    1    0    0    0    0    2  244
     0]
 [   0    0    0    0    4    0    0    3    0    0    0    0    1    1
   464]]---
Accuracy : 86.82%
---
class acc :
	Healthy grass: 81.77
	Stressed grass: 96.43
	Synthetic grass: 98.42
	Trees: 97.92
	Soil: 98.30
	Water: 95.10
	Residential: 87.87
	Commercial: 73.60
	Road: 82.44
	Highway: 73.17
	Railway: 84.06
	Parking Lot 1: 79.73
	Parking Lot 2: 78.95
	Tennis Court: 98.79
	Running Track: 98.10
---
AA: 88.31%
Kappa: 85.69
Agregated results :
Confusion matrix :
[[8.6140e+02 1.3820e+02 0.0000e+00 5.3000e+01 0.0000e+00 0.0000e+00
  0.0000e+00 0.0000e+00 0.0000e+00 0.0000e+00 0.0000e+00 0.0000e+00
  0.0000e+00 4.0000e-01 0.0000e+00]
 [1.8600e+01 1.0270e+03 0.0000e+00 1.6000e+00 2.0000e-01 0.0000e+00
  2.6000e+00 4.0000e-01 0.0000e+00 0.0000e+00 0.0000e+00 0.0000e+00
  0.0000e+00 1.3200e+01 4.0000e-01]
 [0.0000e+00 0.0000e+00 5.0140e+02 0.0000e+00 0.0000e+00 6.0000e-01
  6.0000e-01 4.0000e-01 2.0000e-01 8.0000e-01 0.0000e+00 1.0000e+00
  0.0000e+00 0.0000e+00 0.0000e+00]
 [5.6000e+00 8.8000e+00 6.0000e-01 1.0382e+03 0.0000e+00 0.0000e+00
  2.4000e+00 0.0000e+00 0.0000e+00 0.0000e+00 0.0000e+00 0.0000e+00
  0.0000e+00 4.0000e-01 0.0000e+00]
 [0.0000e+00 4.0000e-01 0.0000e+00 0.0000e+00 1.0260e+03 0.0000e+00
  3.2000e+00 6.4000e+00 6.8000e+00 1.4000e+00 1.0000e+01 1.0000e+00
  0.0000e+00 4.0000e-01 4.0000e-01]
 [0.0000e+00 0.0000e+00 4.0000e-01 0.0000e+00 0.0000e+00 1.3640e+02
  0.0000e+00 2.6000e+00 6.0000e-01 1.0000e+00 0.0000e+00 1.6000e+00
  4.0000e-01 0.0000e+00 0.0000e+00]
 [0.0000e+00 4.2000e+00 6.2000e+00 0.0000e+00 0.0000e+00 1.5200e+01
  9.5660e+02 2.6400e+01 2.0000e+00 2.0000e-01 1.0000e+00 1.1600e+01
  1.8000e+00 4.6800e+01 0.0000e+00]
 [0.0000e+00 2.0000e-01 5.2000e+00 0.0000e+00 1.1000e+01 1.4000e+00
  2.9600e+01 7.6520e+02 4.1400e+01 2.7800e+01 2.0800e+01 9.2600e+01
  3.7200e+01 1.8000e+01 2.6000e+00]
 [0.0000e+00 0.0000e+00 0.0000e+00 0.0000e+00 1.0600e+01 0.0000e+00
  3.4400e+01 1.0400e+01 8.6980e+02 6.2800e+01 4.5600e+01 2.5200e+01
  2.0000e-01 0.0000e+00 0.0000e+00]
 [0.0000e+00 0.0000e+00 8.0000e+00 0.0000e+00 2.0000e-01 1.0000e+00
  6.0000e-01 1.6000e+00 1.2120e+02 6.0880e+02 2.8680e+02 7.8000e+00
  0.0000e+00 0.0000e+00 0.0000e+00]
 [0.0000e+00 2.0000e-01 8.0000e-01 0.0000e+00 7.6000e+00 4.0000e-01
  5.6000e+01 1.9200e+01 4.5200e+01 5.2000e+01 8.6240e+02 1.4000e+00
  8.0000e-01 8.0000e+00 0.0000e+00]
 [0.0000e+00 0.0000e+00 0.0000e+00 0.0000e+00 8.0000e-01 0.0000e+00
  8.2000e+00 7.5600e+01 5.4800e+01 3.5600e+01 3.5800e+01 8.2380e+02
  5.4000e+00 1.0000e+00 0.0000e+00]
 [2.0000e-01 8.0000e-01 1.0000e+00 0.0000e+00 2.0000e-01 2.0000e-01
  1.1200e+01 8.8000e+00 4.0000e+00 4.6000e+00 9.2000e+00 8.2000e+00
  2.3580e+02 2.0000e-01 6.0000e-01]
 [0.0000e+00 2.0000e-01 0.0000e+00 0.0000e+00 0.0000e+00 0.0000e+00
  2.4000e+00 8.0000e-01 0.0000e+00 0.0000e+00 0.0000e+00 0.0000e+00
  8.0000e-01 2.4260e+02 2.0000e-01]
 [0.0000e+00 1.6000e+00 0.0000e+00 0.0000e+00 1.2000e+00 0.0000e+00
  0.0000e+00 3.4000e+00 0.0000e+00 0.0000e+00 0.0000e+00 2.0000e-01
  2.2000e+00 2.4000e+00 4.6200e+02]]---
Accuracy: 85.41 +- 1.33
---
class acc :
	Healthy grass: 81.80 +- 0.13
	Stressed grass: 96.52 +- 2.50
	Synthetic grass: 99.29 +- 0.46
	Trees: 98.31 +- 0.45
	Soil: 97.16 +- 0.75
	Water: 95.38 +- 1.37
	Residential: 89.24 +- 1.23
	Commercial: 72.67 +- 4.67
	Road: 82.13 +- 0.92
	Highway: 58.76 +- 9.27
	Railway: 81.82 +- 5.45
	Parking Lot 1: 79.14 +- 3.87
	Parking Lot 2: 82.74 +- 3.46
	Tennis Court: 98.22 +- 0.61
	Running Track: 97.67 +- 0.44
---
AA: 87.39 +- 1.10
Kappa: 84.17 +- 1.45
