run 1 / 5
Best validation overall accuracy 0.9631696428571429
Confusion matrix :
[[1787   21    0    0    0    0    0    0    0    0    0    0    0    0
     0    0]
 [   0 3354    0    0    0    0    0    0    0    0    0    0    0    0
     0    0]
 [   0    0 1732    0   15    0    0    0   11   21    0    0    0    0
     0    0]
 [   0    0    2 1229   24    0    0    0    0    0    0    0    0    0
     0    0]
 [   0    0    0   45 2365    0    0    0    0    0    0    0    0    0
     0    0]
 [   0    0    0    0    0 3563    0    0    0    0    0    0    0    0
     0    0]
 [   0    8    0    0    4    0 3181    4    3    0    0    0    2    3
     0   16]
 [   0    0    0    0    7    0    0 9307    0   38    0    0    0    2
   790    0]
 [   0    0    0    0    0    0    0    0 5581    0    0    2    0    0
     0    0]
 [   0    0   16    0   15    0    0   28   14 2854   16    5    0    2
     0    0]
 [   0    0    0    0    0    0    0    0    6   39  888   28    0    0
     0    0]
 [   0    0    0    0    0    0    0    0    0    0    0 1734    0    0
     0    0]
 [   0    0    0    0    0    0    0    0    0    0    0    0  825    0
     0    0]
 [   0    0    0    0    0    0    0    3    0    0    0    0    1  959
     0    0]
 [   0    0    0    1    2    0    0  492    0    0    0    0    0    0
  6040    6]
 [   0    0    0    0    0    0    8    3    0    0    0    0    0    0
     1 1614]]---
Accuracy : 96.50%
---
class acc :
	Brocoli_green_weeds_1: 98.84
	Brocoli_green_weeds_2: 100.00
	Fallow: 97.36
	Fallow_rough_plow: 97.93
	Fallow_smooth: 98.13
	Stubble: 100.00
	Celery: 98.76
	Grapes_untrained: 91.75
	Soil_vinyard_develop: 99.96
	Corn_senesced_green_weeds: 96.75
	Lettuce_romaine_4wk: 92.40
	Lettuce_romaine_5wk: 100.00
	Lettuce_romaine_6wk: 100.00
	Lettuce_romaine_7wk: 99.58
	Vinyard_untrained: 92.34
	Vinyard_vertical_trellis: 99.26
---
AA: 97.69%
Kappa: 96.11
run 2 / 5
Best validation overall accuracy 0.9575892857142857
Confusion matrix :
[[1792   16    0    0    0    0    0    0    0    0    0    0    0    0
     0    0]
 [   0 3354    0    0    0    0    0    0    0    0    0    0    0    0
     0    0]
 [   0    0 1744    0   13    0    0    0    0   15    7    0    0    0
     0    0]
 [   0    0    2 1224   29    0    0    0    0    0    0    0    0    0
     0    0]
 [   0    0   10   33 2367    0    0    0    0    0    0    0    0    0
     0    0]
 [   0    0    0    0    0 3563    0    0    0    0    0    0    0    0
     0    0]
 [   0   11    0    0    0    0 3204    0    0    0    0    0    0    1
     0    5]
 [   0    0    0    0    0    0    0 9520    0   41    0    0    0    0
   583    0]
 [   0    0    0    0    0    0    0    0 5574    0    8    0    1    0
     0    0]
 [   0    0    4    0    0    0    0   32    3 2848   50    2    0   11
     0    0]
 [   0    0    0    0    0    0    0    0    0   16  935   10    0    0
     0    0]
 [   0    0    0    0    0    0    0    0    0    0   10 1724    0    0
     0    0]
 [   0    0    0    0    0    0    0    0    0    0    0    8  815    2
     0    0]
 [   0    0    0    0    0    0    0    0    0    5    0    0    0  958
     0    0]
 [   0    0    0    0    7    0    0  944    0    3    0    0    0    0
  5579    8]
 [   0    0    0    0    0    0   18    2    0    0    0    0    0    0
     0 1606]]---
Accuracy : 96.08%
---
class acc :
	Brocoli_green_weeds_1: 99.12
	Brocoli_green_weeds_2: 100.00
	Fallow: 98.03
	Fallow_rough_plow: 97.53
	Fallow_smooth: 98.22
	Stubble: 100.00
	Celery: 99.47
	Grapes_untrained: 93.85
	Soil_vinyard_develop: 99.84
	Corn_senesced_green_weeds: 96.54
	Lettuce_romaine_4wk: 97.29
	Lettuce_romaine_5wk: 99.42
	Lettuce_romaine_6wk: 98.79
	Lettuce_romaine_7wk: 99.48
	Vinyard_untrained: 85.29
	Vinyard_vertical_trellis: 98.77
---
AA: 97.60%
Kappa: 95.63
run 3 / 5
Best validation overall accuracy 0.9702380952380952
Confusion matrix :
[[1807    1    0    0    0    0    0    0    0    0    0    0    0    0
     0    0]
 [   1 3342    3    0    0    0    8    0    0    0    0    0    0    0
     0    0]
 [   0    0 1750    0    8    0    0    0    0    8   13    0    0    0
     0    0]
 [   0    0    2 1204   49    0    0    0    0    0    0    0    0    0
     0    0]
 [   0    0    0    2 2408    0    0    0    0    0    0    0    0    0
     0    0]
 [   0    0    0    0    0 3563    0    0    0    0    0    0    0    0
     0    0]
 [   0    1    0    0    0    0 3215    0    0    0    0    0    0    2
     0    3]
 [   0    0    0    0    0    0    0 9292    0   43    0    0    0   10
   799    0]
 [   0    0    0    0    0    0    0    0 5576    0    7    0    0    0
     0    0]
 [   0    0    4    0    3    0    0   33    2 2840   46    0    0   22
     0    0]
 [   0    0    4    0    4    0    0    0    0    8  939    6    0    0
     0    0]
 [   0    0    0    0    0    0    0    0    0    0    3 1731    0    0
     0    0]
 [   0    0    0    0    0    0    0    0    0    0    0    0  824    1
     0    0]
 [   0    0    0    0    0    0    0   12    0    0    0    0   11  940
     0    0]
 [   0    0    0    0   18    0    0  535    0    2    0    0    0    0
  5981    5]
 [   0    0    0    1    1    0   11    0    0    0    0    0    0    0
     0 1613]]---
Accuracy : 96.53%
---
class acc :
	Brocoli_green_weeds_1: 99.94
	Brocoli_green_weeds_2: 99.64
	Fallow: 98.37
	Fallow_rough_plow: 95.94
	Fallow_smooth: 99.92
	Stubble: 100.00
	Celery: 99.81
	Grapes_untrained: 91.60
	Soil_vinyard_develop: 99.87
	Corn_senesced_green_weeds: 96.27
	Lettuce_romaine_4wk: 97.71
	Lettuce_romaine_5wk: 99.83
	Lettuce_romaine_6wk: 99.88
	Lettuce_romaine_7wk: 97.61
	Vinyard_untrained: 91.44
	Vinyard_vertical_trellis: 99.20
---
AA: 97.94%
Kappa: 96.13
run 4 / 5
Best validation overall accuracy 0.9650297619047619
Confusion matrix :
[[1732   76    0    0    0    0    0    0    0    0    0    0    0    0
     0    0]
 [   6 3348    0    0    0    0    0    0    0    0    0    0    0    0
     0    0]
 [   0    0 1764    0    8    0    0    0    0    0    7    0    0    0
     0    0]
 [   0    0    2 1214   39    0    0    0    0    0    0    0    0    0
     0    0]
 [   0    0    0    8 2387    0    0    0    0   15    0    0    0    0
     0    0]
 [   0    0    0    0    0 3563    0    0    0    0    0    0    0    0
     0    0]
 [   0    9    0    0    0    0 3192    0    0    0    0    0    0   12
     0    8]
 [   0    0    0    0    1    0    0 9383    0   45    0    0    0   10
   705    0]
 [   0    0    0    0    0    1    0    1 5571    5    4    0    1    0
     0    0]
 [   0    0    0    0    0    0    0   68    9 2812   45    0    0   16
     0    0]
 [   0    0    4    0    0    0    0    5    0   32  910   10    0    0
     0    0]
 [   0    0    0    0    0    0    0    0    0    1    9 1724    0    0
     0    0]
 [   0    0    0    0    0    0    0    0    0    0    0    1  824    0
     0    0]
 [   0    0    0    0    0    0    0    3    0    2    0    0   18  940
     0    0]
 [   0    0    0    0    2    0    0  774    0    0    0    0    0    0
  5762    3]
 [   0    0    0    0    0    0    9    0    0    0    0    0    0    0
     0 1617]]---
Accuracy : 95.95%
---
class acc :
	Brocoli_green_weeds_1: 95.80
	Brocoli_green_weeds_2: 99.82
	Fallow: 99.16
	Fallow_rough_plow: 96.73
	Fallow_smooth: 99.05
	Stubble: 100.00
	Celery: 99.10
	Grapes_untrained: 92.50
	Soil_vinyard_develop: 99.79
	Corn_senesced_green_weeds: 95.32
	Lettuce_romaine_4wk: 94.69
	Lettuce_romaine_5wk: 99.42
	Lettuce_romaine_6wk: 99.88
	Lettuce_romaine_7wk: 97.61
	Vinyard_untrained: 88.09
	Vinyard_vertical_trellis: 99.45
---
AA: 97.28%
Kappa: 95.49
run 5 / 5
Best validation overall accuracy 0.9680059523809523
Confusion matrix :
[[1795   13    0    0    0    0    0    0    0    0    0    0    0    0
     0    0]
 [   0 3352    0    0    0    0    2    0    0    0    0    0    0    0
     0    0]
 [   0    0 1762    5    6    0    0    0    0    6    0    0    0    0
     0    0]
 [   0    0    2 1238   15    0    0    0    0    0    0    0    0    0
     0    0]
 [   0    0   14   56 2337    0    0    0    3    0    0    0    0    0
     0    0]
 [   0    0    0    0    0 3563    0    0    0    0    0    0    0    0
     0    0]
 [   0    6    0    0    1    0 3198    0    0    0    0    0    0    6
     0   10]
 [   0    0    0    0    5    0    0 9496    0   19    0    0    0    0
   624    0]
 [   0    0    0    0    0    0    0    0 5583    0    0    0    0    0
     0    0]
 [   0    0    2    0    1    0    3   35   10 2843   46    0    0   10
     0    0]
 [   0    0    2    0    0    0    0    0   19   31  901    8    0    0
     0    0]
 [   0    0    0    0    0    0    0    0    2    0    0 1732    0    0
     0    0]
 [   0    0    0    0    0    0    0    0    0    0    0    0  825    0
     0    0]
 [   0    0    0    0    0    0    0    2    0    4    0    0   17  940
     0    0]
 [   0    0    0    0    0    0    0  745    0    2    0    0    0    0
  5794    0]
 [   0    0    0    3    5    0   17    0    0    0    0    0    0    0
     1 1600]]---
Accuracy : 96.39%
---
class acc :
	Brocoli_green_weeds_1: 99.28
	Brocoli_green_weeds_2: 99.94
	Fallow: 99.04
	Fallow_rough_plow: 98.65
	Fallow_smooth: 96.97
	Stubble: 100.00
	Celery: 99.29
	Grapes_untrained: 93.61
	Soil_vinyard_develop: 100.00
	Corn_senesced_green_weeds: 96.37
	Lettuce_romaine_4wk: 93.76
	Lettuce_romaine_5wk: 99.88
	Lettuce_romaine_6wk: 100.00
	Lettuce_romaine_7wk: 97.61
	Vinyard_untrained: 88.58
	Vinyard_vertical_trellis: 98.40
---
AA: 97.59%
Kappa: 95.98
Agregated results :
Confusion matrix :
[[1.7826e+03 2.5400e+01 0.0000e+00 0.0000e+00 0.0000e+00 0.0000e+00
  0.0000e+00 0.0000e+00 0.0000e+00 0.0000e+00 0.0000e+00 0.0000e+00
  0.0000e+00 0.0000e+00 0.0000e+00 0.0000e+00]
 [1.4000e+00 3.3500e+03 6.0000e-01 0.0000e+00 0.0000e+00 0.0000e+00
  2.0000e+00 0.0000e+00 0.0000e+00 0.0000e+00 0.0000e+00 0.0000e+00
  0.0000e+00 0.0000e+00 0.0000e+00 0.0000e+00]
 [0.0000e+00 0.0000e+00 1.7504e+03 1.0000e+00 1.0000e+01 0.0000e+00
  0.0000e+00 0.0000e+00 2.2000e+00 1.0000e+01 5.4000e+00 0.0000e+00
  0.0000e+00 0.0000e+00 0.0000e+00 0.0000e+00]
 [0.0000e+00 0.0000e+00 2.0000e+00 1.2218e+03 3.1200e+01 0.0000e+00
  0.0000e+00 0.0000e+00 0.0000e+00 0.0000e+00 0.0000e+00 0.0000e+00
  0.0000e+00 0.0000e+00 0.0000e+00 0.0000e+00]
 [0.0000e+00 0.0000e+00 4.8000e+00 2.8800e+01 2.3728e+03 0.0000e+00
  0.0000e+00 0.0000e+00 6.0000e-01 3.0000e+00 0.0000e+00 0.0000e+00
  0.0000e+00 0.0000e+00 0.0000e+00 0.0000e+00]
 [0.0000e+00 0.0000e+00 0.0000e+00 0.0000e+00 0.0000e+00 3.5630e+03
  0.0000e+00 0.0000e+00 0.0000e+00 0.0000e+00 0.0000e+00 0.0000e+00
  0.0000e+00 0.0000e+00 0.0000e+00 0.0000e+00]
 [0.0000e+00 7.0000e+00 0.0000e+00 0.0000e+00 1.0000e+00 0.0000e+00
  3.1980e+03 8.0000e-01 6.0000e-01 0.0000e+00 0.0000e+00 0.0000e+00
  4.0000e-01 4.8000e+00 0.0000e+00 8.4000e+00]
 [0.0000e+00 0.0000e+00 0.0000e+00 0.0000e+00 2.6000e+00 0.0000e+00
  0.0000e+00 9.3996e+03 0.0000e+00 3.7200e+01 0.0000e+00 0.0000e+00
  0.0000e+00 4.4000e+00 7.0020e+02 0.0000e+00]
 [0.0000e+00 0.0000e+00 0.0000e+00 0.0000e+00 0.0000e+00 2.0000e-01
  0.0000e+00 2.0000e-01 5.5770e+03 1.0000e+00 3.8000e+00 4.0000e-01
  4.0000e-01 0.0000e+00 0.0000e+00 0.0000e+00]
 [0.0000e+00 0.0000e+00 5.2000e+00 0.0000e+00 3.8000e+00 0.0000e+00
  6.0000e-01 3.9200e+01 7.6000e+00 2.8394e+03 4.0600e+01 1.4000e+00
  0.0000e+00 1.2200e+01 0.0000e+00 0.0000e+00]
 [0.0000e+00 0.0000e+00 2.0000e+00 0.0000e+00 8.0000e-01 0.0000e+00
  0.0000e+00 1.0000e+00 5.0000e+00 2.5200e+01 9.1460e+02 1.2400e+01
  0.0000e+00 0.0000e+00 0.0000e+00 0.0000e+00]
 [0.0000e+00 0.0000e+00 0.0000e+00 0.0000e+00 0.0000e+00 0.0000e+00
  0.0000e+00 0.0000e+00 4.0000e-01 2.0000e-01 4.4000e+00 1.7290e+03
  0.0000e+00 0.0000e+00 0.0000e+00 0.0000e+00]
 [0.0000e+00 0.0000e+00 0.0000e+00 0.0000e+00 0.0000e+00 0.0000e+00
  0.0000e+00 0.0000e+00 0.0000e+00 0.0000e+00 0.0000e+00 1.8000e+00
  8.2260e+02 6.0000e-01 0.0000e+00 0.0000e+00]
 [0.0000e+00 0.0000e+00 0.0000e+00 0.0000e+00 0.0000e+00 0.0000e+00
  0.0000e+00 4.0000e+00 0.0000e+00 2.2000e+00 0.0000e+00 0.0000e+00
  9.4000e+00 9.4740e+02 0.0000e+00 0.0000e+00]
 [0.0000e+00 0.0000e+00 0.0000e+00 2.0000e-01 5.8000e+00 0.0000e+00
  0.0000e+00 6.9800e+02 0.0000e+00 1.4000e+00 0.0000e+00 0.0000e+00
  0.0000e+00 0.0000e+00 5.8312e+03 4.4000e+00]
 [0.0000e+00 0.0000e+00 0.0000e+00 8.0000e-01 1.2000e+00 0.0000e+00
  1.2600e+01 1.0000e+00 0.0000e+00 0.0000e+00 0.0000e+00 0.0000e+00
  0.0000e+00 0.0000e+00 4.0000e-01 1.6100e+03]]---
Accuracy: 96.29 +- 0.23
---
class acc :
	Brocoli_green_weeds_1: 98.60 +- 1.45
	Brocoli_green_weeds_2: 99.88 +- 0.14
	Fallow: 98.39 +- 0.66
	Fallow_rough_plow: 97.35 +- 0.94
	Fallow_smooth: 98.46 +- 0.98
	Stubble: 100.00 +- 0.00
	Celery: 99.29 +- 0.35
	Grapes_untrained: 92.66 +- 0.93
	Soil_vinyard_develop: 99.89 +- 0.08
	Corn_senesced_green_weeds: 96.25 +- 0.49
	Lettuce_romaine_4wk: 95.17 +- 2.04
	Lettuce_romaine_5wk: 99.71 +- 0.24
	Lettuce_romaine_6wk: 99.71 +- 0.46
	Lettuce_romaine_7wk: 98.38 +- 0.94
	Vinyard_untrained: 89.15 +- 2.52
	Vinyard_vertical_trellis: 99.02 +- 0.38
---
AA: 97.62 +- 0.21
Kappa: 95.87 +- 0.26
