run 1 / 5
Best validation overall accuracy 0.9750744047619048
Confusion matrix :
[[1607    0    0    0    0    0    0    0    0    0    0    0    0    0
     0    0]
 [   0 2981    0    0    0    0    0    0    0    0    0    0    0    0
     0    0]
 [   0    0 1573    2    2    0    0    0    0    4    0    0    0    0
     0    0]
 [   0    0    2 1095   18    0    0    0    0    0    0    0    0    0
     0    0]
 [   0    0    6   15 2121    0    0    0    0    0    0    0    0    0
     0    0]
 [   0    0    0    0    0 3167    0    0    0    0    0    0    0    0
     0    0]
 [   0    2    0    0    0    0 2860    0    0    0    0    0    0    0
     0    1]
 [   0    0    0    0    1    0    0 8241    0   27    0    0    0    0
   748    0]
 [   0    0    0    0    0    0    0    0 4960    0    1    2    0    0
     0    0]
 [   0    0    2    0    0    0    0   14    2 2586   12    3    0    3
     0    0]
 [   0    0    0    0    0    0    0    0    0   15  833    6    0    0
     0    0]
 [   0    0    0    0    0    0    0    0    0    0    0 1542    0    0
     0    0]
 [   0    0    0    0    0    0    0    0    0    0    0    0  733    0
     0    0]
 [   0    0    0    0    0    0    0    6    0    2    0    0    3  845
     0    0]
 [   0    0    0    0    0    0    0  213    0    0    0    0    0    0
  5602    0]
 [   0    0    0    0    0    0    1    0    0    0    0    0    0    0
     2 1443]]---
Accuracy : 97.43%
---
class acc :
	Brocoli_green_weeds_1: 100.00
	Brocoli_green_weeds_2: 100.00
	Fallow: 99.49
	Fallow_rough_plow: 98.21
	Fallow_smooth: 99.02
	Stubble: 100.00
	Celery: 99.90
	Grapes_untrained: 91.39
	Soil_vinyard_develop: 99.94
	Corn_senesced_green_weeds: 98.63
	Lettuce_romaine_4wk: 97.54
	Lettuce_romaine_5wk: 100.00
	Lettuce_romaine_6wk: 100.00
	Lettuce_romaine_7wk: 98.71
	Vinyard_untrained: 96.34
	Vinyard_vertical_trellis: 99.79
---
AA: 98.69%
Kappa: 97.14
run 2 / 5
Best validation overall accuracy 0.9765625
Confusion matrix :
[[1592   15    0    0    0    0    0    0    0    0    0    0    0    0
     0    0]
 [   1 2979    0    0    0    0    1    0    0    0    0    0    0    0
     0    0]
 [   0    0 1569    1    6    0    0    0    0    2    3    0    0    0
     0    0]
 [   0    0    2 1087   26    0    0    0    0    0    0    0    0    0
     0    0]
 [   0    0   10   11 2121    0    0    0    0    0    0    0    0    0
     0    0]
 [   0    0    0    0    0 3167    0    0    0    0    0    0    0    0
     0    0]
 [   0    7    0    0    0    0 2854    0    0    0    0    0    0    0
     0    2]
 [   0    0    0    0    0    0    0 8294    0    1    0    0    0    0
   722    0]
 [   0    0    0    0    0    0    0    0 4963    0    0    0    0    0
     0    0]
 [   0    0    0    0    0    0    0   31    6 2555   29    0    0    1
     0    0]
 [   0    0    8    0    0    0    0    0    0    6  833    7    0    0
     0    0]
 [   0    0    0    0    0    0    0    0    0    0    0 1542    0    0
     0    0]
 [   0    0    0    0    0    0    0    0    0    0    0    0  732    1
     0    0]
 [   0    0    0    0    0    0    0    4    0    4    0    0    0  848
     0    0]
 [   0    0    0    0    0    0    0  250    0    0    0    0    0    0
  5564    1]
 [   0    0    0    0    2    0   10    0    0    0    0    0    0    0
     0 1434]]---
Accuracy : 97.30%
---
class acc :
	Brocoli_green_weeds_1: 99.07
	Brocoli_green_weeds_2: 99.93
	Fallow: 99.24
	Fallow_rough_plow: 97.49
	Fallow_smooth: 99.02
	Stubble: 100.00
	Celery: 99.69
	Grapes_untrained: 91.98
	Soil_vinyard_develop: 100.00
	Corn_senesced_green_weeds: 97.44
	Lettuce_romaine_4wk: 97.54
	Lettuce_romaine_5wk: 100.00
	Lettuce_romaine_6wk: 99.86
	Lettuce_romaine_7wk: 99.07
	Vinyard_untrained: 95.68
	Vinyard_vertical_trellis: 99.17
---
AA: 98.45%
Kappa: 96.99
run 3 / 5
Best validation overall accuracy 0.9728422619047619
Confusion matrix :
[[1607    0    0    0    0    0    0    0    0    0    0    0    0    0
     0    0]
 [   0 2979    0    0    0    0    2    0    0    0    0    0    0    0
     0    0]
 [   0    0 1577    0    4    0    0    0    0    0    0    0    0    0
     0    0]
 [   0    0    2 1098   15    0    0    0    0    0    0    0    0    0
     0    0]
 [   0    0   24    1 2117    0    0    0    0    0    0    0    0    0
     0    0]
 [   0    0    0    0    0 3167    0    0    0    0    0    0    0    0
     0    0]
 [   0   13    0    0    0    0 2847    1    0    0    0    0    0    0
     0    2]
 [   0    0    0    0    0    0    0 8376    0   11    0    0    0    0
   630    0]
 [   0    0    0    0    0    0    0    1 4962    0    0    0    0    0
     0    0]
 [   0    0   40    0    0    0    0   11    9 2518   38    1    0    5
     0    0]
 [   0    0   16    0    0    0    0    0    1    4  828    4    1    0
     0    0]
 [   0    0    0    0    0    0    0    0    0    2    1 1539    0    0
     0    0]
 [   0    0    0    0    0    0    0    0    0    0    0    1  732    0
     0    0]
 [   0    0    0    0    0    0    0    0    0    0    0    0    0  856
     0    0]
 [   0    0    0    0    0    0    0  158    0    1    0    0    0    0
  5656    0]
 [   0    0    0    0    0    0    0    2    0    0    0    0    0    0
     2 1442]]---
Accuracy : 97.68%
---
class acc :
	Brocoli_green_weeds_1: 100.00
	Brocoli_green_weeds_2: 99.93
	Fallow: 99.75
	Fallow_rough_plow: 98.48
	Fallow_smooth: 98.83
	Stubble: 100.00
	Celery: 99.44
	Grapes_untrained: 92.89
	Soil_vinyard_develop: 99.98
	Corn_senesced_green_weeds: 96.03
	Lettuce_romaine_4wk: 96.96
	Lettuce_romaine_5wk: 99.81
	Lettuce_romaine_6wk: 99.86
	Lettuce_romaine_7wk: 100.00
	Vinyard_untrained: 97.27
	Vinyard_vertical_trellis: 99.72
---
AA: 98.68%
Kappa: 97.42
run 4 / 5
Best validation overall accuracy 0.97265625
Confusion matrix :
[[1607    0    0    0    0    0    0    0    0    0    0    0    0    0
     0    0]
 [   0 2981    0    0    0    0    0    0    0    0    0    0    0    0
     0    0]
 [   0    0 1572    1    1    0    0    0    0    7    0    0    0    0
     0    0]
 [   0    0    1 1105    9    0    0    0    0    0    0    0    0    0
     0    0]
 [   0    0   11   11 2120    0    0    0    0    0    0    0    0    0
     0    0]
 [   0    0    0    0    0 3167    0    0    0    0    0    0    0    0
     0    0]
 [   1    8    0    0    0    0 2841   11    0    0    0    0    0    0
     0    2]
 [   0    0    0    0    2    0    0 8353    0   18    0    0    0    0
   644    0]
 [   0    0    0    0    0    0    0    0 4962    0    0    0    1    0
     0    0]
 [   0    0    1    0    1    0    0   21    4 2533   59    0    0    3
     0    0]
 [   0    0    6    0    0    0    0    0    2    3  838    5    0    0
     0    0]
 [   0    0    0    0    0    0    0    0    0    0    0 1542    0    0
     0    0]
 [   0    0    0    0    0    0    0    0    0    0    0    0  724    9
     0    0]
 [   0    0    0    0    0    0    0    2    0    0    0    0    0  854
     0    0]
 [   0    0    0    0    0    0    0  226    0    1    0    0    0    0
  5588    0]
 [   0    0    0    0    2    0    9    0    0    0    0    0    0    0
     0 1435]]---
Accuracy : 97.50%
---
class acc :
	Brocoli_green_weeds_1: 100.00
	Brocoli_green_weeds_2: 100.00
	Fallow: 99.43
	Fallow_rough_plow: 99.10
	Fallow_smooth: 98.97
	Stubble: 100.00
	Celery: 99.23
	Grapes_untrained: 92.64
	Soil_vinyard_develop: 99.98
	Corn_senesced_green_weeds: 96.61
	Lettuce_romaine_4wk: 98.13
	Lettuce_romaine_5wk: 100.00
	Lettuce_romaine_6wk: 98.77
	Lettuce_romaine_7wk: 99.77
	Vinyard_untrained: 96.10
	Vinyard_vertical_trellis: 99.24
---
AA: 98.62%
Kappa: 97.22
run 5 / 5
Best validation overall accuracy 0.97265625
Confusion matrix :
[[1606    1    0    0    0    0    0    0    0    0    0    0    0    0
     0    0]
 [   0 2978    0    0    0    0    3    0    0    0    0    0    0    0
     0    0]
 [   0    0 1577    1    3    0    0    0    0    0    0    0    0    0
     0    0]
 [   0    0    1 1087   27    0    0    0    0    0    0    0    0    0
     0    0]
 [   0    0    1   11 2130    0    0    0    0    0    0    0    0    0
     0    0]
 [   0    0    0    0    0 3167    0    0    0    0    0    0    0    0
     0    0]
 [   0   14    0    0    0    0 2847    1    0    0    0    0    0    0
     0    1]
 [   0    0    0    0    0    0    0 8434    0   17    0    0    0    0
   566    0]
 [   0    0    0    0    0    0    0    0 4961    1    0    0    1    0
     0    0]
 [   0    0    0    0    0    0    0   17    1 2579   25    0    0    0
     0    0]
 [   0    0    5    0    0    0    0    0    5   10  830    3    1    0
     0    0]
 [   0    0    0    0    0    0    0    0    0    0    0 1541    1    0
     0    0]
 [   0    0    0    0    0    0    0    0    0    0    0    0  733    0
     0    0]
 [   0    0    0    0    0    0    0    0    0    0    0    0   13  843
     0    0]
 [   0    0    0    0    0    0    0  429    0    1    0    0    0    0
  5385    0]
 [   0    0    0    0    6    0    4    0    0    0    0    0    0    0
     2 1434]]---
Accuracy : 97.29%
---
class acc :
	Brocoli_green_weeds_1: 99.94
	Brocoli_green_weeds_2: 99.90
	Fallow: 99.75
	Fallow_rough_plow: 97.49
	Fallow_smooth: 99.44
	Stubble: 100.00
	Celery: 99.44
	Grapes_untrained: 93.53
	Soil_vinyard_develop: 99.96
	Corn_senesced_green_weeds: 98.36
	Lettuce_romaine_4wk: 97.19
	Lettuce_romaine_5wk: 99.94
	Lettuce_romaine_6wk: 100.00
	Lettuce_romaine_7wk: 98.48
	Vinyard_untrained: 92.61
	Vinyard_vertical_trellis: 99.17
---
AA: 98.45%
Kappa: 96.99
Agregated results :
Confusion matrix :
[[1.6038e+03 3.2000e+00 0.0000e+00 0.0000e+00 0.0000e+00 0.0000e+00
  0.0000e+00 0.0000e+00 0.0000e+00 0.0000e+00 0.0000e+00 0.0000e+00
  0.0000e+00 0.0000e+00 0.0000e+00 0.0000e+00]
 [2.0000e-01 2.9796e+03 0.0000e+00 0.0000e+00 0.0000e+00 0.0000e+00
  1.2000e+00 0.0000e+00 0.0000e+00 0.0000e+00 0.0000e+00 0.0000e+00
  0.0000e+00 0.0000e+00 0.0000e+00 0.0000e+00]
 [0.0000e+00 0.0000e+00 1.5736e+03 1.0000e+00 3.2000e+00 0.0000e+00
  0.0000e+00 0.0000e+00 0.0000e+00 2.6000e+00 6.0000e-01 0.0000e+00
  0.0000e+00 0.0000e+00 0.0000e+00 0.0000e+00]
 [0.0000e+00 0.0000e+00 1.6000e+00 1.0944e+03 1.9000e+01 0.0000e+00
  0.0000e+00 0.0000e+00 0.0000e+00 0.0000e+00 0.0000e+00 0.0000e+00
  0.0000e+00 0.0000e+00 0.0000e+00 0.0000e+00]
 [0.0000e+00 0.0000e+00 1.0400e+01 9.8000e+00 2.1218e+03 0.0000e+00
  0.0000e+00 0.0000e+00 0.0000e+00 0.0000e+00 0.0000e+00 0.0000e+00
  0.0000e+00 0.0000e+00 0.0000e+00 0.0000e+00]
 [0.0000e+00 0.0000e+00 0.0000e+00 0.0000e+00 0.0000e+00 3.1670e+03
  0.0000e+00 0.0000e+00 0.0000e+00 0.0000e+00 0.0000e+00 0.0000e+00
  0.0000e+00 0.0000e+00 0.0000e+00 0.0000e+00]
 [2.0000e-01 8.8000e+00 0.0000e+00 0.0000e+00 0.0000e+00 0.0000e+00
  2.8498e+03 2.6000e+00 0.0000e+00 0.0000e+00 0.0000e+00 0.0000e+00
  0.0000e+00 0.0000e+00 0.0000e+00 1.6000e+00]
 [0.0000e+00 0.0000e+00 0.0000e+00 0.0000e+00 6.0000e-01 0.0000e+00
  0.0000e+00 8.3396e+03 0.0000e+00 1.4800e+01 0.0000e+00 0.0000e+00
  0.0000e+00 0.0000e+00 6.6200e+02 0.0000e+00]
 [0.0000e+00 0.0000e+00 0.0000e+00 0.0000e+00 0.0000e+00 0.0000e+00
  0.0000e+00 2.0000e-01 4.9616e+03 2.0000e-01 2.0000e-01 4.0000e-01
  4.0000e-01 0.0000e+00 0.0000e+00 0.0000e+00]
 [0.0000e+00 0.0000e+00 8.6000e+00 0.0000e+00 2.0000e-01 0.0000e+00
  0.0000e+00 1.8800e+01 4.4000e+00 2.5542e+03 3.2600e+01 8.0000e-01
  0.0000e+00 2.4000e+00 0.0000e+00 0.0000e+00]
 [0.0000e+00 0.0000e+00 7.0000e+00 0.0000e+00 0.0000e+00 0.0000e+00
  0.0000e+00 0.0000e+00 1.6000e+00 7.6000e+00 8.3240e+02 5.0000e+00
  4.0000e-01 0.0000e+00 0.0000e+00 0.0000e+00]
 [0.0000e+00 0.0000e+00 0.0000e+00 0.0000e+00 0.0000e+00 0.0000e+00
  0.0000e+00 0.0000e+00 0.0000e+00 4.0000e-01 2.0000e-01 1.5412e+03
  2.0000e-01 0.0000e+00 0.0000e+00 0.0000e+00]
 [0.0000e+00 0.0000e+00 0.0000e+00 0.0000e+00 0.0000e+00 0.0000e+00
  0.0000e+00 0.0000e+00 0.0000e+00 0.0000e+00 0.0000e+00 2.0000e-01
  7.3080e+02 2.0000e+00 0.0000e+00 0.0000e+00]
 [0.0000e+00 0.0000e+00 0.0000e+00 0.0000e+00 0.0000e+00 0.0000e+00
  0.0000e+00 2.4000e+00 0.0000e+00 1.2000e+00 0.0000e+00 0.0000e+00
  3.2000e+00 8.4920e+02 0.0000e+00 0.0000e+00]
 [0.0000e+00 0.0000e+00 0.0000e+00 0.0000e+00 0.0000e+00 0.0000e+00
  0.0000e+00 2.5520e+02 0.0000e+00 6.0000e-01 0.0000e+00 0.0000e+00
  0.0000e+00 0.0000e+00 5.5590e+03 2.0000e-01]
 [0.0000e+00 0.0000e+00 0.0000e+00 0.0000e+00 2.0000e+00 0.0000e+00
  4.8000e+00 4.0000e-01 0.0000e+00 0.0000e+00 0.0000e+00 0.0000e+00
  0.0000e+00 0.0000e+00 1.2000e+00 1.4376e+03]]---
Accuracy: 97.44 +- 0.14
---
class acc :
	Brocoli_green_weeds_1: 99.80 +- 0.37
	Brocoli_green_weeds_2: 99.95 +- 0.04
	Fallow: 99.53 +- 0.19
	Fallow_rough_plow: 98.15 +- 0.62
	Fallow_smooth: 99.06 +- 0.20
	Stubble: 100.00 +- 0.00
	Celery: 99.54 +- 0.23
	Grapes_untrained: 92.49 +- 0.74
	Soil_vinyard_develop: 99.97 +- 0.02
	Corn_senesced_green_weeds: 97.41 +- 0.99
	Lettuce_romaine_4wk: 97.47 +- 0.40
	Lettuce_romaine_5wk: 99.95 +- 0.08
	Lettuce_romaine_6wk: 99.70 +- 0.47
	Lettuce_romaine_7wk: 99.21 +- 0.59
	Vinyard_untrained: 95.60 +- 1.58
	Vinyard_vertical_trellis: 99.42 +- 0.28
---
AA: 98.58 +- 0.11
Kappa: 97.15 +- 0.16
