run 1 / 5
Best validation overall accuracy 0.875
Confusion matrix :
[[243   0   0   0   0   0   0   0   0   0   0   0   0   0]
 [  0  87   0   0   4   0   0   0   0   0   0   0   0   0]
 [  0   0 207   5   0   0  11   0   0   3   0   0   0   0]
 [  0   0   0  96   3   0   0   0  94   0   0   0   1   0]
 [  2   3   0   9  79 118   0   0  10   0   0   4  17   0]
 [  0   0   0   0   0 222   0   0  14   0   0   0   6   0]
 [  0   0   0   0   0   0 233   0   0   0   0   0   0   0]
 [  0   0   0   0   0   0   0 159   0  16   6   2   0   0]
 [  0   0   2  21   0  15   0   0 242   3   0   0   0   0]
 [  0   0   0   0   0   0   0   6   0 217   0   0   0   0]
 [  0   0   0   0   0   0   0   4   0   2 269   0   0   0]
 [  0   0   0   0   0   0   0   8   0   0   0 155   0   0]
 [  0   0   0   0   0   0   0   0   0   0   0   8 233   0]
 [  0   0   0   0   0   1   0   9   0   0   0   2   4  69]]---
Accuracy : 85.88%
---
class acc :
	Water: 100.00
	Hippo grass: 95.60
	Floodplain grasses 1: 91.59
	Floodplain grasses 2: 49.48
	Reeds: 32.64
	Riparian: 91.74
	Firescar: 100.00
	Island interior: 86.89
	Acacia woodlands: 85.51
	Acacia shrublands: 97.31
	Acacia grasslands: 97.82
	Short mopane: 95.09
	Mixed mopane: 96.68
	Exposed soils: 81.18
---
AA: 85.82%
Kappa: 84.68
run 2 / 5
Best validation overall accuracy 0.890625
Confusion matrix :
[[243   0   0   0   0   0   0   0   0   0   0   0   0   0]
 [  0  90   0   0   1   0   0   0   0   0   0   0   0   0]
 [  0   0 208   1   0   0  10   0   0   7   0   0   0   0]
 [  0   0   9 150   0   0   0   0  35   0   0   0   0   0]
 [  1  11   0  23  88  69   0   0  34   0   0   0  16   0]
 [  0   0   0   0  32 183   0   0  23   0   0   0   4   0]
 [  0   0   1   0   0   0 232   0   0   0   0   0   0   0]
 [  0   0   0   0   0   0   0 136   0   9  26  12   0   0]
 [  0   0   2  58  11  18   0   0 188   6   0   0   0   0]
 [  0   0   0   0   0   0   0  32   0 189   2   0   0   0]
 [  0   0   0   0   0   0   0   3   0   0 272   0   0   0]
 [  0   0   0   0   0   0   0   0   0   0   0 160   3   0]
 [  0   0   0   0   0   0   0   2   0   0   0   0 239   0]
 [  0   0   0   0   0   0   0   8   0   0   0   3   5  69]]---
Accuracy : 83.69%
---
class acc :
	Water: 100.00
	Hippo grass: 98.90
	Floodplain grasses 1: 92.04
	Floodplain grasses 2: 77.32
	Reeds: 36.36
	Riparian: 75.62
	Firescar: 99.57
	Island interior: 74.32
	Acacia woodlands: 66.43
	Acacia shrublands: 84.75
	Acacia grasslands: 98.91
	Short mopane: 98.16
	Mixed mopane: 99.17
	Exposed soils: 81.18
---
AA: 84.48%
Kappa: 82.33
run 3 / 5
Best validation overall accuracy 0.859375
Confusion matrix :
[[243   0   0   0   0   0   0   0   0   0   0   0   0   0]
 [  0  91   0   0   0   0   0   0   0   0   0   0   0   0]
 [  0   0 208   1   0   0   8   0   0   9   0   0   0   0]
 [  0   0   2 160   0   0   0   0  32   0   0   0   0   0]
 [  1  15   0  26  65  99   0   0  29   0   0   1   6   0]
 [  0   2   0   0  41 188   0   0  10   0   0   0   1   0]
 [  0   0   2   0   0   0 231   0   0   0   0   0   0   0]
 [  0   0   0   0   0   0   0 174   0   9   0   0   0   0]
 [  0   0   3  76  17   2   0   0 179   4   0   0   2   0]
 [  0   0   0   0   0   0   0  23   0 200   0   0   0   0]
 [  0   0   0   0   0   0   0   9   0   0 266   0   0   0]
 [  0   0   0   0   1   0   0  11   0   0   0 151   0   0]
 [  0   0   0   0   1   0   0   2   0   0   0  10 228   0]
 [  0   0   0   0   2   0   0   9   0   0   0   2   2  70]]---
Accuracy : 83.93%
---
class acc :
	Water: 100.00
	Hippo grass: 100.00
	Floodplain grasses 1: 92.04
	Floodplain grasses 2: 82.47
	Reeds: 26.86
	Riparian: 77.69
	Firescar: 99.14
	Island interior: 95.08
	Acacia woodlands: 63.25
	Acacia shrublands: 89.69
	Acacia grasslands: 96.73
	Short mopane: 92.64
	Mixed mopane: 94.61
	Exposed soils: 82.35
---
AA: 85.18%
Kappa: 82.60
run 4 / 5
Best validation overall accuracy 0.921875
Confusion matrix :
[[243   0   0   0   0   0   0   0   0   0   0   0   0   0]
 [  0  91   0   0   0   0   0   0   0   0   0   0   0   0]
 [  0   0 209   0   0   0   9   0   0   8   0   0   0   0]
 [  0   0   4 121  22   0   0   0  46   0   0   0   1   0]
 [  2  23   0  21 102  77   0   0  15   0   0   2   0   0]
 [  0   2   0   0   9 212   0   0  19   0   0   0   0   0]
 [  0   0   3   0   0   0 230   0   0   0   0   0   0   0]
 [  0   0   0   0   0   0   0 160   0  21   2   0   0   0]
 [  0   0   1   0   0   0   0   0 278   4   0   0   0   0]
 [  0   0   0   0   0   0   0   3   0 219   1   0   0   0]
 [  0   0   0   0   0   0   0   0   0   2 273   0   0   0]
 [  0   0   0   0   0   0   0  13   0   0   0 150   0   0]
 [  0   0   0   0   0   0   0   1   0   0   0   3 237   0]
 [  0   0   0   0   3   0   0   8   0   0   0   2   2  70]]---
Accuracy : 88.75%
---
class acc :
	Water: 100.00
	Hippo grass: 100.00
	Floodplain grasses 1: 92.48
	Floodplain grasses 2: 62.37
	Reeds: 42.15
	Riparian: 87.60
	Firescar: 98.71
	Island interior: 87.43
	Acacia woodlands: 98.23
	Acacia shrublands: 98.21
	Acacia grasslands: 99.27
	Short mopane: 92.02
	Mixed mopane: 98.34
	Exposed soils: 82.35
---
AA: 88.51%
Kappa: 87.80
run 5 / 5
Best validation overall accuracy 0.8671875
Confusion matrix :
[[243   0   0   0   0   0   0   0   0   0   0   0   0   0]
 [  0  86   0   0   5   0   0   0   0   0   0   0   0   0]
 [  0   0 216   0   0   0   4   0   1   5   0   0   0   0]
 [  0   0  11 113   0   0   0   0  70   0   0   0   0   0]
 [  1   1   0  28  82  75   0   0  33   0   0   0  22   0]
 [  0   2   0   0  45 179   0   0   9   0   0   0   7   0]
 [  0   0   3   0   0   0 230   0   0   0   0   0   0   0]
 [  0   0   0   0   0   0   0 126   0  12  45   0   0   0]
 [  0   0   3  44   0  45   0   0 185   6   0   0   0   0]
 [  0   0   1   0   0   0   0   0   0 204  18   0   0   0]
 [  0   0   0   0   0   0   0   0   0   0 275   0   0   0]
 [  0   0   0   0   0   0   0  11   0   0   0 151   1   0]
 [  0   0   0   0   0   0   0   7   0   0   0   0 234   0]
 [  0   0   0   0   0   0   0  10   0   0   0   0   5  70]]---
Accuracy : 81.87%
---
class acc :
	Water: 100.00
	Hippo grass: 94.51
	Floodplain grasses 1: 95.58
	Floodplain grasses 2: 58.25
	Reeds: 33.88
	Riparian: 73.97
	Firescar: 98.71
	Island interior: 68.85
	Acacia woodlands: 65.37
	Acacia shrublands: 91.48
	Acacia grasslands: 100.00
	Short mopane: 92.64
	Mixed mopane: 97.10
	Exposed soils: 82.35
---
AA: 82.33%
Kappa: 80.34
Agregated results :
Confusion matrix :
[[2.430e+02 0.000e+00 0.000e+00 0.000e+00 0.000e+00 0.000e+00 0.000e+00
  0.000e+00 0.000e+00 0.000e+00 0.000e+00 0.000e+00 0.000e+00 0.000e+00]
 [0.000e+00 8.900e+01 0.000e+00 0.000e+00 2.000e+00 0.000e+00 0.000e+00
  0.000e+00 0.000e+00 0.000e+00 0.000e+00 0.000e+00 0.000e+00 0.000e+00]
 [0.000e+00 0.000e+00 2.096e+02 1.400e+00 0.000e+00 0.000e+00 8.400e+00
  0.000e+00 2.000e-01 6.400e+00 0.000e+00 0.000e+00 0.000e+00 0.000e+00]
 [0.000e+00 0.000e+00 5.200e+00 1.280e+02 5.000e+00 0.000e+00 0.000e+00
  0.000e+00 5.540e+01 0.000e+00 0.000e+00 0.000e+00 4.000e-01 0.000e+00]
 [1.400e+00 1.060e+01 0.000e+00 2.140e+01 8.320e+01 8.760e+01 0.000e+00
  0.000e+00 2.420e+01 0.000e+00 0.000e+00 1.400e+00 1.220e+01 0.000e+00]
 [0.000e+00 1.200e+00 0.000e+00 0.000e+00 2.540e+01 1.968e+02 0.000e+00
  0.000e+00 1.500e+01 0.000e+00 0.000e+00 0.000e+00 3.600e+00 0.000e+00]
 [0.000e+00 0.000e+00 1.800e+00 0.000e+00 0.000e+00 0.000e+00 2.312e+02
  0.000e+00 0.000e+00 0.000e+00 0.000e+00 0.000e+00 0.000e+00 0.000e+00]
 [0.000e+00 0.000e+00 0.000e+00 0.000e+00 0.000e+00 0.000e+00 0.000e+00
  1.510e+02 0.000e+00 1.340e+01 1.580e+01 2.800e+00 0.000e+00 0.000e+00]
 [0.000e+00 0.000e+00 2.200e+00 3.980e+01 5.600e+00 1.600e+01 0.000e+00
  0.000e+00 2.144e+02 4.600e+00 0.000e+00 0.000e+00 4.000e-01 0.000e+00]
 [0.000e+00 0.000e+00 2.000e-01 0.000e+00 0.000e+00 0.000e+00 0.000e+00
  1.280e+01 0.000e+00 2.058e+02 4.200e+00 0.000e+00 0.000e+00 0.000e+00]
 [0.000e+00 0.000e+00 0.000e+00 0.000e+00 0.000e+00 0.000e+00 0.000e+00
  3.200e+00 0.000e+00 8.000e-01 2.710e+02 0.000e+00 0.000e+00 0.000e+00]
 [0.000e+00 0.000e+00 0.000e+00 0.000e+00 2.000e-01 0.000e+00 0.000e+00
  8.600e+00 0.000e+00 0.000e+00 0.000e+00 1.534e+02 8.000e-01 0.000e+00]
 [0.000e+00 0.000e+00 0.000e+00 0.000e+00 2.000e-01 0.000e+00 0.000e+00
  2.400e+00 0.000e+00 0.000e+00 0.000e+00 4.200e+00 2.342e+02 0.000e+00]
 [0.000e+00 0.000e+00 0.000e+00 0.000e+00 1.000e+00 2.000e-01 0.000e+00
  8.800e+00 0.000e+00 0.000e+00 0.000e+00 1.800e+00 3.600e+00 6.960e+01]]---
Accuracy: 84.82 +- 2.34
---
class acc :
	Water: 100.00 +- 0.00
	Hippo grass: 97.80 +- 2.31
	Floodplain grasses 1: 92.74 +- 1.44
	Floodplain grasses 2: 65.98 +- 12.21
	Reeds: 34.38 +- 4.98
	Riparian: 81.32 +- 7.04
	Firescar: 99.23 +- 0.50
	Island interior: 82.51 +- 9.54
	Acacia woodlands: 75.76 +- 13.80
	Acacia shrublands: 92.29 +- 4.99
	Acacia grasslands: 98.55 +- 1.15
	Short mopane: 94.11 +- 2.28
	Mixed mopane: 97.18 +- 1.56
	Exposed soils: 81.88 +- 0.58
---
AA: 85.27 +- 2.00
Kappa: 83.55 +- 2.53
