run 1 / 5
Best validation overall accuracy 0.8984375
Confusion matrix :
[[243   0   0   0   0   0   0   0   0   0   0   0   0   0]
 [  0  91   0   0   0   0   0   0   0   0   0   0   0   0]
 [  0   0 207  10   0   0   6   0   0   3   0   0   0   0]
 [  0   0   6 105  10   0   0   0  73   0   0   0   0   0]
 [  4   7   3  18  61  96   0   0  39   0   0   1  13   0]
 [  0   3   0   0  19 212   0   0   5   0   0   0   3   0]
 [  0   0   0   0   0   0 233   0   0   0   0   0   0   0]
 [  0   0   0   0   0   0   0 176   0   1   5   1   0   0]
 [  0   0   1  27   0  33   0   0 216   6   0   0   0   0]
 [  0   0   1   0   0   0   0  32   0 190   0   0   0   0]
 [  0   0   0   0   0   0   0   8   0   0 267   0   0   0]
 [  0   0   0   0   0   0   0   8   0   0   0 154   1   0]
 [  0   0   0   0   0   0   0   0   0   0   0   3 238   0]
 [  0   0   0   0   1   0   0   9   0   0   0   2   3  70]]---
Accuracy : 84.23%
---
class acc :
	Water: 100.00
	Hippo grass: 100.00
	Floodplain grasses 1: 91.59
	Floodplain grasses 2: 54.12
	Reeds: 25.21
	Riparian: 87.60
	Firescar: 100.00
	Island interior: 96.17
	Acacia woodlands: 76.33
	Acacia shrublands: 85.20
	Acacia grasslands: 97.09
	Short mopane: 94.48
	Mixed mopane: 98.76
	Exposed soils: 82.35
---
AA: 84.92%
Kappa: 82.91
run 2 / 5
Best validation overall accuracy 0.8828125
Confusion matrix :
[[243   0   0   0   0   0   0   0   0   0   0   0   0   0]
 [  0  79   0   0  12   0   0   0   0   0   0   0   0   0]
 [  0   0 185   0   0   0  36   0   0   5   0   0   0   0]
 [  0   0  18 126   0   0   0   0  50   0   0   0   0   0]
 [  1  15   0  37  83  73   0   0  22   0   0   7   3   1]
 [  0   6   0   4  70 143   0   0  19   0   0   0   0   0]
 [  0   0   2   0   0   0 231   0   0   0   0   0   0   0]
 [  0   0   0   0   0   0   0 145   0  20  12   5   1   0]
 [  0   0   3  58  13   0   0   0 203   6   0   0   0   0]
 [  0   0   0   0   0   0   0   5   0 217   1   0   0   0]
 [  0   0   0   0   0   0   0   0   0   2 273   0   0   0]
 [  0   0   0   0   0   0   0   8   0   0   0 155   0   0]
 [  0   0   0   0   0   0   0   0   0   0   0   3 238   0]
 [  0   0   0   0   3   0   0   8   0   0   0   2   2  70]]---
Accuracy : 81.77%
---
class acc :
	Water: 100.00
	Hippo grass: 86.81
	Floodplain grasses 1: 81.86
	Floodplain grasses 2: 64.95
	Reeds: 34.30
	Riparian: 59.09
	Firescar: 99.14
	Island interior: 79.23
	Acacia woodlands: 71.73
	Acacia shrublands: 97.31
	Acacia grasslands: 99.27
	Short mopane: 95.09
	Mixed mopane: 98.76
	Exposed soils: 82.35
---
AA: 82.14%
Kappa: 80.25
run 3 / 5
Best validation overall accuracy 0.828125
Confusion matrix :
[[243   0   0   0   0   0   0   0   0   0   0   0   0   0]
 [  0  91   0   0   0   0   0   0   0   0   0   0   0   0]
 [  0   0 220   0   0   0   1   0   0   5   0   0   0   0]
 [  0   0   9 123   3   0   0   0  59   0   0   0   0   0]
 [  2  16   0  24  90  87   0   0  16   0   0   2   3   2]
 [  0   6   0   0  83 146   0   0   2   0   0   0   5   0]
 [  0   0   9   0   0   0 224   0   0   0   0   0   0   0]
 [  0   0   0   0   0   0   0 177   0   2   4   0   0   0]
 [  0   0   1  65   0  29   0   0 184   4   0   0   0   0]
 [  0   0   1   0   0   0   0  33   0 189   0   0   0   0]
 [  0   0   0   0   0   0   0  10   0   0 265   0   0   0]
 [  0   0   0   0   0   0   0  29   0   0   0 134   0   0]
 [  0   0   0   0   0   0   0   5   8   0   0   0 228   0]
 [  0   0   0   0   1   0   0   8   0   0   0   2   2  72]]---
Accuracy : 81.60%
---
class acc :
	Water: 100.00
	Hippo grass: 100.00
	Floodplain grasses 1: 97.35
	Floodplain grasses 2: 63.40
	Reeds: 37.19
	Riparian: 60.33
	Firescar: 96.14
	Island interior: 96.72
	Acacia woodlands: 65.02
	Acacia shrublands: 84.75
	Acacia grasslands: 96.36
	Short mopane: 82.21
	Mixed mopane: 94.61
	Exposed soils: 84.71
---
AA: 82.77%
Kappa: 80.08
run 4 / 5
Best validation overall accuracy 0.859375
Confusion matrix :
[[243   0   0   0   0   0   0   0   0   0   0   0   0   0]
 [  0  91   0   0   0   0   0   0   0   0   0   0   0   0]
 [  0   0 198   0   0   0  19   0   0   9   0   0   0   0]
 [  0   0   3 134   0   0   0   0  57   0   0   0   0   0]
 [  0  16   0  32  39  74   1   0  48   0   0   0  32   0]
 [  0   2   0   0  41 144   0   0  44   0   0   0  11   0]
 [  0   0   2   0   0   0 231   0   0   0   0   0   0   0]
 [  0   0   0   0   0   0   0 133   0  29  20   0   1   0]
 [  0   0   3  55   0   0   0   0 220   5   0   0   0   0]
 [  0   0   0   0   0   0   0   1   0 213   9   0   0   0]
 [  0   0   0   0   0   0   0   0   0   1 274   0   0   0]
 [  0   0   0   0   0   0   0  11   0   0   0 144   8   0]
 [  0   0   0   0   0   0   0   0   0   0   0   0 241   0]
 [  0   0   0   0   0   0   0   9   0   0   0   1   5  70]]---
Accuracy : 81.22%
---
class acc :
	Water: 100.00
	Hippo grass: 100.00
	Floodplain grasses 1: 87.61
	Floodplain grasses 2: 69.07
	Reeds: 16.12
	Riparian: 59.50
	Firescar: 99.14
	Island interior: 72.68
	Acacia woodlands: 77.74
	Acacia shrublands: 95.52
	Acacia grasslands: 99.64
	Short mopane: 88.34
	Mixed mopane: 100.00
	Exposed soils: 82.35
---
AA: 81.98%
Kappa: 79.64
run 5 / 5
Best validation overall accuracy 0.9140625
Confusion matrix :
[[243   0   0   0   0   0   0   0   0   0   0   0   0   0]
 [  0  89   0   0   2   0   0   0   0   0   0   0   0   0]
 [  0   0 211   6   0   0   5   0   0   4   0   0   0   0]
 [  0   0   1 135   0   0   0   0  58   0   0   0   0   0]
 [  1   9   0  33 150  23   0   0  20   0   0   0   6   0]
 [  0   2   0   0  19 179   0   0  42   0   0   0   0   0]
 [  0   0   1   0   0   0 232   0   0   0   0   0   0   0]
 [  0   0   0   0   0   0   0 151   0  32   0   0   0   0]
 [  0   0   3  34   0  10   0   0 230   6   0   0   0   0]
 [  0   0   0   0   0   0   0   3   0 220   0   0   0   0]
 [  0   0   0   0   0   0   0   2   0  13 260   0   0   0]
 [  0   0   0   0   0   0   0   5   0   0   0 147  11   0]
 [  0   0   0   0   0   0   0   1   0   0   0   0 240   0]
 [  0   0   0   0   2   0   0   8   0   0   0   1   3  71]]---
Accuracy : 87.48%
---
class acc :
	Water: 100.00
	Hippo grass: 97.80
	Floodplain grasses 1: 93.36
	Floodplain grasses 2: 69.59
	Reeds: 61.98
	Riparian: 73.97
	Firescar: 99.57
	Island interior: 82.51
	Acacia woodlands: 81.27
	Acacia shrublands: 98.65
	Acacia grasslands: 94.55
	Short mopane: 90.18
	Mixed mopane: 99.59
	Exposed soils: 83.53
---
AA: 87.61%
Kappa: 86.43
Agregated results :
Confusion matrix :
[[2.430e+02 0.000e+00 0.000e+00 0.000e+00 0.000e+00 0.000e+00 0.000e+00
  0.000e+00 0.000e+00 0.000e+00 0.000e+00 0.000e+00 0.000e+00 0.000e+00]
 [0.000e+00 8.820e+01 0.000e+00 0.000e+00 2.800e+00 0.000e+00 0.000e+00
  0.000e+00 0.000e+00 0.000e+00 0.000e+00 0.000e+00 0.000e+00 0.000e+00]
 [0.000e+00 0.000e+00 2.042e+02 3.200e+00 0.000e+00 0.000e+00 1.340e+01
  0.000e+00 0.000e+00 5.200e+00 0.000e+00 0.000e+00 0.000e+00 0.000e+00]
 [0.000e+00 0.000e+00 7.400e+00 1.246e+02 2.600e+00 0.000e+00 0.000e+00
  0.000e+00 5.940e+01 0.000e+00 0.000e+00 0.000e+00 0.000e+00 0.000e+00]
 [1.600e+00 1.260e+01 6.000e-01 2.880e+01 8.460e+01 7.060e+01 2.000e-01
  0.000e+00 2.900e+01 0.000e+00 0.000e+00 2.000e+00 1.140e+01 6.000e-01]
 [0.000e+00 3.800e+00 0.000e+00 8.000e-01 4.640e+01 1.648e+02 0.000e+00
  0.000e+00 2.240e+01 0.000e+00 0.000e+00 0.000e+00 3.800e+00 0.000e+00]
 [0.000e+00 0.000e+00 2.800e+00 0.000e+00 0.000e+00 0.000e+00 2.302e+02
  0.000e+00 0.000e+00 0.000e+00 0.000e+00 0.000e+00 0.000e+00 0.000e+00]
 [0.000e+00 0.000e+00 0.000e+00 0.000e+00 0.000e+00 0.000e+00 0.000e+00
  1.564e+02 0.000e+00 1.680e+01 8.200e+00 1.200e+00 4.000e-01 0.000e+00]
 [0.000e+00 0.000e+00 2.200e+00 4.780e+01 2.600e+00 1.440e+01 0.000e+00
  0.000e+00 2.106e+02 5.400e+00 0.000e+00 0.000e+00 0.000e+00 0.000e+00]
 [0.000e+00 0.000e+00 4.000e-01 0.000e+00 0.000e+00 0.000e+00 0.000e+00
  1.480e+01 0.000e+00 2.058e+02 2.000e+00 0.000e+00 0.000e+00 0.000e+00]
 [0.000e+00 0.000e+00 0.000e+00 0.000e+00 0.000e+00 0.000e+00 0.000e+00
  4.000e+00 0.000e+00 3.200e+00 2.678e+02 0.000e+00 0.000e+00 0.000e+00]
 [0.000e+00 0.000e+00 0.000e+00 0.000e+00 0.000e+00 0.000e+00 0.000e+00
  1.220e+01 0.000e+00 0.000e+00 0.000e+00 1.468e+02 4.000e+00 0.000e+00]
 [0.000e+00 0.000e+00 0.000e+00 0.000e+00 0.000e+00 0.000e+00 0.000e+00
  1.200e+00 1.600e+00 0.000e+00 0.000e+00 1.200e+00 2.370e+02 0.000e+00]
 [0.000e+00 0.000e+00 0.000e+00 0.000e+00 1.400e+00 0.000e+00 0.000e+00
  8.400e+00 0.000e+00 0.000e+00 0.000e+00 1.600e+00 3.000e+00 7.060e+01]]---
Accuracy: 83.26 +- 2.36
---
class acc :
	Water: 100.00 +- 0.00
	Hippo grass: 96.92 +- 5.13
	Floodplain grasses 1: 90.35 +- 5.28
	Floodplain grasses 2: 64.23 +- 5.58
	Reeds: 34.96 +- 15.40
	Riparian: 68.10 +- 11.23
	Firescar: 98.80 +- 1.37
	Island interior: 85.46 +- 9.51
	Acacia woodlands: 74.42 +- 5.61
	Acacia shrublands: 92.29 +- 6.05
	Acacia grasslands: 97.38 +- 1.89
	Short mopane: 90.06 +- 4.68
	Mixed mopane: 98.34 +- 1.93
	Exposed soils: 83.06 +- 0.94
---
AA: 83.88 +- 2.14
Kappa: 81.86 +- 2.56
