run 1 / 5
Best validation overall accuracy 0.971875
Confusion matrix :
[[216   0   0   0   0   0   0   0   0   0   0   0   0   0]
 [  0  81   0   0   0   0   0   0   0   0   0   0   0   0]
 [  0   0 195   0   0   0   0   0   0   6   0   0   0   0]
 [  0   0   0 169   3   0   0   0   0   0   0   0   0   0]
 [  1  18   0  15 178   1   0   1   0   0   0   0   1   0]
 [  0   0   0   0  11 203   0   0   0   0   0   0   1   0]
 [  0   0   0   0   0   0 207   0   0   0   0   0   0   0]
 [  0   0   0   0   0   0   0 154   0   0   8   0   0   0]
 [  0   0   3   0   0  27   0   0 215   6   0   0   0   0]
 [  0   0   0   0   0   0   0   0   0 197   2   0   0   0]
 [  0   0   0   0   0   0   0   0   0   2 242   0   0   0]
 [  0   0   0   0   2   0   0   4   0   0   0 133   6   0]
 [  0   0   0   0   0   0   0   0   0   0   0   1 214   0]
 [  0   0   0   0   3   0   0  10   0   0   0   1   1  61]]---
Accuracy : 94.84%
---
class acc :
	Water: 100.00
	Hippo grass: 100.00
	Floodplain grasses 1: 97.01
	Floodplain grasses 2: 98.26
	Reeds: 82.79
	Riparian: 94.42
	Firescar: 100.00
	Island interior: 95.06
	Acacia woodlands: 85.66
	Acacia shrublands: 98.99
	Acacia grasslands: 99.18
	Short mopane: 91.72
	Mixed mopane: 99.53
	Exposed soils: 80.26
---
AA: 94.49%
Kappa: 94.42
run 2 / 5
Best validation overall accuracy 0.975
Confusion matrix :
[[216   0   0   0   0   0   0   0   0   0   0   0   0   0]
 [  0  78   0   0   3   0   0   0   0   0   0   0   0   0]
 [  0   0 185   0   0   0   7   0   0   9   0   0   0   0]
 [  0   0   1 171   0   0   0   0   0   0   0   0   0   0]
 [  0  14   0  20 174   3   0   0   0   0   0   2   1   1]
 [  0   0   0   0  13 202   0   0   0   0   0   0   0   0]
 [  0   0   3   0   0   0 204   0   0   0   0   0   0   0]
 [  0   0   0   0   0   0   0 159   0   0   0   1   0   2]
 [  0   0   2   0   0  18   0   0 224   7   0   0   0   0]
 [  0   0   0   0   0   0   0   4   0 195   0   0   0   0]
 [  0   0   0   0   0   0   0   0   0   3 241   0   0   0]
 [  0   0   0   0   0   0   0   7   0   0   0 137   1   0]
 [  0   0   0   0   0   0   0   0   0   0   0   0 215   0]
 [  0   0   0   0   2   0   0   8   0   0   0   1   1  64]]---
Accuracy : 94.84%
---
class acc :
	Water: 100.00
	Hippo grass: 96.30
	Floodplain grasses 1: 92.04
	Floodplain grasses 2: 99.42
	Reeds: 80.93
	Riparian: 93.95
	Firescar: 98.55
	Island interior: 98.15
	Acacia woodlands: 89.24
	Acacia shrublands: 97.99
	Acacia grasslands: 98.77
	Short mopane: 94.48
	Mixed mopane: 100.00
	Exposed soils: 84.21
---
AA: 94.57%
Kappa: 94.42
run 3 / 5
Best validation overall accuracy 0.94375
Confusion matrix :
[[216   0   0   0   0   0   0   0   0   0   0   0   0   0]
 [  0  81   0   0   0   0   0   0   0   0   0   0   0   0]
 [  0   0 193   0   0   0   6   0   0   2   0   0   0   0]
 [  0   0   1 167   1   1   0   0   2   0   0   0   0   0]
 [  2   8   0  12 171  13   0   0   0   0   0   9   0   0]
 [  0   0   0   0   1 205   0   0   8   0   0   1   0   0]
 [  0   0   3   0   0   0 204   0   0   0   0   0   0   0]
 [  0   0   0   0   0   0   0 162   0   0   0   0   0   0]
 [  0   0   1   0   0   0   0   0 247   3   0   0   0   0]
 [  0   0   0   0   0   0   0   0   0 197   2   0   0   0]
 [  0   0   0   0   0   0   0   0   0   3 241   0   0   0]
 [  0   0   0   0   0   0   0   3   0   0   0 142   0   0]
 [  0   0   0   0   0   0   0   0   0   0   0   2 213   0]
 [  0   0   0   0   0   0   0   1   0   0   0   3   0  72]]---
Accuracy : 96.61%
---
class acc :
	Water: 100.00
	Hippo grass: 100.00
	Floodplain grasses 1: 96.02
	Floodplain grasses 2: 97.09
	Reeds: 79.53
	Riparian: 95.35
	Firescar: 98.55
	Island interior: 100.00
	Acacia woodlands: 98.41
	Acacia shrublands: 98.99
	Acacia grasslands: 98.77
	Short mopane: 97.93
	Mixed mopane: 99.07
	Exposed soils: 94.74
---
AA: 96.75%
Kappa: 96.33
run 4 / 5
Best validation overall accuracy 0.95
Confusion matrix :
[[216   0   0   0   0   0   0   0   0   0   0   0   0   0]
 [  0  80   0   0   1   0   0   0   0   0   0   0   0   0]
 [  0   0 192   1   0   0   0   0   0   8   0   0   0   0]
 [  0   0   0 163   6   0   0   0   3   0   0   0   0   0]
 [  1  13   0  13 159  18   0   0   0   0   0   0   8   3]
 [  0   0   0   0   5 195   0   0   9   0   0   0   2   4]
 [  0   0   1   0   0   0 206   0   0   0   0   0   0   0]
 [  0   0   0   0   0   0   0 143   0  18   0   1   0   0]
 [  0   0   3   5   0   0   0   0 238   5   0   0   0   0]
 [  0   0   0   0   0   0   0   7   0 192   0   0   0   0]
 [  0   0   0   0   0   0   0   1   0   2 241   0   0   0]
 [  0   0   0   0   2   0   0   1   0   0   0 142   0   0]
 [  0   0   0   0   0   0   0   0   0   0   0   2 213   0]
 [  0   0   0   0   1   0   0   7   0   0   0   4   1  63]]---
Accuracy : 94.00%
---
class acc :
	Water: 100.00
	Hippo grass: 98.77
	Floodplain grasses 1: 95.52
	Floodplain grasses 2: 94.77
	Reeds: 73.95
	Riparian: 90.70
	Firescar: 99.52
	Island interior: 88.27
	Acacia woodlands: 94.82
	Acacia shrublands: 96.48
	Acacia grasslands: 98.77
	Short mopane: 97.93
	Mixed mopane: 99.07
	Exposed soils: 82.89
---
AA: 93.68%
Kappa: 93.50
run 5 / 5
Best validation overall accuracy 0.98125
Confusion matrix :
[[216   0   0   0   0   0   0   0   0   0   0   0   0   0]
 [  0  79   0   0   2   0   0   0   0   0   0   0   0   0]
 [  0   0 201   0   0   0   0   0   0   0   0   0   0   0]
 [  0   0   0 172   0   0   0   0   0   0   0   0   0   0]
 [  1  13   0  28 165   6   0   1   0   0   0   1   0   0]
 [  0   2   0   0   5 205   0   0   3   0   0   0   0   0]
 [  0   0   0   0   0   0 207   0   0   0   0   0   0   0]
 [  0   0   0   0   0   0   0 162   0   0   0   0   0   0]
 [  0   0   6   0   0   2   0   0 238   5   0   0   0   0]
 [  0   0   3   0   0   0   0   0   0 194   2   0   0   0]
 [  0   0   0   0   0   0   0   0   0   5 239   0   0   0]
 [  0   0   0   0   0   0   0   0   0   0   0 138   7   0]
 [  0   0   0   0   0   0   0   0   0   0   0   0 215   0]
 [  0   0   0   0   4   0   0   7   0   0   0   3   0  62]]---
Accuracy : 95.92%
---
class acc :
	Water: 100.00
	Hippo grass: 97.53
	Floodplain grasses 1: 100.00
	Floodplain grasses 2: 100.00
	Reeds: 76.74
	Riparian: 95.35
	Firescar: 100.00
	Island interior: 100.00
	Acacia woodlands: 94.82
	Acacia shrublands: 97.49
	Acacia grasslands: 97.95
	Short mopane: 95.17
	Mixed mopane: 100.00
	Exposed soils: 81.58
---
AA: 95.47%
Kappa: 95.58
Agregated results :
Confusion matrix :
[[2.160e+02 0.000e+00 0.000e+00 0.000e+00 0.000e+00 0.000e+00 0.000e+00
  0.000e+00 0.000e+00 0.000e+00 0.000e+00 0.000e+00 0.000e+00 0.000e+00]
 [0.000e+00 7.980e+01 0.000e+00 0.000e+00 1.200e+00 0.000e+00 0.000e+00
  0.000e+00 0.000e+00 0.000e+00 0.000e+00 0.000e+00 0.000e+00 0.000e+00]
 [0.000e+00 0.000e+00 1.932e+02 2.000e-01 0.000e+00 0.000e+00 2.600e+00
  0.000e+00 0.000e+00 5.000e+00 0.000e+00 0.000e+00 0.000e+00 0.000e+00]
 [0.000e+00 0.000e+00 4.000e-01 1.684e+02 2.000e+00 2.000e-01 0.000e+00
  0.000e+00 1.000e+00 0.000e+00 0.000e+00 0.000e+00 0.000e+00 0.000e+00]
 [1.000e+00 1.320e+01 0.000e+00 1.760e+01 1.694e+02 8.200e+00 0.000e+00
  4.000e-01 0.000e+00 0.000e+00 0.000e+00 2.400e+00 2.000e+00 8.000e-01]
 [0.000e+00 4.000e-01 0.000e+00 0.000e+00 7.000e+00 2.020e+02 0.000e+00
  0.000e+00 4.000e+00 0.000e+00 0.000e+00 2.000e-01 6.000e-01 8.000e-01]
 [0.000e+00 0.000e+00 1.400e+00 0.000e+00 0.000e+00 0.000e+00 2.056e+02
  0.000e+00 0.000e+00 0.000e+00 0.000e+00 0.000e+00 0.000e+00 0.000e+00]
 [0.000e+00 0.000e+00 0.000e+00 0.000e+00 0.000e+00 0.000e+00 0.000e+00
  1.560e+02 0.000e+00 3.600e+00 1.600e+00 4.000e-01 0.000e+00 4.000e-01]
 [0.000e+00 0.000e+00 3.000e+00 1.000e+00 0.000e+00 9.400e+00 0.000e+00
  0.000e+00 2.324e+02 5.200e+00 0.000e+00 0.000e+00 0.000e+00 0.000e+00]
 [0.000e+00 0.000e+00 6.000e-01 0.000e+00 0.000e+00 0.000e+00 0.000e+00
  2.200e+00 0.000e+00 1.950e+02 1.200e+00 0.000e+00 0.000e+00 0.000e+00]
 [0.000e+00 0.000e+00 0.000e+00 0.000e+00 0.000e+00 0.000e+00 0.000e+00
  2.000e-01 0.000e+00 3.000e+00 2.408e+02 0.000e+00 0.000e+00 0.000e+00]
 [0.000e+00 0.000e+00 0.000e+00 0.000e+00 8.000e-01 0.000e+00 0.000e+00
  3.000e+00 0.000e+00 0.000e+00 0.000e+00 1.384e+02 2.800e+00 0.000e+00]
 [0.000e+00 0.000e+00 0.000e+00 0.000e+00 0.000e+00 0.000e+00 0.000e+00
  0.000e+00 0.000e+00 0.000e+00 0.000e+00 1.000e+00 2.140e+02 0.000e+00]
 [0.000e+00 0.000e+00 0.000e+00 0.000e+00 2.000e+00 0.000e+00 0.000e+00
  6.600e+00 0.000e+00 0.000e+00 0.000e+00 2.400e+00 6.000e-01 6.440e+01]]---
Accuracy: 95.24 +- 0.92
---
class acc :
	Water: 100.00 +- 0.00
	Hippo grass: 98.52 +- 1.44
	Floodplain grasses 1: 96.12 +- 2.56
	Floodplain grasses 2: 97.91 +- 1.86
	Reeds: 78.79 +- 3.12
	Riparian: 93.95 +- 1.72
	Firescar: 99.32 +- 0.66
	Island interior: 96.30 +- 4.40
	Acacia woodlands: 92.59 +- 4.54
	Acacia shrublands: 97.99 +- 0.95
	Acacia grasslands: 98.69 +- 0.40
	Short mopane: 95.45 +- 2.33
	Mixed mopane: 99.53 +- 0.42
	Exposed soils: 84.74 +- 5.17
---
AA: 94.99 +- 1.05
Kappa: 94.85 +- 0.99
