run 1 / 5
Best validation overall accuracy 0.75
Confusion matrix :
[[   0    0    1    0    4    0    0   30    0    0    0    0    0    6
     0    0]
 [   0  954    8   25    1    3    0    3    0   20  170   99    1    0
     1    0]
 [   0    6  530    8    0    1    0    3    0   74   50   75    0    0
     0    0]
 [   0   12   33  102    0    4    0   33    0    0    3   18    4    4
     0    0]
 [   0    3    3    3  340   36    0   24    0    3    7    3    0   13
     0    0]
 [   0    0    0    0   11  641    0    3    0    0    0    0    1    0
     1    0]
 [   0    0   14    2    0    0    0    9    0    0    0    0    0    0
     0    0]
 [   0    0    4    3    3    0    0  420    0    0    0    0    0    0
     0    0]
 [   0    0    0    0    0   18    0    0    0    0    0    0    0    0
     0    0]
 [   0   11   65    2    0    1    0    4    0  631  119   42    0    0
     0    0]
 [   0   54   54    2    6    7    0    4    0  168 1853   58    4    0
     0    0]
 [   0   12   96    6    1    0    0    4    0   21   85  290   18    0
     0    1]
 [   0    0    0    0    0    0    0    1    0    0    8    0  176    0
     0    0]
 [   0    0    0    0   71    6    0    0    0    0    0    0    0 1058
     4    0]
 [   0    5    2    1   78  137    0    3    0    1    5    3   27   47
    38    0]
 [   0   12    0    0    0    0    0    0    0    0    0    3    0    0
     0   69]]---
Accuracy : 76.99%
---
class acc :
	Alfalfa: 0.00
	Corn-notill: 74.24
	Corn-mintill: 70.95
	Corn: 47.89
	Grass-pasture: 78.16
	Grass-trees: 97.56
	Grass-pasture-mowed: 0.00
	Hay-windrowed: 97.67
	Oats: 0.00
	Soybean-notill: 72.11
	Soybean-mintill: 83.85
	Soybean-clean: 54.31
	Wheat: 95.14
	Woods: 92.89
	Buildings-Grass-Trees-Drives: 10.95
	Stone-Steel-Towers: 82.14
---
AA: 59.87%
Kappa: 73.72
run 2 / 5
Best validation overall accuracy 0.791015625
Confusion matrix :
[[   0    0    1    0    7    0    0   33    0    0    0    0    0    0
     0    0]
 [   0  919    9   10    0    2    0    3    0   16  121  199    2    0
     3    1]
 [   0   10  478   19    0    0    0    1    0  102   20  112    5    0
     0    0]
 [   0   28   24   39    8    1    0   16    0    0    8   70   13    0
     6    0]
 [   0    8    0    0  354    0    0   27    0    0    2    1    0   25
    17    1]
 [   0    0    0    0    2  627    0    0    0    0    0    0   11    0
    17    0]
 [   0    0    1    0    0    0    0   24    0    0    0    0    0    0
     0    0]
 [   0    7    0    0    1    0    0  413    0    0    7    0    1    0
     1    0]
 [   0    0    0    0    0    9    0    0    0    0    0    0    0    0
     9    0]
 [   0   15   75    2    0    3    0    4    0  550  154   71    1    0
     0    0]
 [   0   63   29    0    0   15    0   13    0  210 1795   72   11    0
     0    2]
 [   0   66   74   10    6    0    0    5    0   28   36  296   11    0
     1    1]
 [   0    0    0    0    1    8    0    4    0    0    0    0  171    0
     1    0]
 [   0    0    0    0   16    0    0    0    0    0    0    0    0 1102
    21    0]
 [   0    9    0    0   35  100    0    8    0    0    2    0    3   34
   156    0]
 [   0    0    0    0    0    0    0    0    0    0    0    0    0    0
     0   84]]---
Accuracy : 75.71%
---
class acc :
	Alfalfa: 0.00
	Corn-notill: 71.52
	Corn-mintill: 63.99
	Corn: 18.31
	Grass-pasture: 81.38
	Grass-trees: 95.43
	Grass-pasture-mowed: 0.00
	Hay-windrowed: 96.05
	Oats: 0.00
	Soybean-notill: 62.86
	Soybean-mintill: 81.22
	Soybean-clean: 55.43
	Wheat: 92.43
	Woods: 96.75
	Buildings-Grass-Trees-Drives: 44.96
	Stone-Steel-Towers: 100.00
---
AA: 60.02%
Kappa: 72.35
run 3 / 5
Best validation overall accuracy 0.791015625
Confusion matrix :
[[   4    0    1    0   17    0    0   18    0    0    0    0    1    0
     0    0]
 [   0  908   24   21    1    3    0    2    0   49  218   58    0    1
     0    0]
 [   0   20  511   10    2    0    0    1    0   30   90   83    0    0
     0    0]
 [   0   17   38   88   29    3    0   20    0    0    0   10    0    0
     0    8]
 [   0    2   10    4  377   19    0    7    0    0    1    4    9    0
     2    0]
 [   1    0    0    0    5  612    0    1    0    0    0    0   13    0
    25    0]
 [   0    0    6    0   14    0    0    4    0    0    0    0    0    0
     0    1]
 [   1    0    4    0   13    0    0  409    0    0    0    0    2    0
     0    1]
 [   0    0    0    0    0    4    0    0    0    0    0    0   10    0
     4    0]
 [   0    8   53    0    1    0    0    3    0  658  138   13    1    0
     0    0]
 [   0  117   71    1    2    0    0   12    0  189 1755   52    1    1
     9    0]
 [   0   27   84   15    1    0    0    4    0   47   26  328    0    0
     1    1]
 [   0    0    0    0    1    1    0    0    0    0    0    0  178    0
     5    0]
 [   0    0    0    0    5    0    0    0    0    0    0    0    0 1109
    25    0]
 [   0    2    1    1    1   24    0   13    0    0    3    7   28   79
   188    0]
 [   0    5   10    6    0    0    0    0    0   10    1   12    0    0
     0   40]]---
Accuracy : 77.67%
---
class acc :
	Alfalfa: 9.76
	Corn-notill: 70.66
	Corn-mintill: 68.41
	Corn: 41.31
	Grass-pasture: 86.67
	Grass-trees: 93.15
	Grass-pasture-mowed: 0.00
	Hay-windrowed: 95.12
	Oats: 0.00
	Soybean-notill: 75.20
	Soybean-mintill: 79.41
	Soybean-clean: 61.42
	Wheat: 96.22
	Woods: 97.37
	Buildings-Grass-Trees-Drives: 54.18
	Stone-Steel-Towers: 47.62
---
AA: 61.03%
Kappa: 74.52
run 4 / 5
Best validation overall accuracy 0.7890625
Confusion matrix :
[[   0    0    0    0   20    0    0   20    0    1    0    0    0    0
     0    0]
 [   0  933    7   16    0    1    0    2    0   12  165  146    1    1
     1    0]
 [   0   14  482   24    0    1    0    0    0   77   61   88    0    0
     0    0]
 [   0   16   19   88    1   16    0    8    0   13    9   35    0    0
     8    0]
 [   0    6    2    8  385    4    0   12    0    2    5    4    1    0
     6    0]
 [   0    0    0    0    4  624    0    1    0    0    0    0    1    1
    26    0]
 [   0    0    0    7    0    0    0   18    0    0    0    0    0    0
     0    0]
 [   0    0    0    3    0    0    0  427    0    0    0    0    0    0
     0    0]
 [   0    0    0    0    5    4    0    0    0    0    0    0    4    0
     5    0]
 [   0   36   32    6    0    0    0    4    0  544  206   46    0    0
     1    0]
 [   0  185   26   16    1    0    0    6    0  215 1713   46    2    0
     0    0]
 [   0   42   50   23    0    1    0    1    0   28   30  359    0    0
     0    0]
 [   0    0    0    0    3    0    0    1    0    0    9    0  171    0
     1    0]
 [   0    0    0    0   18    1    0    0    0    0    0    0    0 1092
    28    0]
 [   0    3    0    3   33  100    0    7    0    0    4    0   12   94
    91    0]
 [   0    2    0    0    0    0    0    0    0    0    0    0    0    0
     0   82]]---
Accuracy : 75.78%
---
class acc :
	Alfalfa: 0.00
	Corn-notill: 72.61
	Corn-mintill: 64.52
	Corn: 41.31
	Grass-pasture: 88.51
	Grass-trees: 94.98
	Grass-pasture-mowed: 0.00
	Hay-windrowed: 99.30
	Oats: 0.00
	Soybean-notill: 62.17
	Soybean-mintill: 77.51
	Soybean-clean: 67.23
	Wheat: 92.43
	Woods: 95.87
	Buildings-Grass-Trees-Drives: 26.22
	Stone-Steel-Towers: 97.62
---
AA: 61.27%
Kappa: 72.38
run 5 / 5
Best validation overall accuracy 0.751953125
Confusion matrix :
[[   0    0    1    0    1    0    0   29    0    0    0    0    0    0
    10    0]
 [   0  950   95    1    0    3    0    6    0   11  121   97    0    0
     1    0]
 [   0   91  438    2    2    1    0    3    0   34  120   53    0    0
     3    0]
 [   0   56   27   30    1   21    0   16    0    6    2   34    0    3
    17    0]
 [   0    5    5    3  259   20    0   19    0    2    0    0    0   29
    93    0]
 [   0    0    0    0    0  640    0    1    0    0    0    0    0    0
    16    0]
 [   0    0    6    6    0    0    0   11    0    2    0    0    0    0
     0    0]
 [   0    1    0   17    1    0    0  406    0    0    0    0    0    0
     5    0]
 [   0    0    0    0    0   10    0    0    0    0    0    0    0    0
     8    0]
 [   0   12  114    0    0    0    0    4    0  558  146   39    0    0
     2    0]
 [   0   77   99    7    0    2    0   15    0  153 1815   35    0    0
     7    0]
 [   0  121   85   13    0    8    0   12    0   29   22  233    0    0
    11    0]
 [   0    0    0    0    0  184    0    1    0    0    0    0    0    0
     0    0]
 [   0    0    0    0    2   18    0    0    0    0    0    0    0 1099
    20    0]
 [   0    9    1    1    0  206    0   15    0    0    2    1    0   54
    58    0]
 [   0    3    0   12    0    0    0    0    0    0    0    0    0    0
     0   69]]---
Accuracy : 71.06%
---
class acc :
	Alfalfa: 0.00
	Corn-notill: 73.93
	Corn-mintill: 58.63
	Corn: 14.08
	Grass-pasture: 59.54
	Grass-trees: 97.41
	Grass-pasture-mowed: 0.00
	Hay-windrowed: 94.42
	Oats: 0.00
	Soybean-notill: 63.77
	Soybean-mintill: 82.13
	Soybean-clean: 43.63
	Wheat: 0.00
	Woods: 96.49
	Buildings-Grass-Trees-Drives: 16.71
	Stone-Steel-Towers: 82.14
---
AA: 48.93%
Kappa: 66.86
Agregated results :
Confusion matrix :
[[8.0000e-01 0.0000e+00 8.0000e-01 0.0000e+00 9.8000e+00 0.0000e+00
  0.0000e+00 2.6000e+01 0.0000e+00 2.0000e-01 0.0000e+00 0.0000e+00
  2.0000e-01 1.2000e+00 2.0000e+00 0.0000e+00]
 [0.0000e+00 9.3280e+02 2.8600e+01 1.4600e+01 4.0000e-01 2.4000e+00
  0.0000e+00 3.2000e+00 0.0000e+00 2.1600e+01 1.5900e+02 1.1980e+02
  8.0000e-01 4.0000e-01 1.2000e+00 2.0000e-01]
 [0.0000e+00 2.8200e+01 4.8780e+02 1.2600e+01 8.0000e-01 6.0000e-01
  0.0000e+00 1.6000e+00 0.0000e+00 6.3400e+01 6.8200e+01 8.2200e+01
  1.0000e+00 0.0000e+00 6.0000e-01 0.0000e+00]
 [0.0000e+00 2.5800e+01 2.8200e+01 6.9400e+01 7.8000e+00 9.0000e+00
  0.0000e+00 1.8600e+01 0.0000e+00 3.8000e+00 4.4000e+00 3.3400e+01
  3.4000e+00 1.4000e+00 6.2000e+00 1.6000e+00]
 [0.0000e+00 4.8000e+00 4.0000e+00 3.6000e+00 3.4300e+02 1.5800e+01
  0.0000e+00 1.7800e+01 0.0000e+00 1.4000e+00 3.0000e+00 2.4000e+00
  2.0000e+00 1.3400e+01 2.3600e+01 2.0000e-01]
 [2.0000e-01 0.0000e+00 0.0000e+00 0.0000e+00 4.4000e+00 6.2880e+02
  0.0000e+00 1.2000e+00 0.0000e+00 0.0000e+00 0.0000e+00 0.0000e+00
  5.2000e+00 2.0000e-01 1.7000e+01 0.0000e+00]
 [0.0000e+00 0.0000e+00 5.4000e+00 3.0000e+00 2.8000e+00 0.0000e+00
  0.0000e+00 1.3200e+01 0.0000e+00 4.0000e-01 0.0000e+00 0.0000e+00
  0.0000e+00 0.0000e+00 0.0000e+00 2.0000e-01]
 [2.0000e-01 1.6000e+00 1.6000e+00 4.6000e+00 3.6000e+00 0.0000e+00
  0.0000e+00 4.1500e+02 0.0000e+00 0.0000e+00 1.4000e+00 0.0000e+00
  6.0000e-01 0.0000e+00 1.2000e+00 2.0000e-01]
 [0.0000e+00 0.0000e+00 0.0000e+00 0.0000e+00 1.0000e+00 9.0000e+00
  0.0000e+00 0.0000e+00 0.0000e+00 0.0000e+00 0.0000e+00 0.0000e+00
  2.8000e+00 0.0000e+00 5.2000e+00 0.0000e+00]
 [0.0000e+00 1.6400e+01 6.7800e+01 2.0000e+00 2.0000e-01 8.0000e-01
  0.0000e+00 3.8000e+00 0.0000e+00 5.8820e+02 1.5260e+02 4.2200e+01
  4.0000e-01 0.0000e+00 6.0000e-01 0.0000e+00]
 [0.0000e+00 9.9200e+01 5.5800e+01 5.2000e+00 1.8000e+00 4.8000e+00
  0.0000e+00 1.0000e+01 0.0000e+00 1.8700e+02 1.7862e+03 5.2600e+01
  3.6000e+00 2.0000e-01 3.2000e+00 4.0000e-01]
 [0.0000e+00 5.3600e+01 7.7800e+01 1.3400e+01 1.6000e+00 1.8000e+00
  0.0000e+00 5.2000e+00 0.0000e+00 3.0600e+01 3.9800e+01 3.0120e+02
  5.8000e+00 0.0000e+00 2.6000e+00 6.0000e-01]
 [0.0000e+00 0.0000e+00 0.0000e+00 0.0000e+00 1.0000e+00 3.8600e+01
  0.0000e+00 1.4000e+00 0.0000e+00 0.0000e+00 3.4000e+00 0.0000e+00
  1.3920e+02 0.0000e+00 1.4000e+00 0.0000e+00]
 [0.0000e+00 0.0000e+00 0.0000e+00 0.0000e+00 2.2400e+01 5.0000e+00
  0.0000e+00 0.0000e+00 0.0000e+00 0.0000e+00 0.0000e+00 0.0000e+00
  0.0000e+00 1.0920e+03 1.9600e+01 0.0000e+00]
 [0.0000e+00 5.6000e+00 8.0000e-01 1.2000e+00 2.9400e+01 1.1340e+02
  0.0000e+00 9.2000e+00 0.0000e+00 2.0000e-01 3.2000e+00 2.2000e+00
  1.4000e+01 6.1600e+01 1.0620e+02 0.0000e+00]
 [0.0000e+00 4.4000e+00 2.0000e+00 3.6000e+00 0.0000e+00 0.0000e+00
  0.0000e+00 0.0000e+00 0.0000e+00 2.0000e+00 2.0000e-01 3.0000e+00
  0.0000e+00 0.0000e+00 0.0000e+00 6.8800e+01]]---
Accuracy: 75.44 +- 2.31
---
class acc :
	Alfalfa: 1.95 +- 3.90
	Corn-notill: 72.59 +- 1.37
	Corn-mintill: 65.30 +- 4.20
	Corn: 32.58 +- 13.66
	Grass-pasture: 78.85 +- 10.34
	Grass-trees: 95.71 +- 1.64
	Grass-pasture-mowed: 0.00 +- 0.00
	Hay-windrowed: 96.51 +- 1.77
	Oats: 0.00 +- 0.00
	Soybean-notill: 67.22 +- 5.37
	Soybean-mintill: 80.82 +- 2.19
	Soybean-clean: 56.40 +- 7.88
	Wheat: 75.24 +- 37.65
	Woods: 95.87 +- 1.57
	Buildings-Grass-Trees-Drives: 30.61 +- 16.49
	Stone-Steel-Towers: 81.90 +- 18.71
---
AA: 58.22 +- 4.68
Kappa: 71.97 +- 2.68
