run 1 / 5
Best validation overall accuracy 0.95947265625
Confusion matrix :
[[  19    0    0    0    1    0    0    6    0    0    0    0    0    0
     1    0]
 [   0  812    6    4    1    0    0    0    0    7   21    4    1    1
     0    0]
 [   0    5  480    9    0    0    0    0    0    0    3    1    0    0
     0    0]
 [   0    0    2  135    0    0    0    0    0    0    4    1    0    0
     0    0]
 [   3    0    3    6  262    0    0    4    0    1    2    9    0    0
     0    0]
 [   1    0    0    3    1  433    0    0    0    0    0    0    0    0
     0    0]
 [   0    0    0    0    1    0   15    1    0    0    0    0    0    0
     0    0]
 [   3    0    0    0    0    0    0  283    0    0    0    0    0    0
     1    0]
 [   0    0    0    1    0    0    0    0    7    0    0    0    0    0
     4    0]
 [   0    2    1    1    2    2    0    0    0  547   22    6    0    0
     0    0]
 [   0    7    7    6    4    9    0    0    0    7 1421   12    0    0
     0    0]
 [   1    3   16    4    0    0    0    1    0    0    6  323    0    0
     0    2]
 [   0    0    0    0    0    0    0    0    0    0    0    0  123    0
     0    0]
 [   0    0    0    0    0    0    0    0    0    0    0    0    0  747
    12    0]
 [   0    4    1    2    0    0    0    1    0    2    0    0   10   20
   192    0]
 [   0    2    0    0    0    0    0    0    0    0    0    1    0    0
     0   53]]---
Accuracy : 95.15%
---
class acc :
	Alfalfa: 70.37
	Corn-notill: 94.75
	Corn-mintill: 96.39
	Corn: 95.07
	Grass-pasture: 90.34
	Grass-trees: 98.86
	Grass-pasture-mowed: 88.24
	Hay-windrowed: 98.61
	Oats: 58.33
	Soybean-notill: 93.83
	Soybean-mintill: 96.47
	Soybean-clean: 90.73
	Wheat: 100.00
	Woods: 98.42
	Buildings-Grass-Trees-Drives: 82.76
	Stone-Steel-Towers: 94.64
---
AA: 90.49%
Kappa: 94.48
run 2 / 5
Best validation overall accuracy 0.91796875
Confusion matrix :
[[  22    0    0    1    0    0    0    3    0    0    0    0    0    0
     1    0]
 [   0  776   22    2    0    0    0    2    1   22   10   21    0    0
     1    0]
 [   0    8  452    6    1    0    0    0    0   11   12    8    0    0
     0    0]
 [   0    1    7   94    5    0    0   10    0    0    1   19    0    0
     5    0]
 [   0    1    1   10  252    1    1    3    0    0    2    1    0    1
    17    0]
 [   0    0    0    0    0  436    0    0    0    0    0    0    0    0
     2    0]
 [   0    0    0    6    1    0    8    1    0    0    0    1    0    0
     0    0]
 [   5    0    0    1    0    0    1  276    0    0    0    4    0    0
     0    0]
 [   0    0    0    0    0    2    0    0    5    0    0    0    0    0
     5    0]
 [   0   11    6    1    0    0    0    1    0  527   26    9    0    0
     2    0]
 [   2   18    8    1    4    0    0    0    0   35 1394    2    0    0
     9    0]
 [   0   29   14   12    0    0    0    1    0    2    2  295    0    0
     0    1]
 [   1    0    0    0    0    3    0    0    0    0    0    0  114    0
     5    0]
 [   0    0    0    0    1    0    0    0    0    0    0    0    0  751
     7    0]
 [   1    1    0    3    1    9    0    2    3    0    5    3    2   15
   187    0]
 [   0    0    0    0    0    0    0    0    0    0    0    1    0    0
     0   55]]---
Accuracy : 91.77%
---
class acc :
	Alfalfa: 81.48
	Corn-notill: 90.55
	Corn-mintill: 90.76
	Corn: 66.20
	Grass-pasture: 86.90
	Grass-trees: 99.54
	Grass-pasture-mowed: 47.06
	Hay-windrowed: 96.17
	Oats: 41.67
	Soybean-notill: 90.39
	Soybean-mintill: 94.64
	Soybean-clean: 82.87
	Wheat: 92.68
	Woods: 98.95
	Buildings-Grass-Trees-Drives: 80.60
	Stone-Steel-Towers: 98.21
---
AA: 83.67%
Kappa: 90.62
run 3 / 5
Best validation overall accuracy 0.95166015625
Confusion matrix :
[[  16    0    1    0    1    0    0    9    0    0    0    0    0    0
     0    0]
 [   1  807    1    1    0    0    0    0    1    2   39    5    0    0
     0    0]
 [   0    0  466    5    1    0    1    0    0    3    5   16    0    0
     1    0]
 [   0    0    1  129    0    0    3    2    0    1    1    3    0    0
     2    0]
 [   2    0    3    2  277    0    0    0    0    0    0    4    0    0
     2    0]
 [   0    0    0    0    1  433    0    0    0    0    0    0    0    0
     4    0]
 [   0    0    0    0    0    0   15    2    0    0    0    0    0    0
     0    0]
 [   1    0    0    0    0    0    2  284    0    0    0    0    0    0
     0    0]
 [   0    0    0    0    0    0    0    0    3    0    0    0    0    0
     9    0]
 [   0    3    5    1    1    1    0    0    0  551   10   11    0    0
     0    0]
 [   0   13   12    6    1    5    1    0    0   27 1402    3    2    0
     1    0]
 [   0    6   11    8    0    0    2    0    0    5    0  323    0    0
     0    1]
 [   0    0    0    0    1    0    0    0    0    0    0    0  122    0
     0    0]
 [   0    0    0    0    1    0    0    0    0    0    0    0    0  750
     8    0]
 [   0    1    1   11    5    5    0    1    3    0    0    2    0   10
   193    0]
 [   0    1    0    0    0    0    0    0    0    0    0    0    0    0
     0   55]]---
Accuracy : 94.73%
---
class acc :
	Alfalfa: 59.26
	Corn-notill: 94.17
	Corn-mintill: 93.57
	Corn: 90.85
	Grass-pasture: 95.52
	Grass-trees: 98.86
	Grass-pasture-mowed: 88.24
	Hay-windrowed: 98.95
	Oats: 25.00
	Soybean-notill: 94.51
	Soybean-mintill: 95.18
	Soybean-clean: 90.73
	Wheat: 99.19
	Woods: 98.81
	Buildings-Grass-Trees-Drives: 83.19
	Stone-Steel-Towers: 98.21
---
AA: 87.76%
Kappa: 94.00
run 4 / 5
Best validation overall accuracy 0.93115234375
Confusion matrix :
[[   3    0    0    0    0    0    0   19    0    1    0    0    0    0
     4    0]
 [   0  821    3    3    2    0    0    0    0    4   13   11    0    0
     0    0]
 [   0    2  464   13    0    0    0    0    0    0    2   17    0    0
     0    0]
 [   0    6   10  108    0    4    0    1    0    0    4    3    0    1
     5    0]
 [   0    2    2    6  252    1    0    0    0    0    1    4    0    6
    16    0]
 [   0    0    0    0    6  422    0    0    0    0    0    0    1    0
     9    0]
 [   0    0    0    2    0    0   10    3    0    0    1    0    0    0
     1    0]
 [   0    0    0    1    0    0    1  284    0    0    0    0    0    0
     1    0]
 [   0    0    0    0    0    6    0    0    0    0    0    0    1    0
     5    0]
 [   0    5    0    1    0    0    2    0    0  522   40   12    0    0
     1    0]
 [   0   40   12    0    3    0    1    1    0   14 1391    8    0    2
     1    0]
 [   0    8    5    3    0    0    0    1    0    5    4  330    0    0
     0    0]
 [   0    0    0    0    0    0    0    2    0    0    0    0  121    0
     0    0]
 [   0    0    1    0    4    1    0    0    0    1    1    0    0  744
     7    0]
 [   0    2    0    4   12   12    0    5    0    0    2    0    1   10
   184    0]
 [   0    1    0    0    0    0    0    0    0    0    1    0    0    0
     0   54]]---
Accuracy : 92.85%
---
class acc :
	Alfalfa: 11.11
	Corn-notill: 95.80
	Corn-mintill: 93.17
	Corn: 76.06
	Grass-pasture: 86.90
	Grass-trees: 96.35
	Grass-pasture-mowed: 58.82
	Hay-windrowed: 98.95
	Oats: 0.00
	Soybean-notill: 89.54
	Soybean-mintill: 94.43
	Soybean-clean: 92.70
	Wheat: 98.37
	Woods: 98.02
	Buildings-Grass-Trees-Drives: 79.31
	Stone-Steel-Towers: 96.43
---
AA: 79.12%
Kappa: 91.84
run 5 / 5
Best validation overall accuracy 0.9453125
Confusion matrix :
[[  15    0    1    0    0    3    0    8    0    0    0    0    0    0
     0    0]
 [   0  835    7    2    2    0    0    0    0    2    5    4    0    0
     0    0]
 [   0   11  468    4    0    0    0    0    0    2    3   10    0    0
     0    0]
 [   0   10   20  111    0    0    0    0    0    0    0    0    0    1
     0    0]
 [   2    5    1   11  264    4    0    1    1    0    1    0    0    0
     0    0]
 [   1    0    0    0    0  430    0    1    0    0    0    0    0    0
     6    0]
 [   1    0    1    6    5    0    1    2    0    1    0    0    0    0
     0    0]
 [  12    2    1    3    7    3    0  259    0    0    0    0    0    0
     0    0]
 [   0    0    0    0    0    5    0    0    1    0    0    0    0    0
     6    0]
 [   0    8    3    0    2    1    0    0    0  547   18    4    0    0
     0    0]
 [   0   19    9   10    0    0    1    0    0   15 1412    7    0    0
     0    0]
 [   0    2   29    1    1    0    0    0    0    3    5  313    0    0
     1    1]
 [   0    0    0    0    0    1    0    0    0    0    0    0  122    0
     0    0]
 [   0    0    0    0    0    0    0    0    0    0    0    0    0  758
     1    0]
 [   2    0    1    0    6    7    0    0    0    3    2    0    8   29
   174    0]
 [   0    0    0    1    0    0    0    0    0    0    0    0    0    0
     0   55]]---
Accuracy : 93.74%
---
class acc :
	Alfalfa: 55.56
	Corn-notill: 97.43
	Corn-mintill: 93.98
	Corn: 78.17
	Grass-pasture: 91.03
	Grass-trees: 98.17
	Grass-pasture-mowed: 5.88
	Hay-windrowed: 90.24
	Oats: 8.33
	Soybean-notill: 93.83
	Soybean-mintill: 95.86
	Soybean-clean: 87.92
	Wheat: 99.19
	Woods: 99.87
	Buildings-Grass-Trees-Drives: 75.00
	Stone-Steel-Towers: 98.21
---
AA: 79.29%
Kappa: 92.86
Agregated results :
Confusion matrix :
[[1.500e+01 0.000e+00 4.000e-01 2.000e-01 4.000e-01 6.000e-01 0.000e+00
  9.000e+00 0.000e+00 2.000e-01 0.000e+00 0.000e+00 0.000e+00 0.000e+00
  1.200e+00 0.000e+00]
 [2.000e-01 8.102e+02 7.800e+00 2.400e+00 1.000e+00 0.000e+00 0.000e+00
  4.000e-01 4.000e-01 7.400e+00 1.760e+01 9.000e+00 2.000e-01 2.000e-01
  2.000e-01 0.000e+00]
 [0.000e+00 5.200e+00 4.660e+02 7.400e+00 4.000e-01 0.000e+00 2.000e-01
  0.000e+00 0.000e+00 3.200e+00 5.000e+00 1.040e+01 0.000e+00 0.000e+00
  2.000e-01 0.000e+00]
 [0.000e+00 3.400e+00 8.000e+00 1.154e+02 1.000e+00 8.000e-01 6.000e-01
  2.600e+00 0.000e+00 2.000e-01 2.000e+00 5.200e+00 0.000e+00 4.000e-01
  2.400e+00 0.000e+00]
 [1.400e+00 1.600e+00 2.000e+00 7.000e+00 2.614e+02 1.200e+00 2.000e-01
  1.600e+00 2.000e-01 2.000e-01 1.200e+00 3.600e+00 0.000e+00 1.400e+00
  7.000e+00 0.000e+00]
 [4.000e-01 0.000e+00 0.000e+00 6.000e-01 1.600e+00 4.308e+02 0.000e+00
  2.000e-01 0.000e+00 0.000e+00 0.000e+00 0.000e+00 2.000e-01 0.000e+00
  4.200e+00 0.000e+00]
 [2.000e-01 0.000e+00 2.000e-01 2.800e+00 1.400e+00 0.000e+00 9.800e+00
  1.800e+00 0.000e+00 2.000e-01 2.000e-01 2.000e-01 0.000e+00 0.000e+00
  2.000e-01 0.000e+00]
 [4.200e+00 4.000e-01 2.000e-01 1.000e+00 1.400e+00 6.000e-01 8.000e-01
  2.772e+02 0.000e+00 0.000e+00 0.000e+00 8.000e-01 0.000e+00 0.000e+00
  4.000e-01 0.000e+00]
 [0.000e+00 0.000e+00 0.000e+00 2.000e-01 0.000e+00 2.600e+00 0.000e+00
  0.000e+00 3.200e+00 0.000e+00 0.000e+00 0.000e+00 2.000e-01 0.000e+00
  5.800e+00 0.000e+00]
 [0.000e+00 5.800e+00 3.000e+00 8.000e-01 1.000e+00 8.000e-01 4.000e-01
  2.000e-01 0.000e+00 5.388e+02 2.320e+01 8.400e+00 0.000e+00 0.000e+00
  6.000e-01 0.000e+00]
 [4.000e-01 1.940e+01 9.600e+00 4.600e+00 2.400e+00 2.800e+00 6.000e-01
  2.000e-01 0.000e+00 1.960e+01 1.404e+03 6.400e+00 4.000e-01 4.000e-01
  2.200e+00 0.000e+00]
 [2.000e-01 9.600e+00 1.500e+01 5.600e+00 2.000e-01 0.000e+00 4.000e-01
  6.000e-01 0.000e+00 3.000e+00 3.400e+00 3.168e+02 0.000e+00 0.000e+00
  2.000e-01 1.000e+00]
 [2.000e-01 0.000e+00 0.000e+00 0.000e+00 2.000e-01 8.000e-01 0.000e+00
  4.000e-01 0.000e+00 0.000e+00 0.000e+00 0.000e+00 1.204e+02 0.000e+00
  1.000e+00 0.000e+00]
 [0.000e+00 0.000e+00 2.000e-01 0.000e+00 1.200e+00 2.000e-01 0.000e+00
  0.000e+00 0.000e+00 2.000e-01 2.000e-01 0.000e+00 0.000e+00 7.500e+02
  7.000e+00 0.000e+00]
 [6.000e-01 1.600e+00 6.000e-01 4.000e+00 4.800e+00 6.600e+00 0.000e+00
  1.800e+00 1.200e+00 1.000e+00 1.800e+00 1.000e+00 4.200e+00 1.680e+01
  1.860e+02 0.000e+00]
 [0.000e+00 8.000e-01 0.000e+00 2.000e-01 0.000e+00 0.000e+00 0.000e+00
  0.000e+00 0.000e+00 0.000e+00 2.000e-01 4.000e-01 0.000e+00 0.000e+00
  0.000e+00 5.440e+01]]---
Accuracy: 93.65 +- 1.23
---
class acc :
	Alfalfa: 55.56 +- 24.00
	Corn-notill: 94.54 +- 2.28
	Corn-mintill: 93.57 +- 1.80
	Corn: 81.27 +- 10.45
	Grass-pasture: 90.14 +- 3.19
	Grass-trees: 98.36 +- 1.09
	Grass-pasture-mowed: 57.65 +- 30.54
	Hay-windrowed: 96.59 +- 3.34
	Oats: 26.67 +- 21.34
	Soybean-notill: 92.42 +- 2.04
	Soybean-mintill: 95.32 +- 0.76
	Soybean-clean: 88.99 +- 3.42
	Wheat: 97.89 +- 2.65
	Woods: 98.81 +- 0.62
	Buildings-Grass-Trees-Drives: 80.17 +- 2.95
	Stone-Steel-Towers: 97.14 +- 1.43
---
AA: 84.07 +- 4.52
Kappa: 92.76 +- 1.41
