run 1 / 5
Best validation overall accuracy 0.96875
Confusion matrix :
[[   2    1    0    0    0    3    0   33    0    2    0    0    0    0
     0    0]
 [   0 1231   16    0    4    0    0    0    0    1   30    0    0    3
     0    0]
 [   0    2  745    0    0    0    0    0    0    0    0    0    0    0
     0    0]
 [   0    0    1  212    0    0    0    0    0    0    0    0    0    0
     0    0]
 [   0    0    2    0  388    0    1    3    0    0    0    0    0   27
    14    0]
 [   0    0    0    0    0  657    0    0    0    0    0    0    0    0
     0    0]
 [   0    0    0    0    2    0   22    0    0    0    0    0    0    1
     0    0]
 [   0    0    0    0    0    0    0  430    0    0    0    0    0    0
     0    0]
 [   0    0    7    5    0    0    0    0    0    0    0    0    1    5
     0    0]
 [   0    5    1    0    2    1    0    0    0  825   32    1    0    2
     6    0]
 [   0   11    0    0    0    1    0    0    0   18 2165   10    0    5
     0    0]
 [   0    0    4    0    0    0    0    0    0    2    7  516    0    0
     2    3]
 [   0    0    2    0    0    0    0    0    0    0    0    0  183    0
     0    0]
 [   0    0    0    0    0    0    0    0    0    0    0    0    0 1135
     4    0]
 [   0    0    0    0    0    0    0    0    0    0    0    0    0   36
   311    0]
 [   0    0    0    0    0    0    0    0    0    0    0    1    0    0
     0   83]]---
Accuracy : 96.53%
---
class acc :
	Alfalfa: 4.88
	Corn-notill: 95.80
	Corn-mintill: 99.73
	Corn: 99.53
	Grass-pasture: 89.20
	Grass-trees: 100.00
	Grass-pasture-mowed: 88.00
	Hay-windrowed: 100.00
	Oats: 0.00
	Soybean-notill: 94.29
	Soybean-mintill: 97.96
	Soybean-clean: 96.63
	Wheat: 98.92
	Woods: 99.65
	Buildings-Grass-Trees-Drives: 89.63
	Stone-Steel-Towers: 98.81
---
AA: 84.56%
Kappa: 96.04
run 2 / 5
Best validation overall accuracy 0.96875
Confusion matrix :
[[   4    1    0    0    1    0    0   33    0    2    0    0    0    0
     0    0]
 [   0 1220    1    3    0    0    0    0    0   17   42    2    0    0
     0    0]
 [   0   10  707    9    0    0    0    0    0    0   11   10    0    0
     0    0]
 [   0    0    0  204    0    0    0    0    0    0    0    9    0    0
     0    0]
 [   0    0    0    6  418    0    0    0    0    0    0    0    0   11
     0    0]
 [   0    0    0    0    0  654    0    0    0    0    3    0    0    0
     0    0]
 [   0    0    0    0    3    0    6   15    0    0    0    0    0    0
     1    0]
 [   0    0    0    0    0    0    0  430    0    0    0    0    0    0
     0    0]
 [   0    0    0   16    0    0    0    0    0    0    1    0    0    0
     1    0]
 [   0    3    0    0    0    0    0    0    0  864    8    0    0    0
     0    0]
 [   0   22    0    0    0    1    0    0    0   56 2128    1    0    0
     2    0]
 [   0    0    0    0    0    0    0    0    0    0    7  522    0    0
     4    1]
 [   0    0    0    0    0    0    0    0    0    0    0    0  185    0
     0    0]
 [   0    0    0    0    5    0    0    0    0    0    0    0    0 1127
     7    0]
 [   0    0    0    0    0    0    0    0    0    0    0    0    0   20
   327    0]
 [   0    0    0    0    0    0    0    0    0    0    0    8    0    0
     0   76]]---
Accuracy : 96.17%
---
class acc :
	Alfalfa: 9.76
	Corn-notill: 94.94
	Corn-mintill: 94.65
	Corn: 95.77
	Grass-pasture: 96.09
	Grass-trees: 99.54
	Grass-pasture-mowed: 24.00
	Hay-windrowed: 100.00
	Oats: 0.00
	Soybean-notill: 98.74
	Soybean-mintill: 96.29
	Soybean-clean: 97.75
	Wheat: 100.00
	Woods: 98.95
	Buildings-Grass-Trees-Drives: 94.24
	Stone-Steel-Towers: 90.48
---
AA: 80.70%
Kappa: 95.64
run 3 / 5
Best validation overall accuracy 0.96484375
Confusion matrix :
[[  23    0    0    0    8    0    0    2    0    8    0    0    0    0
     0    0]
 [   0 1262    4    0    0    0    0    0    0   12    2    0    0    5
     0    0]
 [   0   17  713    5    0    0    0    0    0    5    5    2    0    0
     0    0]
 [   0    1    6  205    0    0    0    0    0    0    0    1    0    0
     0    0]
 [   0    0    1    0  415    0    0    0    0   13    0    2    0    0
     4    0]
 [   0    0    0    0    0  657    0    0    0    0    0    0    0    0
     0    0]
 [   0    0    0    0    3    2    0   17    0    2    0    0    0    0
     1    0]
 [   0    0    0    0    0    0    0  430    0    0    0    0    0    0
     0    0]
 [   0    0    0    6    9    2    0    0    0    1    0    0    0    0
     0    0]
 [   0    4    0    0    0    0    0    0    0  855   14    0    0    2
     0    0]
 [   0   40    2    3    0    0    0    0    0   22 2141    0    0    2
     0    0]
 [   0    1    0    1    0    0    0    0    0   26    1  505    0    0
     0    0]
 [   0    0    0    0    8    0    0    0    0    0    0    0  177    0
     0    0]
 [   0    0    0    0    0    0    0    0    0    0    0    0    0 1139
     0    0]
 [   0    3    0    0    0    0    0    0    0    0    0    0    0   26
   318    0]
 [   0    0    0    0    0    0    0    0    0    0    0    2    0    0
     0   82]]---
Accuracy : 96.72%
---
class acc :
	Alfalfa: 56.10
	Corn-notill: 98.21
	Corn-mintill: 95.45
	Corn: 96.24
	Grass-pasture: 95.40
	Grass-trees: 100.00
	Grass-pasture-mowed: 0.00
	Hay-windrowed: 100.00
	Oats: 0.00
	Soybean-notill: 97.71
	Soybean-mintill: 96.88
	Soybean-clean: 94.57
	Wheat: 95.68
	Woods: 100.00
	Buildings-Grass-Trees-Drives: 91.64
	Stone-Steel-Towers: 97.62
---
AA: 82.22%
Kappa: 96.25
run 4 / 5
Best validation overall accuracy 0.95703125
Confusion matrix :
[[   0    0    0    0    0    1    0   28    0   11    0    0    0    1
     0    0]
 [   0 1249    3    4    0    0    0    0    0   24    2    3    0    0
     0    0]
 [   0   27  718    0    0    0    0    0    0    0    1    1    0    0
     0    0]
 [   0    0   11  196    0    0    0    0    0    0    0    6    0    0
     0    0]
 [   0    0    4    0  405    0    0    0    0    0    0   11    0   10
     5    0]
 [   0    0    0    0    0  656    0    0    0    0    0    0    0    0
     1    0]
 [   0    0    0    0   24    0    0    0    0    0    1    0    0    0
     0    0]
 [   0    0    0    0    0    0    0  430    0    0    0    0    0    0
     0    0]
 [   0    0    3    0    9    6    0    0    0    0    0    0    0    0
     0    0]
 [   0    1    0    0    0    0    0    0    0  862    0   12    0    0
     0    0]
 [   0   48    3    0    8    0    0    0    0    9 2142    0    0    0
     0    0]
 [   0    0    4    2    0    0    0    0    0    0    0  528    0    0
     0    0]
 [   0    0    0    0    0    0    0    0    0    0    0    0  185    0
     0    0]
 [   0    0    0    0    8    0    0    0    0    0    0    0    0 1128
     3    0]
 [   0    0    0    0    0    3    0    0    0    0    0    1    0    4
   339    0]
 [   0    2    0    0    0    0    0    0    0    0    0   27    0    0
     0   55]]---
Accuracy : 96.40%
---
class acc :
	Alfalfa: 0.00
	Corn-notill: 97.20
	Corn-mintill: 96.12
	Corn: 92.02
	Grass-pasture: 93.10
	Grass-trees: 99.85
	Grass-pasture-mowed: 0.00
	Hay-windrowed: 100.00
	Oats: 0.00
	Soybean-notill: 98.51
	Soybean-mintill: 96.92
	Soybean-clean: 98.88
	Wheat: 100.00
	Woods: 99.03
	Buildings-Grass-Trees-Drives: 97.69
	Stone-Steel-Towers: 65.48
---
AA: 77.18%
Kappa: 95.90
run 5 / 5
Best validation overall accuracy 0.96484375
Confusion matrix :
[[   1    1    0    0    6    1    0   12    0    6    0   11    0    3
     0    0]
 [   0 1228   29    0    0    0    0    0    0    3   25    0    0    0
     0    0]
 [   0    0  739    0    0    0    0    0    0    0    8    0    0    0
     0    0]
 [   0    0   19  189    0    0    0    0    0    0    0    5    0    0
     0    0]
 [   0    2    1    0  404    2    0    0    0    4    0    0    0   21
     1    0]
 [   0    0    0    0    0  657    0    0    0    0    0    0    0    0
     0    0]
 [   0    0    0    0   12    1    0    0    0    6    4    0    0    1
     1    0]
 [   0    0    0    0    1    0    0  429    0    0    0    0    0    0
     0    0]
 [   0    0    3    1    2   10    0    0    0    0    2    0    0    0
     0    0]
 [   0    3    0    0    0    0    0    0    0  855   13    4    0    0
     0    0]
 [   0   17    3    0    1    3    0    0    0   41 2124   17    0    0
     4    0]
 [   0    0    4   16    0    0    0    0    0   19    5  478    0    0
    10    2]
 [   0    0    0    0    1    0    0    0    0    0    0    0  184    0
     0    0]
 [   0    0    0    0    0    0    0    0    0    0    0    0    0 1134
     5    0]
 [   0    0    0    0    0    0    0    0    0    0    0    0    0    9
   338    0]
 [   0    0    0    0    0    0    0    0    0    0    0    1    0    0
     0   83]]---
Accuracy : 95.86%
---
class acc :
	Alfalfa: 2.44
	Corn-notill: 95.56
	Corn-mintill: 98.93
	Corn: 88.73
	Grass-pasture: 92.87
	Grass-trees: 100.00
	Grass-pasture-mowed: 0.00
	Hay-windrowed: 99.77
	Oats: 0.00
	Soybean-notill: 97.71
	Soybean-mintill: 96.11
	Soybean-clean: 89.51
	Wheat: 99.46
	Woods: 99.56
	Buildings-Grass-Trees-Drives: 97.41
	Stone-Steel-Towers: 98.81
---
AA: 78.55%
Kappa: 95.28
Agregated results :
Confusion matrix :
[[6.0000e+00 6.0000e-01 0.0000e+00 0.0000e+00 3.0000e+00 1.0000e+00
  0.0000e+00 2.1600e+01 0.0000e+00 5.8000e+00 0.0000e+00 2.2000e+00
  0.0000e+00 8.0000e-01 0.0000e+00 0.0000e+00]
 [0.0000e+00 1.2380e+03 1.0600e+01 1.4000e+00 8.0000e-01 0.0000e+00
  0.0000e+00 0.0000e+00 0.0000e+00 1.1400e+01 2.0200e+01 1.0000e+00
  0.0000e+00 1.6000e+00 0.0000e+00 0.0000e+00]
 [0.0000e+00 1.1200e+01 7.2440e+02 2.8000e+00 0.0000e+00 0.0000e+00
  0.0000e+00 0.0000e+00 0.0000e+00 1.0000e+00 5.0000e+00 2.6000e+00
  0.0000e+00 0.0000e+00 0.0000e+00 0.0000e+00]
 [0.0000e+00 2.0000e-01 7.4000e+00 2.0120e+02 0.0000e+00 0.0000e+00
  0.0000e+00 0.0000e+00 0.0000e+00 0.0000e+00 0.0000e+00 4.2000e+00
  0.0000e+00 0.0000e+00 0.0000e+00 0.0000e+00]
 [0.0000e+00 4.0000e-01 1.6000e+00 1.2000e+00 4.0600e+02 4.0000e-01
  2.0000e-01 6.0000e-01 0.0000e+00 3.4000e+00 0.0000e+00 2.6000e+00
  0.0000e+00 1.3800e+01 4.8000e+00 0.0000e+00]
 [0.0000e+00 0.0000e+00 0.0000e+00 0.0000e+00 0.0000e+00 6.5620e+02
  0.0000e+00 0.0000e+00 0.0000e+00 0.0000e+00 6.0000e-01 0.0000e+00
  0.0000e+00 0.0000e+00 2.0000e-01 0.0000e+00]
 [0.0000e+00 0.0000e+00 0.0000e+00 0.0000e+00 8.8000e+00 6.0000e-01
  5.6000e+00 6.4000e+00 0.0000e+00 1.6000e+00 1.0000e+00 0.0000e+00
  0.0000e+00 4.0000e-01 6.0000e-01 0.0000e+00]
 [0.0000e+00 0.0000e+00 0.0000e+00 0.0000e+00 2.0000e-01 0.0000e+00
  0.0000e+00 4.2980e+02 0.0000e+00 0.0000e+00 0.0000e+00 0.0000e+00
  0.0000e+00 0.0000e+00 0.0000e+00 0.0000e+00]
 [0.0000e+00 0.0000e+00 2.6000e+00 5.6000e+00 4.0000e+00 3.6000e+00
  0.0000e+00 0.0000e+00 0.0000e+00 2.0000e-01 6.0000e-01 0.0000e+00
  2.0000e-01 1.0000e+00 2.0000e-01 0.0000e+00]
 [0.0000e+00 3.2000e+00 2.0000e-01 0.0000e+00 4.0000e-01 2.0000e-01
  0.0000e+00 0.0000e+00 0.0000e+00 8.5220e+02 1.3400e+01 3.4000e+00
  0.0000e+00 8.0000e-01 1.2000e+00 0.0000e+00]
 [0.0000e+00 2.7600e+01 1.6000e+00 6.0000e-01 1.8000e+00 1.0000e+00
  0.0000e+00 0.0000e+00 0.0000e+00 2.9200e+01 2.1400e+03 5.6000e+00
  0.0000e+00 1.4000e+00 1.2000e+00 0.0000e+00]
 [0.0000e+00 2.0000e-01 2.4000e+00 3.8000e+00 0.0000e+00 0.0000e+00
  0.0000e+00 0.0000e+00 0.0000e+00 9.4000e+00 4.0000e+00 5.0980e+02
  0.0000e+00 0.0000e+00 3.2000e+00 1.2000e+00]
 [0.0000e+00 0.0000e+00 4.0000e-01 0.0000e+00 1.8000e+00 0.0000e+00
  0.0000e+00 0.0000e+00 0.0000e+00 0.0000e+00 0.0000e+00 0.0000e+00
  1.8280e+02 0.0000e+00 0.0000e+00 0.0000e+00]
 [0.0000e+00 0.0000e+00 0.0000e+00 0.0000e+00 2.6000e+00 0.0000e+00
  0.0000e+00 0.0000e+00 0.0000e+00 0.0000e+00 0.0000e+00 0.0000e+00
  0.0000e+00 1.1326e+03 3.8000e+00 0.0000e+00]
 [0.0000e+00 6.0000e-01 0.0000e+00 0.0000e+00 0.0000e+00 6.0000e-01
  0.0000e+00 0.0000e+00 0.0000e+00 0.0000e+00 0.0000e+00 2.0000e-01
  0.0000e+00 1.9000e+01 3.2660e+02 0.0000e+00]
 [0.0000e+00 4.0000e-01 0.0000e+00 0.0000e+00 0.0000e+00 0.0000e+00
  0.0000e+00 0.0000e+00 0.0000e+00 0.0000e+00 0.0000e+00 7.8000e+00
  0.0000e+00 0.0000e+00 0.0000e+00 7.5800e+01]]---
Accuracy: 96.34 +- 0.30
---
class acc :
	Alfalfa: 14.63 +- 20.98
	Corn-notill: 96.34 +- 1.19
	Corn-mintill: 96.97 +- 2.00
	Corn: 94.46 +- 3.73
	Grass-pasture: 93.33 +- 2.42
	Grass-trees: 99.88 +- 0.18
	Grass-pasture-mowed: 22.40 +- 34.09
	Hay-windrowed: 99.95 +- 0.09
	Oats: 0.00 +- 0.00
	Soybean-notill: 97.39 +- 1.61
	Soybean-mintill: 96.83 +- 0.65
	Soybean-clean: 95.47 +- 3.30
	Wheat: 98.81 +- 1.62
	Woods: 99.44 +- 0.39
	Buildings-Grass-Trees-Drives: 94.12 +- 3.16
	Stone-Steel-Towers: 90.24 +- 12.76
---
AA: 80.64 +- 2.62
Kappa: 95.82 +- 0.34
