run 1 / 5
Best validation overall accuracy 0.99609375
Confusion matrix :
[[  27    0    0    0    0    0    0    0    0    0    0    0    0    0
     0    0]
 [   0  835    0    0    0    0    0    0    0    8   14    0    0    0
     0    0]
 [   0    1  495    2    0    0    0    0    0    0    0    0    0    0
     0    0]
 [   0    0    0  141    0    0    0    0    0    0    0    1    0    0
     0    0]
 [   0    0    1    0  287    0    0    0    0    0    0    1    0    0
     1    0]
 [   0    0    0    0    0  438    0    0    0    0    0    0    0    0
     0    0]
 [   0    0    0    0    0    0   17    0    0    0    0    0    0    0
     0    0]
 [   0    0    0    0    0    0    0  287    0    0    0    0    0    0
     0    0]
 [   0    0    1    0    0    0    0    0   11    0    0    0    0    0
     0    0]
 [   0    1    0    0    0    0    0    0    0  570   10    1    0    0
     1    0]
 [   0    0    0    0    0    0    0    0    0    4 1469    0    0    0
     0    0]
 [   0    0    0    0    0    0    0    0    0    0    0  353    0    0
     1    2]
 [   0    0    0    0    0    0    0    0    0    0    0    0  123    0
     0    0]
 [   0    0    0    0    0    0    0    0    0    0    0    0    0  757
     2    0]
 [   0    0    0    0    0    0    0    0    0    0    0    0    0    0
   232    0]
 [   0    0    0    0    0    0    0    0    0    0    0    1    0    0
     0   55]]---
Accuracy : 99.14%
---
class acc :
	Alfalfa: 100.00
	Corn-notill: 97.43
	Corn-mintill: 99.40
	Corn: 99.30
	Grass-pasture: 98.97
	Grass-trees: 100.00
	Grass-pasture-mowed: 100.00
	Hay-windrowed: 100.00
	Oats: 91.67
	Soybean-notill: 97.77
	Soybean-mintill: 99.73
	Soybean-clean: 99.16
	Wheat: 100.00
	Woods: 99.74
	Buildings-Grass-Trees-Drives: 100.00
	Stone-Steel-Towers: 98.21
---
AA: 98.84%
Kappa: 99.02
run 2 / 5
Best validation overall accuracy 0.99609375
Confusion matrix :
[[  27    0    0    0    0    0    0    0    0    0    0    0    0    0
     0    0]
 [   0  853    0    0    0    0    0    0    0    4    0    0    0    0
     0    0]
 [   0    0  498    0    0    0    0    0    0    0    0    0    0    0
     0    0]
 [   0    0    0  142    0    0    0    0    0    0    0    0    0    0
     0    0]
 [   0    0    0    0  289    0    0    0    0    0    1    0    0    0
     0    0]
 [   0    0    0    0    0  438    0    0    0    0    0    0    0    0
     0    0]
 [   0    0    0    0    0    0   17    0    0    0    0    0    0    0
     0    0]
 [   0    0    0    0    0    0    0  287    0    0    0    0    0    0
     0    0]
 [   0    0    0    0    0    0    0    0   12    0    0    0    0    0
     0    0]
 [   0    0    0    0    0    0    0    0    0  583    0    0    0    0
     0    0]
 [   0   10    0    0    0    0    0    0    0    3 1460    0    0    0
     0    0]
 [   0    0    0    0    0    0    0    0    0    0    0  356    0    0
     0    0]
 [   0    0    0    0    0    0    0    0    0    0    0    0  123    0
     0    0]
 [   0    0    0    0    0    0    0    0    0    0    0    0    0  759
     0    0]
 [   0    0    0    0    0    0    0    0    0    0    0    0    0    1
   231    0]
 [   0    0    0    0    0    0    0    0    0    0    0    0    0    0
     0   56]]---
Accuracy : 99.69%
---
class acc :
	Alfalfa: 100.00
	Corn-notill: 99.53
	Corn-mintill: 100.00
	Corn: 100.00
	Grass-pasture: 99.66
	Grass-trees: 100.00
	Grass-pasture-mowed: 100.00
	Hay-windrowed: 100.00
	Oats: 100.00
	Soybean-notill: 100.00
	Soybean-mintill: 99.12
	Soybean-clean: 100.00
	Wheat: 100.00
	Woods: 100.00
	Buildings-Grass-Trees-Drives: 99.57
	Stone-Steel-Towers: 100.00
---
AA: 99.87%
Kappa: 99.65
run 3 / 5
Best validation overall accuracy 0.99755859375
Confusion matrix :
[[  27    0    0    0    0    0    0    0    0    0    0    0    0    0
     0    0]
 [   0  854    0    0    0    0    0    0    0    0    3    0    0    0
     0    0]
 [   0    0  496    2    0    0    0    0    0    0    0    0    0    0
     0    0]
 [   0    0    0  142    0    0    0    0    0    0    0    0    0    0
     0    0]
 [   0    0    0    0  290    0    0    0    0    0    0    0    0    0
     0    0]
 [   0    0    0    0    0  438    0    0    0    0    0    0    0    0
     0    0]
 [   0    0    0    0    0    0   17    0    0    0    0    0    0    0
     0    0]
 [   0    0    0    0    0    0    0  287    0    0    0    0    0    0
     0    0]
 [   0    0    2    0    0    0    0    0   10    0    0    0    0    0
     0    0]
 [   0    0    0    0    0    0    0    0    0  583    0    0    0    0
     0    0]
 [   0    3    0    0    0    1    0    0    0   12 1457    0    0    0
     0    0]
 [   0    0    1    0    0    0    0    0    0    0    0  354    0    0
     0    1]
 [   0    0    0    0    0    0    0    0    0    0    0    0  123    0
     0    0]
 [   0    0    0    0    0    0    0    0    0    0    0    0    0  759
     0    0]
 [   0    0    0    0    0    0    0    0    0    0    0    0    0    1
   231    0]
 [   0    0    0    0    0    0    0    0    0    0    0    1    0    0
     0   55]]---
Accuracy : 99.56%
---
class acc :
	Alfalfa: 100.00
	Corn-notill: 99.65
	Corn-mintill: 99.60
	Corn: 100.00
	Grass-pasture: 100.00
	Grass-trees: 100.00
	Grass-pasture-mowed: 100.00
	Hay-windrowed: 100.00
	Oats: 83.33
	Soybean-notill: 100.00
	Soybean-mintill: 98.91
	Soybean-clean: 99.44
	Wheat: 100.00
	Woods: 100.00
	Buildings-Grass-Trees-Drives: 99.57
	Stone-Steel-Towers: 98.21
---
AA: 98.67%
Kappa: 99.50
run 4 / 5
Best validation overall accuracy 0.9931640625
Confusion matrix :
[[  26    1    0    0    0    0    0    0    0    0    0    0    0    0
     0    0]
 [   0  846    0    0    0    0    0    0    0    0   11    0    0    0
     0    0]
 [   0    0  497    1    0    0    0    0    0    0    0    0    0    0
     0    0]
 [   0    0    3  138    0    0    0    0    0    0    0    1    0    0
     0    0]
 [   0    0    6    0  278    0    0    0    0    6    0    0    0    0
     0    0]
 [   0    0    0    0    0  438    0    0    0    0    0    0    0    0
     0    0]
 [   0    0    0    0    0    0   17    0    0    0    0    0    0    0
     0    0]
 [   0    0    0    0    0    0    0  287    0    0    0    0    0    0
     0    0]
 [   0    0    3    0    0    0    0    0    9    0    0    0    0    0
     0    0]
 [   0    0    0    0    0    0    0    0    0  580    2    1    0    0
     0    0]
 [   0    1    0    0    0    0    0    0    0    0 1472    0    0    0
     0    0]
 [   0    0    0    0    0    0    0    0    0    0    1  355    0    0
     0    0]
 [   0    0    0    0    0    0    0    0    0    0    0    0  123    0
     0    0]
 [   0    0    0    0    0    0    0    0    0    0    0    0    0  758
     1    0]
 [   0    0    0    0    0    0    0    0    0    0    0    0    0    5
   227    0]
 [   0    0    0    0    0    0    0    0    0    0    0    1    0    0
     0   55]]---
Accuracy : 99.28%
---
class acc :
	Alfalfa: 96.30
	Corn-notill: 98.72
	Corn-mintill: 99.80
	Corn: 97.18
	Grass-pasture: 95.86
	Grass-trees: 100.00
	Grass-pasture-mowed: 100.00
	Hay-windrowed: 100.00
	Oats: 75.00
	Soybean-notill: 99.49
	Soybean-mintill: 99.93
	Soybean-clean: 99.72
	Wheat: 100.00
	Woods: 99.87
	Buildings-Grass-Trees-Drives: 97.84
	Stone-Steel-Towers: 98.21
---
AA: 97.37%
Kappa: 99.18
run 5 / 5
Best validation overall accuracy 0.99609375
Confusion matrix :
[[  27    0    0    0    0    0    0    0    0    0    0    0    0    0
     0    0]
 [   0  855    0    0    0    0    0    0    0    0    2    0    0    0
     0    0]
 [   0    1  497    0    0    0    0    0    0    0    0    0    0    0
     0    0]
 [   0    0    0  142    0    0    0    0    0    0    0    0    0    0
     0    0]
 [   0    0    4    0  286    0    0    0    0    0    0    0    0    0
     0    0]
 [   0    0    0    0    0  438    0    0    0    0    0    0    0    0
     0    0]
 [   0    0    0    0    1    0   16    0    0    0    0    0    0    0
     0    0]
 [   0    0    0    0    0    0    0  287    0    0    0    0    0    0
     0    0]
 [   0    0    0    0    0    0    0    0   12    0    0    0    0    0
     0    0]
 [   0    5    0    0    0    0    0    0    0  574    4    0    0    0
     0    0]
 [   0    4    0    0    0    0    0    0    0    0 1469    0    0    0
     0    0]
 [   0    0    2    0    0    0    0    0    0    0    0  353    0    0
     0    1]
 [   0    0    0    0    0    0    0    0    0    0    0    0  123    0
     0    0]
 [   0    0    0    0    0    0    0    0    0    0    0    0    0  759
     0    0]
 [   0    0    0    0    0    0    0    0    0    0    0    0    0    0
   232    0]
 [   0    0    0    0    0    0    0    0    0    0    0    2    0    0
     0   54]]---
Accuracy : 99.58%
---
class acc :
	Alfalfa: 100.00
	Corn-notill: 99.77
	Corn-mintill: 99.80
	Corn: 100.00
	Grass-pasture: 98.62
	Grass-trees: 100.00
	Grass-pasture-mowed: 94.12
	Hay-windrowed: 100.00
	Oats: 100.00
	Soybean-notill: 98.46
	Soybean-mintill: 99.73
	Soybean-clean: 99.16
	Wheat: 100.00
	Woods: 100.00
	Buildings-Grass-Trees-Drives: 100.00
	Stone-Steel-Towers: 96.43
---
AA: 99.13%
Kappa: 99.52
Agregated results :
Confusion matrix :
[[2.6800e+01 2.0000e-01 0.0000e+00 0.0000e+00 0.0000e+00 0.0000e+00
  0.0000e+00 0.0000e+00 0.0000e+00 0.0000e+00 0.0000e+00 0.0000e+00
  0.0000e+00 0.0000e+00 0.0000e+00 0.0000e+00]
 [0.0000e+00 8.4860e+02 0.0000e+00 0.0000e+00 0.0000e+00 0.0000e+00
  0.0000e+00 0.0000e+00 0.0000e+00 2.4000e+00 6.0000e+00 0.0000e+00
  0.0000e+00 0.0000e+00 0.0000e+00 0.0000e+00]
 [0.0000e+00 4.0000e-01 4.9660e+02 1.0000e+00 0.0000e+00 0.0000e+00
  0.0000e+00 0.0000e+00 0.0000e+00 0.0000e+00 0.0000e+00 0.0000e+00
  0.0000e+00 0.0000e+00 0.0000e+00 0.0000e+00]
 [0.0000e+00 0.0000e+00 6.0000e-01 1.4100e+02 0.0000e+00 0.0000e+00
  0.0000e+00 0.0000e+00 0.0000e+00 0.0000e+00 0.0000e+00 4.0000e-01
  0.0000e+00 0.0000e+00 0.0000e+00 0.0000e+00]
 [0.0000e+00 0.0000e+00 2.2000e+00 0.0000e+00 2.8600e+02 0.0000e+00
  0.0000e+00 0.0000e+00 0.0000e+00 1.2000e+00 2.0000e-01 2.0000e-01
  0.0000e+00 0.0000e+00 2.0000e-01 0.0000e+00]
 [0.0000e+00 0.0000e+00 0.0000e+00 0.0000e+00 0.0000e+00 4.3800e+02
  0.0000e+00 0.0000e+00 0.0000e+00 0.0000e+00 0.0000e+00 0.0000e+00
  0.0000e+00 0.0000e+00 0.0000e+00 0.0000e+00]
 [0.0000e+00 0.0000e+00 0.0000e+00 0.0000e+00 2.0000e-01 0.0000e+00
  1.6800e+01 0.0000e+00 0.0000e+00 0.0000e+00 0.0000e+00 0.0000e+00
  0.0000e+00 0.0000e+00 0.0000e+00 0.0000e+00]
 [0.0000e+00 0.0000e+00 0.0000e+00 0.0000e+00 0.0000e+00 0.0000e+00
  0.0000e+00 2.8700e+02 0.0000e+00 0.0000e+00 0.0000e+00 0.0000e+00
  0.0000e+00 0.0000e+00 0.0000e+00 0.0000e+00]
 [0.0000e+00 0.0000e+00 1.2000e+00 0.0000e+00 0.0000e+00 0.0000e+00
  0.0000e+00 0.0000e+00 1.0800e+01 0.0000e+00 0.0000e+00 0.0000e+00
  0.0000e+00 0.0000e+00 0.0000e+00 0.0000e+00]
 [0.0000e+00 1.2000e+00 0.0000e+00 0.0000e+00 0.0000e+00 0.0000e+00
  0.0000e+00 0.0000e+00 0.0000e+00 5.7800e+02 3.2000e+00 4.0000e-01
  0.0000e+00 0.0000e+00 2.0000e-01 0.0000e+00]
 [0.0000e+00 3.6000e+00 0.0000e+00 0.0000e+00 0.0000e+00 2.0000e-01
  0.0000e+00 0.0000e+00 0.0000e+00 3.8000e+00 1.4654e+03 0.0000e+00
  0.0000e+00 0.0000e+00 0.0000e+00 0.0000e+00]
 [0.0000e+00 0.0000e+00 6.0000e-01 0.0000e+00 0.0000e+00 0.0000e+00
  0.0000e+00 0.0000e+00 0.0000e+00 0.0000e+00 2.0000e-01 3.5420e+02
  0.0000e+00 0.0000e+00 2.0000e-01 8.0000e-01]
 [0.0000e+00 0.0000e+00 0.0000e+00 0.0000e+00 0.0000e+00 0.0000e+00
  0.0000e+00 0.0000e+00 0.0000e+00 0.0000e+00 0.0000e+00 0.0000e+00
  1.2300e+02 0.0000e+00 0.0000e+00 0.0000e+00]
 [0.0000e+00 0.0000e+00 0.0000e+00 0.0000e+00 0.0000e+00 0.0000e+00
  0.0000e+00 0.0000e+00 0.0000e+00 0.0000e+00 0.0000e+00 0.0000e+00
  0.0000e+00 7.5840e+02 6.0000e-01 0.0000e+00]
 [0.0000e+00 0.0000e+00 0.0000e+00 0.0000e+00 0.0000e+00 0.0000e+00
  0.0000e+00 0.0000e+00 0.0000e+00 0.0000e+00 0.0000e+00 0.0000e+00
  0.0000e+00 1.4000e+00 2.3060e+02 0.0000e+00]
 [0.0000e+00 0.0000e+00 0.0000e+00 0.0000e+00 0.0000e+00 0.0000e+00
  0.0000e+00 0.0000e+00 0.0000e+00 0.0000e+00 0.0000e+00 1.0000e+00
  0.0000e+00 0.0000e+00 0.0000e+00 5.5000e+01]]---
Accuracy: 99.45 +- 0.21
---
class acc :
	Alfalfa: 99.26 +- 1.48
	Corn-notill: 99.02 +- 0.88
	Corn-mintill: 99.72 +- 0.20
	Corn: 99.30 +- 1.09
	Grass-pasture: 98.62 +- 1.46
	Grass-trees: 100.00 +- 0.00
	Grass-pasture-mowed: 98.82 +- 2.35
	Hay-windrowed: 100.00 +- 0.00
	Oats: 90.00 +- 9.72
	Soybean-notill: 99.14 +- 0.89
	Soybean-mintill: 99.48 +- 0.39
	Soybean-clean: 99.49 +- 0.33
	Wheat: 100.00 +- 0.00
	Woods: 99.92 +- 0.11
	Buildings-Grass-Trees-Drives: 99.40 +- 0.80
	Stone-Steel-Towers: 98.21 +- 1.13
---
AA: 98.77 +- 0.81
Kappa: 99.37 +- 0.23
