run 1 / 5
Best validation overall accuracy 0.99609375
Confusion matrix :
[[  26    1    0    0    0    0    0    0    0    0    0    0    0    0
     0    0]
 [   0  834    0    0    0    0    0    0    0   12   11    0    0    0
     0    0]
 [   0    0  496    2    0    0    0    0    0    0    0    0    0    0
     0    0]
 [   0    0    0  142    0    0    0    0    0    0    0    0    0    0
     0    0]
 [   0    0    2    0  285    0    0    0    0    0    1    2    0    0
     0    0]
 [   0    0    0    0    0  438    0    0    0    0    0    0    0    0
     0    0]
 [   0    0    0    0    0    0   17    0    0    0    0    0    0    0
     0    0]
 [   0    0    0    0    0    0    0  287    0    0    0    0    0    0
     0    0]
 [   0    0    0    0    0    0    0    0   12    0    0    0    0    0
     0    0]
 [   0    0    0    0    0    0    0    0    0  574    9    0    0    0
     0    0]
 [   0    0    0    0    0    0    0    0    0    2 1471    0    0    0
     0    0]
 [   0    0    1    0    0    0    0    0    0    0    0  352    0    0
     1    2]
 [   0    0    0    0    0    0    0    0    0    0    0    0  123    0
     0    0]
 [   0    0    0    0    0    0    0    0    0    0    0    0    0  757
     2    0]
 [   0    0    0    0    0    0    0    0    0    0    0    0    0    2
   230    0]
 [   0    0    0    0    0    0    0    0    0    0    0    1    0    0
     0   55]]---
Accuracy : 99.17%
---
class acc :
	Alfalfa: 96.30
	Corn-notill: 97.32
	Corn-mintill: 99.60
	Corn: 100.00
	Grass-pasture: 98.28
	Grass-trees: 100.00
	Grass-pasture-mowed: 100.00
	Hay-windrowed: 100.00
	Oats: 100.00
	Soybean-notill: 98.46
	Soybean-mintill: 99.86
	Soybean-clean: 98.88
	Wheat: 100.00
	Woods: 99.74
	Buildings-Grass-Trees-Drives: 99.14
	Stone-Steel-Towers: 98.21
---
AA: 99.11%
Kappa: 99.05
run 2 / 5
Best validation overall accuracy 0.9951171875
Confusion matrix :
[[  26    1    0    0    0    0    0    0    0    0    0    0    0    0
     0    0]
 [   0  855    0    0    0    0    0    0    0    1    1    0    0    0
     0    0]
 [   0    0  498    0    0    0    0    0    0    0    0    0    0    0
     0    0]
 [   0    0    0  142    0    0    0    0    0    0    0    0    0    0
     0    0]
 [   0    0    0    0  289    0    0    0    0    0    1    0    0    0
     0    0]
 [   0    0    0    0    0  438    0    0    0    0    0    0    0    0
     0    0]
 [   0    0    0    0    0    0   17    0    0    0    0    0    0    0
     0    0]
 [   0    0    0    0    0    0    0  287    0    0    0    0    0    0
     0    0]
 [   0    0    1    0    1    0    0    0   10    0    0    0    0    0
     0    0]
 [   0    3    0    0    0    0    0    0    0  579    0    0    0    1
     0    0]
 [   0    5    0    0    0    0    0    0    0    2 1466    0    0    0
     0    0]
 [   0    0    0    0    0    0    0    0    0    0    0  356    0    0
     0    0]
 [   0    0    0    0    0    0    0    0    0    0    0    0  123    0
     0    0]
 [   0    0    0    0    0    0    0    0    0    0    0    0    0  759
     0    0]
 [   0    0    0    0    0    0    0    0    0    0    0    0    0    4
   228    0]
 [   0    0    0    0    0    0    0    0    0    0    0    2    0    0
     0   54]]---
Accuracy : 99.63%
---
class acc :
	Alfalfa: 96.30
	Corn-notill: 99.77
	Corn-mintill: 100.00
	Corn: 100.00
	Grass-pasture: 99.66
	Grass-trees: 100.00
	Grass-pasture-mowed: 100.00
	Hay-windrowed: 100.00
	Oats: 83.33
	Soybean-notill: 99.31
	Soybean-mintill: 99.52
	Soybean-clean: 100.00
	Wheat: 100.00
	Woods: 100.00
	Buildings-Grass-Trees-Drives: 98.28
	Stone-Steel-Towers: 96.43
---
AA: 98.29%
Kappa: 99.57
run 3 / 5
Best validation overall accuracy 0.998046875
Confusion matrix :
[[  27    0    0    0    0    0    0    0    0    0    0    0    0    0
     0    0]
 [   0  855    0    0    0    0    0    0    0    0    2    0    0    0
     0    0]
 [   0    0  498    0    0    0    0    0    0    0    0    0    0    0
     0    0]
 [   0    0    0  142    0    0    0    0    0    0    0    0    0    0
     0    0]
 [   0    0    2    0  288    0    0    0    0    0    0    0    0    0
     0    0]
 [   0    0    0    0    0  438    0    0    0    0    0    0    0    0
     0    0]
 [   0    0    0    0    0    0   17    0    0    0    0    0    0    0
     0    0]
 [   0    0    0    0    0    0    0  287    0    0    0    0    0    0
     0    0]
 [   0    0    2    0    1    0    0    0    9    0    0    0    0    0
     0    0]
 [   0    0    0    0    0    0    0    0    0  583    0    0    0    0
     0    0]
 [   0    3    0    0    0    1    0    0    0    9 1459    0    0    0
     1    0]
 [   0    0    0    1    0    0    0    0    0    0    0  355    0    0
     0    0]
 [   0    0    0    0    0    0    0    0    0    0    0    0  123    0
     0    0]
 [   0    0    0    0    0    0    0    0    0    0    0    0    0  759
     0    0]
 [   0    0    0    0    0    0    0    0    0    0    0    0    0    0
   232    0]
 [   0    0    0    0    0    0    0    0    0    0    0    0    0    0
     0   56]]---
Accuracy : 99.64%
---
class acc :
	Alfalfa: 100.00
	Corn-notill: 99.77
	Corn-mintill: 100.00
	Corn: 100.00
	Grass-pasture: 99.31
	Grass-trees: 100.00
	Grass-pasture-mowed: 100.00
	Hay-windrowed: 100.00
	Oats: 75.00
	Soybean-notill: 100.00
	Soybean-mintill: 99.05
	Soybean-clean: 99.72
	Wheat: 100.00
	Woods: 100.00
	Buildings-Grass-Trees-Drives: 100.00
	Stone-Steel-Towers: 100.00
---
AA: 98.30%
Kappa: 99.59
run 4 / 5
Best validation overall accuracy 0.99365234375
Confusion matrix :
[[  26    0    0    0    0    0    0    0    0    1    0    0    0    0
     0    0]
 [   0  850    1    0    0    0    0    0    0    1    5    0    0    0
     0    0]
 [   0    0  497    1    0    0    0    0    0    0    0    0    0    0
     0    0]
 [   0    0    4  137    0    0    0    0    0    0    0    1    0    0
     0    0]
 [   0    0    3    0  278    0    0    0    0    9    0    0    0    0
     0    0]
 [   0    0    0    0    0  438    0    0    0    0    0    0    0    0
     0    0]
 [   0    0    0    0    0    0   17    0    0    0    0    0    0    0
     0    0]
 [   0    0    0    0    0    0    0  287    0    0    0    0    0    0
     0    0]
 [   0    0    1    0    0    0    0    0   11    0    0    0    0    0
     0    0]
 [   0    0    0    0    0    0    0    0    0  578    4    1    0    0
     0    0]
 [   0    1    0    0    0    0    0    0    0    0 1472    0    0    0
     0    0]
 [   0    0    0    0    0    0    0    0    0    2    0  354    0    0
     0    0]
 [   0    0    0    0    0    0    0    0    0    0    0    0  123    0
     0    0]
 [   0    0    0    0    0    0    0    0    0    0    0    0    0  755
     4    0]
 [   0    0    0    0    0    0    0    0    0    0    0    0    0    0
   232    0]
 [   0    0    0    0    0    0    0    0    0    0    0    2    0    0
     0   54]]---
Accuracy : 99.33%
---
class acc :
	Alfalfa: 96.30
	Corn-notill: 99.18
	Corn-mintill: 99.80
	Corn: 96.48
	Grass-pasture: 95.86
	Grass-trees: 100.00
	Grass-pasture-mowed: 100.00
	Hay-windrowed: 100.00
	Oats: 91.67
	Soybean-notill: 99.14
	Soybean-mintill: 99.93
	Soybean-clean: 99.44
	Wheat: 100.00
	Woods: 99.47
	Buildings-Grass-Trees-Drives: 100.00
	Stone-Steel-Towers: 96.43
---
AA: 98.36%
Kappa: 99.24
run 5 / 5
Best validation overall accuracy 0.9951171875
Confusion matrix :
[[  27    0    0    0    0    0    0    0    0    0    0    0    0    0
     0    0]
 [   0  855    0    0    0    0    0    0    0    0    2    0    0    0
     0    0]
 [   0    1  497    0    0    0    0    0    0    0    0    0    0    0
     0    0]
 [   0    0    0  142    0    0    0    0    0    0    0    0    0    0
     0    0]
 [   0    0    5    0  283    0    0    0    0    2    0    0    0    0
     0    0]
 [   0    0    0    0    0  437    0    0    0    0    0    0    0    1
     0    0]
 [   0    0    0    0    2    0   15    0    0    0    0    0    0    0
     0    0]
 [   0    0    0    0    0    0    0  287    0    0    0    0    0    0
     0    0]
 [   0    0    2    0    1    0    0    0    9    0    0    0    0    0
     0    0]
 [   0    3    0    0    0    0    0    0    0  579    1    0    0    0
     0    0]
 [   0    2    0    0    0    0    0    0    0    2 1469    0    0    0
     0    0]
 [   0    0    0    0    0    0    0    0    0    0    0  356    0    0
     0    0]
 [   0    0    0    0    0    0    0    0    0    0    0    0  123    0
     0    0]
 [   0    0    0    0    0    0    0    0    0    0    0    0    0  759
     0    0]
 [   0    0    0    0    0    0    0    0    0    0    0    0    0    0
   232    0]
 [   0    0    0    0    0    0    0    0    0    0    0    2    0    0
     0   54]]---
Accuracy : 99.58%
---
class acc :
	Alfalfa: 100.00
	Corn-notill: 99.77
	Corn-mintill: 99.80
	Corn: 100.00
	Grass-pasture: 97.59
	Grass-trees: 99.77
	Grass-pasture-mowed: 88.24
	Hay-windrowed: 100.00
	Oats: 75.00
	Soybean-notill: 99.31
	Soybean-mintill: 99.73
	Soybean-clean: 100.00
	Wheat: 100.00
	Woods: 100.00
	Buildings-Grass-Trees-Drives: 100.00
	Stone-Steel-Towers: 96.43
---
AA: 97.23%
Kappa: 99.52
Agregated results :
Confusion matrix :
[[2.6400e+01 4.0000e-01 0.0000e+00 0.0000e+00 0.0000e+00 0.0000e+00
  0.0000e+00 0.0000e+00 0.0000e+00 2.0000e-01 0.0000e+00 0.0000e+00
  0.0000e+00 0.0000e+00 0.0000e+00 0.0000e+00]
 [0.0000e+00 8.4980e+02 2.0000e-01 0.0000e+00 0.0000e+00 0.0000e+00
  0.0000e+00 0.0000e+00 0.0000e+00 2.8000e+00 4.2000e+00 0.0000e+00
  0.0000e+00 0.0000e+00 0.0000e+00 0.0000e+00]
 [0.0000e+00 2.0000e-01 4.9720e+02 6.0000e-01 0.0000e+00 0.0000e+00
  0.0000e+00 0.0000e+00 0.0000e+00 0.0000e+00 0.0000e+00 0.0000e+00
  0.0000e+00 0.0000e+00 0.0000e+00 0.0000e+00]
 [0.0000e+00 0.0000e+00 8.0000e-01 1.4100e+02 0.0000e+00 0.0000e+00
  0.0000e+00 0.0000e+00 0.0000e+00 0.0000e+00 0.0000e+00 2.0000e-01
  0.0000e+00 0.0000e+00 0.0000e+00 0.0000e+00]
 [0.0000e+00 0.0000e+00 2.4000e+00 0.0000e+00 2.8460e+02 0.0000e+00
  0.0000e+00 0.0000e+00 0.0000e+00 2.2000e+00 4.0000e-01 4.0000e-01
  0.0000e+00 0.0000e+00 0.0000e+00 0.0000e+00]
 [0.0000e+00 0.0000e+00 0.0000e+00 0.0000e+00 0.0000e+00 4.3780e+02
  0.0000e+00 0.0000e+00 0.0000e+00 0.0000e+00 0.0000e+00 0.0000e+00
  0.0000e+00 2.0000e-01 0.0000e+00 0.0000e+00]
 [0.0000e+00 0.0000e+00 0.0000e+00 0.0000e+00 4.0000e-01 0.0000e+00
  1.6600e+01 0.0000e+00 0.0000e+00 0.0000e+00 0.0000e+00 0.0000e+00
  0.0000e+00 0.0000e+00 0.0000e+00 0.0000e+00]
 [0.0000e+00 0.0000e+00 0.0000e+00 0.0000e+00 0.0000e+00 0.0000e+00
  0.0000e+00 2.8700e+02 0.0000e+00 0.0000e+00 0.0000e+00 0.0000e+00
  0.0000e+00 0.0000e+00 0.0000e+00 0.0000e+00]
 [0.0000e+00 0.0000e+00 1.2000e+00 0.0000e+00 6.0000e-01 0.0000e+00
  0.0000e+00 0.0000e+00 1.0200e+01 0.0000e+00 0.0000e+00 0.0000e+00
  0.0000e+00 0.0000e+00 0.0000e+00 0.0000e+00]
 [0.0000e+00 1.2000e+00 0.0000e+00 0.0000e+00 0.0000e+00 0.0000e+00
  0.0000e+00 0.0000e+00 0.0000e+00 5.7860e+02 2.8000e+00 2.0000e-01
  0.0000e+00 2.0000e-01 0.0000e+00 0.0000e+00]
 [0.0000e+00 2.2000e+00 0.0000e+00 0.0000e+00 0.0000e+00 2.0000e-01
  0.0000e+00 0.0000e+00 0.0000e+00 3.0000e+00 1.4674e+03 0.0000e+00
  0.0000e+00 0.0000e+00 2.0000e-01 0.0000e+00]
 [0.0000e+00 0.0000e+00 2.0000e-01 2.0000e-01 0.0000e+00 0.0000e+00
  0.0000e+00 0.0000e+00 0.0000e+00 4.0000e-01 0.0000e+00 3.5460e+02
  0.0000e+00 0.0000e+00 2.0000e-01 4.0000e-01]
 [0.0000e+00 0.0000e+00 0.0000e+00 0.0000e+00 0.0000e+00 0.0000e+00
  0.0000e+00 0.0000e+00 0.0000e+00 0.0000e+00 0.0000e+00 0.0000e+00
  1.2300e+02 0.0000e+00 0.0000e+00 0.0000e+00]
 [0.0000e+00 0.0000e+00 0.0000e+00 0.0000e+00 0.0000e+00 0.0000e+00
  0.0000e+00 0.0000e+00 0.0000e+00 0.0000e+00 0.0000e+00 0.0000e+00
  0.0000e+00 7.5780e+02 1.2000e+00 0.0000e+00]
 [0.0000e+00 0.0000e+00 0.0000e+00 0.0000e+00 0.0000e+00 0.0000e+00
  0.0000e+00 0.0000e+00 0.0000e+00 0.0000e+00 0.0000e+00 0.0000e+00
  0.0000e+00 1.2000e+00 2.3080e+02 0.0000e+00]
 [0.0000e+00 0.0000e+00 0.0000e+00 0.0000e+00 0.0000e+00 0.0000e+00
  0.0000e+00 0.0000e+00 0.0000e+00 0.0000e+00 0.0000e+00 1.4000e+00
  0.0000e+00 0.0000e+00 0.0000e+00 5.4600e+01]]---
Accuracy: 99.47 +- 0.19
---
class acc :
	Alfalfa: 97.78 +- 1.81
	Corn-notill: 99.16 +- 0.95
	Corn-mintill: 99.84 +- 0.15
	Corn: 99.30 +- 1.41
	Grass-pasture: 98.14 +- 1.35
	Grass-trees: 99.95 +- 0.09
	Grass-pasture-mowed: 97.65 +- 4.71
	Hay-windrowed: 100.00 +- 0.00
	Oats: 85.00 +- 9.72
	Soybean-notill: 99.25 +- 0.49
	Soybean-mintill: 99.62 +- 0.32
	Soybean-clean: 99.61 +- 0.42
	Wheat: 100.00 +- 0.00
	Woods: 99.84 +- 0.21
	Buildings-Grass-Trees-Drives: 99.48 +- 0.69
	Stone-Steel-Towers: 97.50 +- 1.43
---
AA: 98.26 +- 0.60
Kappa: 99.40 +- 0.21
