run 1 / 5
Best validation overall accuracy 0.927734375
Confusion matrix :
[[  38    0    0    0    0    0    0    3    0    0    0    0    0    0
     0    0]
 [   0 1184   37    4    0    0    0    0    1   34   20    1    0    1
     3    0]
 [   0   14  698    7    0    0    0    0    0    0   16   12    0    0
     0    0]
 [   0    6   19  188    0    0    0    0    0    0    0    0    0    0
     0    0]
 [   0    0    6   15  383    0   10    0    0    4    2    0    0    9
     6    0]
 [   0    0    0    0    0  652    0    0    0    2    0    0    0    0
     3    0]
 [   0    0    0    0    0    0   25    0    0    0    0    0    0    0
     0    0]
 [   1    0    0    1    0    0    0  428    0    0    0    0    0    0
     0    0]
 [   0    0    0    0    0    0    0    0   18    0    0    0    0    0
     0    0]
 [   1    8   10    0    0    0    2    0    0  802   46    2    0    3
     1    0]
 [   0   89   10    0    0    0    0    0    0   55 2032   20    0    1
     2    1]
 [   0   16    9    0    0    0    0    0    0   19   59  428    0    0
     0    3]
 [   0    0    0    0    0    0    0    0    0    0    0    0  185    0
     0    0]
 [   0    0    0    0    2    0    0    0    0    0    0    0    0 1108
    29    0]
 [   0    0    0    0    0    3    0    0    0    0    0    0    0   28
   316    0]
 [   0    0    2    1    0    0    0    0    0    0    0    1    0    0
     0   80]]---
Accuracy : 92.85%
---
class acc :
	Alfalfa: 92.68
	Corn-notill: 92.14
	Corn-mintill: 93.44
	Corn: 88.26
	Grass-pasture: 88.05
	Grass-trees: 99.24
	Grass-pasture-mowed: 100.00
	Hay-windrowed: 99.53
	Oats: 100.00
	Soybean-notill: 91.66
	Soybean-mintill: 91.95
	Soybean-clean: 80.15
	Wheat: 100.00
	Woods: 97.28
	Buildings-Grass-Trees-Drives: 91.07
	Stone-Steel-Towers: 95.24
---
AA: 93.79%
Kappa: 91.84
run 2 / 5
Best validation overall accuracy 0.93359375
Confusion matrix :
[[  12    0    0    0    0    0    0   28    0    0    1    0    0    0
     0    0]
 [   0 1154   10    2    0    0    0    0    0   33   84    2    0    0
     0    0]
 [   0   45  648    9    0    0    0    0    0    7   23   15    0    0
     0    0]
 [   0   27   17  160    1    0    0    0    0    0    3    4    0    0
     1    0]
 [  10    6    0    2  412    0    0    0    0    1    0    0    0    0
     4    0]
 [   0    0    0    0    0  652    0    0    0    0    2    0    0    2
     1    0]
 [   0    0    0    0    0    0   25    0    0    0    0    0    0    0
     0    0]
 [   0    0    0    0    0    0    0  430    0    0    0    0    0    0
     0    0]
 [   0    0    0    0    0    1    0    0   13    0    0    0    0    0
     4    0]
 [   0   32    9    0    0    2    0    0    0  752   79    1    0    0
     0    0]
 [   0   84   23    0    0    0    0    0    0   30 2065    8    0    0
     0    0]
 [   0   20    5   10    0    0    0    0    0   13   12  472    0    0
     1    1]
 [   0    0    0    0    0    0    0    0    0    0    0    0  185    0
     0    0]
 [   0    0    0    0   16    0    0    0    0    0    0    0    0 1097
    26    0]
 [   0    0    0    0    0    2    0    0    0    0    0    0    0   29
   316    0]
 [   0    0    0    0    0    0    0    0    0    0    1    8    0    0
     0   75]]---
Accuracy : 91.79%
---
class acc :
	Alfalfa: 29.27
	Corn-notill: 89.81
	Corn-mintill: 86.75
	Corn: 75.12
	Grass-pasture: 94.71
	Grass-trees: 99.24
	Grass-pasture-mowed: 100.00
	Hay-windrowed: 100.00
	Oats: 72.22
	Soybean-notill: 85.94
	Soybean-mintill: 93.44
	Soybean-clean: 88.39
	Wheat: 100.00
	Woods: 96.31
	Buildings-Grass-Trees-Drives: 91.07
	Stone-Steel-Towers: 89.29
---
AA: 86.97%
Kappa: 90.62
run 3 / 5
Best validation overall accuracy 0.92578125
Confusion matrix :
[[  33    0    1    0    0    0    0    2    0    0    0    5    0    0
     0    0]
 [   0 1156   27    0    0    0    0    0    0   63    6   27    0    6
     0    0]
 [   0   32  670   20    0    0    0    0    0    9    4   12    0    0
     0    0]
 [   0   10    4  190    0    0    0    0    2    0    0    7    0    0
     0    0]
 [   0    0    2    0  413    0    0    0    0    0    0   13    0    2
     5    0]
 [   0    0    0    0    0  656    0    0    0    0    0    0    0    0
     1    0]
 [   0    0    0    0    0    0   21    4    0    0    0    0    0    0
     0    0]
 [   6    0    0    0    0    0    0  424    0    0    0    0    0    0
     0    0]
 [   0    0    0    0    5    0    0    0   13    0    0    0    0    0
     0    0]
 [   0    8    0    0    0    0    0    0    1  808   55    2    0    1
     0    0]
 [   0   76   56    2    6    0    0    0    0   54 1977   38    0    0
     1    0]
 [   0    1    3    3    0    0    0    0    0   11    5  511    0    0
     0    0]
 [   0    0    0    0    0    0    0    0    0    0    0    0  185    0
     0    0]
 [   0    0    0    0    0    0    0    0    0    0    0    0    0 1128
    11    0]
 [   0    0    0    0    1    0    0    0    0    0    0    0    0   72
   274    0]
 [   0    0    0    0    1    0    0    0    0    0    0    6    0    0
     0   77]]---
Accuracy : 92.53%
---
class acc :
	Alfalfa: 80.49
	Corn-notill: 89.96
	Corn-mintill: 89.69
	Corn: 89.20
	Grass-pasture: 94.94
	Grass-trees: 99.85
	Grass-pasture-mowed: 84.00
	Hay-windrowed: 98.60
	Oats: 72.22
	Soybean-notill: 92.34
	Soybean-mintill: 89.46
	Soybean-clean: 95.69
	Wheat: 100.00
	Woods: 99.03
	Buildings-Grass-Trees-Drives: 78.96
	Stone-Steel-Towers: 91.67
---
AA: 90.38%
Kappa: 91.51
run 4 / 5
Best validation overall accuracy 0.931640625
Confusion matrix :
[[  36    0    0    0    3    0    0    0    0    0    0    2    0    0
     0    0]
 [   0 1212    5    0    0    0    0    0    0   20   45    0    0    3
     0    0]
 [   0   54  649    0    0    0    0    0    0    0   25   18    0    0
     1    0]
 [   0    4   39  168    0    0    0    0    0    0    1    1    0    0
     0    0]
 [   0    1    3    2  384   12    2    0    0    0    1   11    0   17
     2    0]
 [   0    0    0    0    0  655    0    0    0    0    0    0    0    2
     0    0]
 [   0    0    0    0    0    0   25    0    0    0    0    0    0    0
     0    0]
 [   0    0    0    0    0    0    0  430    0    0    0    0    0    0
     0    0]
 [   0    0    0    0    5    0    0    0   13    0    0    0    0    0
     0    0]
 [   0   58   10    0    0    0    0    0    0  770   29    5    0    0
     3    0]
 [   0   56   16    0    0    0    0    0    0   24 2104    9    0    0
     1    0]
 [   0    5   11    0    0    0    0    0    0    2   56  459    0    0
     1    0]
 [   0    0    0    0    0    0    0    0    0    0    0    0  185    0
     0    0]
 [   0    0    0    0    0    0    0    0    0    0    0    0    0 1135
     4    0]
 [   0    0    0    0    0   25    0    0    0    0    0    0    0   40
   282    0]
 [   0    0    0    0    0    0    0    0    0    0    0    3    0    0
     2   79]]---
Accuracy : 93.07%
---
class acc :
	Alfalfa: 87.80
	Corn-notill: 94.32
	Corn-mintill: 86.88
	Corn: 78.87
	Grass-pasture: 88.28
	Grass-trees: 99.70
	Grass-pasture-mowed: 100.00
	Hay-windrowed: 100.00
	Oats: 72.22
	Soybean-notill: 88.00
	Soybean-mintill: 95.20
	Soybean-clean: 85.96
	Wheat: 100.00
	Woods: 99.65
	Buildings-Grass-Trees-Drives: 81.27
	Stone-Steel-Towers: 94.05
---
AA: 90.76%
Kappa: 92.08
run 5 / 5
Best validation overall accuracy 0.943359375
Confusion matrix :
[[  27    1    0    0    0    0    0   12    0    0    0    0    0    0
     1    0]
 [   0 1179   18    0    0    0    0    0    0   17   69    1    0    1
     0    0]
 [   0   23  659    3    0    0    0    0    0    1   51    8    0    0
     2    0]
 [   0    4   18  144    0    0    0    0    0    0   37    3    0    1
     6    0]
 [  11    1    0    7  397    1    8    0    0    0    2    6    0    0
     2    0]
 [   0    0    0    0    0  657    0    0    0    0    0    0    0    0
     0    0]
 [   0    0    0    0    0    0   25    0    0    0    0    0    0    0
     0    0]
 [   0    0    0    0    0    0    0  430    0    0    0    0    0    0
     0    0]
 [   0    0    0    0    0    0    0    0   14    4    0    0    0    0
     0    0]
 [   0   26    1    0    4    0    0    0    0  804   38    2    0    0
     0    0]
 [   0   24   56    0    0    0    0    0    0   75 2038   17    0    0
     0    0]
 [   0    9   24    3   10    0    0    0    0   11   20  454    0    0
     0    3]
 [   0    0    0    0    0    0    0    0    0    0    0    0  185    0
     0    0]
 [   0    0    0    0   13    1    0    0    0    0    0    0    0 1116
     9    0]
 [   0    3    0    0    4   12    0    0    0    0    1    0    0   36
   291    0]
 [   0    1    0    0    0    0    0    0    0    0    0    4    0    0
     0   79]]---
Accuracy : 92.13%
---
class acc :
	Alfalfa: 65.85
	Corn-notill: 91.75
	Corn-mintill: 88.22
	Corn: 67.61
	Grass-pasture: 91.26
	Grass-trees: 100.00
	Grass-pasture-mowed: 100.00
	Hay-windrowed: 100.00
	Oats: 77.78
	Soybean-notill: 91.89
	Soybean-mintill: 92.22
	Soybean-clean: 85.02
	Wheat: 100.00
	Woods: 97.98
	Buildings-Grass-Trees-Drives: 83.86
	Stone-Steel-Towers: 94.05
---
AA: 89.22%
Kappa: 91.01
Agregated results :
Confusion matrix :
[[2.9200e+01 2.0000e-01 2.0000e-01 0.0000e+00 6.0000e-01 0.0000e+00
  0.0000e+00 9.0000e+00 0.0000e+00 0.0000e+00 2.0000e-01 1.4000e+00
  0.0000e+00 0.0000e+00 2.0000e-01 0.0000e+00]
 [0.0000e+00 1.1770e+03 1.9400e+01 1.2000e+00 0.0000e+00 0.0000e+00
  0.0000e+00 0.0000e+00 2.0000e-01 3.3400e+01 4.4800e+01 6.2000e+00
  0.0000e+00 2.2000e+00 6.0000e-01 0.0000e+00]
 [0.0000e+00 3.3600e+01 6.6480e+02 7.8000e+00 0.0000e+00 0.0000e+00
  0.0000e+00 0.0000e+00 0.0000e+00 3.4000e+00 2.3800e+01 1.3000e+01
  0.0000e+00 0.0000e+00 6.0000e-01 0.0000e+00]
 [0.0000e+00 1.0200e+01 1.9400e+01 1.7000e+02 2.0000e-01 0.0000e+00
  0.0000e+00 0.0000e+00 4.0000e-01 0.0000e+00 8.2000e+00 3.0000e+00
  0.0000e+00 2.0000e-01 1.4000e+00 0.0000e+00]
 [4.2000e+00 1.6000e+00 2.2000e+00 5.2000e+00 3.9780e+02 2.6000e+00
  4.0000e+00 0.0000e+00 0.0000e+00 1.0000e+00 1.0000e+00 6.0000e+00
  0.0000e+00 5.6000e+00 3.8000e+00 0.0000e+00]
 [0.0000e+00 0.0000e+00 0.0000e+00 0.0000e+00 0.0000e+00 6.5440e+02
  0.0000e+00 0.0000e+00 0.0000e+00 4.0000e-01 4.0000e-01 0.0000e+00
  0.0000e+00 8.0000e-01 1.0000e+00 0.0000e+00]
 [0.0000e+00 0.0000e+00 0.0000e+00 0.0000e+00 0.0000e+00 0.0000e+00
  2.4200e+01 8.0000e-01 0.0000e+00 0.0000e+00 0.0000e+00 0.0000e+00
  0.0000e+00 0.0000e+00 0.0000e+00 0.0000e+00]
 [1.4000e+00 0.0000e+00 0.0000e+00 2.0000e-01 0.0000e+00 0.0000e+00
  0.0000e+00 4.2840e+02 0.0000e+00 0.0000e+00 0.0000e+00 0.0000e+00
  0.0000e+00 0.0000e+00 0.0000e+00 0.0000e+00]
 [0.0000e+00 0.0000e+00 0.0000e+00 0.0000e+00 2.0000e+00 2.0000e-01
  0.0000e+00 0.0000e+00 1.4200e+01 8.0000e-01 0.0000e+00 0.0000e+00
  0.0000e+00 0.0000e+00 8.0000e-01 0.0000e+00]
 [2.0000e-01 2.6400e+01 6.0000e+00 0.0000e+00 8.0000e-01 4.0000e-01
  4.0000e-01 0.0000e+00 2.0000e-01 7.8720e+02 4.9400e+01 2.4000e+00
  0.0000e+00 8.0000e-01 8.0000e-01 0.0000e+00]
 [0.0000e+00 6.5800e+01 3.2200e+01 4.0000e-01 1.2000e+00 0.0000e+00
  0.0000e+00 0.0000e+00 0.0000e+00 4.7600e+01 2.0432e+03 1.8400e+01
  0.0000e+00 2.0000e-01 8.0000e-01 2.0000e-01]
 [0.0000e+00 1.0200e+01 1.0400e+01 3.2000e+00 2.0000e+00 0.0000e+00
  0.0000e+00 0.0000e+00 0.0000e+00 1.1200e+01 3.0400e+01 4.6480e+02
  0.0000e+00 0.0000e+00 4.0000e-01 1.4000e+00]
 [0.0000e+00 0.0000e+00 0.0000e+00 0.0000e+00 0.0000e+00 0.0000e+00
  0.0000e+00 0.0000e+00 0.0000e+00 0.0000e+00 0.0000e+00 0.0000e+00
  1.8500e+02 0.0000e+00 0.0000e+00 0.0000e+00]
 [0.0000e+00 0.0000e+00 0.0000e+00 0.0000e+00 6.2000e+00 2.0000e-01
  0.0000e+00 0.0000e+00 0.0000e+00 0.0000e+00 0.0000e+00 0.0000e+00
  0.0000e+00 1.1168e+03 1.5800e+01 0.0000e+00]
 [0.0000e+00 6.0000e-01 0.0000e+00 0.0000e+00 1.0000e+00 8.4000e+00
  0.0000e+00 0.0000e+00 0.0000e+00 0.0000e+00 2.0000e-01 0.0000e+00
  0.0000e+00 4.1000e+01 2.9580e+02 0.0000e+00]
 [0.0000e+00 2.0000e-01 4.0000e-01 2.0000e-01 2.0000e-01 0.0000e+00
  0.0000e+00 0.0000e+00 0.0000e+00 0.0000e+00 2.0000e-01 4.4000e+00
  0.0000e+00 0.0000e+00 4.0000e-01 7.8000e+01]]---
Accuracy: 92.47 +- 0.46
---
class acc :
	Alfalfa: 71.22 +- 22.85
	Corn-notill: 91.60 +- 1.65
	Corn-mintill: 89.00 +- 2.46
	Corn: 79.81 +- 8.14
	Grass-pasture: 91.45 +- 2.98
	Grass-trees: 99.60 +- 0.31
	Grass-pasture-mowed: 96.80 +- 6.40
	Hay-windrowed: 99.63 +- 0.54
	Oats: 78.89 +- 10.77
	Soybean-notill: 89.97 +- 2.54
	Soybean-mintill: 92.45 +- 1.89
	Soybean-clean: 87.04 +- 5.09
	Wheat: 100.00 +- 0.00
	Woods: 98.05 +- 1.20
	Buildings-Grass-Trees-Drives: 85.24 +- 5.00
	Stone-Steel-Towers: 92.86 +- 2.13
---
AA: 90.23 +- 2.22
Kappa: 91.41 +- 0.53
