run 1 / 5
Best validation overall accuracy 0.98974609375
Confusion matrix :
[[  27    0    0    0    0    0    0    0    0    0    0    0    0    0
     0    0]
 [   0  850    3    0    0    0    0    0    0    1    1    0    0    2
     0    0]
 [   0    0  495    2    0    0    0    0    0    0    0    1    0    0
     0    0]
 [   0    0    0  142    0    0    0    0    0    0    0    0    0    0
     0    0]
 [   0    0    3    0  278    0    0    0    1    0    2    4    0    1
     1    0]
 [   0    0    0    0    0  437    0    0    0    0    0    0    0    0
     1    0]
 [   0    0    0    0    0    0   17    0    0    0    0    0    0    0
     0    0]
 [   0    0    0    0    0    0    0  287    0    0    0    0    0    0
     0    0]
 [   0    0    0    0    0    0    0    0   12    0    0    0    0    0
     0    0]
 [   0    2    3    0    0    0    0    0    0  564   13    1    0    0
     0    0]
 [   0    9    1    0    0    0    0    0    0    4 1459    0    0    0
     0    0]
 [   0    0    1    0    0    0    0    0    0    0    0  348    0    0
     4    3]
 [   0    0    0    0    0    0    0    0    0    0    0    0  123    0
     0    0]
 [   0    0    0    0    0    0    0    0    0    0    0    0    0  749
    10    0]
 [   0    0    0    0    0    0    0    0    0    0    0    0    0   10
   222    0]
 [   0    0    0    0    0    0    0    0    0    1    0    0    0    0
     0   55]]---
Accuracy : 98.62%
---
class acc :
	Alfalfa: 100.00
	Corn-notill: 99.18
	Corn-mintill: 99.40
	Corn: 100.00
	Grass-pasture: 95.86
	Grass-trees: 99.77
	Grass-pasture-mowed: 100.00
	Hay-windrowed: 100.00
	Oats: 100.00
	Soybean-notill: 96.74
	Soybean-mintill: 99.05
	Soybean-clean: 97.75
	Wheat: 100.00
	Woods: 98.68
	Buildings-Grass-Trees-Drives: 95.69
	Stone-Steel-Towers: 98.21
---
AA: 98.77%
Kappa: 98.42
run 2 / 5
Best validation overall accuracy 0.9921875
Confusion matrix :
[[  27    0    0    0    0    0    0    0    0    0    0    0    0    0
     0    0]
 [   0  839    8    1    0    0    0    0    0    1    8    0    0    0
     0    0]
 [   0    0  494    0    0    0    0    0    0    0    4    0    0    0
     0    0]
 [   0    0    1  141    0    0    0    0    0    0    0    0    0    0
     0    0]
 [   0    0    4    1  285    0    0    0    0    0    0    0    0    0
     0    0]
 [   0    0    0    0    0  436    0    0    0    1    0    0    0    0
     1    0]
 [   0    0    0    0    0    0   17    0    0    0    0    0    0    0
     0    0]
 [   0    0    0    0    0    0    0  287    0    0    0    0    0    0
     0    0]
 [   0    0    0    0    0    0    0    0   12    0    0    0    0    0
     0    0]
 [   0    0    0    0    0    0    0    0    0  577    6    0    0    0
     0    0]
 [   0    0    4    0    0    0    0    0    0    4 1465    0    0    0
     0    0]
 [   0    1    2    0    0    0    0    0    0    0    0  351    0    0
     0    2]
 [   0    0    0    0    0    0    0    0    0    0    0    0  123    0
     0    0]
 [   0    0    0    0    0    0    0    0    0    0    0    0    0  742
    17    0]
 [   0    0    0    0    0    1    0    0    0    0    0    0    0    8
   223    0]
 [   0    0    0    0    0    0    0    0    0    0    0    0    0    0
     0   56]]---
Accuracy : 98.78%
---
class acc :
	Alfalfa: 100.00
	Corn-notill: 97.90
	Corn-mintill: 99.20
	Corn: 99.30
	Grass-pasture: 98.28
	Grass-trees: 99.54
	Grass-pasture-mowed: 100.00
	Hay-windrowed: 100.00
	Oats: 100.00
	Soybean-notill: 98.97
	Soybean-mintill: 99.46
	Soybean-clean: 98.60
	Wheat: 100.00
	Woods: 97.76
	Buildings-Grass-Trees-Drives: 96.12
	Stone-Steel-Towers: 100.00
---
AA: 99.07%
Kappa: 98.61
run 3 / 5
Best validation overall accuracy 0.98876953125
Confusion matrix :
[[  27    0    0    0    0    0    0    0    0    0    0    0    0    0
     0    0]
 [   0  837    7    0    0    0    0    0    0    1   11    0    0    1
     0    0]
 [   0    1  487    8    0    0    0    0    0    0    0    2    0    0
     0    0]
 [   0    0    1  141    0    0    0    0    0    0    0    0    0    0
     0    0]
 [   0    0    1    0  282    2    0    0    0    0    0    0    0    0
     5    0]
 [   0    0    0    0    0  438    0    0    0    0    0    0    0    0
     0    0]
 [   0    0    0    0    0    0   17    0    0    0    0    0    0    0
     0    0]
 [   0    0    0    0    0    0    0  287    0    0    0    0    0    0
     0    0]
 [   0    0    0    0    5    0    0    0    7    0    0    0    0    0
     0    0]
 [   0    5    0    0    0    0    0    0    0  573    5    0    0    0
     0    0]
 [   0    4    3    0    0    1    0    0    0   23 1442    0    0    0
     0    0]
 [   0    0    5    0    0    0    0    0    0    0    2  346    0    0
     0    3]
 [   0    0    0    0    0    0    0    0    0    0    0    0  123    0
     0    0]
 [   0    0    0    0    0    0    0    0    0    0    0    0    0  755
     4    0]
 [   0    1    0    0    0    1    0    0    0    1    1    0    0    3
   225    0]
 [   0    0    1    0    0    0    0    0    0    0    0    1    0    0
     0   54]]---
Accuracy : 98.23%
---
class acc :
	Alfalfa: 100.00
	Corn-notill: 97.67
	Corn-mintill: 97.79
	Corn: 99.30
	Grass-pasture: 97.24
	Grass-trees: 100.00
	Grass-pasture-mowed: 100.00
	Hay-windrowed: 100.00
	Oats: 58.33
	Soybean-notill: 98.28
	Soybean-mintill: 97.90
	Soybean-clean: 97.19
	Wheat: 100.00
	Woods: 99.47
	Buildings-Grass-Trees-Drives: 96.98
	Stone-Steel-Towers: 96.43
---
AA: 96.04%
Kappa: 97.98
run 4 / 5
Best validation overall accuracy 0.99169921875
Confusion matrix :
[[  25    0    0    0    0    0    0    0    0    0    0    2    0    0
     0    0]
 [   0  839    5    0    0    0    0    0    0    3    5    5    0    0
     0    0]
 [   0    4  489    1    0    0    0    0    0    0    0    4    0    0
     0    0]
 [   0    0    0  142    0    0    0    0    0    0    0    0    0    0
     0    0]
 [   0    0    4    1  277    0    0    0    0    0    0    2    0    1
     5    0]
 [   0    0    0    0    0  438    0    0    0    0    0    0    0    0
     0    0]
 [   0    0    0    0    0    0   17    0    0    0    0    0    0    0
     0    0]
 [   0    0    0    0    0    0    0  287    0    0    0    0    0    0
     0    0]
 [   0    0    0    0    0    0    0    0   12    0    0    0    0    0
     0    0]
 [   0    0    0    0    0    0    0    0    0  578    5    0    0    0
     0    0]
 [   0    3    0    0    0    0    0    0    0    0 1467    3    0    0
     0    0]
 [   0    0    1    0    0    0    0    0    0    0    0  354    0    0
     0    1]
 [   0    0    0    0    0    0    0    0    0    0    0    0  123    0
     0    0]
 [   0    0    0    0    0    0    0    0    0    0    0    0    0  751
     8    0]
 [   0    0    0    0    0    0    0    0    0    0    0    0    0    8
   224    0]
 [   0    0    0    0    0    0    0    0    0    0    0    0    0    0
     0   56]]---
Accuracy : 98.85%
---
class acc :
	Alfalfa: 92.59
	Corn-notill: 97.90
	Corn-mintill: 98.19
	Corn: 100.00
	Grass-pasture: 95.52
	Grass-trees: 100.00
	Grass-pasture-mowed: 100.00
	Hay-windrowed: 100.00
	Oats: 100.00
	Soybean-notill: 99.14
	Soybean-mintill: 99.59
	Soybean-clean: 99.44
	Wheat: 100.00
	Woods: 98.95
	Buildings-Grass-Trees-Drives: 96.55
	Stone-Steel-Towers: 100.00
---
AA: 98.62%
Kappa: 98.68
run 5 / 5
Best validation overall accuracy 0.9873046875
Confusion matrix :
[[  25    0    0    0    0    0    0    1    0    1    0    0    0    0
     0    0]
 [   0  854    0    0    0    0    0    0    0    0    3    0    0    0
     0    0]
 [   0    2  495    0    1    0    0    0    0    0    0    0    0    0
     0    0]
 [   0    0    0  142    0    0    0    0    0    0    0    0    0    0
     0    0]
 [   0    3    0    0  279    0    0    0    0    0    1    7    0    0
     0    0]
 [   0    0    0    0    0  434    0    0    0    0    0    0    0    0
     4    0]
 [   0    0    0    0    0    0   17    0    0    0    0    0    0    0
     0    0]
 [   1    0    0    0    0    0    0  286    0    0    0    0    0    0
     0    0]
 [   0    0    0    0    0    0    0    0   12    0    0    0    0    0
     0    0]
 [   0    3    0    0    0    0    0    0    0  575    5    0    0    0
     0    0]
 [   0   12    0    0    0    0    0    0    0    7 1453    0    0    1
     0    0]
 [   0    0    1    0    0    0    0    0    0    2    4  348    0    0
     0    1]
 [   0    0    0    0    0    0    0    0    0    0    0    0  123    0
     0    0]
 [   0    0    0    0    0    0    0    0    0    0    0    0    0  757
     2    0]
 [   0    0    0    0    0    5    0    0    0    0    0    0    0    9
   218    0]
 [   0    0    0    0    0    0    0    0    0    0    0    1    0    0
     0   55]]---
Accuracy : 98.75%
---
class acc :
	Alfalfa: 92.59
	Corn-notill: 99.65
	Corn-mintill: 99.40
	Corn: 100.00
	Grass-pasture: 96.21
	Grass-trees: 99.09
	Grass-pasture-mowed: 100.00
	Hay-windrowed: 99.65
	Oats: 100.00
	Soybean-notill: 98.63
	Soybean-mintill: 98.64
	Soybean-clean: 97.75
	Wheat: 100.00
	Woods: 99.74
	Buildings-Grass-Trees-Drives: 93.97
	Stone-Steel-Towers: 98.21
---
AA: 98.35%
Kappa: 98.57
Agregated results :
Confusion matrix :
[[2.6200e+01 0.0000e+00 0.0000e+00 0.0000e+00 0.0000e+00 0.0000e+00
  0.0000e+00 2.0000e-01 0.0000e+00 2.0000e-01 0.0000e+00 4.0000e-01
  0.0000e+00 0.0000e+00 0.0000e+00 0.0000e+00]
 [0.0000e+00 8.4380e+02 4.6000e+00 2.0000e-01 0.0000e+00 0.0000e+00
  0.0000e+00 0.0000e+00 0.0000e+00 1.2000e+00 5.6000e+00 1.0000e+00
  0.0000e+00 6.0000e-01 0.0000e+00 0.0000e+00]
 [0.0000e+00 1.4000e+00 4.9200e+02 2.2000e+00 2.0000e-01 0.0000e+00
  0.0000e+00 0.0000e+00 0.0000e+00 0.0000e+00 8.0000e-01 1.4000e+00
  0.0000e+00 0.0000e+00 0.0000e+00 0.0000e+00]
 [0.0000e+00 0.0000e+00 4.0000e-01 1.4160e+02 0.0000e+00 0.0000e+00
  0.0000e+00 0.0000e+00 0.0000e+00 0.0000e+00 0.0000e+00 0.0000e+00
  0.0000e+00 0.0000e+00 0.0000e+00 0.0000e+00]
 [0.0000e+00 6.0000e-01 2.4000e+00 4.0000e-01 2.8020e+02 4.0000e-01
  0.0000e+00 0.0000e+00 2.0000e-01 0.0000e+00 6.0000e-01 2.6000e+00
  0.0000e+00 4.0000e-01 2.2000e+00 0.0000e+00]
 [0.0000e+00 0.0000e+00 0.0000e+00 0.0000e+00 0.0000e+00 4.3660e+02
  0.0000e+00 0.0000e+00 0.0000e+00 2.0000e-01 0.0000e+00 0.0000e+00
  0.0000e+00 0.0000e+00 1.2000e+00 0.0000e+00]
 [0.0000e+00 0.0000e+00 0.0000e+00 0.0000e+00 0.0000e+00 0.0000e+00
  1.7000e+01 0.0000e+00 0.0000e+00 0.0000e+00 0.0000e+00 0.0000e+00
  0.0000e+00 0.0000e+00 0.0000e+00 0.0000e+00]
 [2.0000e-01 0.0000e+00 0.0000e+00 0.0000e+00 0.0000e+00 0.0000e+00
  0.0000e+00 2.8680e+02 0.0000e+00 0.0000e+00 0.0000e+00 0.0000e+00
  0.0000e+00 0.0000e+00 0.0000e+00 0.0000e+00]
 [0.0000e+00 0.0000e+00 0.0000e+00 0.0000e+00 1.0000e+00 0.0000e+00
  0.0000e+00 0.0000e+00 1.1000e+01 0.0000e+00 0.0000e+00 0.0000e+00
  0.0000e+00 0.0000e+00 0.0000e+00 0.0000e+00]
 [0.0000e+00 2.0000e+00 6.0000e-01 0.0000e+00 0.0000e+00 0.0000e+00
  0.0000e+00 0.0000e+00 0.0000e+00 5.7340e+02 6.8000e+00 2.0000e-01
  0.0000e+00 0.0000e+00 0.0000e+00 0.0000e+00]
 [0.0000e+00 5.6000e+00 1.6000e+00 0.0000e+00 0.0000e+00 2.0000e-01
  0.0000e+00 0.0000e+00 0.0000e+00 7.6000e+00 1.4572e+03 6.0000e-01
  0.0000e+00 2.0000e-01 0.0000e+00 0.0000e+00]
 [0.0000e+00 2.0000e-01 2.0000e+00 0.0000e+00 0.0000e+00 0.0000e+00
  0.0000e+00 0.0000e+00 0.0000e+00 4.0000e-01 1.2000e+00 3.4940e+02
  0.0000e+00 0.0000e+00 8.0000e-01 2.0000e+00]
 [0.0000e+00 0.0000e+00 0.0000e+00 0.0000e+00 0.0000e+00 0.0000e+00
  0.0000e+00 0.0000e+00 0.0000e+00 0.0000e+00 0.0000e+00 0.0000e+00
  1.2300e+02 0.0000e+00 0.0000e+00 0.0000e+00]
 [0.0000e+00 0.0000e+00 0.0000e+00 0.0000e+00 0.0000e+00 0.0000e+00
  0.0000e+00 0.0000e+00 0.0000e+00 0.0000e+00 0.0000e+00 0.0000e+00
  0.0000e+00 7.5080e+02 8.2000e+00 0.0000e+00]
 [0.0000e+00 2.0000e-01 0.0000e+00 0.0000e+00 0.0000e+00 1.4000e+00
  0.0000e+00 0.0000e+00 0.0000e+00 2.0000e-01 2.0000e-01 0.0000e+00
  0.0000e+00 7.6000e+00 2.2240e+02 0.0000e+00]
 [0.0000e+00 0.0000e+00 2.0000e-01 0.0000e+00 0.0000e+00 0.0000e+00
  0.0000e+00 0.0000e+00 0.0000e+00 2.0000e-01 0.0000e+00 4.0000e-01
  0.0000e+00 0.0000e+00 0.0000e+00 5.5200e+01]]---
Accuracy: 98.64 +- 0.22
---
class acc :
	Alfalfa: 97.04 +- 3.63
	Corn-notill: 98.46 +- 0.80
	Corn-mintill: 98.80 +- 0.67
	Corn: 99.72 +- 0.34
	Grass-pasture: 96.62 +- 1.01
	Grass-trees: 99.68 +- 0.34
	Grass-pasture-mowed: 100.00 +- 0.00
	Hay-windrowed: 99.93 +- 0.14
	Oats: 91.67 +- 16.67
	Soybean-notill: 98.35 +- 0.86
	Soybean-mintill: 98.93 +- 0.61
	Soybean-clean: 98.15 +- 0.79
	Wheat: 100.00 +- 0.00
	Woods: 98.92 +- 0.69
	Buildings-Grass-Trees-Drives: 95.86 +- 1.04
	Stone-Steel-Towers: 98.57 +- 1.34
---
AA: 98.17 +- 1.09
Kappa: 98.45 +- 0.25
