run 1 / 5
Best validation overall accuracy 0.9921875
Confusion matrix :
[[243   0   0   0   0   0   0   0   0   0   0   0   0   0]
 [  0  81   0   0  10   0   0   0   0   0   0   0   0   0]
 [  0   0 226   0   0   0   0   0   0   0   0   0   0   0]
 [  0   0   0 194   0   0   0   0   0   0   0   0   0   0]
 [  0   2   0   0 239   0   1   0   0   0   0   0   0   0]
 [  0   0   0   0   3 235   0   0   0   0   0   0   0   4]
 [  0   0   0   0   0   0 233   0   0   0   0   0   0   0]
 [  0   0   0   0   0   0   0 183   0   0   0   0   0   0]
 [  0   0   0   0   0  17   0   0 266   0   0   0   0   0]
 [  0   0   0   0   0   0   0   4   0 219   0   0   0   0]
 [  0   0   0   0   0   0   0   2   0   9 264   0   0   0]
 [  0   0   0   0   0   0   0   0   0   0   0 163   0   0]
 [  0   0   0   0   0   0   0   0   0   0   0   0 241   0]
 [  0   0   0   0   0   0   0   1   0   0   0   0   0  84]]---
Accuracy : 98.19%
---
class acc :
	Water: 100.00
	Hippo grass: 89.01
	Floodplain grasses 1: 100.00
	Floodplain grasses 2: 100.00
	Reeds: 98.76
	Riparian: 97.11
	Firescar: 100.00
	Island interior: 100.00
	Acacia woodlands: 93.99
	Acacia shrublands: 98.21
	Acacia grasslands: 96.00
	Short mopane: 100.00
	Mixed mopane: 100.00
	Exposed soils: 98.82
---
AA: 97.99%
Kappa: 98.04
run 2 / 5
Best validation overall accuracy 0.984375
Confusion matrix :
[[243   0   0   0   0   0   0   0   0   0   0   0   0   0]
 [  0  91   0   0   0   0   0   0   0   0   0   0   0   0]
 [  0   0 224   0   0   0   0   0   0   2   0   0   0   0]
 [  0   0   0 194   0   0   0   0   0   0   0   0   0   0]
 [  0   0   0  29 212   0   0   1   0   0   0   0   0   0]
 [  0   0   0   0   5 218   0   0  19   0   0   0   0   0]
 [  0   0   0   0   0   0 232   0   0   0   1   0   0   0]
 [  0   0   0   0   0   0   0 183   0   0   0   0   0   0]
 [  0   0   0   0   0  14   0   0 267   2   0   0   0   0]
 [  0   0   0   0   0   0   0   0   0 223   0   0   0   0]
 [  0   0   0   0   0   0   0   0   0  12 263   0   0   0]
 [  0   0   0   0   0   0   0   0   0   0   0 163   0   0]
 [  0   0   0   0   0   0   0   0   0   0   0   0 241   0]
 [  0   0   0   0   0   0   0   0   0   0   0   0   0  85]]---
Accuracy : 97.09%
---
class acc :
	Water: 100.00
	Hippo grass: 100.00
	Floodplain grasses 1: 99.12
	Floodplain grasses 2: 100.00
	Reeds: 87.60
	Riparian: 90.08
	Firescar: 99.57
	Island interior: 100.00
	Acacia woodlands: 94.35
	Acacia shrublands: 100.00
	Acacia grasslands: 95.64
	Short mopane: 100.00
	Mixed mopane: 100.00
	Exposed soils: 100.00
---
AA: 97.60%
Kappa: 96.85
run 3 / 5
Best validation overall accuracy 0.9765625
Confusion matrix :
[[243   0   0   0   0   0   0   0   0   0   0   0   0   0]
 [  0  84   0   0   1   6   0   0   0   0   0   0   0   0]
 [  0   0 223   0   0   0   3   0   0   0   0   0   0   0]
 [  0   0   9 181   4   0   0   0   0   0   0   0   0   0]
 [  1   0   0   1 234   6   0   0   0   0   0   0   0   0]
 [  0   0   0   0  18 224   0   0   0   0   0   0   0   0]
 [  0   0  12   0   0   0 220   0   0   1   0   0   0   0]
 [  0   0   0   0   0   0   0 183   0   0   0   0   0   0]
 [  0   0   0   0   0  26   0   0 257   0   0   0   0   0]
 [  0   0   0   0   0   0   0   5   0 217   1   0   0   0]
 [  0   0   0   0   0   0   0   0   0   0 275   0   0   0]
 [  0   0   0   0   0   0   0   0   0   0   0 163   0   0]
 [  0   0   0   0   0   0   0   0   0   0   0   0 241   0]
 [  0   0   0   0   0   0   0   0   0   0   0   0   0  85]]---
Accuracy : 96.79%
---
class acc :
	Water: 100.00
	Hippo grass: 92.31
	Floodplain grasses 1: 98.67
	Floodplain grasses 2: 93.30
	Reeds: 96.69
	Riparian: 92.56
	Firescar: 94.42
	Island interior: 100.00
	Acacia woodlands: 90.81
	Acacia shrublands: 97.31
	Acacia grasslands: 100.00
	Short mopane: 100.00
	Mixed mopane: 100.00
	Exposed soils: 100.00
---
AA: 96.86%
Kappa: 96.52
run 4 / 5
Best validation overall accuracy 0.96875
Confusion matrix :
[[243   0   0   0   0   0   0   0   0   0   0   0   0   0]
 [  0  91   0   0   0   0   0   0   0   0   0   0   0   0]
 [  0   0 220   0   0   0   0   0   0   6   0   0   0   0]
 [  0   0   0 194   0   0   0   0   0   0   0   0   0   0]
 [  0   0   0   4 186  38   1   0   0   0   0  12   1   0]
 [  0   0   0   0   1 222   0   0  18   0   0   0   1   0]
 [  0   0   0   0   0   0 233   0   0   0   0   0   0   0]
 [  0   0   0   0   0   0   0 162   0  21   0   0   0   0]
 [  0   0   0   0   0   0   0   0 283   0   0   0   0   0]
 [  0   0   0   0   0   0   0   0   0 223   0   0   0   0]
 [  0   0   0   0   0   0   0   0   0  16 259   0   0   0]
 [  0   0   0   0   0   0   0   0   0   0   0 160   3   0]
 [  0   0   0   0   0   0   0   0   0   0   0   0 241   0]
 [  0   0   0   0   0   0   0   0   0   0   0   7   0  78]]---
Accuracy : 95.59%
---
class acc :
	Water: 100.00
	Hippo grass: 100.00
	Floodplain grasses 1: 97.35
	Floodplain grasses 2: 100.00
	Reeds: 76.86
	Riparian: 91.74
	Firescar: 100.00
	Island interior: 88.52
	Acacia woodlands: 100.00
	Acacia shrublands: 100.00
	Acacia grasslands: 94.18
	Short mopane: 98.16
	Mixed mopane: 100.00
	Exposed soils: 91.76
---
AA: 95.61%
Kappa: 95.22
run 5 / 5
Best validation overall accuracy 0.9921875
Confusion matrix :
[[243   0   0   0   0   0   0   0   0   0   0   0   0   0]
 [  0  91   0   0   0   0   0   0   0   0   0   0   0   0]
 [  0   0 221   4   0   0   0   0   0   1   0   0   0   0]
 [  0   0   0 194   0   0   0   0   0   0   0   0   0   0]
 [  0   0   0   7 214   9   0   0   5   0   0   0   7   0]
 [  0   0   0   0  12 224   0   0   6   0   0   0   0   0]
 [  0   0   0   0   0   0 233   0   0   0   0   0   0   0]
 [  0   0   0   0   0   0   0 181   0   2   0   0   0   0]
 [  0   0   0   0   0  27   0   1 254   1   0   0   0   0]
 [  0   0   0   0   0   0   0   0   0 223   0   0   0   0]
 [  0   0   0   0   0   0   0   0   0  12 263   0   0   0]
 [  0   0   0   0   0   0   0   0   0   0   0 156   7   0]
 [  0   0   0   0   0   0   0   0   0   0   0   0 241   0]
 [  0   0   0   0   0   0   0   3   0   0   0   4   0  78]]---
Accuracy : 96.31%
---
class acc :
	Water: 100.00
	Hippo grass: 100.00
	Floodplain grasses 1: 97.79
	Floodplain grasses 2: 100.00
	Reeds: 88.43
	Riparian: 92.56
	Firescar: 100.00
	Island interior: 98.91
	Acacia woodlands: 89.75
	Acacia shrublands: 100.00
	Acacia grasslands: 95.64
	Short mopane: 95.71
	Mixed mopane: 100.00
	Exposed soils: 91.76
---
AA: 96.47%
Kappa: 96.00
Agregated results :
Confusion matrix :
[[2.430e+02 0.000e+00 0.000e+00 0.000e+00 0.000e+00 0.000e+00 0.000e+00
  0.000e+00 0.000e+00 0.000e+00 0.000e+00 0.000e+00 0.000e+00 0.000e+00]
 [0.000e+00 8.760e+01 0.000e+00 0.000e+00 2.200e+00 1.200e+00 0.000e+00
  0.000e+00 0.000e+00 0.000e+00 0.000e+00 0.000e+00 0.000e+00 0.000e+00]
 [0.000e+00 0.000e+00 2.228e+02 8.000e-01 0.000e+00 0.000e+00 6.000e-01
  0.000e+00 0.000e+00 1.800e+00 0.000e+00 0.000e+00 0.000e+00 0.000e+00]
 [0.000e+00 0.000e+00 1.800e+00 1.914e+02 8.000e-01 0.000e+00 0.000e+00
  0.000e+00 0.000e+00 0.000e+00 0.000e+00 0.000e+00 0.000e+00 0.000e+00]
 [2.000e-01 4.000e-01 0.000e+00 8.200e+00 2.170e+02 1.060e+01 4.000e-01
  2.000e-01 1.000e+00 0.000e+00 0.000e+00 2.400e+00 1.600e+00 0.000e+00]
 [0.000e+00 0.000e+00 0.000e+00 0.000e+00 7.800e+00 2.246e+02 0.000e+00
  0.000e+00 8.600e+00 0.000e+00 0.000e+00 0.000e+00 2.000e-01 8.000e-01]
 [0.000e+00 0.000e+00 2.400e+00 0.000e+00 0.000e+00 0.000e+00 2.302e+02
  0.000e+00 0.000e+00 2.000e-01 2.000e-01 0.000e+00 0.000e+00 0.000e+00]
 [0.000e+00 0.000e+00 0.000e+00 0.000e+00 0.000e+00 0.000e+00 0.000e+00
  1.784e+02 0.000e+00 4.600e+00 0.000e+00 0.000e+00 0.000e+00 0.000e+00]
 [0.000e+00 0.000e+00 0.000e+00 0.000e+00 0.000e+00 1.680e+01 0.000e+00
  2.000e-01 2.654e+02 6.000e-01 0.000e+00 0.000e+00 0.000e+00 0.000e+00]
 [0.000e+00 0.000e+00 0.000e+00 0.000e+00 0.000e+00 0.000e+00 0.000e+00
  1.800e+00 0.000e+00 2.210e+02 2.000e-01 0.000e+00 0.000e+00 0.000e+00]
 [0.000e+00 0.000e+00 0.000e+00 0.000e+00 0.000e+00 0.000e+00 0.000e+00
  4.000e-01 0.000e+00 9.800e+00 2.648e+02 0.000e+00 0.000e+00 0.000e+00]
 [0.000e+00 0.000e+00 0.000e+00 0.000e+00 0.000e+00 0.000e+00 0.000e+00
  0.000e+00 0.000e+00 0.000e+00 0.000e+00 1.610e+02 2.000e+00 0.000e+00]
 [0.000e+00 0.000e+00 0.000e+00 0.000e+00 0.000e+00 0.000e+00 0.000e+00
  0.000e+00 0.000e+00 0.000e+00 0.000e+00 0.000e+00 2.410e+02 0.000e+00]
 [0.000e+00 0.000e+00 0.000e+00 0.000e+00 0.000e+00 0.000e+00 0.000e+00
  8.000e-01 0.000e+00 0.000e+00 0.000e+00 2.200e+00 0.000e+00 8.200e+01]]---
Accuracy: 96.79 +- 0.86
---
class acc :
	Water: 100.00 +- 0.00
	Hippo grass: 96.26 +- 4.69
	Floodplain grasses 1: 98.58 +- 0.94
	Floodplain grasses 2: 98.66 +- 2.68
	Reeds: 89.67 +- 7.77
	Riparian: 92.81 +- 2.33
	Firescar: 98.80 +- 2.20
	Island interior: 97.49 +- 4.50
	Acacia woodlands: 93.78 +- 3.58
	Acacia shrublands: 99.10 +- 1.13
	Acacia grasslands: 96.29 +- 1.96
	Short mopane: 98.77 +- 1.69
	Mixed mopane: 100.00 +- 0.00
	Exposed soils: 96.47 +- 3.87
---
AA: 96.91 +- 0.84
Kappa: 96.52 +- 0.93
